Model ,modelA_EX_ca2_e,modelA_EX_cl_e,modelA_EX_co2_e,modelA_EX_cobalt2_e,modelA_EX_fe3_e,modelA_EX_fe3pyovd_kt_e,modelA_EX_h2o_e,modelA_EX_h_e,modelA_EX_k_e,modelA_EX_mg2_e,modelA_EX_mn2_e,modelA_EX_nh4_e,modelA_EX_o2_e,modelA_EX_pyovd_kt_e,modelA_EX_zn2_e,modelB_EX_ca2_e,modelB_EX_cl_e,modelB_EX_co2_e,modelB_EX_cobalt2_e,modelB_EX_fe3_e,modelB_EX_fe3pyovd_kt_e,modelB_EX_h2o_e,modelB_EX_h_e,modelB_EX_k_e,modelB_EX_mg2_e,modelB_EX_mn2_e,modelB_EX_nh4_e,modelB_EX_o2_e,modelB_EX_pyovd_kt_e,modelB_EX_zn2_e,interaction_type,Patient
SRR12328893.bin.24.fbc2XSRR12328893.bin.8.fbc2 ,-0.0778447245027109,-0.0778447245027109,196.8880788765773,-0.001495575879062,-737.1222959849896,1000.0,1000.0,-190.73806886046577,-2.919259425524274,-0.1297412075044803,-0.0103344293239615,822.7886592475991,-600.3206243867926,-1000.0,-0.0050999137474718,-0.0864866090861369,-0.0864866090861369,803.1119211234227,-0.0016616063225001,1000.0,-1000.0,0.0,-809.2619311395342,-3.243339229076014,-0.1441443484768569,-0.0114816996884883,1.37585988321905,-399.6793756132074,1000.0,-0.005666077559681, Neutralism,Healthy
SRR12328893.bin.5.fbc2XSRR12328893.bin.30.fbc2 ,-0.173640443284512,-0.173640443284512,1000.0,-0.0033360315712798,-0.6584003043698203,1000.0,0.0,121.88296450977782,-6.511700104906481,-0.2894007388075579,-0.0230519781574685,1000.0,-999.8716986687288,-1000.0,-0.0113758676579891,-0.0623282673293488,-0.0623282673293488,0.0,-0.0011974691129807,1000.0,-1000.0,-1000.0,-11.04091743838626,-2.33737588565225,-0.1038804455489526,-0.008274511570562,-14.646089049580269,-0.1283013312712455,1000.0,-0.004083369675186, Amensalism,Healthy
SRR12328893.bin.13.fbc2XSRR12328893.bin.30.fbc2 ,-0.1033622781743588,-0.1033622781743588,587.3112344973206,-0.0019858266699657,-1000.0,999.7115983927132,0.0,-611.580975428395,-3.876194652005552,-0.1722704636239314,-0.0137220622898439,74.28430240557304,-502.5273119572635,-999.7115983927134,-0.0067716689447934,-0.0850817901172149,-0.0850817901172149,378.8728953723637,-0.0016346165248251,1000.0,-1000.0,-1000.0,-388.41902457160495,-3.1906570333045465,-0.1418029835286915,-0.0112952001865096,-19.99278221500469,-11.225897845812028,1000.0,-0.0055740423496217, Amensalism,Healthy
SRR12328893.bin.6.fbc2XSRR12328893.bin.7.fbc2 ,-0.1279809218328864,-0.1279809218328864,968.3859833973564,-0.00245880733587,1000.0,-1000.0,-245.46875617810872,-716.3338200492684,-4.799419803137312,-0.2133015363881441,-0.0169903586910322,214.1907103479075,-400.2630432087932,1000.0,-0.0083845330153735,-0.1493308568271913,-0.1493308568271913,31.61401660264346,-0.0028689886038364,-1000.0,999.7759893698162,-754.5312438218913,784.9304320193214,-5.600064925393781,-0.2488847613786902,-0.0198247112522267,785.8092896520925,-411.7758572267805,-999.775989369816,-0.0097832511389697, Neutralism,Healthy
SRR12328893.bin.9.fbc2XSRR12328893.bin.21.fbc2 ,-0.177671226707389,-0.177671226707389,1000.0,-0.0034134721749978,999.733476092578,-1000.0,281.0143063539949,-42.77326594876229,-6.662858742496951,-0.2961187111790195,-0.0235870927290307,1000.0,-1000.0,1000.0,-0.0116399401166518,0.0,0.0,0.0,0.0,-1000.0,1000.0,-1000.0,0.0,0.0,0.0,0.0,0.0,0.0,-1000.0,0.0, Amensalism,Healthy
SRR12328893.bin.2.fbc2XSRR12328893.bin.25.fbc2 ,-0.0809956728089673,-0.0809956728089673,996.600780845703,-0.0015561128301442,-1000.0,999.8784987102222,0.0,20.446432698564536,-3.0374233165438227,-0.1349927880149835,-0.0107527396562545,1000.0,-127.92896132576324,-999.8784987102224,-0.0053063447508066,-0.0870359828323898,-0.0870359828323898,3.399219154297043,-0.0016721610534204,999.7571520502064,-1000.0,1000.0,91.5826639839854,-3.263941325072551,-0.1450599713873543,-0.011554632879438,-2.020923684375475,-499.9962710808508,1000.0,-0.0057020691922389, Neutralism,Healthy
SRR12328893.bin.6.fbc2XSRR12328893.bin.25.fbc2 ,-0.1367120495087874,-0.1367120495087874,996.5974279891234,-0.0026265523440542,-1000.0,1000.0,-1000.0,-8.291613857864263,-5.126846316960382,-0.227853415848017,-0.0181494766975447,978.8642646148865,-484.4575723012043,-1000.0,-0.008956543493241,-0.0870362011402221,-0.0870362011402221,3.402572010876725,-0.0016721652476689,999.7571514410838,-1000.0,727.9762742806759,1000.0,-3.2639495118464765,-0.1450603352336656,-0.0115546618612825,-2.020092670729128,-316.8292855218947,1000.0,-0.0057020834944978, Neutralism,Healthy
SRR12328893.bin.28.fbc2XSRR12328893.bin.13.fbc2 ,-0.0867043114219541,-0.0867043114219541,552.2270837280269,-0.0016657888842246,-1000.0,1000.0,0.0,-40.16837233381614,-3.251503296712372,-0.1445071857033326,-0.0115106011896841,239.7040814537227,-400.7485455561541,-1000.0,-0.0056803400950684,-0.1236703873203168,-0.1236703873203168,447.77291627197314,-0.0023759920715065,1000.0,-1000.0,-1000.0,-959.831627666184,-4.6377702040744,-0.2061173122004902,-0.0164181052139156,760.2959185462773,-441.15795400544994,1000.0,-0.0081021329636996, Neutralism,Healthy
SRR12328893.bin.34.fbc2XSRR12328893.bin.9.fbc2 ,-0.0841417670080773,-0.0841417670080773,10.135680072990796,-0.0016165565227765,1000.0,-992.9234429939258,1000.0,-80.05523928067123,-3.1554051734109407,-0.1402362783467197,-0.011170405572102,66.7787838708,-495.53857368925975,992.9234429939258,-0.0055124577424976,-0.1767184059544888,-0.1767184059544888,989.8643199270092,-0.0033951663007201,-1000.0,999.7349054152368,-1000.0,-26.284932313011723,-6.627126957438918,-0.2945306765907389,-0.023460599138275,933.2212161292,-504.46142631074025,-999.7349054152368,-0.011577517085584, Neutralism,Healthy
SRR12328893.bin.24.fbc2XSRR12328893.bin.2.fbc2 ,-0.0755825707376516,-0.0755825707376516,2.2456663591600545,-0.0014521147115829,0.0,0.1216419259834538,834.8955721055177,295.5242359283368,-2.834426268969196,-0.1259709512293056,-0.0100341126569674,287.0343293745177,-801.7094159501097,-0.1216419259834538,-0.0049517111664272,-0.0810894242755466,-0.0810894242755466,997.7543336408398,-0.001557914011073,-1000.0,999.8783580740164,-1000.0,695.1204893593235,-3.0409390956042444,-0.1351490404592823,-0.0107651858163535,712.9656706254823,-57.73059086214812,-999.8783580740164,-0.0053124867777114, Neutralism,Healthy
SRR12328893.bin.34.fbc2XSRR12328893.bin.2.fbc2 ,-0.0852316576805378,-0.0852316576805378,1.3345590972078298,-0.0016374958247524,4.654183693285177,0.1217530042703174,331.857939809448,-776.8503563240735,-3.1962772252921923,-0.1420527628009722,-0.0113150961493602,761.4886313676316,-501.22594809288887,-0.1217530042703174,-0.0055838607624991,-0.0811634717247216,-0.0811634717247216,998.6654409027922,-0.0015593366325674,-1000.0,999.8782469957296,668.142060190552,324.78258814018363,-3.0437159531929865,-0.1352724528745739,-0.0107750161309922,238.51136863236843,-498.77405190711113,-999.8782469957296,-0.005317337917063, Neutralism,Healthy
SRR12328893.bin.34.fbc2XSRR12328893.bin.24.fbc2 ,-0.0852316576805378,-0.0852316576805378,15.886214869123478,-0.0016374958247524,1000.0,-998.4510271994928,582.7515160366895,-509.90864145307415,-3.1962772252921923,-0.1420527628009722,-0.0113150961493602,496.1018989068159,-500.4192071186268,998.4510271994928,-0.0055838607624991,-0.0786477384044701,-0.0786477384044701,294.9098525762531,-0.0015110036197256,-1000.0,999.8820208373752,417.2484839633105,-387.76361410088816,-2.949373295365149,-0.1310795640073365,-0.010441035012036,503.8981010931841,-366.5190262344961,-999.8820208373752,-0.0051525223431099, Neutralism,Healthy
SRR12328893.bin.2.fbc2XSRR12328893.bin.9.fbc2 ,0.0,0.0,0.0,0.0,0.0,0.0,31.902515755637523,-293.612690432765,0.0,0.0,0.0,0.0,0.0,0.0,0.0,-0.177671226707389,-0.177671226707389,1000.0,-0.0034134721749978,-1000.0,999.733476092578,-1000.0,-455.8300028693748,-6.662858742496951,-0.2961187111790195,-0.0235870927290307,1000.0,-493.04095427688026,-999.733476092578,-0.0116399401166518, Amensalism,Healthy
SRR12328893.bin.22.fbc2XSRR12328893.bin.13.fbc2 ,-0.1851674081609644,-0.1851674081609644,1000.0,-0.0035574910309605,-1000.0,999.7222311003034,-317.20308181534983,-238.3891756504977,-6.943973468042145,-0.3086123469348649,-0.0245822630238308,932.7642495962876,-400.0003557491031,-999.7222311003036,-0.0121310444155824,-0.1131498926512222,-0.1131498926512222,0.0,-0.0021738692151984,1000.0,-1000.0,-682.7969181846502,-761.6108243495023,-4.243240537225688,-0.1885831544186658,-0.0150214362770384,67.23575040371247,-293.24538978712417,1000.0,-0.0074128940237869, Amensalism,Healthy
SRR12328893.bin.22.fbc2XSRR12328893.bin.9.fbc2 ,-0.1853235569648177,-0.1853235569648177,1000.0,-0.0035604910079882,999.7219968620976,-1000.0,158.47751943154665,-154.8802029047913,-6.949829213186035,-0.3088725949413629,-0.0246029928650841,948.7112128181376,-401.17720568392815,1000.0,-0.012141274337182,-0.0888356133536945,-0.0888356133536945,0.0,-0.0017067360874989,-1000.0,999.8667380462888,-1000.0,-35.49185025088286,-3.331429371248418,-0.1480593555894529,-0.0117935463645153,51.28878718186252,-507.0207527663625,-999.866738046289,-0.0058199700583827, Amensalism,Healthy
SRR12328893.bin.34.fbc2XSRR12328893.bin.21.fbc2 ,-0.0852316576805378,-0.0852316576805378,1.3345590972079435,-0.0016374958247524,1000.0,-455.94697316517534,822.3647227835329,-12.740438015067866,-3.1962772252921923,-0.1420527628009722,-0.0113150961493602,540.2794013316261,-636.0452206272062,455.9469731651752,-0.0055838607624991,-0.0398112960705248,-0.0398112960705248,998.665440902792,-0.0007648663990948,-1000.0,999.9402792315624,-1000.0,-182.75760276259984,-1.4929656702970533,-0.0663521601176171,-0.0052852268174774,74.3138964719808,-363.9547793727938,-999.9402792315622,-0.0026081944207589, Neutralism,Healthy
SRR12328893.bin.6.fbc2XSRR12328893.bin.13.fbc2 ,-0.1368672831043795,-0.1368672831043795,1000.0,-0.0026295347378209,-1000.0,1000.0,0.0,-530.4329728790493,-5.132667740825809,-0.2281121385072992,-0.0181700850384913,460.10130685772833,-405.0940462576269,-1000.0,-0.0089667134560613,-0.1078291299884313,-0.1078291299884313,0.0,-0.0020716451487032,1000.0,-1000.0,-1000.0,-469.5670271209507,-4.043706315049576,-0.1797152166474234,-0.0143150679773498,22.198092097062613,-259.54401539559353,1000.0,-0.0070643099569451, Amensalism,Healthy
SRR12328893.bin.6.fbc2XSRR12328893.bin.30.fbc2 ,-0.1368672831043795,-0.1368672831043795,1000.0,-0.0026295347378209,-1000.0,1000.0,-68.63616791430275,-11.69401429541506,-5.132667740825809,-0.2281121385072992,-0.0181700850384913,986.479826419854,-742.9365043442016,-1000.0,-0.0089667134560613,-0.0420176312809417,-0.0420176312809417,0.0,-0.0008072551638633,0.0,0.0,-931.3638320856973,-10.194744739352132,-1.575705572067477,-0.0700293854681604,-0.0055781331825528,13.520173580145864,-125.08649234546692,0.0,-0.0027527401089173, Amensalism,Healthy
SRR12328893.bin.8.fbc2XSRR12328893.bin.21.fbc2 ,-0.0864866090861369,-0.0864866090861369,803.1119211234231,-0.0016616063225001,1000.0,-1000.0,87.37697528795275,-809.2619311395341,-3.243339229076014,-0.1441443484768569,-0.0114816996884883,1.37585988321905,-399.6793756132074,1000.0,-0.005666077559681,-0.0078488443475635,-0.0078488443475635,196.88807887657688,-0.000150794319893,-1000.0,999.9882259795072,912.6230247120473,-190.7380688604659,-0.2943399567203641,-0.0130814072458633,-0.0010419887501029,91.67132975707092,-499.9998318643334,-999.9882259795072,-0.0005142086306477, Amensalism,Healthy
SRR12328893.bin.16.fbc2XSRR12328893.bin.2.fbc2 ,-0.0876553674547722,-0.0876553674547722,4.095316025555121,-0.0016840608541315,-1000.0,999.7554238421624,-180.50418010446924,-7.634487794659435,-3.287168902900248,-0.1460922790912491,-0.0116368605016532,880.2233602660272,-667.3955433680933,-999.7554238421624,-0.0057426475124202,-0.080939099670104,-0.080939099670104,995.9046839744448,-0.0015550259303154,0.0,-0.1214164246348445,0.0,455.8553390066659,-3.03530176405468,-0.1348984994501734,-0.0107452291781555,119.77663973397284,-206.1832435579304,0.1214164246348445,-0.0053026384222221, Neutralism,Healthy
SRR12328893.bin.8.fbc2XSRR12328893.bin.2.fbc2 ,-0.0864667366520279,-0.0864667366520279,802.8433142467034,-0.0016612245274245,1000.0,-1000.0,883.2559451425777,-808.9156768604105,-3.242593991799936,-0.144111227753342,-0.011479061484465,1.3755437454366302,-399.6794492845775,1000.0,-0.0056647756384791,-0.0160233051370823,-0.0160233051370823,197.15668575329664,-0.0003078444791526,-1000.0,999.975963503072,0.0,-180.64926132602272,-0.6008908740884635,-0.0267055085619176,-0.0021272053505754,998.6244562545636,-507.9034916063548,-999.975963503072,-0.0010497496737116, Amensalism,Healthy
SRR12328893.bin.13.fbc2XSRR12328893.bin.21.fbc2 ,-0.1208355843609751,-0.1208355843609751,34.19212912039984,-0.0023215289983227,1000.0,-1000.0,-673.5948961405647,-967.8200686450924,-4.531462097631447,-0.2013926406016253,-0.0160417653781905,898.752654085112,-500.0008241496329,1000.0,-0.0079164138841179,-0.0384726353316864,-0.0384726353316864,965.8078708796002,-0.0007391476528937,-1000.0,999.9422873512642,-326.40510385943526,-32.17993135490758,-1.442764478058848,-0.064121058886144,-0.0051075102812774,1.6618995827039953,-499.9991758503671,-999.9422873512642,-0.002520493496263, Neutralism,Healthy
SRR12328893.bin.16.fbc2XSRR12328893.bin.25.fbc2 ,-0.0876576718162596,-0.0876576718162596,976.7277911885932,-0.0016841051261735,-1000.0,999.7554174125288,-500.0,-45.45246481921254,-3.287255318892335,-0.146096119693766,-0.0116371664216785,625.7654007699789,-670.2666973108472,-999.7554174125288,-0.0057427984801279,-0.0875483769960965,-0.0875483769960965,23.2722088114067,-0.0016820053217543,999.7557223671251,-1000.0,409.66217455271,1000.0,-3.2831566476450007,-0.145913961660085,-0.01162265677317,8.318962840532436,-329.7333026891528,1000.0,-0.0057356381471436, Neutralism,Healthy
SRR12328893.bin.14.fbc2XSRR12328893.bin.10.fbc2 ,-0.0675835296882496,-0.0675835296882496,19.4800034932224,-0.0012984347682731,-1000.0,1000.0,-646.4974586495969,-25.08424271827232,-2.534453777220847,-0.1126392161470448,-0.0089721842487051,0.0,-0.1379976471712325,-1000.0,-0.0044276625598058,-0.0776419981517619,-0.0776419981517619,980.5199965067776,-0.0014916810404201,1000.0,-0.4052085188895944,-353.50254135040313,508.1592220362109,-2.9116569731490927,-0.1294033302530124,-0.010307515988984,1000.0,-574.8855687081352,0.4052085188895944,-0.0050866323476839, Neutralism,Healthy
SRR12328893.bin.13.fbc2XSRR12328893.bin.8.fbc2 ,-0.1159032304536822,-0.1159032304536822,196.90044929194076,-0.0022267671556619,-1000.0,1000.0,-834.7007452192839,-190.7628284532116,-4.346493614204746,-0.1931720507560612,-0.0153869610458059,27.314505709234027,-500.1900879782455,-1000.0,-0.0075932760008754,-0.0864860749794615,-0.0864860749794615,803.0995507080593,-0.0016615960611261,1000.0,-1000.0,882.8911645458516,-809.2371715467884,-3.2433191995145307,-0.1441434582991405,-0.0114816287821213,1.3758513864605677,-399.6793775932549,1000.0,-0.0056660425683503, Amensalism,Healthy
SRR12328893.bin.28.fbc2XSRR12328893.bin.8.fbc2 ,-0.0677745781811154,-0.0677745781811154,242.81188569577444,-0.0013021052484418,0.0,0.0,-635.2551276376148,-181.70606144866383,-2.5416182975798165,-0.1129576303018211,-0.0089975472667447,995.5854712504038,-488.97297705898615,0.0,-0.0044401788971981,-0.0816167645738232,-0.0816167645738232,757.1881143042256,-0.0015680454289395,-1000.0,1000.0,835.7772183616805,-762.9198743895445,-3.06071491401724,-0.13602794095641,-0.0108351939136355,4.414528749596116,-378.5076408618221,-1000.0,-0.0053470349125746, Amensalism,Healthy
SRR12328893.bin.13.fbc2XSRR12328893.bin.25.fbc2 ,-0.1339724826011661,-0.1339724826011661,816.0251517527929,-0.0025739189741216,1000.0,-1000.0,-1000.0,-1000.0,-5.024109663087643,-0.2232874710019814,-0.0177857801108984,915.1329237607642,-500.2197225932228,1000.0,-0.0087770637015864,-0.0875483769960965,-0.0875483769960965,131.5825878166752,-0.0016820053217543,-1000.0,999.7557223671251,266.90562972483235,278.5535457311344,-3.2831566476450007,-0.145913961660085,-0.01162265677317,84.86707623923576,-306.4269599953873,-999.7557223671251,-0.0057356381471436, Neutralism,Healthy
SRR12328893.bin.14.fbc2XSRR12328893.bin.9.fbc2 ,-0.0674710395145439,-0.0674710395145439,13.640104933950738,-0.0012962735737573,1000.0,-1000.0,0.0,-28.977446783506707,-2.5302352768438823,-0.1124517325242777,-0.008957250394701,9.742430664139532,-0.1377679554200312,1000.0,-0.0044202928864933,-0.1764594996193409,-0.1764594996193409,986.3598950660494,-0.0033901921156029,-1000.0,999.7352937996102,1000.0,-299.3057563539616,-6.617417696293046,-0.2940991660323107,-0.0234262275191667,990.2575693358604,-999.86223204458,-999.7352937996104,-0.0115605551143289, Neutralism,Healthy
SRR12328893.bin.16.fbc2XSRR12328893.bin.9.fbc2 ,-0.0872978551495862,-0.0872978551495862,0.0,-0.0016771922219049,-1000.0,999.7564213736146,1000.0,-415.016054213776,-3.273761813680835,-0.1454964252492345,-0.0115893982532497,0.0,-83.88416868249305,-999.7564213736144,-0.005719225476696,-0.177671226707389,-0.177671226707389,1000.0,-0.0034134721749978,0.0,-0.2665239074219698,-1000.0,160.7836025054553,-6.662858742496951,-0.2961187111790195,-0.0235870927290307,1000.0,-916.115831317507,0.2665239074219698,-0.0116399401166518, Neutralism,Healthy
SRR12328893.bin.2.fbc2XSRR12328893.bin.7.fbc2 ,-0.0778415734573627,-0.0778415734573627,957.7915732950642,-0.0014955153402524,-1000.0,999.8832301622374,950.6506447228631,-184.64806237973312,-2.9191412579939424,-0.1297359557622712,-0.0103340110007366,106.87345912351113,-589.3785288194738,-999.8832301622372,-0.0050997073100234,-0.154216852778859,-0.154216852778859,42.208426704935846,-0.0029628598035742,0.0,-0.2313400934673382,-1000.0,851.9195410908751,-5.783294936498351,-0.2570280879648408,-0.0204733612430345,893.1265408764889,-410.6214711805262,0.2313400934673382,-0.010103351930411, Neutralism,Healthy
SRR12328893.bin.22.fbc2XSRR12328893.bin.24.fbc2 ,-0.1795659946834575,-0.1795659946834575,937.9119035806376,-0.0034498750179636,-1000.0,999.4989746511455,-274.50197259217816,-1000.0,-6.733914543754622,-0.2992766578057626,-0.0238386363739664,884.081192259561,-400.00034498750176,-999.4989746511455,-0.0117640738111504,-0.0735603054051807,-0.0735603054051807,62.0880964193625,-0.0014132623516616,399.38724717671903,0.5010253488544549,1000.0,79.399876723729,-2.7585891821229325,-0.1226005090086346,-0.009765642850084,115.91880774043898,-599.9996550124982,-0.5010253488544549,-0.0048192246192684, Neutralism,Healthy
SRR12328893.bin.25.fbc2XSRR12328893.bin.30.fbc2 ,-0.0875483769960965,-0.0875483769960965,23.272208811406813,-0.0016820053217543,-1000.0,999.7557223671251,597.1885186769266,475.1547152312771,-3.2831566476450007,-0.145913961660085,-0.01162265677317,2.363133376765518,-499.99624912813255,-999.7557223671251,-0.0057356381471436,-0.0859628056364272,-0.0859628056364272,976.7277911885932,-0.0016515428555976,1000.0,-1000.0,-409.6252385164039,-1000.0,-3.223696046221221,-0.1432713427273029,-0.0114121611325117,-6.097323321543968,-0.176952494839611,1000.0,-0.0056317611378062, Neutralism,Healthy
SRR12328893.bin.28.fbc2XSRR12328893.bin.2.fbc2 ,-0.0761927169763794,-0.0761927169763794,322.6542073788792,-0.0014638370216744,1000.0,-1000.0,-192.48561271290416,267.7146711396108,-2.8573073976521077,-0.1269878616274127,-0.0101151138195518,150.42335499367482,-400.6577956593928,1000.0,-0.0049916842438051,-0.0550492025013227,-0.0550492025013227,677.3457926211208,-0.001057621565792,-1000.0,999.9174209081402,911.9456943912757,291.74288006257666,-2.064403262984001,-0.0917486708354999,-0.0073081650198218,849.5766450063252,-599.3422043406072,-999.9174209081402,-0.0036064895394929, Competition,Healthy
SRR12328893.bin.14.fbc2XSRR12328893.bin.8.fbc2 ,-0.0675835296882496,-0.0675835296882496,71.54953329407317,-0.0012984347682731,-1000.0,1000.0,0.0,-190.73806886046577,-2.534453777220847,-0.1126392161470448,-0.0089721842487051,167.19622839116187,-0.1379976471712325,-1000.0,-0.0044276625598058,-0.0864866090861369,-0.0864866090861369,803.1119211234231,-0.0016616063225001,0.0,0.0,882.9472571830681,-809.2619311395342,-3.243339229076014,-0.1441443484768569,-0.0114816996884883,1.37585988321905,-399.6793756132074,0.0,-0.005666077559681, Neutralism,Healthy
SRR12328893.bin.24.fbc2XSRR12328893.bin.7.fbc2 ,-0.0766088444728438,-0.0766088444728438,88.71709651942001,-0.0014718317862616,-674.3369299229096,1000.0,1000.0,123.52888040777044,-2.872912618479063,-0.1276814074547019,-0.010170357642778,134.40015710394914,-581.4444976757396,-1000.0,-0.0050189463910328,-0.1585044402858102,-0.1585044402858102,450.29854138398537,-0.0030452342033413,-0.2377718865997167,0.0,-1000.0,539.880389923276,-5.944083998597421,-0.2641740671429033,-0.0210425683453649,865.5998428960509,-418.5555023242604,0.0,-0.0103842486334997, Neutralism,Healthy
SRR12328893.bin.28.fbc2XSRR12328893.bin.22.fbc2 ,-0.0761927169763794,-0.0761927169763794,322.6542073788792,-0.0014638370216744,-1000.0,1000.0,-192.48561271290416,267.714671139611,-2.8573073976521077,-0.1269878616274127,-0.0101151138195518,150.42335499367482,-400.6577956593928,-1000.0,-0.0049916842438051,-0.1554258442743048,-0.1554258442743048,677.3457926211208,-0.0029860873058851,999.766846303152,-1000.0,-663.930134013159,-514.620246761473,-5.828633395086513,-0.2590430737903944,-0.020633863284047,849.5766450063252,-500.0,1000.0,-0.0101825577132785, Competition,Healthy
SRR12328893.bin.2.fbc2XSRR12328893.bin.21.fbc2 ,-0.0812719339235172,-0.0812719339235172,1000.0,-0.0015614204404528,0.0,-0.1219157079874548,0.0,-1000.0,-3.047783400256208,-0.1354532232059,-0.0107894152432663,1000.0,-641.6549866900132,0.1219157079874548,-0.005324443701852,0.0,0.0,0.0,0.0,-1000.0,1000.0,-283.30997338002635,0.0,0.0,0.0,0.0,0.0,-358.3450133099868,-1000.0,0.0, Amensalism,Healthy
SRR12328893.bin.5.fbc2XSRR12328893.bin.10.fbc2 ,-0.1729785094593126,-0.1729785094593126,992.3758104649664,-0.0033233143027473,-685.2251224638062,1000.0,-1000.0,1000.0,-6.486876887008975,-0.2882975157654073,-0.0229641018321444,1000.0,-491.5556960648937,-1000.0,-0.0113325017724719,-0.0152997486005688,-0.0152997486005688,7.624189535033679,-0.0002939432968105,1000.0,-315.30021185738565,362.92024439603256,-10.959441321322174,-0.5737567394047574,-0.0254995810009859,-0.0020311481812314,0.0,-508.4443039351063,315.30021185738565,-0.0010023466422808, Amensalism,Healthy
SRR12328893.bin.10.fbc2XSRR12328893.bin.8.fbc2 ,-0.0314332607551932,-0.0314332607551932,196.90044929194028,-0.0006039051057769,0.0,999.670981265538,339.84207336246345,-89.81614212460931,-1.1787804931020671,-0.0523887679254357,-0.004172984280899,198.99768536027705,-600.3206224067451,-999.670981265538,-0.002059316410623,-0.0864860749794615,-0.0864860749794615,803.0995507080597,-0.0016615960611261,1000.0,-1000.0,660.1579266375365,-809.2371715467895,-3.2433191995145307,-0.1441434582991405,-0.0114816287821213,1.3758513864605677,-399.6793775932549,1000.0,-0.0056660425683503, Amensalism,Healthy
SRR12328893.bin.28.fbc2XSRR12328893.bin.30.fbc2 ,-0.0814828276938897,-0.0814828276938897,610.8494117478908,-0.0015654721938744,0.0,0.0,-16.50676352428775,223.08494237243207,-3.0556921394899064,-0.1358047128230737,-0.0108174128599785,-5.460595841526583,-400.7034668469514,0.0,-0.0053382601812472,-0.0855545112556228,-0.0855545112556228,389.1505882521092,-0.001643698583166,-1000.0,1000.0,-983.4932364757124,-405.1590300168224,-3.208384575508262,-0.1425908520926668,-0.0113579572099524,-20.103863690320168,-0.1761120300739094,-1000.0,-0.0056050121687576, Amensalism,Healthy
SRR12328893.bin.5.fbc2XSRR12328893.bin.21.fbc2 ,-0.173640443284512,-0.173640443284512,1000.0,-0.0033360315712798,-239.416573281412,1000.0,-500.92714572424734,1000.0,-6.511700104906481,-0.2894007388075579,-0.0230519781574685,1000.0,-690.5004101150414,-1000.0,-0.0113758676579891,0.0,0.0,0.0,0.0,0.0,0.0,-499.0728542757527,0.0,0.0,0.0,0.0,0.0,-0.4635728621236694,0.0,0.0, Amensalism,Healthy
SRR12328893.bin.16.fbc2XSRR12328893.bin.30.fbc2 ,-0.0876576718162596,-0.0876576718162596,613.6469702950035,-0.0016841051261735,-1000.0,999.7554174125288,0.0,-7.634688496800777,-3.287255318892335,-0.146096119693766,-0.0116371664216785,1000.0,-915.7525526488768,-999.7554174125288,-0.0057427984801279,-0.0859628056364272,-0.0859628056364272,386.3530297049965,-0.0016515428555976,1000.0,-1000.0,-1000.0,-407.2101992746655,-3.223696046221221,-0.1432713427273029,-0.0114121611325117,-3.68228407980564,-0.176952494839611,1000.0,-0.0056317611378062, Neutralism,Healthy
SRR12328893.bin.6.fbc2XSRR12328893.bin.21.fbc2 ,-0.1368672831043795,-0.1368672831043795,1000.0,-0.0026295347378209,1000.0,-1000.0,-1000.0,-11.694014295413467,-5.132667740825809,-0.2281121385072992,-0.0181700850384913,986.479826419854,-542.5663765326219,1000.0,-0.0089667134560613,0.0,0.0,0.0,0.0,-1000.0,1000.0,0.0,0.0,0.0,0.0,0.0,0.0,-0.0013147673689672,-1000.0,0.0, Amensalism,Healthy
SRR12328893.bin.5.fbc2XSRR12328893.bin.13.fbc2 ,-0.1390947574616348,-0.1390947574616348,1000.0,-0.0026723296342652,-367.5586461918148,1000.0,1000.0,1000.0,-5.216200382941452,-0.2318245957694671,-0.0184657977724782,987.3635151983972,-483.87835090518274,-1000.0,-0.0091126440527204,-0.1034647708569309,-0.1034647708569309,0.0,-0.0019877957897733,1000.0,-1000.0,-890.84762334816,-463.0850007897847,-3.8800382359037258,-0.1724412847615895,-0.0137356689072021,12.636484801602704,-198.56738341467891,1000.0,-0.006778383643109, Competition,Healthy
SRR12328893.bin.6.fbc2XSRR12328893.bin.9.fbc2 ,-0.118599718402379,-0.118599718402379,609.8658927093609,-0.002278572879959,1000.0,-1000.0,132.66610071949526,94.49383270363523,-4.447614761598175,-0.1976661973372984,-0.0157449386006192,692.5038550039405,-506.1605728840863,1000.0,-0.0077699335206489,-0.1234934160650027,-0.1234934160650027,390.1341072906391,-0.0023725920473225,-1000.0,999.8147480129423,-1000.0,393.85520025320966,-4.631133595002325,-0.2058223601084137,-0.0163946110473034,307.49614499605946,-493.8394271159137,-999.8147480129422,-0.0080905388814471, Competition,Healthy
SRR12328893.bin.5.fbc2XSRR12328893.bin.16.fbc2 ,-0.1732848870394718,-0.1732848870394718,995.9046839744448,-0.003329200519488,-23.167765211439587,1000.0,-391.8013426043415,1000.0,-6.498366370009876,-0.2888081450657864,-0.0230047755896976,1000.0,-512.0741970716417,-1000.0,-0.0113525737714326,-0.0876553674547722,-0.0876553674547722,4.095316025555235,-0.0016840608541315,-0.2445761578377414,0.0,1000.0,-7.634487794659435,-3.287168902900248,-0.1460922790912491,-0.0116368605016532,0.0,-487.9258029283583,0.0,-0.0057426475124202, Neutralism,Healthy
SRR12328893.bin.5.fbc2XSRR12328893.bin.25.fbc2 ,-0.1736356929972089,-0.1736356929972089,999.9452859340752,-0.0033359403073518,0.242038495103543,999.2734828940612,-534.2135504697976,370.89673100112304,-6.5115219641121485,-0.289392821661977,-0.023051347523733,1000.0,-714.0783923376964,-999.273482894061,-0.0113755564480015,-0.0867458766792879,-0.0867458766792879,0.054714065924827,-0.0016665874481986,999.7579615048963,-1000.0,669.036237082973,-7.9286064602393935,-3.2530620377845025,-0.1445764611322602,-0.0115161192671848,-4.364992517355631,-285.9216076623036,1000.0,-0.0056830631983757, Neutralism,Healthy
SRR12328893.bin.14.fbc2XSRR12328893.bin.30.fbc2 ,-0.0675835296882496,-0.0675835296882496,28.682165786740825,-0.0012984347682731,0.0,0.0,0.0,-34.97569353557799,-2.534453777220847,-0.1126392161470448,-0.0089721842487051,1.02903696525118,-0.1379976471712325,0.0,-0.0044276625598058,-0.0859628056364272,-0.0859628056364272,939.8172537752672,-0.0016515428555976,-1000.0,1000.0,-1000.0,-965.024306464422,-3.223696046221221,-0.1432713427273029,-0.0114121611325117,179.25578529953236,-52.48846778992777,-1000.0,-0.0056317611378062, Neutralism,Healthy
SRR12328893.bin.22.fbc2XSRR12328893.bin.30.fbc2 ,-0.1853235569648177,-0.1853235569648177,1000.0,-0.0035604910079882,-1000.0,999.7219968620976,0.0,-557.4048129358526,-6.949829213186035,-0.3088725949413629,-0.0246029928650841,942.8269646440008,-500.0,-999.7219968620976,-0.012141274337182,-0.0623282673293488,-0.0623282673293488,0.0,-0.0011974691129807,1000.0,-1000.0,-1000.0,-11.040917438386032,-2.33737588565225,-0.1038804455489526,-0.008274511570562,-14.646089049580269,-0.1283013312712455,1000.0,-0.004083369675186, Amensalism,Healthy
SRR12328893.bin.16.fbc2XSRR12328893.bin.21.fbc2 ,-0.0876576718162596,-0.0876576718162596,4.148001448869309,-0.0016841051261735,-1000.0,999.7554174125288,0.0,-7.634688496800891,-3.287255318892335,-0.146096119693766,-0.0116371664216785,519.1278278181294,-632.8674828475993,-999.7554174125288,-0.0057427984801279,-0.039699139604636,-0.039699139604636,995.8519985511308,-0.0007627116158346,0.0,-0.0595525229650775,316.5449605369008,-992.3653115031992,-1.4887596843137771,-0.0661652326743933,-0.0052703372655287,480.8721721818706,-367.1325171524008,0.0595525229650775,-0.0026008466099938, Neutralism,Healthy
SRR12328893.bin.34.fbc2XSRR12328893.bin.7.fbc2 ,-0.0852089444049397,-0.0852089444049397,15.88198137201516,-0.0016370594506724,348.3276915425183,0.2414337158938906,1000.0,-264.8133036102465,-3.195425453457119,-0.1420149073416041,-0.0113120808038047,77.49995778432935,-587.1742367150792,-0.2414337158938906,-0.0055823727266215,-0.1609455034871416,-0.1609455034871416,984.1180186279848,-0.0030921326318775,-1000.0,999.758566284106,-1000.0,-23.44418996269053,-6.035626448062658,-0.2682425058119406,-0.02136663648605,922.5000422156706,-412.8257632849208,-999.758566284106,-0.0105441722745354, Neutralism,Healthy
SRR12328893.bin.6.fbc2XSRR12328893.bin.2.fbc2 ,-0.0976508048298683,-0.0976508048298683,214.10868761533925,-0.0018760961543193,1000.0,-1000.0,-341.860451809176,794.7738200424747,-3.6620083664104186,-0.1627513413832275,-0.0129638244260377,999.1038254777028,-575.5245968214081,1000.0,-0.0063974878860335,-0.0637962223362365,-0.0637962223362365,785.8913123846608,-0.001225671898851,-1000.0,999.9042995381362,972.0061347635996,205.22617995752532,-2.392425749562449,-0.1063270372270608,-0.0084693928212118,0.896174522297315,-424.47540317859193,-999.9042995381362,-0.0041795411751763, Competition,Healthy
SRR12328893.bin.9.fbc2XSRR12328893.bin.7.fbc2 ,-0.1444411486064609,-0.1444411486064609,959.6408625596332,-0.0027750460827746,999.7833244018598,-1000.0,1000.0,221.63099345063935,-5.416695700275909,-0.2407352476774349,-0.0191755684317058,195.54424643456605,-500.0061883527645,1000.0,-0.009462907142165,-0.1508629821638578,-0.1508629821638578,40.3591374403668,-0.0028984242491105,-1000.0,999.773691034633,-764.7024404992185,778.3690065493606,-5.657521244480108,-0.2514383036065055,-0.0200281115610323,804.455753565434,-411.0933592808228,-999.7736910346327,-0.0098836266893158, Amensalism,Healthy
SRR12328893.bin.34.fbc2XSRR12328893.bin.13.fbc2 ,-0.0852316576805378,-0.0852316576805378,15.886214869123704,-0.0016374958247524,-518.7208593289853,1000.0,840.0546355394431,-12.740438015065706,-3.1962772252921923,-0.1420527628009722,-0.0113150961493602,482.611128899774,-620.3517490862537,-1000.0,-0.0055838607624991,-0.1309958488449183,-0.1309958488449183,984.1137851308764,-0.0025167310056986,1000.0,-1000.0,-823.2585272909974,-987.2595619849344,-4.912482751890252,-0.2183264147415684,-0.0173906112491977,517.388871100226,-379.6482509137463,1000.0,-0.0085820527293662, Neutralism,Healthy
SRR12328893.bin.5.fbc2XSRR12328893.bin.6.fbc2 ,-0.1271278706775547,-0.1271278706775547,464.2656776595391,-0.0024424182646498,-0.607896155823255,1000.0,74.61913805192785,-354.983108148351,-4.767429483413366,-0.2118797844626669,-0.0168771102090659,739.5047780682494,-595.3835761724577,-1000.0,-0.0083286462826208,-0.0907403033264699,-0.0907403033264699,535.734322340461,-0.0017433295547562,1000.0,-1000.0,-1000.0,-266.1524309367942,-3.4028572578670264,-0.1512338388773741,-0.012046407223579,260.4952219317506,-404.6164238275424,1000.0,-0.0059447537818186, Competition,Healthy
SRR12328893.bin.28.fbc2XSRR12328893.bin.5.fbc2 ,-0.0851528727192771,-0.0851528727192771,536.1830975992068,-0.00163598218478,1000.0,-1000.0,-147.65210489830451,-265.1821698882426,-3.1933227059930687,-0.1419214545321665,-0.0113046368970799,255.9055346804228,-400.7351514984941,1000.0,-0.0055786992502362,-0.1270889079100925,-0.1270889079100925,463.8169024007932,-0.002441669700488,-1000.0,1000.0,-852.3478951016955,789.3233720171934,-4.765968338463608,-0.2118148465168587,-0.0168719376302988,744.0944653195772,-599.2648485015059,-1000.0,-0.0083260936786473, Amensalism,Healthy
SRR12328893.bin.28.fbc2XSRR12328893.bin.6.fbc2 ,-0.0813772132921712,-0.0813772132921712,408.1172678368068,-0.0015634430988029,0.0,0.0,-391.5715378273426,308.61268985344327,-3.051731487825691,-0.1356286888202476,-0.0108033918126011,192.4129449534894,-400.7025550446458,0.0,-0.0053313409669044,-0.1182479825588416,-0.1182479825588416,591.8827321631932,-0.0022718152268907,-1000.0,1000.0,-608.4284621726574,141.57344559754324,-4.434424295792496,-0.1970799709313269,-0.0156982432176846,731.8784475219754,-513.6477734018333,-1000.0,-0.0077468899236237, Competition,Healthy
SRR12328893.bin.28.fbc2XSRR12328893.bin.9.fbc2 ,-0.0761927169763794,-0.0761927169763794,322.6542073788792,-0.0014638370216744,1000.0,-1000.0,-692.4856127129041,267.714671139611,-2.8573073976521077,-0.1269878616274127,-0.0101151138195518,150.42335499367482,-400.6577956593928,1000.0,-0.0049916842438051,-0.149008042293758,-0.149008042293758,677.3457926211208,-0.0028627865954149,-1000.0,999.7764736226264,-74.34653276560414,-540.5109358444423,-5.587959039277962,-0.2483467371562255,-0.0197818553746174,849.5766450063252,-599.3422043406072,-999.7764736226264,-0.0097621022905514, Competition,Healthy
SRR12328893.bin.25.fbc2XSRR12328893.bin.21.fbc2 ,-0.0871960893801997,-0.0871960893801997,7.082885570386111,-0.0016752370678432,999.75670532064,-1000.0,866.8065967003886,1000.0,-3.2699454897961004,-0.1453268156336662,-0.0115758881386227,1.2615707786654866,-388.3411509080232,1000.0,-0.0057125584012283,-0.0395821419236881,-0.0395821419236881,992.9171144296138,-0.0007604638217344,-1000.0,999.9406229847956,-1000.0,-405.93140615248126,-1.48437214764715,-0.0659702365394423,-0.0052548050084624,187.70034116634315,-499.9991520828387,-999.9406229847954,-0.0025931816322781, Neutralism,Healthy
SRR12328893.bin.34.fbc2XSRR12328893.bin.16.fbc2 ,-0.0852316576805378,-0.0852316576805378,15.886214869123592,-0.0016374958247524,-999.7554174125288,1000.0,1000.0,-93.31235259628136,-3.1962772252921923,-0.1420527628009722,-0.0113150961493602,79.50561005002328,-500.0931095653678,-1000.0,-0.0055838607624991,-0.0876576718162596,-0.0876576718162596,984.1137851308764,-0.0016841051261735,-0.2445825874711999,0.0,-1000.0,-23.57528122918052,-3.287255318892335,-0.146096119693766,-0.0116371664216785,920.4943899499768,-499.9068904346322,0.0,-0.0057427984801279, Neutralism,Healthy
SRR12328893.bin.5.fbc2XSRR12328893.bin.7.fbc2 ,-0.1146664293304411,-0.1146664293304411,345.28805023754103,-0.0022030053665957,-233.58295892539925,1000.0,902.6029844229952,579.3043843786547,-4.3001122651880905,-0.1911107155508489,-0.0152227670830598,307.8657192407454,-563.2095791284041,-1000.0,-0.0075122483000313,-0.149974109633149,-0.149974109633149,654.711949762459,-0.0028813469670012,-0.2249755711845864,0.0,-1000.0,420.69561562134527,-5.624187585326581,-0.2499568493885817,-0.0199101075420458,692.1342807592546,-436.7904208715959,0.0,-0.0098253931574845, Amensalism,Healthy
SRR12328893.bin.14.fbc2XSRR12328893.bin.16.fbc2 ,-0.0675835296882496,-0.0675835296882496,953.399843902785,-0.0012984347682731,1000.0,-1000.0,1000.0,-412.2456429384633,-2.534453777220847,-0.1126392161470448,-0.0089721842487051,-94.31054191438238,-0.1379976471712325,1000.0,-0.0044276625598058,-0.0876576718162596,-0.0876576718162596,46.60015609721495,-0.0016841051261735,-1000.0,999.7554174125288,0.0,-439.78660443400815,-3.287255318892335,-0.146096119693766,-0.0116371664216785,1000.0,-999.8620023528288,-999.7554174125288,-0.0057427984801279, Neutralism,Healthy
SRR12328893.bin.22.fbc2XSRR12328893.bin.25.fbc2 ,-0.1853184870622044,-0.1853184870622044,999.9452859340752,-0.0035603936034931,-1000.0,999.7220044674386,0.0,-410.3121938247439,-6.949639086479237,-0.3088641451035983,-0.0246023198002376,1000.0,-500.0,-999.7220044674388,-0.0121409421878979,-0.0867458766792879,-0.0867458766792879,0.054714065924827,-0.0016665874481986,999.7579615048963,-1000.0,873.6346931288795,1000.0,-3.2530620377845025,-0.1445764611322602,-0.0115161192671848,-4.364992517355631,-388.20513643149457,1000.0,-0.0056830631983757, Neutralism,Healthy
SRR12328893.bin.14.fbc2XSRR12328893.bin.6.fbc2 ,-0.0675835296882496,-0.0675835296882496,14.91327352028634,-0.0012984347682731,0.0,0.0,0.0,-42.5126716683601,-2.534453777220847,-0.1126392161470448,-0.0089721842487051,34.856857900175555,-0.1379976471712325,0.0,-0.0044276625598058,-0.1361869033614766,-0.1361869033614766,985.0867264797135,-0.0026164630809262,-1000.0,1000.0,-1000.0,-298.532450921359,-5.107152781523155,-0.226978172269014,-0.0180797598891331,684.7371942779241,-338.33968639784,-1000.0,-0.0089221391059481, Neutralism,Healthy
SRR12328893.bin.28.fbc2XSRR12328893.bin.24.fbc2 ,-0.0852835125713227,-0.0852835125713227,562.1820444910059,-0.0016384920762675,1000.0,-1000.0,0.0,-282.9367207605901,-3.198221838489758,-0.1421391876189091,-0.0113219802472031,227.94072875798287,-400.7362793533739,1000.0,-0.0055872579802098,-0.0797563270937189,-0.0797563270937189,406.9590944982813,-0.0015323021535778,-1000.0,999.8803578478488,1000.0,-717.0632792394099,-2.9909465426320594,-0.1329272118227891,-0.0105882078812555,772.0592712420171,-352.4139643146753,-999.8803578478488,-0.0052251503436764, Neutralism,Healthy
SRR12328893.bin.34.fbc2XSRR12328893.bin.8.fbc2 ,-0.0852316576805378,-0.0852316576805378,8.508788554716261,-0.0016374958247524,-1000.0,1000.0,1000.0,-98.90478056753568,-3.1962772252921923,-0.1420527628009722,-0.0113150961493602,88.20447403814251,-500.0319639185,-1000.0,-0.0055838607624991,-0.0864866090861369,-0.0864866090861369,803.1119211234231,-0.0016616063225001,1000.0,-1000.0,0.0,-809.2619311395338,-3.243339229076014,-0.1441443484768569,-0.0114816996884883,1.37585988321905,-399.6793756132074,1000.0,-0.005666077559681, Neutralism,Healthy
SRR12328893.bin.5.fbc2XSRR12328893.bin.14.fbc2 ,-0.1723456695721097,-0.1723456695721097,985.0867264797134,-0.0033111559956751,-113.73371454153823,1000.0,-78.96866595937445,1000.0,-6.4631447225332295,-0.2872427826201829,-0.0228800879297068,990.2413264007448,-666.7385719863277,-1000.0,-0.0112910419450145,-0.0675835296882496,-0.0675835296882496,14.913273520286566,-0.0012984347682731,1000.0,-1000.0,-921.0313340406256,-30.27618634459168,-2.534453777220847,-0.1126392161470448,-0.0089721842487051,9.75867359925519,-0.1379976471712325,1000.0,-0.0044276625598058, Neutralism,Healthy
SRR12328893.bin.34.fbc2XSRR12328893.bin.30.fbc2 ,-0.0852316576805378,-0.0852316576805378,8.256364231360863,-0.0016374958247524,-0.4776670875604623,1000.0,1000.0,-12.740438015068662,-3.1962772252921923,-0.1420527628009722,-0.0113150961493602,589.4172111976945,-749.9125471466099,-1000.0,-0.0055838607624991,-0.0859628056364272,-0.0859628056364272,966.4023924152624,-0.0016515428555976,1000.0,-1000.0,-919.9534903300172,-987.2595619849312,-3.223696046221221,-0.1432713427273029,-0.0114121611325117,-20.199805966836152,-0.1783790149811466,1000.0,-0.0056317611378062, Neutralism,Healthy
SRR12328893.bin.16.fbc2XSRR12328893.bin.6.fbc2 ,-0.0876553674547722,-0.0876553674547722,4.095316025555121,-0.0016840608541315,-1000.0,999.7554238421624,0.0,-7.634487794659549,-3.287168902900248,-0.1460922790912491,-0.0116368605016532,454.5728647163064,-482.43453798640905,-999.7554238421624,-0.0057426475124202,-0.1366804448450693,-0.1366804448450693,995.9046839744448,-0.0026259451459509,1000.0,-1000.0,-1000.0,-441.0381818422461,-5.1256611086747625,-0.2278007414084868,-0.0181452809582651,545.4271352836936,-517.565462013591,1000.0,-0.0089544729476074, Neutralism,Healthy
SRR12328893.bin.16.fbc2XSRR12328893.bin.10.fbc2 ,-0.0876576718162596,-0.0876576718162596,4.148001448869309,-0.0016841051261735,-1000.0,999.7554174125288,0.0,-27.49975260495694,-3.287255318892335,-0.146096119693766,-0.0116371664216785,0.0,-420.5960001136641,-999.7554174125288,-0.0057427984801279,-0.0781090145312646,-0.0781090145312646,995.8519985511308,-0.0015006534972599,1000.0,-0.2179399074037746,-346.1206088268725,494.8803976285926,-2.929170580862774,-0.1301816908853652,-0.0103695156659568,1000.0,-579.4039998863359,0.2179399074037746,-0.0051172284255471, Neutralism,Healthy
SRR12328893.bin.22.fbc2XSRR12328893.bin.6.fbc2 ,-0.1255024726607416,-0.1255024726607416,354.41467578331503,-0.0024111906370762,-1000.0,999.8117342350556,240.04075432905256,160.55122065700994,-4.70647534026341,-0.2091707877679027,-0.0166613273023585,344.9612689958417,-405.85315957609305,-999.8117342350556,-0.0082221600724778,-0.1201130939954282,-0.1201130939954282,645.585324216685,-0.0023076482996202,1000.0,-1000.0,143.93135899928416,33.45998743086625,-4.504367945483295,-0.2001884899923425,-0.0159458497504374,655.0387310041583,-499.4631319495605,1000.0,-0.0078690807017665, Competition,Healthy
SRR12328893.bin.22.fbc2XSRR12328893.bin.7.fbc2 ,-0.1801784471531391,-0.1801784471531391,946.2106511632584,-0.0034616416360222,-1000.0,999.729715021062,-670.6074569847982,-791.805198675607,-6.756882158534154,-0.3002974119219743,-0.0239199437046409,880.5932262009565,-500.0,-999.729715021062,-0.0118041979786767,-0.0992131866405543,-0.0992131866405543,53.78934883674174,-0.0019061130958561,0.0,-0.1488293105262528,-329.3925430152018,472.3861427572269,-3.720599335240763,-0.1653553110676284,-0.0131712414925004,119.40677379904356,-438.7748110800544,0.1488293105262528,-0.0064998456570037, Amensalism,Healthy
SRR12328893.bin.24.fbc2XSRR12328893.bin.21.fbc2 ,-0.0755825707376516,-0.0755825707376516,2.245666359160168,-0.0014521147115829,-1000.0,1000.0,1000.0,-959.7281648911336,-2.834426268969196,-0.1259709512293056,-0.0100341126569674,996.9134186187002,-511.9169020905072,-1000.0,-0.0049517111664272,-0.0397749752372647,-0.0397749752372647,997.7543336408398,-0.0007641685924681,0.0,-0.0596662836989025,-827.7636683582681,-40.2718351088663,-1.4916036006706008,-0.066291625395479,-0.0052804049738597,3.086581381299766,-424.95679639984576,0.0596662836989025,-0.002605814900221, Neutralism,Healthy
SRR12328893.bin.5.fbc2XSRR12328893.bin.9.fbc2 ,-0.086820221642256,-0.086820221642256,0.0,-0.0016680157856399,0.0,0.2665239074219698,1000.0,1000.0,-3.2558500524532974,-0.1447003694038358,-0.0115259890786774,9.916428901192036,-366.3778713661235,-0.2665239074219698,-0.0056879338289945,-0.177671226707389,-0.177671226707389,1000.0,-0.0034134721749978,-1000.0,999.733476092578,-1000.0,0.0,-6.662858742496837,-0.2961187111790195,-0.0235870927290307,990.083571098808,-633.6221286338765,-999.733476092578,-0.0116399401166518, Amensalism,Healthy
SRR12328893.bin.6.fbc2XSRR12328893.bin.24.fbc2 ,-0.1226812700771233,-0.1226812700771233,997.7544384849032,-0.0023569888583097,1000.0,-1000.0,-424.8288592876696,-848.2956935296024,-4.600677262280783,-0.204468783461948,-0.0162867930112042,137.17352977836185,-400.2521506680663,1000.0,-0.0080373320070066,-0.0755790419926825,-0.0755790419926825,2.245561515096824,-0.0014520469162562,0.0,71.03540452786638,1000.0,-151.70430647039757,-2.8342939373044373,-0.1259650699877283,-0.0100336441914805,469.5022180237184,-599.7478493319337,-71.03540452786626,-0.0049514799845837, Amensalism,Healthy
SRR12328893.bin.22.fbc2XSRR12328893.bin.21.fbc2 ,-0.1853235569648177,-0.1853235569648177,1000.0,-0.0035604910079882,999.4829098909128,-1000.0,1.5386323644208917,235.58392810617465,-6.949829213186035,-0.3088725949413629,-0.0246029928650841,1000.0,-411.43496312030027,1000.0,-0.012141274337182,0.0,0.0,0.0,0.0,-1000.0,1000.0,998.4613676355792,0.0,0.0,0.0,0.0,0.0,-499.2306838177897,-1000.0,0.0, Amensalism,Healthy
SRR12328893.bin.34.fbc2XSRR12328893.bin.14.fbc2 ,-0.0852316576805378,-0.0852316576805378,15.886214869123478,-0.0016374958247524,-76.41645316176812,1000.0,246.503063604584,-971.8750835818864,-3.1962772252921923,-0.1420527628009722,-0.0113150961493602,1000.0,-730.927850628058,-1000.0,-0.0055838607624991,-0.0675835296882496,-0.0675835296882496,361.29119022766304,-0.0012984347682731,1000.0,-1000.0,753.496936395416,-28.124916418113685,-2.534453777220847,-0.1126392161470448,-0.0089721842487051,0.0,-0.1379976471712325,1000.0,-0.0044276625598058, Neutralism,Healthy
SRR12328893.bin.13.fbc2XSRR12328893.bin.10.fbc2 ,-0.1139298691925887,-0.1139298691925887,111.44002846628018,-0.0021888543552677,1000.0,-1000.0,-598.2436388239673,-440.5581252806616,-4.272490481713248,-0.1898831153210949,-0.0151249835950011,0.0,-454.44448820194793,1000.0,-0.0074639933515072,-0.0747682900777135,-0.0747682900777135,888.5599715337198,-0.0014364705106117,-0.5265059302752206,1000.0,-401.7563611760327,593.2894145439363,-2.8038898837904758,-0.1246138167961135,-0.0099260112283445,1000.0,-545.5555117980521,-1000.0,-0.0048983644412601, Amensalism,Healthy
SRR12328893.bin.16.fbc2XSRR12328893.bin.7.fbc2 ,-0.0876576718162596,-0.0876576718162596,671.959359376777,-0.0016841051261735,-1000.0,999.7554174125288,628.5257303217131,-13.590711527005736,-3.287255318892335,-0.146096119693766,-0.0116371664216785,0.0,-590.7460110139201,-999.7554174125288,-0.0057427984801279,-0.1626426223581347,-0.1626426223581347,328.040640623223,-0.0031247381816683,0.0,-0.2439795572281582,-1000.0,636.0832905699581,-6.099270199030343,-0.2710710372635958,-0.0215919408356057,1000.0,-409.2539889860799,0.2439795572281582,-0.0106553571996528, Neutralism,Healthy
SRR12328893.bin.5.fbc2XSRR12328893.bin.8.fbc2 ,-0.1042238986616439,-0.1042238986616439,200.45649147360743,-0.0020023803776894,-1000.0,1000.0,1000.0,1000.0,-3.908506330732166,-0.1737064977694444,-0.0138364484101884,282.88853921831287,-600.3194959593411,-1000.0,-0.0068281170881618,-0.0861822221838792,-0.0861822221838792,799.5435085263925,-0.0016557583512621,1000.0,-1000.0,0.0,-805.5958903349193,-3.231924398603496,-0.1436370369731321,-0.0114412902073581,4.661467524732871,-399.6805040406589,1000.0,-0.0056461359778268, Amensalism,Healthy
SRR12328893.bin.22.fbc2XSRR12328893.bin.8.fbc2 ,-0.1112364334907169,-0.1112364334907169,200.45649147360743,-0.0021371072716647,-1000.0,999.8331346642276,489.0492197737663,698.4895893601386,-4.171483796800999,-0.1853940558178237,-0.0147674112472486,248.9374679549028,-500.0,-999.8331346642276,-0.0072875357964221,-0.0861822221838792,-0.0861822221838792,799.5435085263925,-0.0016557583512621,1000.0,-1000.0,510.95078022623375,-805.595890334919,-3.231924398603496,-0.1436370369731321,-0.0114412902073581,4.661467524732643,-399.6805040406589,1000.0,-0.0056461359778268, Amensalism,Healthy
SRR12328893.bin.8.fbc2XSRR12328893.bin.25.fbc2 ,-0.0864866090861369,-0.0864866090861369,803.1119211234231,-0.0016616063225001,-1000.0,1000.0,105.33428373769402,-809.261931139534,-3.243339229076014,-0.1441443484768569,-0.0114816996884883,1.37585988321905,-399.6793756132074,-1000.0,-0.005666077559681,-0.0875483769960965,-0.0875483769960965,196.88807887657688,-0.0016820053217543,999.7557223671251,-1000.0,894.665716262306,-10.255775148451676,-3.2831566476450007,-0.145913961660085,-0.01162265677317,124.06287621731305,-499.99624912813255,1000.0,-0.0057356381471436, Neutralism,Healthy
SRR12328893.bin.28.fbc2XSRR12328893.bin.7.fbc2 ,-0.087933379510332,-0.087933379510332,707.9695429737587,-0.0016894021039206,1000.0,-1000.0,-21.46512713932668,78.85315516356991,-3.297594648751101,-0.1465556325171064,-0.0116737685382304,81.8328170915272,-400.7591564870367,1000.0,-0.0057608611743944,-0.1604073761601512,-0.1604073761601512,292.03045702624127,-0.0030817939704093,-1000.0,999.75937352679,-978.5348728606732,654.6210309454041,-6.015446104674879,-0.2673456269336611,-0.0212951963355862,918.1671829084728,-412.03620444287753,-999.75937352679,-0.0105089174390968, Neutralism,Healthy
SRR12328893.bin.34.fbc2XSRR12328893.bin.28.fbc2 ,-0.0852316576805378,-0.0852316576805378,1.3345590972079435,-0.0016374958247524,-782.3176833778808,1000.0,704.753647603691,-293.19587617070783,-3.1962772252921923,-0.1420527628009722,-0.0113150961493602,495.0461135356709,-554.4525430740298,-1000.0,-0.0055838607624991,-0.0934138485029052,-0.0934138485029052,998.665440902792,-0.0017946944957429,1000.0,-1000.0,-1000.0,303.1283537549498,-3.503118027055507,-0.1556897475047662,-0.0124013389655601,504.9538864643291,-445.5474569259702,1000.0,-0.0061199082304028, Neutralism,Healthy
SRR12328893.bin.34.fbc2XSRR12328893.bin.6.fbc2 ,-0.0852316576805378,-0.0852316576805378,1.3345590972079435,-0.0016374958247524,-835.569064103091,1000.0,1000.0,-184.2302133363572,-3.1962772252921923,-0.1420527628009722,-0.0113150961493602,93.34657117708092,-541.1396978927272,-1000.0,-0.0055838607624991,-0.1368063972785194,-0.1368063972785194,998.665440902792,-0.0026283649813194,1000.0,-1000.0,-1000.0,-90.18666516763574,-5.13038445801692,-0.2280106621308277,-0.018162002020972,906.6534288229192,-458.8603021072728,1000.0,-0.0089627245863539, Neutralism,Healthy
SRR12328893.bin.10.fbc2XSRR12328893.bin.9.fbc2 ,-0.0184409469920865,-0.0184409469920865,5.427801341170266,-0.0003542929297282,1000.0,-163.38579699298032,441.079316762153,-12.515623604174609,-0.6915549983124265,-0.0307349116534396,-0.0024481641444253,0.0,-618.254413806298,163.38579699298043,-0.0012081388903197,-0.1771890446460702,-0.1771890446460702,994.5721986588296,-0.0034042083505028,-1000.0,999.7341994119892,-776.0227888487617,-595.3197100468482,-6.644776405687594,-0.2953150744101549,-0.0235230797022722,1000.0,-381.745586193702,-999.7341994119892,-0.0116083504753987, Amensalism,Healthy
SRR12328893.bin.25.fbc2XSRR12328893.bin.9.fbc2 ,-0.0867458766792879,-0.0867458766792879,0.0547140659247133,-0.0016665874481986,999.7579615048963,-1000.0,87.09239354156034,1000.0,-3.2530620377845025,-0.1445764611322602,-0.0115161192671848,-0.3476001440731124,-496.9360164746839,1000.0,-0.0056830631983757,-0.177666366149765,-0.177666366149765,999.9452859340754,-0.0034133787925156,-1000.0,999.7334833838812,-764.0909961144031,-29.938889449204908,-6.662676466450648,-0.2961106102496842,-0.0235864474561822,1000.0,-503.0639835253161,-999.7334833838812,-0.0116396216824341, Neutralism,Healthy
SRR12328893.bin.24.fbc2XSRR12328893.bin.10.fbc2 ,-0.0758330938143672,-0.0758330938143672,10.909118681540804,-0.0014569278350791,-1000.0,999.8862430746392,299.733982304354,435.27495977755257,-2.843821149070777,-0.126388489690612,-0.0100673713402557,211.67653431921715,-500.0,-999.8862430746392,-0.0049681239174788,-0.069977341437152,-0.069977341437152,989.0908813184592,-0.001344425387856,1000.0,-0.2930836031998751,-74.70967969572314,-78.65253239497292,-2.6242242472892485,-0.1166289023952913,-0.0092899794300365,788.3234656807829,-500.0,0.2930836031998751,-0.0045844905724834, Amensalism,Healthy
SRR12328893.bin.34.fbc2XSRR12328893.bin.25.fbc2 ,-0.0852316576805378,-0.0852316576805378,8.508788554716261,-0.0016374958247524,-670.7898101953566,1000.0,923.4665372870304,-12.740438015076164,-3.1962772252920786,-0.1420527628009722,-0.0113150961493602,326.59491247295546,-582.3345113696608,-1000.0,-0.0055838607624991,-0.0875483769960965,-0.0875483769960965,23.272208811406813,-0.0016820053217543,999.7557223671251,-1000.0,15.01812747130066,1000.0,-3.2831566476450007,-0.145913961660085,-0.01162265677317,1.3494560495705628,-417.6654886303392,1000.0,-0.0057356381471436, Neutralism,Healthy
SRR12328893.bin.10.fbc2XSRR12328893.bin.25.fbc2 ,-0.0780202033887462,-0.0780202033887462,992.9171144296148,-0.0014989472313118,-0.2176921064003636,1000.0,-346.9874416397829,497.3959719197528,-2.925840069174342,-0.1300336723145392,-0.0103577253681805,1000.0,-578.551084130245,-1000.0,-0.0051114100587028,-0.0871960893801997,-0.0871960893801997,7.082885570385429,-0.0016752370678432,999.75670532064,-1000.0,939.0795660802816,502.6040280802472,-3.2699454897961004,-0.1453268156336662,-0.0115758881386227,-3.78627030646976,-421.44891586975496,1000.0,-0.0057125584012283, Neutralism,Healthy
SRR12328893.bin.34.fbc2XSRR12328893.bin.5.fbc2 ,-0.0823870583884627,-0.0823870583884627,2.7931033064909343,-0.0015828445415309,-993.071018877072,1000.0,1000.0,-31.54551338094541,-3.089601746017024,-0.1373117639807333,-0.0109374557822548,18.54592772998035,-501.76314240618336,-1000.0,-0.0053974998867261,-0.1733975331676447,-0.1733975331676447,997.206896693509,-0.0033313647102204,791.2395932610759,0.0,-1000.0,1000.0,-6.502590718846136,-0.288995888612817,-0.0230197301476664,981.4540722700197,-498.23685759381664,0.0,-0.0113599536618949, Neutralism,Healthy
SRR12328893.bin.28.fbc2XSRR12328893.bin.25.fbc2 ,-0.0932561953733284,-0.0932561953733284,976.7277911885922,-0.0017916656171337,-1000.0,1000.0,-1000.0,207.1258241870646,-3.497205868108608,-0.1554269922888806,-0.012380409414618,695.0835724027384,-444.7955132679437,-1000.0,-0.0061095797544794,-0.0875483769960965,-0.0875483769960965,23.27220881140795,-0.0016820053217543,999.7557223671251,-1000.0,1000.0,792.8741758129354,-3.2831566476450007,-0.145913961660085,-0.01162265677317,1.349456049572268,-457.1435724756934,1000.0,-0.0057356381471436, Neutralism,Healthy
SRR12328893.bin.10.fbc2XSRR12328893.bin.7.fbc2 ,-0.0416906755045829,-0.0416906755045829,796.1093235793737,-0.0008009735927316,-0.3230476774861017,1000.0,659.0393741716548,-624.1633237098657,-1.563444384968534,-0.0694844591743049,-0.0055347275261965,77.5622436321637,-587.608368228032,-1000.0,-0.0027313199514082,-0.160236706025671,-0.160236706025671,203.89067642062628,-0.0030785150053134,-0.2403704516135576,0.0,-1000.0,725.4234906410229,-6.009045794288568,-0.2670611767094897,-0.0212725386866168,922.4377563678364,-412.391631771968,0.0,-0.0104977361680766, Amensalism,Healthy
SRR12328893.bin.16.fbc2XSRR12328893.bin.24.fbc2 ,-0.0876576718162596,-0.0876576718162596,568.0880834439906,-0.0016841051261735,-1000.0,999.7554174125288,-872.7051451688388,-16.182700885617123,-3.287255318892335,-0.146096119693766,-0.0116371664216785,0.0,-379.4675380326886,-999.7554174125288,-0.0057427984801279,-0.080141208770101,-0.080141208770101,431.9119165560094,-0.0015396966142589,0.0,-0.1202195116380835,1000.0,-983.8172991143828,-3.0053800121904715,-0.1335686812834637,-0.0106393036041936,1000.0,-371.8534428487653,0.1202195116380835,-0.005250365454458, Neutralism,Healthy
SRR12328893.bin.28.fbc2XSRR12328893.bin.14.fbc2 ,-0.0933162661797268,-0.0933162661797268,985.086726479714,-0.0017928197153196,-1000.0,1000.0,-1000.0,311.168688550134,-3.499458586823266,-0.1555271102995448,-0.0123883842325085,487.7124199146035,-445.08202747807536,-1000.0,-0.0061135152291171,-0.0675835296882496,-0.0675835296882496,14.913273520286111,-0.0012984347682731,0.0,0.0,110.81030657556084,-42.5126716683601,-2.534453777220847,-0.1126392161470448,-0.0089721842487051,34.856857900174646,-0.1379976471712325,0.0,-0.0044276625598058, Neutralism,Healthy
SRR12328893.bin.14.fbc2XSRR12328893.bin.7.fbc2 ,-0.0675835296882496,-0.0675835296882496,22.948940773164168,-0.0012984347682731,1000.0,-1000.0,0.0,-28.21343155674981,-2.534453777220847,-0.1126392161470448,-0.0089721842487051,0.0,-0.1379976471712325,1000.0,-0.0044276625598058,-0.1626426223581347,-0.1626426223581347,446.1616336423656,-0.0031247381816683,-1000.0,999.7560204427718,-1000.0,517.9622975508132,-6.099270199030343,-0.2710710372635958,-0.0215919408356057,1000.0,-409.2539889860798,-999.7560204427718,-0.0106553571996528, Neutralism,Healthy
SRR12328893.bin.22.fbc2XSRR12328893.bin.10.fbc2 ,-0.1850215404742812,-0.1850215404742812,996.7406573075872,-0.0035546885777648,-1000.0,999.7224499158456,-746.9268157752965,-945.3791035617406,-6.9385032756563305,-0.308369234123802,-0.0245628980725314,1000.0,-400.0003554688578,-999.7224499158456,-0.0121214880502975,-0.0177316205855504,-0.0177316205855504,3.259342692412588,-0.000340665140925,1000.0,-189.44891268639583,427.4800941361573,-10.545659910919198,-0.6649545085412001,-0.0295527009759553,-0.0023539961238157,-1.0174271032587967,-599.9996445311422,189.44891268639597,-0.001161668130635, Amensalism,Healthy
SRR12328893.bin.10.fbc2XSRR12328893.bin.2.fbc2 ,-0.0221768013750534,-0.0221768013750534,5.254902798146986,-0.0004260672694726,-0.1661761588026138,1000.0,525.7168840895206,5.043681842152182,-0.8316534852652921,-0.0369613356251647,-0.0029441248319699,0.9957733462333636,-749.5844502479381,-1000.0,-0.0014528893888154,-0.0808448578105753,-0.0808448578105753,994.745097201853,-0.0015532153278172,-0.1212750527923844,0.0,474.2831159104794,447.0220854405511,-3.031767594737971,-0.1347414296842544,-0.0107327179149478,999.0042266537666,-250.4155497520619,0.0,-0.0052964642677579, Amensalism,Healthy
SRR12328893.bin.13.fbc2XSRR12328893.bin.2.fbc2 ,-0.1237436322845724,-0.1237436322845724,0.0,-0.0023773992753604,1000.0,-1000.0,-1000.0,-1000.0,-4.640516967633744,-0.2062393871410677,-0.0164278289930734,541.6593220338073,-478.6697240741772,1000.0,-0.0081069315291415,-0.0812719339235172,-0.0812719339235172,1000.0,-0.0015614204404528,-1000.0,999.8780842920124,0.0,318.5227395488048,-3.047783400256208,-0.1354532232059,-0.0107894152432663,450.2677121705474,-338.1631765085669,-999.8780842920124,-0.005324443701852, Neutralism,Healthy
SRR12328893.bin.21.fbc2XSRR12328893.bin.7.fbc2 ,-0.0338279794893878,-0.0338279794893878,848.7740033488694,-0.0006499131505961,-1000.0,999.9492547812,0.0,-196.61275559172248,-1.2685849760754309,-0.0563799658156085,-0.0044908998706887,81.54127746723088,-499.99927534683707,-999.9492547812,-0.0022162038435453,-0.1584305273394193,-0.1584305273394193,151.22599665113057,-0.0030438141659487,0.0,-0.2376610100800462,-1000.0,762.8341164701019,-5.941312185008655,-0.2640508788990701,-0.0210327558869494,918.4587225327692,-411.1322030695085,0.2376610100800462,-0.0103794063060149, Amensalism,Healthy
SRR12328893.bin.24.fbc2XSRR12328893.bin.25.fbc2 ,-0.0801396261304034,-0.0801396261304034,431.7651501389987,-0.001539666208032,-1000.0,999.8797828624732,1000.0,-1000.0,-3.0053206615333465,-0.1335660435507861,-0.0106390934978435,998.6505439504292,-371.7440673931434,-999.8797828624732,-0.0052502617695608,-0.0875483769960965,-0.0875483769960965,28.400743957681694,-0.0016820053217543,999.7557223671251,-1000.0,0.0,1000.0,-3.2831566476450007,-0.145913961660085,-0.01162265677317,1.34945604957079,-348.5449485907782,1000.0,-0.0057356381471436, Neutralism,Healthy
SRR12328893.bin.14.fbc2XSRR12328893.bin.2.fbc2 ,-0.0675835296882496,-0.0675835296882496,14.91327352028668,-0.0012984347682731,1000.0,-1000.0,-921.3439408673188,-29.65097269120804,-2.534453777220847,-0.1126392161470448,-0.0089721842487051,9.133459945871778,-0.1379976471712325,1000.0,-0.0044276625598058,-0.08005990334334,-0.08005990334334,985.0867264797134,-0.0015381345502873,-1000.0,999.8799024543124,485.3620305266122,427.545865509838,-3.0023309727775995,-0.1334331722389379,-0.0106285097425598,990.866540054128,-999.8620023528288,-999.8799024543122,-0.005245038816497, Neutralism,Healthy
SRR12328893.bin.21.fbc2XSRR12328893.bin.30.fbc2 ,-0.0250092387425411,-0.0250092387425411,627.356175272178,-0.000480484894183,-1000.0,999.9624837394616,0.0,-364.2648656058964,-0.937872879513634,-0.0416820645708639,-0.0033201506188333,170.35021686444452,-499.999464259343,-999.9624837394616,-0.0016384534891358,-0.0855545112556228,-0.0855545112556228,372.643824727822,-0.001643698583166,1000.0,-1000.0,-1000.0,-392.9814891319286,-3.208384575508262,-0.1425908520926668,-0.0113579572099524,-24.43308632971332,-0.1761120300739094,1000.0,-0.0056050121687576, Amensalism,Healthy
SRR12328893.bin.14.fbc2XSRR12328893.bin.24.fbc2 ,-0.0675835296882496,-0.0675835296882496,502.7227413633668,-0.0012984347682731,1000.0,-1000.0,-1000.0,-255.75266824087964,-2.534453777220847,-0.1126392161470448,-0.0089721842487051,0.0,-0.1379976471712325,1000.0,-0.0044276625598058,-0.080141208770101,-0.080141208770101,431.9119165560092,-0.0015396966142589,-1000.0,999.879780488362,1000.0,-744.2473317591204,-3.0053800121904715,-0.1335686812834637,-0.0106393036041936,1000.0,-371.853442848765,-999.879780488362,-0.005250365454458, Neutralism,Healthy
SRR12328893.bin.16.fbc2XSRR12328893.bin.13.fbc2 ,-0.0876576718162596,-0.0876576718162596,45.499586080642985,-0.0016841051261735,-1000.0,999.7554174125288,-145.1291830234943,-7.634688496800891,-3.287255318892335,-0.146096119693766,-0.0116371664216785,145.85361697615963,-335.786760697217,-999.7554174125288,-0.0057427984801279,-0.1338020095724914,-0.1338020095724914,954.500413919357,-0.0025706437958206,999.6266654015326,-1000.0,-854.8708169765057,-992.3653115031992,-5.017716744379072,-0.2230033492875236,-0.0177631486291147,854.1463830238404,-500.21944300763033,1000.0,-0.0087658953437994, Neutralism,Healthy
SRR12328893.bin.10.fbc2XSRR12328893.bin.21.fbc2 ,-0.0750365007328355,-0.0750365007328355,894.545263815429,-0.0014416234530472,1000.0,-0.2093669740908126,-398.3059206552914,590.1245593065464,-2.81394806676974,-0.1250608345546879,-0.0099616180607426,999.9969434017034,-548.6131481651548,0.2093669740908126,-0.0049159359749637,-0.0042033273801962,-0.0042033273801962,105.45473618457096,-8.07555692290407e-05,-1000.0,999.993694605152,758.1291410113577,-4.05721249281396,-0.1576292183127634,-0.0070055456336604,-0.0005580209835898,0.0030565982966663,-451.3868518348452,-999.993694605152,-0.0002753764912313, Amensalism,Healthy
SRR12328893.bin.24.fbc2XSRR12328893.bin.13.fbc2 ,-0.0452123878463908,-0.0452123878463908,343.71231130344154,-0.0008686337722565,-1000.0,999.9321770750616,1000.0,-481.5556427558157,-1.6955123190988388,-0.0753539797440225,-0.0060022593663688,620.8671146614661,-84.09532433242146,-999.9321770750616,-0.0029620411634141,-0.1094520261680145,-0.1094520261680145,656.2876886965585,-0.0021028247102776,1000.0,-1000.0,-605.4988931444738,-518.4443572441843,-4.1045666366607065,-0.1824200436134333,-0.0145305187477333,379.1328853385339,-224.33887161121675,1000.0,-0.007170632261932, Competition,Healthy
SRR12328893.bin.8.fbc2XSRR12328893.bin.9.fbc2 ,-0.0861822221838792,-0.0861822221838792,799.5435085263923,-0.0016557583512621,1000.0,-1000.0,882.5287096976786,-805.5958903349191,-3.231924398603496,-0.1436370369731321,-0.0114412902073581,4.661467524732643,-399.6805040406589,1000.0,-0.0056461359778268,-0.1066432887245127,-0.1066432887245127,200.45649147360768,-0.0020488624154495,-1000.0,999.8400248226012,-1000.0,-194.4041096650809,-3.999236014601024,-0.1777388145408167,-0.0141576392908291,995.3385324752674,-500.0,-999.8400248226012,-0.0069866208367557, Amensalism,Healthy
SRR12328893.bin.8.fbc2XSRR12328893.bin.7.fbc2 ,-0.0864866090861369,-0.0864866090861369,803.1119211234229,-0.0016616063225001,1000.0,-1000.0,0.0,-809.2619311395338,-3.243339229076014,-0.1441443484768569,-0.0114816996884883,1.37585988321905,-399.6793756132074,1000.0,-0.005666077559681,-0.1598215838014312,-0.1598215838014312,196.88807887657708,-0.0030705395543009,-1000.0,999.7602522716002,-1000.0,728.125935427521,-5.993478272228458,-0.2663693063357186,-0.0212174283202557,936.1441570883964,-411.6108226304266,-999.7602522716002,-0.0104705398802025, Neutralism,Healthy
SRR12328893.bin.22.fbc2XSRR12328893.bin.5.fbc2 ,-0.1852441970208929,-0.1852441970208929,1000.0,-0.0035589663212931,-1000.0,999.7221159096372,-400.0670084811644,-202.736741891016,-6.946853131430999,-0.3087403283681169,-0.024592457279823,998.3497158843612,-400.0003558966321,-999.7221159096372,-0.0121360751554675,-0.0843072534195243,-0.0843072534195243,0.0,-0.001619735896611,0.0,-0.1264689788088162,1000.0,979.465483667268,-3.1616110887063087,-0.1405120890325406,-0.0111923750456526,1.6502841156390105,-599.9996441033679,0.1264689788088162,-0.005523299407514, Amensalism,Healthy
SRR12328893.bin.30.fbc2XSRR12328893.bin.7.fbc2 ,-0.0856092922965672,-0.0856092922965672,938.515088533803,-0.0016447510528223,1000.0,-1000.0,-435.96810639964,-959.5060809570056,-3.2104389224292618,-0.1426821538276499,-0.0113652297745829,-24.4487309740789,-0.1762247956099827,1000.0,-0.0056086010899889,-0.1472942890521835,-0.1472942890521835,61.48491146619699,-0.002829861461123,-1000.0,999.7790444171144,-564.03189360036,668.5743288726089,-5.523691481838796,-0.2454904817536771,-0.0195543426964377,785.6587704855156,-403.935214276873,-999.7790444171144,-0.0096498275825069, Neutralism,Healthy
SRR12328893.bin.22.fbc2XSRR12328893.bin.2.fbc2 ,-0.1853235569648177,-0.1853235569648177,1000.0,-0.0035604910079882,-1000.0,999.7219968620976,-341.39450315435624,-207.2443192046967,-6.949829213186035,-0.3088725949413629,-0.0246029928650841,948.8236148094452,-400.0003560491008,-999.7219968620976,-0.012141274337182,0.0,0.0,0.0,0.0,0.0,0.0,704.3771448082534,-792.7556807953033,0.0,0.0,0.0,51.17638519055481,-454.8550072076607,0.0,0.0, Amensalism,Healthy
SRR12328893.bin.22.fbc2XSRR12328893.bin.16.fbc2 ,-0.1853235569648177,-0.1853235569648177,1000.0,-0.0035604910079882,-1000.0,999.7219968620976,-2.6743930943673604,-689.0298960692526,-6.949829213186035,-0.3088725949413629,-0.0246029928650841,1000.0,-500.0,-999.7219968620976,-0.012141274337182,-0.0872978551495862,-0.0872978551495862,0.0,-0.0016771922219049,0.0,-0.2435786263855561,-4.063568402891633,-262.10821250924414,-3.273761813680835,-0.1454964252492345,-0.0115893982532497,0.0,-443.6108938867651,0.2435786263855561,-0.005719225476696, Neutralism,Healthy
SRR12328893.bin.10.fbc2XSRR12328893.bin.30.fbc2 ,-0.0561315854056374,-0.0561315854056374,608.7594004340726,-0.0010784166264556,-0.3953327918944751,1000.0,-18.59677483810526,317.5808964817386,-2.1049937656244992,-0.0935526423426154,-0.0074518588886576,619.7965536690122,-635.2404684822843,-1000.0,-0.0036774006961195,-0.0855545112556228,-0.0855545112556228,391.24059956592737,-0.001643698583166,1000.0,-1000.0,-981.4032251618949,-407.2490413306409,-3.208384575508262,-0.1425908520926668,-0.0113579572099524,-20.10386369032005,-0.1761120300739094,1000.0,-0.0056050121687576, Amensalism,Healthy
SRR12328893.bin.28.fbc2XSRR12328893.bin.16.fbc2 ,-0.0933936299289825,-0.0933936299289825,995.8519985511308,-0.0017943060505558,1000.0,-1000.0,-1000.0,304.7942712880458,-3.5023598091703434,-0.1556560498817134,-0.012398654808976,501.3815400194162,-445.4510222503728,1000.0,-0.006118583632201,-0.0876576718162596,-0.0876576718162596,4.148001448869195,-0.0016841051261735,-1000.0,999.7554174125288,0.0,-339.5014132673399,-3.287255318892335,-0.146096119693766,-0.0116371664216785,498.6184599805838,-554.5489777496272,-999.7554174125288,-0.0057427984801279, Neutralism,Healthy
SRR12328893.bin.14.fbc2XSRR12328893.bin.13.fbc2 ,-0.0675835296882496,-0.0675835296882496,32.56066933749662,-0.0012984347682731,-1000.0,1000.0,101.28641464365228,-20.308403522839622,-2.534453777220847,-0.1126392161470448,-0.0089721842487051,-9.949503114441882,-0.1379976471712325,-1000.0,-0.0044276625598058,-0.1333414674563755,-0.1333414674563755,967.4393306625034,-0.0025617957244321,1000.0,-1000.0,-821.1921363418684,-979.6915964771604,-5.000445928378667,-0.2222357790939213,-0.0177020084557852,427.31180409202216,-500.2186876920157,1000.0,-0.0087357234202727, Neutralism,Healthy
SRR12328893.bin.6.fbc2XSRR12328893.bin.8.fbc2 ,-0.0962456199038115,-0.0962456199038115,197.1566857532964,-0.0018490993256818,0.0,0.0,-1000.0,829.9407566485418,-3.6093124468576434,-0.1604093665064283,-0.0127772763407847,998.6244562545636,-578.2181247684297,0.0,-0.0063054287006707,-0.0864667366520279,-0.0864667366520279,802.8433142467036,-0.0016612245274245,-1000.0,1000.0,883.000401742233,-808.9156768604113,-3.242593991799936,-0.144111227753342,-0.011479061484465,1.3755437454366302,-399.6794492845775,-1000.0,-0.0056647756384791, Amensalism,Healthy
SRR12328893.bin.2.fbc2XSRR12328893.bin.30.fbc2 ,-0.0812719339235172,-0.0812719339235172,1000.0,-0.0015614204404528,-1000.0,999.8780842920124,1000.0,-43.95287044399095,-3.047783400256208,-0.1354532232059,-0.0107894152432663,1000.0,-757.9410760324677,-999.8780842920124,-0.005324443701852,-0.0623282673293488,-0.0623282673293488,0.0,-0.0011974691129807,1000.0,-1000.0,-1000.0,-11.04091743838626,-2.33737588565225,-0.1038804455489526,-0.008274511570562,-14.646089049580269,-0.1283013312712455,1000.0,-0.004083369675186, Amensalism,Healthy
SRR12328893.bin.24.fbc2XSRR12328893.bin.9.fbc2 ,-0.0755825707376516,-0.0755825707376516,2.245666359160168,-0.0014521147115829,-948.9790974570002,1000.0,1000.0,397.3549862497353,-2.834426268969196,-0.1259709512293056,-0.0100341126569674,205.38610947132335,-512.7835709149199,-1000.0,-0.0049517111664272,-0.1736107401990239,-0.1736107401990239,997.7543336408398,-0.0033354609067828,-0.260432787603122,0.0,-648.007868661809,-534.6733596644491,-6.510586207815322,-0.2893512336651156,-0.0230480348659511,794.6138905286766,-487.2164290850801,0.0,-0.0113739216922112, Neutralism,Healthy
SRR12328893.bin.9.fbc2XSRR12328893.bin.30.fbc2 ,-0.177671226707389,-0.177671226707389,1000.0,-0.0034134721749978,-1000.0,999.733476092578,0.0,-240.70395468700644,-6.662858742496951,-0.2961187111790195,-0.0235870927290307,1000.0,-513.9488865951158,-999.733476092578,-0.0116399401166518,-0.0623282673293488,-0.0623282673293488,0.0,-0.0011974691129807,1000.0,-1000.0,-1000.0,-14.816417804625075,-2.33737588565225,-0.1038804455489526,-0.008274511570562,-17.800019123357174,-0.1283013312712455,1000.0,-0.004083369675186, Amensalism,Healthy
SRR12328893.bin.8.fbc2XSRR12328893.bin.30.fbc2 ,-0.0864199131403893,-0.0864199131403893,802.5278679660908,-0.0016603249403033,0.0,0.0,882.1865975831286,-807.6864864866369,-3.240838060635838,-0.1440331885672776,-0.0114728453371526,1.1196705627532992,-399.6796228693655,0.0,-0.0056617080463183,-0.0735953081273237,-0.0735953081273237,182.2619771464717,-0.0014139348343178,-1000.0,1000.0,-1000.0,-192.3135135133631,-2.7599018211916477,-0.1226588468789486,-0.0097702897053295,-17.293653147273744,-0.1514942804067232,-1000.0,-0.0048215177851034, Amensalism,Healthy
SRR12328893.bin.25.fbc2XSRR12328893.bin.7.fbc2 ,-0.0875483769960965,-0.0875483769960965,29.044195093510098,-0.0016820053217543,0.0,-0.244277632874855,1000.0,793.7001228309543,-3.2831566476450007,-0.145913961660085,-0.01162265677317,1.349456049571586,-457.1435724756924,0.244277632874855,-0.0057356381471436,-0.1626158566177764,-0.1626158566177764,757.9012707883121,-0.0031242239504081,-1000.0,999.7560605939534,-1000.0,206.2998771690457,-6.098266455485373,-0.2710264276963698,-0.0215883874972178,998.6505439504284,-409.3265215922856,-999.7560605939536,-0.0106536036707893, Neutralism,Healthy
SRR12328893.bin.22.fbc2XSRR12328893.bin.14.fbc2 ,-0.1840596405829728,-0.1840596405829728,986.3598950660491,-0.0035362082725214,-1000.0,999.723892858084,-743.3761095672648,-751.1065375237122,-6.9024310133155495,-0.3067660676382502,-0.0244351991628946,990.2575693358604,-400.0003536208272,-999.7238928580842,-0.0120584702091264,-0.0674710395145439,-0.0674710395145439,13.640104933950852,-0.0012962735737573,1000.0,-1000.0,76.34053362868963,-28.977446783506707,-2.5302352768438823,-0.1124517325242777,-0.008957250394701,9.742430664139649,-0.1377679554200312,1000.0,-0.0044202928864933, Neutralism,Healthy
SRR12328893.bin.16.fbc2XSRR12328893.bin.8.fbc2 ,-0.0876576718162596,-0.0876576718162596,196.88807887657708,-0.0016841051261735,-1000.0,999.7554174125288,-1000.0,-190.7380688604659,-3.287255318892335,-0.146096119693766,-0.0116371664216785,998.6241401167808,-515.5935335482836,-999.7554174125288,-0.0057427984801279,-0.0864866090861369,-0.0864866090861369,803.1119211234229,-0.0016616063225001,1000.0,-1000.0,0.0,-809.2619311395341,-3.243339229076014,-0.1441443484768569,-0.0114816996884883,1.37585988321905,-399.6793756132074,1000.0,-0.005666077559681, Neutralism,Healthy
SRR12328893.bin.14.fbc2XSRR12328893.bin.25.fbc2 ,-0.0675835296882496,-0.0675835296882496,452.2566216180076,-0.0012984347682731,-1000.0,1000.0,312.4172081795828,-170.0038995595911,-2.534453777220847,-0.1126392161470448,-0.0089721842487051,-6.966946514344841,-0.1379976471712325,-1000.0,-0.0044276625598058,-0.0875483769960965,-0.0875483769960965,28.554546524300804,-0.0016820053217543,999.7557223671251,-1000.0,687.5827918204172,1000.0,-3.2831566476450007,-0.145913961660085,-0.01162265677317,12.075116204700976,-316.6443304140646,1000.0,-0.0057356381471436, Neutralism,Healthy
SRR12328893.bin.28.fbc2XSRR12328893.bin.10.fbc2 ,-0.0775021193264819,-0.0775021193264819,344.23885618438385,-0.0014889936470581,-1000.0,1000.0,-242.7669828474278,278.0439217661278,-2.906411369394277,-0.1291701988775457,-0.0102889461007862,161.0282941090477,-400.6691001411919,-1000.0,-0.0050774683362533,-0.0609187448105785,-0.0609187448105785,655.7611438156162,-0.0011703889492764,1000.0,-0.3862221344597856,-158.4866903920381,439.6529224381245,-2.28451730178972,-0.10153124135104,-0.0080873876396481,736.4411604802588,-599.3308998588082,0.3862221344597856,-0.0039910263170668, Competition,Healthy
SRR12328893.bin.6.fbc2XSRR12328893.bin.10.fbc2 ,-0.1216483142380866,-0.1216483142380866,666.414751843362,-0.0023371434051568,-1000.0,1000.0,-374.4612534782492,-1.4215611110984128,-4.5619403268161705,-0.2027471903968489,-0.0161496609296136,663.3700913802552,-498.0190623591647,-1000.0,-0.0079696590115645,-0.0381854167692381,-0.0381854167692381,333.58524815663804,-0.000733629524916,1000.0,-0.4459683526263234,211.96292766704664,-150.5443650065546,-1.4319934784722363,-0.0636423612821772,-0.0050693800168346,336.6299086197448,-501.98093764083535,0.4459683526263234,-0.0025016766797989, Competition,Healthy
SRR12328893.bin.34.fbc2XSRR12328893.bin.10.fbc2 ,-0.0852089444049397,-0.0852089444049397,15.88198137201516,-0.0016370594506724,-955.0417295835052,1000.0,1000.0,-113.00787618928793,-3.195425453457119,-0.1420149073416041,-0.0113120808038047,77.49995778432958,-511.2715230045998,-1000.0,-0.0055823727266215,-0.0735086388796162,-0.0735086388796162,984.1180186279848,-0.0014122697191396,1000.0,-45.40112449181515,-278.9576407795821,257.0153402140006,-2.756651632822013,-0.1225143981328074,-0.0097587837590253,922.5000422156704,-488.7284769954002,45.40112449181515,-0.0048158397421502, Neutralism,Healthy
SRR12328893.bin.5.fbc2XSRR12328893.bin.2.fbc2 ,-0.173640443284512,-0.173640443284512,1000.0,-0.0033360315712798,-411.70636416102366,1000.0,1000.0,1000.0,-6.511700104906481,-0.2894007388075579,-0.0230519781574685,984.848484848485,-903.2132307580272,-1000.0,-0.0113758676579891,0.0,0.0,0.0,0.0,0.0,0.0,0.0,0.0,0.0,0.0,0.0,15.151515151515014,-75.75757575757575,0.0,0.0, Amensalism,Healthy
SRR12328893.bin.5.fbc2XSRR12328893.bin.24.fbc2 ,-0.173640443284512,-0.173640443284512,1000.0,-0.0033360315712798,-0.484491865095265,1000.0,0.0,509.5496322350459,-6.511700104906481,-0.2894007388075579,-0.0230519781574685,1000.0,-500.0,-1000.0,-0.0113758676579891,0.0,0.0,0.0,0.0,0.0,0.0,1000.0,0.0,0.0,0.0,0.0,0.0,-500.0,0.0,0.0, Amensalism,Healthy
SRR12328893.bin.24.fbc2XSRR12328893.bin.30.fbc2 ,-0.0801291422613985,-0.0801291422613985,433.167229915106,-0.0015394647888342,-1000.0,999.8797985892838,1000.0,-582.533609104288,-3.0049275053660267,-0.1335485704356642,-0.0106377016911665,1000.0,-380.9124638900301,-999.879798589284,-0.005249574930076,-0.0859628056364272,-0.0859628056364272,396.6092213260436,-0.0016515428555976,1000.0,-1000.0,-1000.0,-417.466390895712,-3.223696046221221,-0.1432713427273029,-0.0114121611325117,-0.7519436166494415,-0.176952494839611,1000.0,-0.0056317611378062, Neutralism,Healthy
SRR12328893.bin.14.fbc2XSRR12328893.bin.21.fbc2 ,-0.0675835296882496,-0.0675835296882496,15.425342843130466,-0.0012984347682731,1000.0,-1000.0,111.8344452212491,-42.51267166835999,-2.534453777220847,-0.1126392161470448,-0.0089721842487051,34.856857900175555,-0.1379976471712325,1000.0,-0.0044276625598058,-0.0392495740557023,-0.0392495740557023,984.5746571568696,-0.0007540744295511,-1000.0,999.941121868544,563.3685120859964,-957.48732833164,-1.471900501183768,-0.0654159567595797,-0.0052106543079162,465.2734805598952,-499.9991592070111,-999.9411218685442,-0.002571393804601, Neutralism,Healthy
SRR12328893.bin.28.fbc2XSRR12328893.bin.21.fbc2 ,-0.089153714982217,-0.089153714982217,536.3078563955328,-0.0017128475500385,1000.0,-1000.0,-690.191102554282,369.9578027211587,-3.343358518449349,-0.1485895249703617,-0.0118357765711607,255.395363573263,-400.7696920264991,1000.0,-0.0058408101458553,-0.0184848543451607,-0.0184848543451607,463.6921436044672,-0.0003551364907252,-1000.0,999.9722709427996,-309.808897445718,-45.56353349180881,-0.6932015704500145,-0.0308080905751921,-0.0024539931513345,14.073283143961476,-499.9996040228128,-999.9722709427998,-0.0012110154335687, Amensalism,Healthy
SRR12328893.bin.13.fbc2XSRR12328893.bin.9.fbc2 ,-0.1143033632116612,-0.1143033632116612,0.0,-0.0021960300329055,1000.0,-1000.0,-274.16515641936155,-1000.0,-4.286496902087265,-0.190505605352655,-0.0151745675271968,118.89207215502528,-423.92195561596986,1000.0,-0.0074884624120841,-0.177671226707389,-0.177671226707389,1000.0,-0.0034134721749978,-1000.0,999.733476092578,-725.8348435806384,68.94669079692858,-6.662858742496951,-0.2961187111790195,-0.0235870927290307,881.1079278449747,-576.0780443840301,-999.733476092578,-0.0116399401166518, Amensalism,Healthy
SRR12328893.bin.34.fbc2XSRR12328893.bin.22.fbc2 ,-0.08448731273063,-0.08448731273063,2.864306569022915,-0.0016231952494081,-600.1281600435356,1000.0,1000.0,-280.07304139685687,-3.1683635031382664,-0.1408121878844213,-0.0112162791732544,70.00376507195824,-599.9996447603842,-1000.0,-0.0055350958003828,-0.184902220049139,-0.184902220049139,997.135693430977,-0.0035523961585113,999.4840855059032,-1000.0,-314.7902639249588,-237.9971796883009,-6.934028633632352,-0.3081703667486408,-0.0245470574551518,929.9962349280418,-400.0003552396158,1000.0,-0.0121136709004758, Neutralism,Healthy
SRR12328893.bin.13.fbc2XSRR12328893.bin.7.fbc2 ,-0.0904960997917214,-0.0904960997917214,270.2516111200041,-0.0017386378442552,1000.0,-1000.0,0.0,-400.1171536316952,-3.3936993672722338,-0.1508268329862403,-0.0120139875035647,129.6873321326584,-500.1464802383757,1000.0,-0.0059287550487852,-0.1558920387120679,-0.1558920387120679,729.7483888799959,-0.0029950439713957,-1000.0,999.766146966712,-1000.0,207.00559194571883,-5.846116179119917,-0.2598200645201132,-0.0206957538424603,870.3126678673416,-418.03077931770986,-999.766146966712,-0.0102130999424616, Amensalism,Healthy
SRR12328894.bin.5.fbc2XSRR12328894.bin.2.fbc2 ,-0.1813603036720223,-0.1813603036720223,996.5061391669024,-0.0034843478131278,0.0,825.210019923762,-1000.0,-787.1085207901474,-6.801203026832013,-0.3022671727867418,-0.0240768433885705,-13.35955783999634,-483.5824415187561,-825.2100199237619,-0.0118816260427365,-0.0879900697162838,-0.0879900697162838,3.4938608330975285,-0.0016904912529298,1000.0,-1000.0,1000.0,-212.8914792098526,-3.2997205913794687,-0.1466501161937685,-0.0116812945578885,11.177152030231357,-501.2441256661609,1000.0,-0.0057645751725203, Neutralism,Healthy
SRR12328894.bin.21.fbc2XSRR12328894.bin.14.fbc2 ,-0.1661114406390424,-0.1661114406390424,992.3389275921984,-0.0031913821447915,-1000.0,999.7508168821308,656.215040690548,694.2406290137192,-6.229354549982304,-0.2768524010650708,-0.0220524506208903,951.0023269643772,-679.1550617480852,-999.7508168821308,-0.0108826131139494,-0.0868096436697669,-0.0868096436697669,7.661072407801612,-0.0016678125584803,999.8697771954326,-1000.0,-1000.0,120.51721797968456,-3.255453367307496,-0.1446827394496495,-0.0115245847791811,48.99767303562271,-320.84493825191475,1000.0,-0.0056872408244998, Neutralism,Healthy
SRR12328894.bin.22.fbc2XSRR12328894.bin.5.fbc2 ,-0.0865058832808927,-0.0865058832808927,815.8081815053979,-0.0016619766240637,-1000.0,1000.0,898.7667751195049,-825.3556472087661,-3.2440620317485127,-0.144176472134859,-0.0114842584720236,8.124223711493755,-400.74053938919496,-1000.0,-0.0056673402879141,-0.1806627390849371,-0.1806627390849371,184.1918184946021,-0.0034709459959003,1000.0,-44.82223398357712,-1000.0,-174.64435279123393,-6.775043617714118,-0.3011045651414861,-0.0239842368314384,151.46909331449888,-525.7951464933022,44.82223398357701,-0.0118359258459577, Neutralism,Healthy
SRR12328894.bin.1.fbc2XSRR12328894.bin.13.fbc2 ,-0.0416228419639992,-0.0416228419639992,513.1785022529727,-0.000799670354695,-1000.0,1000.0,-1000.0,-1000.0,-1.5609005555209023,-0.0693714032734078,-0.0055257221512192,994.1306562454536,-17.388486786036538,-1000.0,-0.0027268759096159,-0.0887222437232821,-0.0887222437232821,26.0466302862842,-0.0017045579966179,1000.0,-1000.0,0.0,890.5148920461252,-3.327177890314601,-0.147870406205584,-0.0117784957565163,5.869343754546435,-421.3776089526714,1000.0,-0.0058125427684672, Neutralism,Healthy
SRR12328894.bin.21.fbc2XSRR12328894.bin.13.fbc2 ,-0.1651515908425835,-0.1651515908425835,980.8264989067412,-0.0031729412265804,-1000.0,999.75225674903,-855.6206641543175,1000.0,-6.1933591683632585,-0.2752526514042301,-0.0219250238754966,936.5526413960232,-659.4002482446615,-999.75225674903,-0.010819729582522,-0.0884637862247927,-0.0884637862247927,19.17350109325889,-0.0016995924346474,1000.0,-1000.0,677.2939111506471,0.0,-3.31748546101494,-0.1474396437080258,-0.0117441837236356,63.44735860397668,-340.5997517553385,1000.0,-0.0057956102021989, Neutralism,Healthy
SRR12328894.bin.26.fbc2XSRR12328894.bin.2.fbc2 ,-0.1114018592342063,-0.1114018592342063,996.6869752424598,-0.0021402854799816,0.0,270.6259113258591,136.3581603589737,-210.4385343620443,-4.177687436984684,-0.1856697653903438,-0.0147893726668826,994.8354646976612,-665.1585748414922,-270.6259113258591,-0.007298373486833,-0.0879900697162838,-0.0879900697162838,3.3130247575402336,-0.0016904912529298,1000.0,-1000.0,761.5193370434258,-16.378161090095205,-3.2997205913794687,-0.1466501161937685,-0.0116812945578885,5.164535302338663,-334.84142515850783,1000.0,-0.0057645751725203, Neutralism,Healthy
SRR12328894.bin.10.fbc2XSRR12328894.bin.13.fbc2 ,-0.085282379091609,-0.085282379091609,515.1096555743336,-0.0016384702995537,0.0,0.0,-107.9662901614978,32.37887801504144,-3.1981793318030896,-0.1421372984860909,-0.0113218297699404,-2.6248621892871142,-105.26227340272976,0.0,-0.0055871837214453,-0.0887222437232821,-0.0887222437232821,26.43192062123535,-0.0017045579966179,-1000.0,1000.0,-892.0337098385022,967.6211219849584,-3.327177890314601,-0.147870406205584,-0.0117784957565163,987.26129460965,-504.8691744635273,-1000.0,-0.0058125427684672, Neutralism,Healthy
SRR12328894.bin.2.fbc2XSRR12328894.bin.13.fbc2 ,-0.0879900697162838,-0.0879900697162838,3.494604649248231,-0.0016904912529298,0.0,0.0,1000.0,-659.9412801627698,-3.2997205913794687,-0.1466501161937685,-0.0116812945578885,9.57412679470474,-662.124906354661,0.0,-0.0057645751725203,-0.0887222437232821,-0.0887222437232821,26.43192062123376,-0.0017045579966179,-1000.0,1000.0,-1000.0,740.2650532184427,-3.327177890314601,-0.147870406205584,-0.0117784957565163,988.5954919012916,-337.875093645339,-1000.0,-0.0058125427684672, Neutralism,Healthy
SRR12328894.bin.5.fbc2XSRR12328894.bin.12.fbc2 ,-0.1813603036720223,-0.1813603036720223,985.3838542631228,-0.0034843478131278,-0.6981169941101371,1000.0,-905.773483212268,-980.690157891932,-6.801203026832013,-0.3022671727867418,-0.0240768433885705,489.9499245794493,338.22388191027267,-1000.0,-0.0118816260427365,-0.0688427504037463,-0.0688427504037463,14.616145736877002,-0.0013226272892552,1000.0,-1000.0,1000.0,-19.30984210806787,-2.5816758846419816,-0.114737917339653,-0.0091393545684468,3.1585792107217685,-0.1405688282980008,1000.0,-0.0045101590562808, Neutralism,Healthy
SRR12328894.bin.23.fbc2XSRR12328894.bin.18.fbc2 ,-0.0893609734979463,-0.0893609734979463,3.932706912049298,-0.0017168294619978,-1000.0,999.7506648572314,1000.0,-54.40497794015721,-3.3511309317927958,-0.1489349558298727,-0.0118632915825855,-23.57947663260745,-984.9637715076128,-999.7506648572314,-0.0058543884654227,-0.0448344758441408,-0.0448344758441408,513.5968339118033,-0.0008613732151161,1000.0,-1000.0,-937.2280936550216,-519.8764393199734,-1.681340219681374,-0.0747241264068634,-0.0059520889160467,1000.0,-0.3688925544568064,1000.0,-0.0029372826634244, Neutralism,Healthy
SRR12328894.bin.10.fbc2XSRR12328894.bin.16.fbc2 ,-0.085282379091609,-0.085282379091609,250.61398946795,-0.0016384702995537,1000.0,-1000.0,371.9487119510193,0.0,-3.1981793318030896,-0.1421372984860909,-0.0113218297699404,-2.6248621892871142,-252.51146096010305,1000.0,-0.0055871837214453,-0.1703707214527412,-0.1703707214527412,749.38601053205,-0.0032732127079952,-918.971652144948,1000.0,-583.1058332765235,-1000.0,-6.389082081176753,-0.2839512024212354,-0.0226178998124169,-46.38060576954797,-421.2547130989785,-1000.0,-0.0111616553343765, Neutralism,Healthy
SRR12328894.bin.10.fbc2XSRR12328894.bin.2.fbc2 ,-0.085282379091609,-0.085282379091609,252.7214845516546,-0.0016384702995537,-1000.0,1000.0,-608.8541954698419,-11.329764062325012,-3.1981793318030896,-0.1421372984860909,-0.0113218297699404,-13.956637473904834,-252.54444373961255,-1000.0,-0.0055871837214453,-0.0879900697162838,-0.0879900697162838,4.901532899432255,-0.0016904912529298,0.0,0.0,925.6712673104362,-214.300114856202,-3.2997205913794687,-0.1466501161937685,-0.0116812945578885,6.748225544159595,-417.7116443629591,0.0,-0.0057645751725203, Neutralism,Healthy
SRR12328894.bin.21.fbc2XSRR12328894.bin.12.fbc2 ,-0.1658517087245172,-0.1658517087245172,989.223705654636,-0.0031863920984278,-1000.0,999.7512065049528,0.0,-983.975143008114,-6.219614328736611,-0.2764195145409758,-0.0220179694002808,998.2925795364172,-746.4551690786147,-999.7512065049526,-0.0108655970557265,-0.0686726628396172,-0.0686726628396172,10.776294345363908,-0.0013193595166285,1000.0,-1000.0,1000.0,-16.02485699188594,-2.575297421258483,-0.1144544380659908,-0.0091167742598372,1.707420463582821,-0.1402215294253892,1000.0,-0.0044990159516373, Neutralism,Healthy
SRR12328894.bin.26.fbc2XSRR12328894.bin.7.fbc2 ,-0.0912579872118612,-0.0912579872118612,46.982013804030885,-0.0017532754507101,-0.2546281937133017,1000.0,170.03030748662331,-28.8335264909191,-3.4222709505943385,-0.15209664535314,-0.0121151333647731,944.6719055999484,-499.8333296220983,-1000.0,-0.0059786692870602,-0.2222129397997605,-0.2222129397997605,953.0179861959692,-0.0042692207454138,1000.0,-1000.0,675.0502961814675,1000.0,-8.333220049632246,-0.3703548996662675,-0.0295003153509014,55.32809440005167,-500.1666703779017,1000.0,-0.0145580427418963, Amensalism,Healthy
SRR12328894.bin.9.fbc2XSRR12328894.bin.6.fbc2 ,-0.157290044685169,-0.157290044685169,501.3194114797593,-0.0030219028758438,1000.0,-1000.0,888.5372991664176,-260.7833372803648,-5.898542880352807,-0.2621500744753575,-0.0208813488717396,997.364836099956,-499.9988495549399,1000.0,-0.0103046888065136,-0.0904238235547154,-0.0904238235547154,498.6805885202407,-0.0017372492517324,-1000.0,999.8643555784216,111.4627008335824,487.87052213418656,-3.3909889320126467,-0.1507063725912303,-0.0120043923297998,2.635163900043949,-500.00115044506015,-999.8643555784216,-0.0059240199485657, Neutralism,Healthy
SRR12328894.bin.23.fbc2XSRR12328894.bin.7.fbc2 ,-0.0504167355190929,-0.0504167355190929,2.006978365264217,-0.0009686212395081,-1000.0,999.8593271373786,855.458715115235,-22.94960356774141,-1.890680856135873,-0.0840278925319353,-0.0066931727653809,-13.27683321338543,-668.0455971528768,-999.8593271373786,-0.003302998426875,-0.196508325304535,-0.196508325304535,997.9930216347356,-0.0037753760865371,1000.0,-1000.0,0.0,804.8577452162565,-7.369269844605583,-0.3275138755076341,-0.0260878487580384,0.0,-214.995254573936,1000.0,-0.0128740324551017, Competition,Healthy
SRR12328894.bin.22.fbc2XSRR12328894.bin.13.fbc2 ,-0.0555095412543096,-0.0555095412543096,460.2056859819209,-0.0010664657301049,0.0,0.0,0.0,-301.5808477636501,-2.081666452651348,-0.0925159020904402,-0.0073692781953695,5.220328419768748,-387.8252689560761,0.0,-0.0036366481398317,-0.0874406900026087,-0.0874406900026087,539.7943140180791,-0.0016799364072994,-1000.0,1000.0,1000.0,-379.0108874293967,-3.279118271601078,-0.1457344833377192,-0.0116083605747689,12.709365697128987,-541.9185404655191,-1000.0,-0.0057285831491071, Amensalism,Healthy
SRR12328894.bin.19.fbc2XSRR12328894.bin.6.fbc2 ,-0.0813899037520968,-0.0813899037520968,299.0167349778776,-0.0015636869117088,-0.1220926740627419,0.0,709.0841219811427,-420.8523970436464,-3.0522073934838545,-0.1356498395867902,-0.0108050765595635,413.7106949069576,-283.8308080753984,0.0,-0.0053321723687531,-0.0904257673803385,-0.0904257673803385,700.9832650221224,-0.0017372865971765,-135.46348151826123,1000.0,44.5355566201697,-579.1476029563536,-3.391061827526869,-0.1507096123006022,-0.0120046503861885,2.764201530482296,-716.1691919246016,-1000.0,-0.0059241472962412, Neutralism,Healthy
SRR12328894.bin.3.fbc2XSRR12328894.bin.10.fbc2 ,-0.1318241106222331,-0.1318241106222331,504.0566495690416,-0.0025326438160391,0.0,0.0,-766.963408582848,-595.9430819707134,-4.9435434437436925,-0.2197068510370172,-0.0175005687684688,1000.0,-292.0648104855013,0.0,-0.0086363154125592,-0.085282379091609,-0.085282379091609,495.9433504309584,-0.0016384702995537,-1000.0,1000.0,123.03406823046087,-11.329764062325468,-3.1981793318030896,-0.1421372984860909,-0.0113218297699404,-2.6248621892871142,-174.23265533025085,-1000.0,-0.0055871837214453, Neutralism,Healthy
SRR12328894.bin.14.fbc2XSRR12328894.bin.17.fbc2 ,-0.086868178365421,-0.086868178365421,9.45150814673309,-0.001668937144359,-1000.0,999.869689387766,-891.921750079533,231.72313573384625,-3.25764848024744,-0.1447802972757017,-0.0115323556677822,738.9038876229627,-3.509641299678833,-999.869689387766,-0.005691075662412,-0.1786759953272394,-0.1786759953272394,990.548491853267,-0.0034327760869246,1000.0,-1000.0,-108.078249920467,35.02918588167154,-6.7005386274584,-0.2977933255455127,-0.0237204827610639,261.09611237703734,-996.4903587003212,1000.0,-0.0117057664566573, Neutralism,Healthy
SRR12328894.bin.26.fbc2XSRR12328894.bin.9.fbc2 ,-0.0721519610254972,-0.0721519610254972,774.8312718264667,-0.0013862048227792,-520.0726479475337,1000.0,1000.0,-171.8643729545638,-2.7057747797204,-0.1202532683757908,-0.0095786753254287,341.3964652391312,-602.5391078388565,-1000.0,-0.0047269584456444,-0.144123144296941,-0.144123144296941,225.16872817353328,-0.0027689364898151,1000.0,-1000.0,0.0,-67.39293755635663,-5.404770202643704,-0.2402052404950154,-0.0191333511448874,658.6035347608688,-397.46089216114353,1000.0,-0.0094420734303639, Amensalism,Healthy
SRR12328894.bin.5.fbc2XSRR12328894.bin.7.fbc2 ,-0.1813603036720223,-0.1813603036720223,0.0,-0.0034843478131278,-236.09498406493424,1000.0,-1000.0,-1000.0,-6.801203026832013,-0.3022671727867418,-0.0240768433885705,-3.8694030899303016,91.75903545630877,-1000.0,-0.0118816260427365,-0.2401051396158209,-0.2401051396158209,1000.0,-0.0046129709820661,1000.0,-1000.0,0.0,855.8554245626351,-9.004196448996368,-0.400175232692959,-0.0318756294859667,1000.0,-500.1800903871393,1000.0,-0.0157302310487921, Neutralism,Healthy
SRR12328894.bin.22.fbc2XSRR12328894.bin.10.fbc2 ,-0.0825895278101143,-0.0825895278101143,769.8197957669413,-0.0015867344440039,-1000.0,1000.0,617.9594003029315,-785.9162408596112,-3.0971945632718416,-0.1376492130167435,-0.0109643350079977,7.756418115248039,-400.70701316672034,-1000.0,-0.0054107644540408,-0.0843983702310424,-0.0843983702310424,230.1802042330587,-0.0016214864597259,0.0,0.0,382.0405996970685,-10.681752846969289,-3.1650280654173457,-0.1406639503850328,-0.011204471437054,-2.5976537382795186,-251.51450695585777,0.0,-0.0055292688277859, Neutralism,Healthy
SRR12328894.bin.1.fbc2XSRR12328894.bin.2.fbc2 ,-0.0414921701039929,-0.0414921701039929,511.5674159777018,-0.0007971598482754,-1000.0,1000.0,-1000.0,-985.3831470954336,-1.5560002226912957,-0.0691536168400261,-0.0055083745517094,994.8354646976612,-23.07261002533517,-1000.0,-0.0027183150826886,-0.0879900697162838,-0.0879900697162838,3.317842657611209,-0.0016904912529298,1000.0,-1000.0,763.0958004351405,-14.616852904566372,-3.2997205913794687,-0.1466501161937685,-0.0116812945578885,5.16453530233855,-334.8402206834901,1000.0,-0.0057645751725203, Neutralism,Healthy
SRR12328894.bin.1.fbc2XSRR12328894.bin.7.fbc2 ,-0.0254026191621505,-0.0254026191621505,313.1913855476639,-0.0004880426351974,-1000.0,1000.0,-985.9827457855662,-633.5100822942359,-0.9526250609244472,-0.0423376986035464,-0.0033723746091709,601.0236316515761,-0.5239698937893991,-1000.0,-0.0016642253859799,-0.2205801003568694,-0.2205801003568694,686.8086144523361,-0.0042378501509574,1000.0,-1000.0,-14.01725421443382,1000.0,-8.271986845141782,-0.3676335005948203,-0.029283544543091,398.9763683484239,-476.7494396885812,1000.0,-0.0144510690147399, Amensalism,Healthy
SRR12328894.bin.26.fbc2XSRR12328894.bin.21.fbc2 ,-0.1098405941368128,-0.1098405941368128,978.8109634412374,-0.0021102899929701,-739.6626847077569,1000.0,170.292054827426,-198.78972800914028,-4.119138346080831,-0.1830676568947637,-0.0145821038518079,1000.0,-664.2037327752132,-1000.0,-0.007196088876185,-0.0851417294910561,-0.0851417294910561,21.18903655876261,-0.0016357680977989,999.872279226923,-1000.0,829.707945172574,1000.0,-3.1929048231603474,-0.1419028824850556,-0.0113031575558579,0.0,-335.7962672247868,1000.0,-0.0055779692135047, Amensalism,Healthy
SRR12328894.bin.9.fbc2XSRR12328894.bin.8.fbc2 ,-0.1573637763690385,-0.1573637763690385,502.9606989270128,-0.0030233194306674,-1000.0,1000.0,0.0,-262.6044567930817,-5.901307896407843,-0.2622729606150642,-0.0208911372662896,1000.0,-500.3213183890971,-1000.0,-0.0103095192587261,-0.1092972068043991,-0.1092972068043991,276.3083998203085,-0.002099850274817,999.8360436905418,-1000.0,1000.0,1000.0,-4.098760746931248,-0.1821620113406652,-0.0145099653990428,0.0,-499.6786816109029,1000.0,-0.007160489437183, Neutralism,Healthy
SRR12328894.bin.10.fbc2XSRR12328894.bin.14.fbc2 ,-0.085282379091609,-0.085282379091609,979.6991487118792,-0.0016384702995537,-1000.0,1000.0,1000.0,-410.9380872051033,-3.1981793318030896,-0.1421372984860909,-0.0113218297699404,-13.956637473904834,-107.92299648080768,-1000.0,-0.0055871837214453,-0.086868178365421,-0.086868178365421,20.30085128812084,-0.001668937144359,0.0,-0.1303106122338704,-1000.0,-589.0619127948967,-3.25764848024744,-0.1447802972757017,-0.0115323556677822,1000.0,-59.99828755922738,0.1303106122338704,-0.005691075662412, Neutralism,Healthy
SRR12328894.bin.9.fbc2XSRR12328894.bin.18.fbc2 ,-0.150557654705949,-0.150557654705949,369.1593540601653,-0.0028925582075771,0.0,0.0,-152.1569110893879,-70.40175727307826,-5.646071142174037,-0.2509294245098772,-0.0199875772145787,732.6534159288681,-500.3074210863045,0.0,-0.009863623487945,-0.0119863439655318,-0.0119863439655318,369.8912153142455,-0.0002302851866033,-1000.0,1000.0,-250.79345549011293,-929.5982427269216,-0.4495005643932472,-0.019977239942591,-0.0015912706397784,267.346584071132,-0.0986221643232738,-1000.0,-0.000785272486496, Amensalism,Healthy
SRR12328894.bin.9.fbc2XSRR12328894.bin.2.fbc2 ,-0.1572476748292501,-0.1572476748292501,500.37624689953896,-0.003021088853643,0.0,0.0,0.0,-258.7217558646039,-5.896953965984835,-0.2620794580487882,-0.0208757239782926,994.8354646976612,-500.32108132335935,0.0,-0.0103019129907124,-0.0879900697162838,-0.0879900697162838,3.3178426576109814,-0.0016904912529298,-1000.0,1000.0,1000.0,-210.23006618637885,-3.2997205913794687,-0.1466501161937685,-0.0116812945578885,5.16453530233855,-499.6789186766407,-1000.0,-0.0057645751725203, Neutralism,Healthy
SRR12328894.bin.23.fbc2XSRR12328894.bin.17.fbc2 ,-0.0893539329541681,-0.0893539329541681,8.544476276341925,-0.0017166941970572,-1000.0,999.750684501769,0.0,-39.9860266242448,-3.350866903960764,-0.1489232215901665,-0.0118623569013607,-28.518118840318834,-734.3861029879527,-999.750684501769,-0.0058539272117741,-0.1134085246612812,-0.1134085246612812,991.4555237236582,-0.0021788381299074,1000.0,-1000.0,-1000.0,1000.0,-4.252939510896795,-0.1890142077688779,-0.0150557714775914,165.40388345369365,-265.61389701204735,1000.0,-0.007429838022972, Amensalism,Healthy
SRR12328894.bin.9.fbc2XSRR12328894.bin.12.fbc2 ,-0.1573637763690385,-0.1573637763690385,502.9606989270121,-0.0030233194306674,-1000.0,1000.0,-571.6464845805888,-262.604456793081,-5.901307896407843,-0.2622729606150642,-0.0208911372662896,1000.0,-500.321318389097,-1000.0,-0.0103095192587261,-0.0688103025312329,-0.0688103025312329,17.451857684342258,-0.0013220038911185,0.0,0.0,1000.0,-18.316278142029432,-2.580459055136771,-0.1146838375520928,-0.0091350468874225,0.0,-0.1405025735451772,0.0,-0.0045080332686211, Neutralism,Healthy
SRR12328894.bin.16.fbc2XSRR12328894.bin.14.fbc2 ,-0.1703707214527412,-0.1703707214527412,990.548491853267,-0.0032732127079952,-934.0476880032996,1000.0,-150.22005216236596,-1000.0,-6.389082081176753,-0.2839512024212354,-0.0226178998124169,-51.285242244799065,-268.8863036691232,-1000.0,-0.0111616553343765,-0.086868178365421,-0.086868178365421,9.451508146732865,-0.001668937144359,999.869689387766,-1000.0,213.96584367333503,595.5271615755869,-3.25764848024744,-0.1447802972757017,-0.0115323556677822,1.107623514616762,-363.5363848398897,1000.0,-0.005691075662412, Neutralism,Healthy
SRR12328894.bin.14.fbc2XSRR12328894.bin.2.fbc2 ,-0.086868178365421,-0.086868178365421,21.939313640253204,-0.001668937144359,-1000.0,999.869689387766,-1000.0,-15.484036728967226,-3.25764848024744,-0.1447802972757017,-0.0115323556677822,-9.409901543723436,-406.4690646382219,-999.869689387766,-0.005691075662412,-0.0879900697162838,-0.0879900697162838,3.317842657611209,-0.0016904912529298,1000.0,-1000.0,928.4137903627144,-350.17670352881464,-3.2997205913794687,-0.1466501161937685,-0.0116812945578885,5.164535302338663,-418.29106076818766,1000.0,-0.0057645751725203, Neutralism,Healthy
SRR12328894.bin.20.fbc2XSRR12328894.bin.2.fbc2 ,-0.108526570771346,-0.108526570771346,998.0970562588304,-0.0020850445873747,-1000.0,999.83719971862,-1000.0,205.44181795470308,-4.069861081376189,-0.1808776179522055,-0.0144076580985483,141.51696257770118,-518.9565589688978,-999.83719971862,-0.0071100020428502,-0.0879900697162838,-0.0879900697162838,1.902943741169565,-0.0016904912529298,1000.0,-1000.0,758.6991750106843,-14.968080073724764,-3.2997205913794687,-0.1466501161937685,-0.0116812945578885,7.98469733508,-334.84142515850795,1000.0,-0.0057645751725203, Neutralism,Healthy
SRR12328894.bin.23.fbc2XSRR12328894.bin.13.fbc2 ,-0.0808318854126355,-0.0808318854126355,7.72955486621106,-0.0015529660981883,-1000.0,999.7744627335546,255.99709790958696,-36.17239684188053,-3.031281116111245,-0.134719809021135,-0.0107309957387542,-25.79823000594081,-664.3447172702051,-999.7744627335546,-0.0052956143949813,-0.0885078109779442,-0.0885078109779442,27.437556493548527,-0.001700438251305,1000.0,-1000.0,744.002902090413,-39.00969487911891,-3.319136435778318,-0.1475130182966495,-0.0117500283162144,13.012289845192754,-335.65528272979486,1000.0,-0.0057984944368172, Neutralism,Healthy
SRR12328894.bin.26.fbc2XSRR12328894.bin.3.fbc2 ,-0.1109030668051218,-0.1109030668051218,961.769232598498,-0.0021307025323267,-637.640271647867,1000.0,198.01364631869592,-201.85980055382757,-4.158982193829843,-0.1848384446751652,-0.0147231544980286,929.1389701997192,-712.5688704902448,-1000.0,-0.0072656956350556,-0.0909964711585189,-0.0909964711585189,38.23076740150191,-0.001748251126969,1000.0,-1000.0,575.8336394871499,-72.29388466692171,-3.4124638222577914,-0.1516607852643119,-0.0120804152873006,70.8610298002809,-287.43112950975524,1000.0,-0.0059615363429657, Amensalism,Healthy
SRR12328894.bin.16.fbc2XSRR12328894.bin.1.fbc2 ,-0.1703707214527412,-0.1703707214527412,260.2231504346846,-0.0032732127079952,-1000.0,1000.0,-1000.0,-1000.0,-6.389082081176753,-0.2839512024212354,-0.0226178998124169,0.0,-252.39822566994803,-1000.0,-0.0111616553343765,0.0,0.0,0.0,0.0,1000.0,-1000.0,0.0,0.0,0.0,0.0,0.0,0.0,0.0,1000.0,0.0, Amensalism,Healthy
SRR12328894.bin.3.fbc2XSRR12328894.bin.12.fbc2 ,-0.1318241106222331,-0.1318241106222331,531.6020636083108,-0.0025326438160391,-1000.0,1000.0,0.0,-562.4965698505317,-4.9435434437436925,-0.2197068510370172,-0.0175005687684688,1000.0,-693.9231693626257,-1000.0,-0.0086363154125592,-0.0688103025312329,-0.0688103025312329,17.451857684342485,-0.0013220038911185,0.0,0.0,1000.0,-18.316278142030452,-2.580459055136771,-0.1146838375520928,-0.0091350468874225,0.0,-0.1405025735451772,0.0,-0.0045080332686211, Neutralism,Healthy
SRR12328894.bin.23.fbc2XSRR12328894.bin.5.fbc2 ,-0.0893609734979463,-0.0893609734979463,26.761808891694955,-0.0017168294619978,-1000.0,999.7506648572312,1000.0,197.66502051048565,-3.3511309317927958,-0.1489349558298727,-0.0118632915825855,-31.189177292490516,-927.570122354226,-999.7506648572312,-0.0058543884654227,-0.1813603036720223,-0.1813603036720223,973.238191108305,-0.0034843478131278,1000.0,-754.5130658703933,-1000.0,-98.63217089424666,-6.801203026832013,-0.3022671727867418,-0.0240768433885705,364.909581886483,-72.42987764577413,754.5130658703933,-0.0118816260427365, Neutralism,Healthy
SRR12328894.bin.21.fbc2XSRR12328894.bin.19.fbc2 ,-0.1661114406390424,-0.1661114406390424,992.3389275921986,-0.0031913821447915,-1000.0,999.7508168821308,-1000.0,-984.800259559518,-6.22935454998219,-0.2768524010650708,-0.0220524506208903,996.4401729243828,-384.8085069448225,-999.7508168821308,-0.0108826131139494,-0.0813899037520968,-0.0813899037520968,7.661072407801498,-0.0015636869117088,1000.0,-993.3732116267212,84.61337030444884,-15.19974044048206,-3.0522073934838545,-0.1356498395867902,-0.0108050765595635,3.559827075617364,-286.00014205199943,993.3732116267212,-0.0053321723687531, Neutralism,Healthy
SRR12328894.bin.22.fbc2XSRR12328894.bin.1.fbc2 ,-0.0865058832808927,-0.0865058832808927,815.8081815053979,-0.0016619766240637,-1000.0,1000.0,0.0,-629.8880221022039,-3.2440620317485127,-0.144176472134859,-0.0114842584720236,8.124223711493642,-400.7405393891951,-1000.0,-0.0056673402879141,-0.0150890977070048,-0.0150890977070048,184.1918184946021,-0.0002898962095514,1000.0,-1000.0,-1000.0,-370.1119778977961,-0.5658571083034758,-0.0251484961783035,-0.0020031828079254,369.13468269512896,-0.0308101691507545,1000.0,-0.000988546074609, Amensalism,Healthy
SRR12328894.bin.10.fbc2XSRR12328894.bin.17.fbc2 ,-0.085282379091609,-0.085282379091609,508.28888197545416,-0.0016384702995537,-1000.0,1000.0,135.3777728805726,-25.075509927799544,-3.1981793318030896,-0.1421372984860909,-0.0113218297699404,-2.6248621892871142,-100.35180087342746,-1000.0,-0.0055871837214453,-0.1683014565281837,-0.1683014565281837,491.7111180245458,-0.0032334573780872,1000.0,-1000.0,-1000.0,598.1535837314927,-6.311482459962463,-0.280502427546935,-0.0223431904823883,-50.95317704382887,-899.6481991265725,1000.0,-0.0110260896591398, Neutralism,Healthy
SRR12328894.bin.14.fbc2XSRR12328894.bin.19.fbc2 ,-0.086868178365421,-0.086868178365421,45.53286108865359,-0.001668937144359,-1000.0,999.869689387766,-1000.0,-47.5851748984835,-3.25764848024744,-0.1447802972757017,-0.0115323556676685,-3.3639263976022,-105.84045555041256,-999.869689387766,-0.005691075662412,-0.0813899037520968,-0.0813899037520968,16.357991482316038,-0.0015636869117088,999.8779073259371,-1000.0,108.95792604827352,-15.199740440481946,-3.0522073934838545,-0.1356498395867902,-0.0108050765595635,1.6532799169544887,-284.57925922061554,1000.0,-0.0053321723687531, Neutralism,Healthy
SRR12328894.bin.20.fbc2XSRR12328894.bin.6.fbc2 ,-0.1083966001795033,-0.1083966001795033,992.1113734170974,-0.0020825475538686,-1000.0,999.8373946869932,-1000.0,-241.02646252100112,-4.064987046844863,-0.1806610002990964,-0.0143904035973037,41.66570939793064,-374.1500324854027,-999.8373946869932,-0.0071014871587067,-0.0904257673803385,-0.0904257673803385,7.888626582902589,-0.0017372865971765,59.160564516353816,0.1626053130069067,140.28815408592436,919.160384135242,-3.391061827526869,-0.1507096123006022,-0.0120046503861885,2.764201530482296,-514.8658547615071,-0.1626053130069067,-0.0059241472962412, Neutralism,Healthy
SRR12328894.bin.23.fbc2XSRR12328894.bin.10.fbc2 ,-0.0893609734979463,-0.0893609734979463,3.932706912049412,-0.0017168294619978,-1000.0,999.7506648572314,628.6197922092106,-37.463214675436575,-3.3511309317927958,-0.1489349558298727,-0.0118632915825855,-23.57947663260745,-740.1570314806518,-999.7506648572314,-0.0058543884654227,-0.085282379091609,-0.085282379091609,251.02756171433384,-0.0016384702995537,1000.0,-1000.0,-128.76192762158007,-9.610169002066982,-3.1981793318030896,-0.1421372984860909,-0.0113218297699404,-2.6248621892871142,-251.3576233638269,1000.0,-0.0055871837214453, Neutralism,Healthy
SRR12328894.bin.17.fbc2XSRR12328894.bin.6.fbc2 ,-0.1344111793656566,-0.1344111793656566,932.0875385302488,-0.0025823473461059,1000.0,-1000.0,-1000.0,-932.3960763303942,-5.040561255314742,-0.2240186322760564,-0.0178440201616467,996.8591199895292,-499.998849530209,1000.0,-0.0088058044502759,-0.0904257673803385,-0.0904257673803385,67.91246146975118,-0.0017372865971765,-1000.0,999.8643526624963,111.25777751057647,919.160384135242,-3.391061827526869,-0.1507096123006022,-0.0120046503861885,3.1408800104708234,-500.001150469791,-999.8643526624963,-0.0059241472962412, Amensalism,Healthy
SRR12328894.bin.26.fbc2XSRR12328894.bin.19.fbc2 ,-0.1126316362496027,-0.1126316362496027,999.144022147686,-0.0021639123199292,-700.6959355329737,1000.0,218.91155410349484,-201.43776098447077,-4.223805374538301,-0.1877193937493757,-0.0149526341303953,1000.0,-714.252659061321,-1000.0,-0.0073789410107565,-0.0813899037520968,-0.0813899037520968,0.855977852313913,-0.0015636869117088,1000.0,-992.4559612209398,115.81185975523545,-15.199740440482174,-3.0522073934838545,-0.1356498395867902,-0.0108050765595635,0.0,-285.74734093867903,992.4559612209398,-0.0053321723687531, Neutralism,Healthy
SRR12328894.bin.3.fbc2XSRR12328894.bin.21.fbc2 ,-0.0919632556680198,-0.0919632556680198,49.26136463613148,-0.001766825277059,-1000.0,1000.0,567.4108521730222,-64.30942435448674,-3.448719262939221,-0.1532720927799573,-0.012208762664045,92.86272216563884,-289.2851039620283,-1000.0,-0.0060248741946224,-0.1626430124628086,-0.1626430124628086,950.7386353638684,-0.0031247456764731,999.7560198575776,-1000.0,-306.6482282344723,1000.0,-6.099284828368013,-0.2710716874380523,-0.0215919926247352,907.1372778343612,-710.7148960379717,1000.0,-0.0106553827569086, Amensalism,Healthy
SRR12328894.bin.20.fbc2XSRR12328894.bin.21.fbc2 ,-0.0772713455228313,-0.0772713455228313,14.327666247891443,-0.0014845599523596,-1000.0,999.884085558916,-890.1735451459859,318.09852964488755,-2.897757107905249,-0.1287855758714613,-0.0102583092711938,13.788112830254931,-500.1302849814234,-999.884085558916,-0.0050623494377077,-0.1655556127667523,-0.1655556127667523,985.6723337521084,-0.0031807034152961,999.7516506773328,-1000.0,-109.82645485401406,681.9014703551125,-6.20851041744254,-0.2759260212779963,-0.0219786605997569,941.2933467007812,-499.8697150185766,1000.0,-0.0108461986461634, Amensalism,Healthy
SRR12328894.bin.17.fbc2XSRR12328894.bin.19.fbc2 ,-0.1537816679991692,-0.1537816679991692,635.0068176488735,-0.0029544989048417,1000.0,-1000.0,-1000.0,718.883843087902,-5.766975047406959,-0.2563027799985775,-0.0204155874326943,482.9268922734336,-716.1691919246016,1000.0,-0.0100748412656912,-0.0813899037520968,-0.0813899037520968,364.9931823511265,-0.0015636869117088,-0.1220926740627419,0.0,820.8058947327122,-515.1590454886061,-3.0522073934838545,-0.1356498395867902,-0.0108050765595635,517.0731077265664,-283.8308080753984,0.0,-0.0053321723687531, Amensalism,Healthy
SRR12328894.bin.10.fbc2XSRR12328894.bin.8.fbc2 ,-0.085282379091609,-0.085282379091609,247.9979316359816,-0.0016384702995537,-1000.0,1000.0,-624.9131774589007,-11.329764062325468,-3.1981793318030896,-0.1421372984860909,-0.0113218297699404,-2.6248621892871142,-250.27830477462305,-1000.0,-0.0055871837214453,-0.1119803787504452,-0.1119803787504452,752.0020683640184,-0.0021514001681453,999.8320186748732,-1000.0,1000.0,1000.0,-4.199382530150956,-0.1866339645840753,-0.0148661751617282,1000.0,-749.721695225377,1000.0,-0.0073362745732765, Neutralism,Healthy
SRR12328894.bin.20.fbc2XSRR12328894.bin.10.fbc2 ,-0.1032265101847542,-0.1032265101847542,754.0073644212841,-0.0019832182551908,-1000.0,999.8451503186316,776.7854005139629,-557.1400918849124,-3.871103208931345,-0.1720441836412192,-0.0137040381436008,158.53321815998197,-500.174047234079,-999.8451503186316,-0.0067627742503191,-0.085282379091609,-0.085282379091609,245.99263557871583,-0.0016384702995537,1000.0,-1000.0,-626.9184735161663,-11.329764062324898,-3.1981793318030896,-0.1421372984860909,-0.0113218297699404,-2.6248621892871142,-251.48148240898263,1000.0,-0.0055871837214453, Neutralism,Healthy
SRR12328894.bin.17.fbc2XSRR12328894.bin.7.fbc2 ,-0.1736850470002764,-0.1736850470002764,50.490893856240746,-0.0033368885110576,-1000.0,1000.0,-417.9368305264092,310.9757787239407,-6.513372791378515,-0.289475078333794,-0.0230578996113308,0.0,-999.9084241850388,-1000.0,-0.0113787898227428,-0.2309920605150637,-0.2309920605150637,949.5091061437593,-0.0044378878101269,1000.0,-1000.0,-164.36248848260198,689.0242212760593,-8.662446353144674,-0.3849867675251062,-0.0306658047677501,1000.0,-0.0915758149611747,1000.0,-0.0151331974324193, Neutralism,Healthy
SRR12328894.bin.20.fbc2XSRR12328894.bin.18.fbc2 ,-0.0974786100020992,-0.0974786100020992,496.6447902505315,-0.0018727878963318,-1000.0,999.8537727210572,-131.19387799990716,232.45997292484597,-3.655550878411304,-0.1624643500034608,-0.012940964363338,0.0,-500.16435586577865,-999.8537727210576,-0.0063862067263471,-0.0448344758441408,-0.0448344758441408,503.3552097494685,-0.0008613732151161,1000.0,-1000.0,-868.8061220000928,-1000.0,-1.681340219681374,-0.0747241264068634,-0.0059520889160467,1000.0,-0.3688925544569201,1000.0,-0.0029372826634244, Amensalism,Healthy
SRR12328894.bin.23.fbc2XSRR12328894.bin.21.fbc2 ,-0.077074499718833,-0.077074499718833,7.370254588531111,-0.0014807780926275,-1000.0,999.7849465976144,0.0,-34.49096078836942,-2.890375182251205,-0.1284574995313505,-0.0102321766197519,-24.599026252913404,-633.4633475765908,-999.7849465976144,-0.005049453295669,-0.1661114406390424,-0.1661114406390424,992.6297454114688,-0.0031913821447915,999.7508168821308,-1000.0,-1000.0,1000.0,-6.22935454998219,-0.2768524010650708,-0.0220524506208903,1000.0,-366.5366524234093,1000.0,-0.0108826131139494, Amensalism,Healthy
SRR12328894.bin.3.fbc2XSRR12328894.bin.14.fbc2 ,-0.1318241106222331,-0.1318241106222331,504.0566495690416,-0.0025326438160391,-1000.0,1000.0,0.0,-528.0989613349124,-4.9435434437436925,-0.2197068510370172,-0.0175005687684688,1000.0,-647.2327915780272,-1000.0,-0.0086363154125592,-0.086868178365421,-0.086868178365421,54.1657054979496,-0.001668937144359,999.869689387766,-1000.0,-1000.0,-80.87969810395668,-3.25764848024744,-0.1447802972757017,-0.0115323556676685,0.0,-13.95398346423758,1000.0,-0.005691075662412, Neutralism,Healthy
SRR12328894.bin.16.fbc2XSRR12328894.bin.7.fbc2 ,-0.1677003020765823,-0.1677003020765823,0.0,-0.0032219078208299,-933.7786464799344,1000.0,-1000.0,-1000.0,-6.288938532802717,-0.2795005034610085,-0.0222633830422864,-31.750601440166637,-268.9159738569854,-1000.0,-0.010986705669211,-0.239229680372091,-0.239229680372091,1000.0,-0.0045961514000509,1000.0,-1000.0,234.2280723187712,1000.0,-8.971365802281753,-0.3987161339535987,-0.0317594061742738,1000.0,-500.0948415841399,1000.0,-0.0156728762741522, Neutralism,Healthy
SRR12328894.bin.7.fbc2XSRR12328894.bin.19.fbc2 ,-0.2400706354721933,-0.2400706354721933,999.144022147686,-0.0046123080782081,1000.0,-1000.0,622.6730366445063,855.8698907460093,-9.002902507149884,-0.400117725786913,-0.0318710488205624,1000.0,-500.1800645073743,1000.0,-0.0157279705467772,-0.0813899037520968,-0.0813899037520968,0.8559778523140267,-0.0015636869117088,-986.7791991674432,1000.0,108.51792487926195,-15.199740440482174,-3.0522073934838545,-0.1356498395867902,-0.0108050765595635,0.0,-287.18160874463933,-1000.0,-0.0053321723687531, Neutralism,Healthy
SRR12328894.bin.5.fbc2XSRR12328894.bin.19.fbc2 ,-0.1813603036720223,-0.1813603036720223,810.2310450094087,-0.0034843478131278,-832.8102741678026,1000.0,-1000.0,369.0823731356345,-6.801203026832013,-0.3022671727867418,-0.0240768433885705,0.9827772239802924,-312.6583313276629,-1000.0,-0.0118816260427365,-0.0813899037520968,-0.0813899037520968,189.76895499059128,-0.0015636869117088,1000.0,-1000.0,484.3685907568288,-1000.0,-3.0522073934838545,-0.1356498395867902,-0.0108050765595635,999.0172227760196,-283.86133124391404,1000.0,-0.0053321723687531, Neutralism,Healthy
SRR12328894.bin.16.fbc2XSRR12328894.bin.17.fbc2 ,-0.1703707214527412,-0.1703707214527412,252.74864763943697,-0.0032732127079952,-1000.0,999.7444275517572,-1000.0,-1000.0,-6.389082081176753,-0.2839512024212354,-0.0226178998124169,-46.78582950280156,-252.33433255788736,-999.7444275517572,-0.0111616553343765,-0.1520942170615171,-0.1520942170615171,747.251352360563,-0.002922079098198,1000.0,-1000.0,0.0,0.0,-5.703693854158473,-0.2534903617691952,-0.0201915665685419,-62.15709319983114,-747.6656674421126,1000.0,-0.0099642897248486, Amensalism,Healthy
SRR12328894.bin.23.fbc2XSRR12328894.bin.19.fbc2 ,-0.0871374522184851,-0.0871374522184851,8.332525146308626,-0.0016741105133633,-1000.0,999.75686893015,550.1839870415233,-38.99414798189707,-3.267746534272078,-0.1452290870308843,-0.0115681036470505,-27.810708892752476,-716.1691919246016,-999.75686893015,-0.0057087168504494,-0.0813899037520968,-0.0813899037520968,181.8298706548594,-0.0015636869117088,999.8779073259371,-1000.0,449.8160129584767,-961.0058520181028,-3.0522073934838545,-0.1356498395867902,-0.0108050765595635,964.0145263679656,-283.8308080753984,1000.0,-0.0053321723687531, Neutralism,Healthy
SRR12328894.bin.22.fbc2XSRR12328894.bin.7.fbc2 ,-0.0865058832808927,-0.0865058832808927,815.8081815053979,-0.0016619766240637,-1000.0,1000.0,0.0,-832.6679122405877,-3.2440620317485127,-0.144176472134859,-0.0114842584720236,8.124223711493642,-400.74053938919496,-1000.0,-0.0056673402879141,-0.2070517001001235,-0.2070517001001235,184.1918184946021,-0.0039779385225529,1000.0,-1000.0,1000.0,933.5867125728996,-7.76465754037406,-0.3450861668335392,-0.0274875551909872,991.8757762885064,-500.0820847614133,1000.0,-0.0135647703619952, Amensalism,Healthy
SRR12328894.bin.21.fbc2XSRR12328894.bin.16.fbc2 ,-0.1661114406390424,-0.1661114406390424,992.3389275921986,-0.0031913821447915,-0.2491831178692791,0.0,0.0,0.0,-6.22935454998219,-0.2768524010650708,-0.0220524506208903,951.0023269643772,-731.0669771259111,0.0,-0.0108826131139494,-0.1678514508009811,-0.1678514508009811,7.661072407801384,-0.0032248117348672,-933.7189609994348,1000.0,-1000.0,-1000.0,-6.294606769681309,-0.2797524180016353,-0.0222834490880359,-33.5818236133772,-268.9330228740889,-1000.0,-0.0109966080159438, Neutralism,Healthy
SRR12328894.bin.23.fbc2XSRR12328894.bin.22.fbc2 ,-0.0893539329541681,-0.0893539329541681,8.544476276341811,-0.0017166941970572,-1000.0,999.750684501769,-81.42406977066253,-39.98602662424503,-3.350866903960764,-0.1489232215901665,-0.0118623569013607,-28.518118840318834,-734.3861029879524,-999.750684501769,-0.0058539272117741,-0.0862161793965015,-0.0862161793965015,991.4555237236582,-0.0016564107472731,1000.0,-1000.0,-918.5759302293376,-8.25879206231832,-3.233197829960659,-0.1436936323275404,-0.0114457982638214,8.097016091876867,-265.6138970120476,1000.0,-0.0056483606482515, Neutralism,Healthy
SRR12328894.bin.13.fbc2XSRR12328894.bin.8.fbc2 ,-0.0887222030166867,-0.0887222030166867,26.427442743498887,-0.0017045572145661,-1000.0,1000.0,-79.59006672481758,-32.375590314736655,-3.327176363772196,-0.1478703383611446,-0.0117784903524125,840.8388393286054,-337.8701300413501,-1000.0,-0.0058125401016013,-0.1110513700925821,-0.1110513700925821,585.6515979700905,-0.0021335517789111,999.833412277102,-1000.0,1000.0,1000.0,-4.164543723820657,-0.1850856168209702,-0.0147428427923159,159.16116067139455,-662.1298699586499,1000.0,-0.00727541156607, Neutralism,Healthy
SRR12328894.bin.5.fbc2XSRR12328894.bin.6.fbc2 ,-0.1813603036720223,-0.1813603036720223,102.17898889257548,-0.0034843478131278,1000.0,-89.87452512546326,-236.7233106241198,-1000.0,-6.801203026832013,-0.3022671727867418,-0.0240768433885705,-3.682232803337115,-477.6858909058167,89.87452512546315,-0.0118816260427365,-0.0904257673803385,-0.0904257673803385,897.8210111074245,-0.0017372865971765,-910.8838128399344,1000.0,-763.2766893758802,0.0,-3.391061827526869,-0.1507096123006022,-0.0120046503861885,3.140880010470937,-522.3141090941833,-1000.0,-0.0059241472962412, Neutralism,Healthy
SRR12328894.bin.3.fbc2XSRR12328894.bin.5.fbc2 ,-0.1318241106222331,-0.1318241106222331,504.0566495690414,-0.0025326438160391,-1000.0,1000.0,-292.554399479631,-548.8718831987214,-4.9435434437436925,-0.2197068510370172,-0.0175005687684688,1000.0,-500.2635215890537,-1000.0,-0.0086363154125592,-0.1813603036720223,-0.1813603036720223,495.9433504309586,-0.0034843478131278,1000.0,-0.8738476942932039,-707.445600520369,-451.12811680127857,-6.801203026832013,-0.3022671727867418,-0.0240768433885705,-46.33520565343792,-499.5663144023155,0.8738476942932039,-0.0118816260427365, Neutralism,Healthy
SRR12328894.bin.2.fbc2XSRR12328894.bin.19.fbc2 ,-0.0879900697162838,-0.0879900697162838,3.4938608330968464,-0.0016904912529298,-1000.0,1000.0,863.3138975017587,-346.7104963151303,-3.2997205913794687,-0.1466501161937685,-0.0116812945578885,9.575614427007396,-417.7107410066958,-1000.0,-0.0057645751725203,-0.0813899037520968,-0.0813899037520968,41.1578054357401,-0.0015636869117088,1000.0,-1000.0,136.68610249824133,-515.1590454886059,-3.0522073934838545,-0.1356498395867902,-0.0108050765595635,505.69216906063593,-284.8069601813181,1000.0,-0.0053321723687531, Neutralism,Healthy
SRR12328894.bin.7.fbc2XSRR12328894.bin.2.fbc2 ,-0.2400004448354593,-0.2400004448354593,998.0970562588304,-0.0046109595549523,-1000.0,1000.0,166.82647743473763,863.1896946514266,-9.000270284104772,-0.4000007413924322,-0.0318617305247244,992.01530266492,-500.0951471504165,-1000.0,-0.0157233720824478,-0.0879900697162838,-0.0879900697162838,1.902943741169679,-0.0016904912529298,1000.0,-1000.0,833.1735225652624,-348.3014134070577,-3.2997205913794687,-0.1466501161937685,-0.0116812945578885,7.984697335079886,-499.9048528495835,1000.0,-0.0057645751725203, Neutralism,Healthy
SRR12328894.bin.9.fbc2XSRR12328894.bin.14.fbc2 ,-0.1352407583651711,-0.1352407583651711,780.7359274618293,-0.0025982854633639,-1000.0,1000.0,1000.0,-506.8565570477007,-5.0716713443961225,-0.2254012639419897,-0.0179541525515105,1000.0,-500.2761457790404,-1000.0,-0.0088601534298504,-0.086868178365421,-0.086868178365421,55.26598568913096,-0.001668937144359,999.869689387766,-1000.0,-1000.0,532.4553039828038,-3.25764848024744,-0.1447802972757017,-0.0115323556677822,-9.906643995379454,-25.557125148080445,1000.0,-0.005691075662412, Amensalism,Healthy
SRR12328894.bin.2.fbc2XSRR12328894.bin.18.fbc2 ,-0.0879898577530866,-0.0879898577530866,3.308198888183483,-0.0016904871806673,-1000.0,1000.0,1000.0,-214.61489053799687,-3.299712642536633,-0.1466497629218111,-0.0116812664183498,5.1597049727962485,-501.5082484363628,-1000.0,-0.0057645612860142,-0.0446031431761184,-0.0446031431761184,641.9472028737187,-0.0008569287833779,0.0,0.0,-933.243400575086,-785.3851094620031,-1.672665000188999,-0.0743385719603111,-0.0059213778932871,994.840295027204,-0.3669891777092289,0.0,-0.0029221271513506, Neutralism,Healthy
SRR12328894.bin.3.fbc2XSRR12328894.bin.1.fbc2 ,-0.1318241106222331,-0.1318241106222331,504.0566495690416,-0.0025326438160391,-1000.0,1000.0,156.4184374342392,-524.3608677050453,-4.9435434437436925,-0.2197068510370172,-0.0175005687684688,1000.0,-728.577379018074,-1000.0,-0.0086363154125592,0.0,0.0,475.6391322949548,0.0,1000.0,-1000.0,0.0,-475.6391322949547,0.0,0.0,0.0,0.0,0.0,1000.0,0.0, Amensalism,Healthy
SRR12328894.bin.22.fbc2XSRR12328894.bin.2.fbc2 ,-0.0865058832808927,-0.0865058832808927,998.0970562588308,-0.0016619766240637,-1000.0,1000.0,74.23377392184284,-786.790337371762,-3.2440620317485127,-0.144176472134859,-0.0114842584720236,8.124223711493755,-491.88497676591135,-1000.0,-0.0056673402879141,-0.0879900697162838,-0.0879900697162838,1.902943741169338,-0.0016904912529298,0.0,0.0,925.7662260781572,-213.209662628238,-3.2997205913794687,-0.1466501161937685,-0.0116812945578885,9.586234938304074,-418.3749506922443,0.0,-0.0057645751725203, Neutralism,Healthy
SRR12328894.bin.20.fbc2XSRR12328894.bin.17.fbc2 ,-0.1076620307474058,-0.1076620307474058,958.6403303593428,-0.0020684347886117,-1000.0,999.8384966117052,569.5879130561029,-502.8270497657486,-4.037439916939547,-0.1794367179122673,-0.0142928843893059,9.841672479008707,-400.5262203822237,-999.838496611705,-0.0070533626292217,-0.1422742917942514,-0.1422742917942514,41.3596696406571,-0.0027334157884979,1000.0,-1000.0,-1000.0,1000.0,-5.335436280151498,-0.237123819656972,-0.0188879030988573,257.46892280810835,-599.4737796177764,1000.0,-0.0093209478390008, Amensalism,Healthy
SRR12328894.bin.23.fbc2XSRR12328894.bin.3.fbc2 ,-0.0773816986359179,-0.0773816986359179,27.49349452331785,-0.0014866800891013,-1000.0,999.7840894506652,549.7482558765173,-48.02434213480933,-2.9018954662507213,-0.1289694977265298,-0.010272959415488,-31.39502624805607,-635.9881677840709,-999.7840894506652,-0.0050695791037469,-0.1300072802134764,-0.1300072802134764,507.8394140194862,-0.0024977383326358,1000.0,-1000.0,-527.9168072479861,-521.2192654165435,-4.875410383611666,-0.2166788003556803,-0.017259371878481,1000.0,-364.0118322159291,1000.0,-0.0085172877143122, Amensalism,Healthy
SRR12328894.bin.10.fbc2XSRR12328894.bin.6.fbc2 ,-0.085282379091609,-0.085282379091609,254.00193025635485,-0.0016384702995537,1000.0,-1000.0,381.09082116147306,-14.3616960051844,-3.1981793318030896,-0.1421372984860909,-0.0113218297699404,-2.6248621892871142,-250.0875029893592,1000.0,-0.0055871837214453,-0.0904257673803385,-0.0904257673803385,607.809178542826,-0.0017372865971765,-0.4902611741043756,1000.0,-370.6896725051779,-580.7431182807203,-3.391061827526869,-0.1507096123006022,-0.0120046503861885,3.1408800104708234,-749.9124970106408,-1000.0,-0.0059241472962412, Neutralism,Healthy
SRR12328894.bin.10.fbc2XSRR12328894.bin.5.fbc2 ,-0.085282379091609,-0.085282379091609,245.99263557871564,-0.0016384702995537,-1000.0,1000.0,373.0815264838336,-11.329764062325012,-3.1981793318030896,-0.1421372984860909,-0.0113218297699404,-2.6248621892871142,-251.48148240898263,-1000.0,-0.0055871837214453,-0.1813603036720223,-0.1813603036720223,754.0073644212844,-0.0034843478131278,999.2560131254992,0.0,-1000.0,-611.5452682450107,-6.801203026832013,-0.3022671727867418,-0.0240768433885705,458.8499274748365,-83.98959468462772,0.0,-0.0118816260427365, Neutralism,Healthy
SRR12328894.bin.7.fbc2XSRR12328894.bin.13.fbc2 ,-0.2393245135609731,-0.2393245135609731,980.8264989067412,-0.0045979733632748,-1000.0,1000.0,0.0,854.1551158233938,-8.974922147070515,-0.3988741892682128,-0.0317719959405167,997.7891395683108,-500.17950488010416,-1000.0,-0.0156790891688842,-0.0884637862247927,-0.0884637862247927,19.17350109325878,-0.0016995924346474,1000.0,-1000.0,592.6855251463262,145.84488417660623,-3.31748546101494,-0.1474396437080258,-0.0117441837236356,2.210860431688957,-340.59975175533816,1000.0,-0.0057956102021989, Neutralism,Healthy
SRR12328894.bin.21.fbc2XSRR12328894.bin.8.fbc2 ,-0.1468590254198716,-0.1468590254198716,761.4256554915623,-0.0028214990473998,-1000.0,999.779697354375,-1000.0,0.0,-5.507368635693183,-0.2447650423664527,-0.0194965584179271,987.1903661095772,-370.1943593386511,-999.7796973543748,-0.0096213117518573,-0.1093714954135975,-0.1093714954135975,238.5743445084377,-0.0021012775295048,1000.0,-511.336267668352,1000.0,1000.0,-4.101546648274052,-0.1822858256892914,-0.0145198277292593,12.8096338904229,-629.8056406613489,511.3362676683519,-0.0071653563758218, Amensalism,Healthy
SRR12328894.bin.22.fbc2XSRR12328894.bin.6.fbc2 ,-0.0865058832808927,-0.0865058832808927,822.4558406224546,-0.0016619766240637,1000.0,-1000.0,-1000.0,73.7801584915735,-3.2440620317485127,-0.144176472134859,-0.0114842584720236,4.536182377869181,-402.41807722808,1000.0,-0.0056673402879141,-0.0904257673803385,-0.0904257673803385,177.54415937754538,-0.0017372865971765,-609.8125581289873,1000.0,304.7785939067778,419.20559701893217,-3.391061827526869,-0.1507096123006022,-0.0120046503861885,3.140880010471051,-597.5819227719201,-1000.0,-0.0059241472962412, Neutralism,Healthy
SRR12328894.bin.10.fbc2XSRR12328894.bin.12.fbc2 ,-0.085282379091609,-0.085282379091609,246.0251033572199,-0.0016384702995537,-1000.0,1000.0,-126.88600573766212,-11.329764062324784,-3.1981793318030896,-0.1421372984860909,-0.0113218297699404,-2.6248621892871142,-251.51395018748667,-1000.0,-0.0055871837214453,-0.0688427504037463,-0.0688427504037463,753.9748966427801,-0.0013226272892552,0.0,0.0,1000.0,-758.6685930139727,-2.5816758846419816,-0.114737917339653,-0.0091393545684468,742.5173301166246,-0.1405688282980008,0.0,-0.0045101590562808, Neutralism,Healthy
SRR12328894.bin.14.fbc2XSRR12328894.bin.8.fbc2 ,-0.086868178365421,-0.086868178365421,9.451508146732976,-0.001668937144359,-1000.0,999.869689387766,-1000.0,-23.9384768571324,-3.25764848024744,-0.1447802972757017,-0.0115323556676685,-6.6121453829837264,-102.16370357446613,-999.869689387766,-0.005691075662412,-0.1131883734618668,-0.1131883734618668,990.548491853267,-0.0021746085199083,1000.0,-1000.0,1000.0,1000.0,-4.2446836082897335,-0.1886472891031871,-0.0150265448726258,349.3679187660596,-862.2334899142143,1000.0,-0.0074154150529466, Neutralism,Healthy
SRR12328894.bin.12.fbc2XSRR12328894.bin.6.fbc2 ,-0.0688427504037463,-0.0688427504037463,18.147772219453486,-0.0013226272892552,1000.0,-1000.0,1000.0,-21.07565534935418,-2.5816758846419816,-0.114737917339653,-0.0091393545684468,3.158579210721541,-0.1405688282980008,1000.0,-0.0045101590562808,-0.0904257673803385,-0.0904257673803385,981.8522277805464,-0.0017372865971765,-875.308461632163,1000.0,0.0,-79.9679670603822,-3.391061827526869,-0.1507096123006022,-0.0120046503861885,3.140880010470937,-531.2079468961261,-1000.0,-0.0059241472962412, Neutralism,Healthy
SRR12328894.bin.16.fbc2XSRR12328894.bin.19.fbc2 ,-0.1691098049685706,-0.1691098049685706,990.868623956682,-0.003248987607435,-1000.0,999.7463190476092,-198.69326826758515,-985.197967428157,-6.341796380641881,-0.2818496749476935,-0.0224505043676117,0.0,-296.43473394763464,-999.7463190476092,-0.0110790477414184,-0.081358018987089,-0.081358018987089,9.131376043318255,-0.0015630743321253,1000.0,-1000.0,88.25615257839672,-14.802032571843029,-3.051011681104569,-0.1355966983118151,-0.0108008436350246,13.076700703548113,-284.6559377601784,1000.0,-0.005330083472586, Neutralism,Healthy
SRR12328894.bin.3.fbc2XSRR12328894.bin.16.fbc2 ,-0.1298972349408131,-0.1298972349408131,503.9973534405435,-0.0024956241103382,1000.0,-1000.0,-749.5656785144354,-479.9178750000283,-4.8712835696069305,-0.2164953915680598,-0.0172447626021039,1000.0,-284.171683408876,1000.0,-0.0085100782160907,-0.1294887441517858,-0.1294887441517858,496.0026465594565,-0.002487776064413,-949.873534715698,1000.0,-31.17200845069817,-520.0821249999717,-4.855964733377164,-0.2158145735863854,-0.0171905326050136,-38.97889000630619,-264.35436630737763,-1000.0,-0.0084833163796247, Amensalism,Healthy
SRR12328894.bin.22.fbc2XSRR12328894.bin.8.fbc2 ,-0.083409163520514,-0.083409163520514,779.4444898224551,-0.0016024815278115,-1000.0,1000.0,-68.97106385378345,-788.6501773185659,-3.127931768505277,-0.1390152725342659,-0.0110731473569103,7.833394427395774,-400.7140297129412,-1000.0,-0.0054644620097406,-0.109268936774356,-0.109268936774356,220.55551017754487,-0.0020993071426573,1000.0,-603.0387585731742,1000.0,1000.0,-4.097700590929094,-0.1821148946238509,-0.0145062123556272,985.941947733182,-599.2859702870588,603.0387585731742,-0.0071586373563832, Neutralism,Healthy
SRR12328894.bin.16.fbc2XSRR12328894.bin.2.fbc2 ,-0.1696259662610373,-0.1696259662610373,995.3834174500796,-0.0032589042509698,-962.3487059834432,1000.0,-135.58869336813007,-991.2572396789888,-6.361152974523179,-0.2827099437683955,-0.0225190283739493,-12.6753125497479,-261.80056561797323,-1000.0,-0.0111128634956685,-0.0877092116012363,-0.0877092116012363,4.616582549920395,-0.0016850953237508,1000.0,-1000.0,753.0458569276916,-8.742760321011133,-3.28918811529104,-0.1461820193354697,-0.0116440086870852,12.149149712326675,-335.5116455265017,1000.0,-0.0057461750540142, Neutralism,Healthy
SRR12328894.bin.26.fbc2XSRR12328894.bin.22.fbc2 ,-0.0986634788774836,-0.0986634788774836,181.843603412623,-0.0018955519476548,-0.2752910093636274,1000.0,62.84427892315057,-31.17333746684517,-3.699984713262893,-0.1644391314624727,-0.0130982639585681,995.463817622131,-532.9172541934214,-1000.0,-0.0064638321416623,-0.0865058832808927,-0.0865058832808927,818.156396587377,-0.0016619766240637,1000.0,-1000.0,-100.18878891065344,-824.4426486602348,-3.2440620317485127,-0.144176472134859,-0.0114842584720236,4.536182377868954,-401.0993435225576,1000.0,-0.0056673402879141, Amensalism,Healthy
SRR12328894.bin.5.fbc2XSRR12328894.bin.8.fbc2 ,-0.1740458322659606,-0.1740458322659606,135.69316973519267,-0.0033438200242699,-0.6197539030945336,1000.0,-1000.0,-602.2574122979224,-6.526902620076839,-0.290076387110048,-0.0231057963680996,-39.32001310421481,-150.3500812587272,-1000.0,-0.0114024262829843,-0.1039689417137879,-0.1039689417137879,864.3068302648073,-0.0019974820694415,999.8440366000192,-1000.0,1000.0,1000.0,-3.898945175779886,-0.1732815695229419,-0.0138026010997691,337.87126634836864,-849.6499187412728,1000.0,-0.0068114138567807, Neutralism,Healthy
SRR12328894.bin.22.fbc2XSRR12328894.bin.17.fbc2 ,-0.0865058832808927,-0.0865058832808927,982.2752050406848,-0.0016619766240637,-1000.0,1000.0,565.2337986547925,-991.822670744052,-3.2440620317485127,-0.144176472134859,-0.0114842584720236,8.124223711493414,-275.8902717377299,-1000.0,-0.0056673402879141,-0.1507350821470936,-0.1507350821470936,17.724794959315318,-0.0028959669961068,1000.0,-1000.0,-1000.0,88.49251887281434,-5.6527248587023,-0.2512251369118985,-0.0200111319430789,378.4533228449809,-724.1097282622701,1000.0,-0.0098752474567618, Amensalism,Healthy
SRR12328894.bin.1.fbc2XSRR12328894.bin.18.fbc2 ,0.0,0.0,0.0,0.0,-1000.0,1000.0,-538.2339163157213,0.0,0.0,0.0,0.0,0.0,0.0,-1000.0,0.0,-0.0448344758441408,-0.0448344758441408,503.3552097494687,-0.0008613732151161,1000.0,-1000.0,-461.7660836842786,-1000.0,-1.681340219681374,-0.0747241264068634,-0.0059520889160467,1000.0,-0.3688925544569201,1000.0,-0.0029372826634244, Amensalism,Healthy
SRR12328894.bin.23.fbc2XSRR12328894.bin.2.fbc2 ,-0.0809873665167515,-0.0809873665167515,7.744422757990947,-0.0015559532472479,-1000.0,999.774028909909,243.8197770515337,-36.24197488239816,-3.0371118218075708,-0.1349789441945859,-0.0107516369381528,-25.847853211736947,-665.6225923266377,-999.774028909909,-0.0053058005729553,-0.0879900697162838,-0.0879900697162838,3.4938608330968464,-0.0016904912529298,1000.0,-1000.0,756.1802229484663,-12.89147920985272,-3.2997205913794687,-0.1466501161937685,-0.0116812945578885,9.575614427007396,-334.3774076733623,1000.0,-0.0057645751725203, Neutralism,Healthy
SRR12328894.bin.9.fbc2XSRR12328894.bin.21.fbc2 ,-0.150557654705949,-0.150557654705949,369.1593540601655,-0.0028925582075771,-1000.0,1000.0,409.3344281793859,-70.40175727307826,-5.646071142174037,-0.2509294245098772,-0.0199875772145787,732.6534159288676,-500.3074210863045,-1000.0,-0.009863623487945,-0.108793895064764,-0.108793895064764,630.8406459398345,-0.0020901805007724,999.8367987065004,-1000.0,590.6655718206141,1000.0,-4.079886024857274,-0.1813231584412733,-0.0144431472602946,267.3465840711324,-335.13697302721744,1000.0,-0.0071275155075909, Amensalism,Healthy
SRR12328894.bin.13.fbc2XSRR12328894.bin.18.fbc2 ,-0.0887222437232821,-0.0887222437232821,26.0466302862842,-0.0017045579966179,0.0,0.0,1000.0,57.13226857739005,-3.327177890314601,-0.147870406205584,-0.0117784957565163,5.869343754546321,-504.6862972183038,0.0,-0.0058125427684672,-0.0445713268933332,-0.0445713268933332,502.8925148953604,-0.0008563175196059,-1000.0,1000.0,-1000.0,-1000.0,-1.6714718559637731,-0.0742855448222599,-0.005917154060171,994.1306562454538,-0.3667273972462226,-1000.0,-0.0029200427417208, Neutralism,Healthy
SRR12328894.bin.7.fbc2XSRR12328894.bin.12.fbc2 ,-0.239598184413694,-0.239598184413694,987.5125952247122,-0.0046032312087618,-1000.0,1000.0,0.0,857.0037934404313,-8.985185093230257,-0.3993303073561947,-0.0318083276522429,998.9750507909848,-500.0949876759919,-1000.0,-0.015697018421747,-0.0687716892099388,-0.0687716892099388,12.4874047752877,-0.0013212620405056,1000.0,-1000.0,1000.0,-15.345719486838677,-2.579011014783191,-0.114619482016451,-0.0091299207000474,1.0249492090150625,-0.1404237296681003,1000.0,-0.0045055035582208, Neutralism,Healthy
SRR12328894.bin.14.fbc2XSRR12328894.bin.7.fbc2 ,-0.0488794547910629,-0.0488794547910629,8.605732774986336,-0.0009390865474188,-1000.0,999.9266761223809,0.0,-451.7714627293093,-1.8330312044250832,-0.0814657579851427,-0.0064890880423718,-2.199664678819886,-250.02866138596391,-999.9266761223806,-0.0032022851265764,-0.196508325304535,-0.196508325304535,991.3942672250136,-0.0037753760865371,1000.0,-1000.0,110.06657969921751,640.8649180013567,-7.369269844605583,-0.3275138755076341,-0.0260878487580384,1000.0,-500.0741295094593,1000.0,-0.0128740324551017, Competition,Healthy
SRR12328894.bin.14.fbc2XSRR12328894.bin.18.fbc2 ,-0.086868178365421,-0.086868178365421,39.03123828649518,-0.001668937144359,-1000.0,999.869689387766,-293.2562773851371,455.90793196975005,-3.25764848024744,-0.1447802972757017,-0.0115323556677822,0.0,-322.29933813951016,-999.869689387766,-0.005691075662412,-0.0448344758441408,-0.0448344758441408,503.3552097494685,-0.0008613732151161,1000.0,-1000.0,-706.7437226148629,-1000.0,-1.681340219681374,-0.0747241264068634,-0.0059520889160467,1000.0,-0.3688925544569201,1000.0,-0.0029372826634244, Neutralism,Healthy
SRR12328894.bin.21.fbc2XSRR12328894.bin.17.fbc2 ,-0.1653411628213916,-0.1653411628213916,983.1002232908804,-0.0031765833394956,-1000.0,999.751972372851,49.69565477064543,951.5141763184416,-6.200468317886703,-0.2755686047023573,-0.0219501908760548,939.402262432267,-365.6146790609969,-999.7519723728512,-0.0108321491877632,-0.1437189674895762,-0.1437189674895762,16.899776709119465,-0.00276117132546,1000.0,-1000.0,-777.560195487605,48.485823681558486,-5.389613145282283,-0.2395316124826649,-0.0190796938588846,60.59773756773302,-634.3853209390031,1000.0,-0.0094155942198312, Amensalism,Healthy
SRR12328894.bin.26.fbc2XSRR12328894.bin.17.fbc2 ,-0.084744078493486,-0.084744078493486,951.2807661107012,-0.0016281283092212,-1000.0,999.8728757416184,-575.1581945198876,-337.9867406066811,-3.177992490562815,-0.1412401308224389,-0.0112503666165366,1000.0,0.0,-999.8728757416184,-0.0055519175343761,-0.1675906640110724,-0.1675906640110724,48.71923388929872,-0.003219801421892,1000.0,-1000.0,-424.8418054801124,1000.0,-6.2848269894938085,-0.2793177733517495,-0.0222488278254786,-63.23667454046415,-1000.0,1000.0,-0.0109795228487428, Amensalism,Healthy
SRR12328894.bin.8.fbc2XSRR12328894.bin.6.fbc2 ,-0.1089715428835234,-0.1089715428835234,221.2507900226376,-0.0020935935232273,0.0,-0.1634677822928552,1000.0,792.2413820923512,-4.086548005775285,-0.1816192381392056,-0.0144667312454203,988.8283541447884,-499.998849530209,0.1634677822928552,-0.0071391539141814,-0.0904257673803385,-0.0904257673803385,778.7492099773624,-0.0017372865971765,-1000.0,999.8643526624963,-599.2022925170445,207.75861790764884,-3.391061827526869,-0.1507096123006022,-0.0120046503861885,2.7642015304821825,-500.00115046979096,-999.8643526624963,-0.0059241472962412, Neutralism,Healthy
SRR12328894.bin.3.fbc2XSRR12328894.bin.13.fbc2 ,-0.1315662036154208,-0.1315662036154208,525.639621345593,-0.0025276888302414,-1000.0,1000.0,-316.9607568747041,-549.7262998829933,-4.933871658464682,-0.2192770060257771,-0.0174663298171253,994.130656245454,-495.3137027816957,-1000.0,-0.0086194189111665,-0.0887222437232821,-0.0887222437232821,26.046630286285108,-0.0017045579966179,0.0,0.0,1000.0,57.13226857739232,-3.327177890314601,-0.147870406205584,-0.0117784957565163,5.86934375454598,-504.6862972183043,0.0,-0.0058125427684672, Neutralism,Healthy
SRR12328894.bin.13.fbc2XSRR12328894.bin.19.fbc2 ,-0.0887222437232821,-0.0887222437232821,30.79579385599436,-0.0017045579966179,-1000.0,1000.0,-1000.0,736.3651884519443,-3.327177890314601,-0.147870406205584,-0.0117784957565163,991.7680444619994,-339.6933741598227,-1000.0,-0.0058125427684672,-0.0813899037520968,-0.0813899037520968,12.57962665129844,-0.0015636869117088,1000.0,-1000.0,111.64793351503477,-15.591647291152412,-3.0522073934838545,-0.1356498395867902,-0.0108050765595635,7.957727788410011,-284.6141146954119,1000.0,-0.0053321723687531, Neutralism,Healthy
SRR12328894.bin.26.fbc2XSRR12328894.bin.14.fbc2 ,-0.1189382307974256,-0.1189382307974256,990.548491853267,-0.0022850764802342,-505.7433046462646,1000.0,656.1176402737701,-155.05702033475382,-4.460309334109752,-0.1982303846623381,-0.0157898784785857,1000.0,-996.4903587003212,-1000.0,-0.007792110797709,-0.086868178365421,-0.086868178365421,9.45150814673309,-0.001668937144359,999.869689387766,-1000.0,-1000.0,791.3813301017854,-3.25764848024744,-0.1447802972757017,-0.0115323556677822,0.0,-3.509641299678833,1000.0,-0.005691075662412, Neutralism,Healthy
SRR12328894.bin.3.fbc2XSRR12328894.bin.19.fbc2 ,-0.1318241106222331,-0.1318241106222331,554.8831639488485,-0.0025326438160391,-1000.0,1000.0,-420.2144131189324,-596.553208529205,-4.9435434437436925,-0.2197068510370172,-0.0175005687684688,1000.0,-500.2635215890537,-1000.0,-0.0086363154125592,-0.0813899037520968,-0.0813899037520968,10.764905442836152,-0.0015636869117088,1000.0,-996.477044661754,86.62128086255007,-15.19974044048206,-3.0522073934838545,-0.1356498395867902,-0.0108050765595635,0.0,-285.2241837932412,996.477044661754,-0.0053321723687531, Neutralism,Healthy
SRR12328894.bin.9.fbc2XSRR12328894.bin.20.fbc2 ,-0.1573637763690385,-0.1573637763690385,502.96069892701234,-0.0030233194306674,1000.0,-1000.0,0.0,-262.604456793081,-5.901307896407843,-0.2622729606150642,-0.0208911372662896,1000.0,-500.3213183890971,1000.0,-0.0103095192587261,-0.0974850044326558,-0.0974850044326558,497.03930107298766,-0.0018729107480339,-1000.0,999.8537631287973,-1000.0,254.78162839501303,-3.6557906763137,-0.1624750073876839,-0.0129418132685259,0.0,-499.6786816109029,-999.8537631287974,-0.0063866256506344, Amensalism,Healthy
SRR12328894.bin.2.fbc2XSRR12328894.bin.6.fbc2 ,-0.0879900697162838,-0.0879900697162838,3.4938608330968464,-0.0016904912529298,1000.0,-1000.0,1000.0,-212.8914792098524,-3.2997205913794687,-0.1466501161937685,-0.0116812945578885,9.575614427007396,-499.998849530209,1000.0,-0.0057645751725203,-0.0904257673803385,-0.0904257673803385,996.5061391669032,-0.0017372865971765,-1000.0,999.8643526624963,-795.8487430102148,4.891477888997429,-3.391061827526869,-0.1507096123006022,-0.0120046503861885,3.140880010470937,-500.001150469791,-999.8643526624963,-0.0059241472962412, Neutralism,Healthy
SRR12328894.bin.20.fbc2XSRR12328894.bin.19.fbc2 ,-0.1085578138469145,-0.1085578138469145,999.5359289983562,-0.0020856448385302,-1000.0,1000.0,-1000.0,150.62112726850387,-4.0710327297250615,-0.1809296897448575,-0.0144118058344702,212.77349228239336,-342.44375174233573,-1000.0,-0.0071120488994438,-0.0813899037520968,-0.0813899037520968,0.4640710016437879,-0.0015636869117088,1000.0,-433.8356587438851,374.2099658962811,-1000.0,-3.0522073934838545,-0.1356498395867902,-0.0108050765595635,442.0882040626252,-426.1552000094406,433.8356587438852,-0.0053321723687531, Neutralism,Healthy
SRR12328894.bin.26.fbc2XSRR12328894.bin.18.fbc2 ,-0.1173562263012399,-0.1173562263012399,962.256288193094,-0.0022546825417748,-445.608822092718,1000.0,643.2300549281244,-156.32197712066522,-4.400982493835954,-0.1955937105020666,-0.0155798563639564,925.0157521451064,-999.9723388692648,-1000.0,-0.0076884674675739,-0.0033618794491303,-0.0033618794491303,37.74371180690605,-6.45894226636301e-05,1000.0,-1000.0,-70.34149582346049,-191.05158091017395,-0.1260740317610498,-0.0056031324152172,-0.0004463129105261,74.98424785489374,-0.0276611307351686,1000.0,-0.0002202499312033, Amensalism,Healthy
SRR12328894.bin.17.fbc2XSRR12328894.bin.13.fbc2 ,-0.1489393382868229,-0.1489393382868229,406.17064031721657,-0.0028614666337034,-1000.0,1000.0,-1000.0,-292.1750906380236,-5.5853825664191845,-0.2482322304779245,-0.0197727344392433,959.313263769344,-662.1298699586497,-1000.0,-0.0097576012210538,-0.0887222030166867,-0.0887222030166867,26.427442743498432,-0.0017045572145661,1000.0,-1000.0,755.157928735566,-32.37559031473711,-3.327176363772196,-0.1478703383611446,-0.0117784903524125,6.090843868222578,-337.8701300413503,1000.0,-0.0058125401016013, Amensalism,Healthy
SRR12328894.bin.1.fbc2XSRR12328894.bin.12.fbc2 ,-0.0416359305485229,-0.0416359305485229,513.4625296541899,-0.0007999218164513,-1000.0,1000.0,-901.6441513258984,-983.8895687463904,-1.5613913912683302,-0.0693932175807958,-0.0055274597519883,1000.0,-25.66772619877861,-1000.0,-0.0027277333942947,-0.0687930568755064,-0.0687930568755064,15.0028055272968,-0.0013216725624261,1000.0,-1000.0,1000.0,-16.11043125360959,-2.579812324823365,-0.1146550947925106,-0.0091327574065189,0.0,-0.1404673599372472,1000.0,-0.0045069034379139, Neutralism,Healthy
SRR12328894.bin.20.fbc2XSRR12328894.bin.23.fbc2 ,-0.1083915530523427,-0.1083915530523427,992.2402791832056,-0.0020824505869541,-1000.0,999.8374022581686,-1000.0,154.88594947556248,-4.064797774245335,-0.1806525884205712,-0.0143897335560723,126.08247595877856,-333.0625603469107,-999.8374022581686,-0.0071011565015624,-0.0811473460961451,-0.0811473460961451,7.759720816794356,-0.0015590268221785,999.77358253461,-1000.0,0.0,-36.31356599773653,-3.0431112250805654,-0.1352455768269465,-0.0107728753414448,-25.89891214675777,-666.9374396530893,1000.0,-0.0053162814637062, Neutralism,Healthy
SRR12328894.bin.10.fbc2XSRR12328894.bin.19.fbc2 ,-0.085282379091609,-0.085282379091609,775.7730890731989,-0.0016384702995537,-1000.0,1000.0,916.4531402672036,-529.9656300563219,-3.1981793318030896,-0.1421372984860909,-0.0113218297699404,-16.216022478174068,-252.44141225862143,-1000.0,-0.0055871837214453,-0.0813899037520968,-0.0813899037520968,9.056790153263478,-0.0015636869117088,999.8779073259371,-1000.0,83.54685973279629,-16.33579025554343,-3.0522073934838545,-0.1356498395867902,-0.0108050765595635,13.140783845913234,-284.7764370128025,1000.0,-0.0053321723687531, Neutralism,Healthy
SRR12328894.bin.26.fbc2XSRR12328894.bin.13.fbc2 ,-0.1110594516957235,-0.1110594516957235,973.9542686968048,-0.0021337070451181,-708.0066116503309,1000.0,137.1137434540392,-204.91380767809076,-4.164846792477988,-0.1850990861595391,-0.0147439156813788,994.1293742704132,-661.9622594864666,-1000.0,-0.0072759410236358,-0.0887222030166867,-0.0887222030166867,26.045731303195225,-0.0017045572145661,1000.0,-1000.0,755.8454987017487,-31.993878874438792,-3.327176363772196,-0.1478703383611446,-0.0117784903524125,5.870625729586891,-338.03774051353344,1000.0,-0.0058125401016013, Neutralism,Healthy
SRR12328894.bin.21.fbc2XSRR12328894.bin.2.fbc2 ,-0.1661114406390424,-0.1661114406390424,998.0970562588304,-0.0031913821447915,-1000.0,999.7508168821308,-924.6920476352648,-786.7903373717623,-6.229354549982304,-0.2768524010650708,-0.0220524506208903,992.01530266492,-498.4920490490965,-999.7508168821308,-0.0108826131139494,-0.0879900697162838,-0.0879900697162838,1.902943741169565,-0.0016904912529298,1000.0,-1000.0,1000.0,-213.20966262823765,-3.2997205913794687,-0.1466501161937685,-0.0116812945578885,7.98469733508,-501.5079509509035,1000.0,-0.0057645751725203, Neutralism,Healthy
SRR12328894.bin.9.fbc2XSRR12328894.bin.16.fbc2 ,-0.1523112525891292,-0.1523112525891292,390.4901377864062,-0.0029262488490076,1000.0,-1000.0,0.0,-89.1327498525784,-5.711832915779041,-0.2538520876485108,-0.0202203795464583,775.2489977334319,-500.311001727669,1000.0,-0.0099785085750454,-0.1627779160039608,-0.1627779160039608,102.62671104400738,-0.0031273374833062,-1000.0,999.7558174893064,-1000.0,-910.8672501474216,-6.10434385371218,-0.2712965266733818,-0.0216099020093452,15.1260244786896,-400.892119927164,-999.7558174893064,-0.0106642208179437, Neutralism,Healthy
SRR12328894.bin.14.fbc2XSRR12328894.bin.13.fbc2 ,-0.086868178365421,-0.086868178365421,21.37437841687733,-0.001668937144359,-1000.0,999.869689387766,0.0,418.2630708755733,-3.25764848024744,-0.1447802972757017,-0.0115323556677822,300.17323048333856,-104.28594073664284,-999.869689387766,-0.005691075662412,-0.0887222437232821,-0.0887222437232821,26.43192062123308,-0.0017045579966179,1000.0,-1000.0,751.0186377034256,-32.37887801503882,-3.327177890314601,-0.147870406205584,-0.0117784957565163,10.220785431346712,-337.8750936453391,1000.0,-0.0058125427684672, Neutralism,Healthy
SRR12328894.bin.22.fbc2XSRR12328894.bin.18.fbc2 ,-0.0595658321739165,-0.0595658321739165,499.4606304865501,-0.0011443963913961,-1000.0,1000.0,1000.0,-495.6178006621847,-2.2337816483241117,-0.0992763869566033,-0.0079077790647943,5.594141436263953,-400.5099172831024,-1000.0,-0.0039023916947371,-0.0445836654449749,-0.0445836654449749,500.53936951344986,-0.0008565545714418,0.0,0.0,-932.8358628380976,-504.38219933781534,-1.671934564689991,-0.0743061090749961,-0.0059187920888916,994.405858563736,-0.366828917332441,0.0,-0.0029208510886746, Amensalism,Healthy
SRR12328894.bin.14.fbc2XSRR12328894.bin.12.fbc2 ,-0.086868178365421,-0.086868178365421,20.30085128812061,-0.001668937144359,-1000.0,999.869689387766,-714.0817393030087,-517.5990272346945,-3.25764848024744,-0.1447802972757017,-0.0115323556677822,996.8414207892783,-115.04383425040452,-999.869689387766,-0.005691075662412,-0.0688427504037463,-0.0688427504037463,14.616145736876888,-0.0013226272892552,1000.0,-1000.0,1000.0,-19.309842108070143,-2.5816758846419816,-0.114737917339653,-0.0091393545684468,3.1585792107217685,-0.1405688282980008,1000.0,-0.0045101590562808, Neutralism,Healthy
SRR12328894.bin.22.fbc2XSRR12328894.bin.21.fbc2 ,-0.0865058832808927,-0.0865058832808927,815.8081815053979,-0.0016619766240637,-1000.0,1000.0,-1000.0,167.33208775941262,-3.2440620317485127,-0.144176472134859,-0.0114842584720236,8.124223711493755,-400.74053938919496,-1000.0,-0.0056673402879141,-0.0987321013703876,-0.0987321013703876,184.1918184946021,-0.0018968703433301,999.8518923635928,-1000.0,0.0,832.6679122405874,-3.702558129256772,-0.1645535022838657,-0.0131073740724332,210.02757273804517,-393.22413319807856,1000.0,-0.0064683278707207, Amensalism,Healthy
SRR12328894.bin.26.fbc2XSRR12328894.bin.20.fbc2 ,-0.1008350312049515,-0.1008350312049515,225.69630240265636,-0.0019372724534605,999.5633232934432,0.1553266281339347,149.9776839882188,-31.85945287957543,-3.7814202201712983,-0.1680583853416237,-0.013386552653742,1000.0,-584.440363359607,-0.1553266281339347,-0.0066060990664027,-0.1035444543337007,-0.1035444543337007,774.3036975973437,-0.0019893266922963,-1000.0,999.844673371866,-1000.0,-371.4497494110872,-3.883026450481111,-0.1725740905561679,-0.0137462474436915,0.0,-415.559636640393,-999.844673371866,-0.0067836040207112, Amensalism,Healthy
SRR12328894.bin.26.fbc2XSRR12328894.bin.1.fbc2 ,-0.117340502767206,-0.117340502767206,960.8114428412777,-0.0022543804566339,-444.15184079972335,1000.0,643.5881918396221,-155.95171339023386,-4.400392844696853,-0.1955675046120859,-0.0155777689552678,925.0257986284214,-999.993529538586,-1000.0,-0.007687437357049,-0.0031688701222947,-0.0031688701222947,39.18855715872246,-6.088127031489421e-05,1000.0,-1000.0,-1000.0,-79.26572942506675,-0.1188359780554719,-0.0052814502038245,-0.0004206895781635,74.9742013715786,-0.0064704614139827,1000.0,-0.0002076051318908, Amensalism,Healthy
SRR12328894.bin.9.fbc2XSRR12328894.bin.17.fbc2 ,-0.1527326661164352,-0.1527326661164352,399.8709181559559,-0.002934345170388,-1000.0,1000.0,-386.6871766503373,-313.7348407898729,-5.727636368351682,-0.2545544435274678,-0.0202763251270425,1000.0,-397.3092128146564,-1000.0,-0.0100061170309118,-0.1436131493910579,-0.1436131493910579,243.85365577318956,-0.0027591383168328,1000.0,-1000.0,-613.3128233496627,-232.3397531827967,-5.385644854771954,-0.2393552489851345,-0.0190656457692739,-27.55612138062156,-602.6907871853437,1000.0,-0.009408661660359, Amensalism,Healthy
SRR12328894.bin.13.fbc2XSRR12328894.bin.6.fbc2 ,-0.0887222437232821,-0.0887222437232821,26.0466302862842,-0.0017045579966179,1000.0,-1000.0,-656.5965951805372,566.0853295308075,-3.327177890314601,-0.147870406205584,-0.0117784957565163,986.8955014504012,-421.3776089526714,1000.0,-0.0058125427684672,-0.0904257673803385,-0.0904257673803385,973.9533697137158,-0.0017372865971765,-906.1765555814684,1000.0,-343.4034048194628,-80.839615864758,-3.391061827526869,-0.1507096123006022,-0.0120046503861885,3.140880010471051,-523.4909234087999,-1000.0,-0.0059241472962412, Neutralism,Healthy
SRR12328894.bin.10.fbc2XSRR12328894.bin.7.fbc2 ,-0.0852519317423912,-0.0852519317423912,245.1502054202283,-0.0016378853360947,-1000.0,1000.0,373.26477746494834,-10.790192047790129,-3.1970375240348403,-0.1420865529040611,-0.0113177876722829,-2.623925066090692,-251.52963777339392,-1000.0,-0.0055851889959512,-0.2302232275071674,-0.2302232275071674,754.8497945797717,-0.0044231167628367,1000.0,-1000.0,334.3304872831084,853.9923579379999,-8.633614302940487,-0.3837053791786502,-0.0305637368313682,1000.0,-500.09127101440174,1000.0,-0.0150828281613257, Neutralism,Healthy
SRR12328894.bin.9.fbc2XSRR12328894.bin.19.fbc2 ,-0.1573637763690385,-0.1573637763690385,502.9606989270121,-0.0030233194306674,-1000.0,1000.0,913.3787191374508,-262.6044567930817,-5.901307896407843,-0.2622729606150642,-0.0208911372662896,1000.0,-500.321318389097,-1000.0,-0.0103095192587261,-0.0813899037520968,-0.0813899037520968,10.764905442836152,-0.0015636869117088,1000.0,-996.4770446617556,86.62128086254916,-15.19974044048206,-3.0522073934838545,-0.1356498395867902,-0.0108050765595635,0.0,-285.22418379324085,996.4770446617556,-0.0053321723687531, Neutralism,Healthy
SRR12328894.bin.23.fbc2XSRR12328894.bin.1.fbc2 ,-0.0893609734979463,-0.0893609734979463,8.920594379750014,-0.0017168294619978,-1000.0,999.7506648572312,1000.0,0.0,-3.3511309317927958,-0.1489349558298727,-0.0118632915825855,-28.56736410030794,-974.556368477167,-999.7506648572312,-0.0058543884654227,-0.0411829700284442,-0.0411829700284442,514.5581077062695,-0.0007912194049595,1000.0,-1000.0,-912.3506409372832,-1000.0,-1.5444048931324232,-0.0686382833806646,-0.0054673260882509,1000.0,-18.742044270945712,1000.0,-0.0026980581709494, Neutralism,Healthy
SRR12328894.bin.9.fbc2XSRR12328894.bin.5.fbc2 ,-0.1573637763690385,-0.1573637763690385,502.9606989270119,-0.0030233194306674,-1000.0,1000.0,1000.0,-257.95129609045216,-5.901307896407843,-0.2622729606150642,-0.0208911372662896,1000.0,-500.321318389097,-1000.0,-0.0103095192587261,-0.1813603036720223,-0.1813603036720223,497.0393010729881,-0.0034843478131278,1000.0,-1000.0,-1000.0,-549.9508169312847,-6.801203026832013,-0.3022671727867418,-0.0240768433885705,0.0,173.3968851511759,1000.0,-0.0118816260427365, Neutralism,Healthy
SRR12328894.bin.6.fbc2XSRR12328894.bin.18.fbc2 ,-0.0904257673803385,-0.0904257673803385,498.373988556267,-0.0017372865971765,-641.1616717128961,1000.0,0.0,129.15986370413566,-3.391061827526869,-0.1507096123006022,-0.0120046503861885,2.7642015304821825,-589.7446443759429,-1000.0,-0.0059241472962412,-0.044449863962086,-0.044449863962086,501.626011443733,-0.000853983937759,1000.0,-1000.0,-934.1031241642104,-1000.0,-1.6669168676941126,-0.0740831066034388,-0.0059010290101468,997.2357984695176,-0.2392629164756954,1000.0,-0.0029120852278765, Neutralism,Healthy
SRR12328894.bin.10.fbc2XSRR12328894.bin.21.fbc2 ,-0.0843983702310424,-0.0843983702310424,230.1802042330587,-0.0016214864597259,-1000.0,1000.0,382.0405996970683,-10.68175284696963,-3.1650280654173457,-0.1406639503850328,-0.011204471437054,-2.5976537382795186,-251.51450695585777,-1000.0,-0.0055292688277859,-0.1475588876344318,-0.1475588876344318,769.8197957669413,-0.0028349450074074,999.7786474938234,-1000.0,27.717656830164287,1000.0,-5.533614208267863,-0.2459314793908333,-0.0195894700010512,1000.0,-500.0028349450074,1000.0,-0.0096671624752389, Amensalism,Healthy
SRR12328894.bin.9.fbc2XSRR12328894.bin.10.fbc2 ,-0.1573637763690385,-0.1573637763690385,502.96069892701234,-0.0030233194306674,0.0,0.0,975.0359153049098,-262.6044567930817,-5.901307896407843,-0.2622729606150642,-0.0208911372662896,1000.0,-500.321318389097,0.0,-0.0103095192587261,-0.085282379091609,-0.085282379091609,404.75357403100384,-0.0016384702995537,-1000.0,1000.0,24.96408469509015,-9.610169002066868,-3.1981793318030896,-0.1421372984860909,-0.0113218297699404,-2.6248621892871142,-159.07006752821826,-1000.0,-0.0055871837214453, Neutralism,Healthy
SRR12328894.bin.16.fbc2XSRR12328894.bin.12.fbc2 ,-0.1703707214527412,-0.1703707214527412,989.5754378356964,-0.0032732127079952,-948.3313554400002,1000.0,-360.1420970004515,-1000.0,-6.389082081176753,-0.2839512024212354,-0.0226178998124169,0.0,-413.9147872752157,-1000.0,-0.0111616553343765,-0.0676690941484139,-0.0676690941484139,10.424562164303666,-0.001300078658005,1000.0,-1000.0,1000.0,0.0,-2.5376625348912967,-0.1127818235806898,-0.0089835435267104,-3.9638011531561688,-0.1381723597712607,1000.0,-0.0044332682236927, Neutralism,Healthy
SRR12328894.bin.23.fbc2XSRR12328894.bin.16.fbc2 ,-0.0893609734979463,-0.0893609734979463,27.433842737800205,-0.0017168294619978,0.0,-0.2493351427685866,-340.2160781464511,0.0,-3.3511309317927958,-0.1489349558298727,-0.0118632915825855,-34.738446886324255,-747.6656674421126,0.2493351427685866,-0.0058543884654227,-0.1703707214527412,-0.1703707214527412,972.5661572621998,-0.0032732127079952,-1000.0,999.7444275517572,-193.0198473182038,-1000.0,-6.389082081176753,-0.2839512024212354,-0.0226178998124169,-3.204507973284421,-252.33433255788736,-999.7444275517572,-0.0111616553343765, Neutralism,Healthy
SRR12328894.bin.26.fbc2XSRR12328894.bin.6.fbc2 ,-0.1073091765615572,-0.1073091765615572,992.19752846735,-0.0020616556496406,-845.7218000638459,1000.0,-140.74510341806854,-237.91202949507624,-4.024207512120142,-0.1788486276026333,-0.014246040538751,997.364836099956,-485.1344648003824,-1000.0,-0.0070302457651223,-0.0904238235547154,-0.0904238235547154,7.802471532650202,-0.0017372492517324,59.321894596651646,0.0,142.01181681187632,919.2911001035466,-3.3909889320126467,-0.1507063725912303,-0.0120043923297998,2.635163900043949,-514.8655351996176,0.0,-0.0059240199485657, Neutralism,Healthy
SRR12328894.bin.20.fbc2XSRR12328894.bin.13.fbc2 ,-0.1080023249479609,-0.1080023249479609,973.9533697137158,-0.0020749726214717,-1000.0,1000.0,-1000.0,-172.7371119636548,-4.050201309041881,-0.1800038749132682,-0.0143380608144525,0.0,-500.22260306283215,-1000.0,-0.0070756566392446,-0.0887222437232821,-0.0887222437232821,26.0466302862842,-0.0017045579966179,1000.0,-1000.0,0.0,-31.993587680092787,-3.327177890314601,-0.147870406205584,-0.0117784957565163,928.3778234807646,-421.3776089526714,1000.0,-0.0058125427684672, Neutralism,Healthy
SRR12328894.bin.20.fbc2XSRR12328894.bin.7.fbc2 ,-0.0911535145238531,-0.0911535145238531,266.85690732978946,-0.0017512682906044,-1000.0,999.8632609718728,-1000.0,139.82139706003682,-3.4183531143997925,-0.1519225242063839,-0.0121012638877573,6.42914328880488,-500.1536913051799,-999.8632609718728,-0.0059718248708122,-0.2293222736806228,-0.2293222736806228,733.1430926702105,-0.0044058073714268,1000.0,-1000.0,355.33721950298514,860.1786029399632,-8.599827582429157,-0.3822037894676668,-0.0304441289363239,993.5708567111952,-499.84630869482015,1000.0,-0.0150238031363869, Amensalism,Healthy
SRR12328894.bin.5.fbc2XSRR12328894.bin.17.fbc2 ,-0.1813603036720223,-0.1813603036720223,158.61871590774263,-0.0034843478131278,-0.9405805382026527,1000.0,-1000.0,-658.341455083667,-6.801203026832013,-0.3022671727867418,-0.0240768433885705,125.76964362144554,0.0,-1000.0,-0.0118816260427365,-0.1557409633763882,-0.1557409633763882,841.3812840922574,-0.0029921414674163,1000.0,-1000.0,0.0,210.2739342791706,-5.840450694396736,-0.2595682722940182,-0.0206756975395592,-53.99077578566471,-1000.0,1000.0,-0.0102032024037725, Amensalism,Healthy
SRR12328894.bin.14.fbc2XSRR12328894.bin.6.fbc2 ,-0.086868178365421,-0.086868178365421,47.50159086353847,-0.001668937144359,-0.1303106122338704,0.0,-1000.0,-663.9604053892427,-3.25764848024744,-0.1447802972757017,-0.0115323556677822,992.6108627888252,-147.94385198683494,0.0,-0.005691075662412,-0.0904257673803385,-0.0904257673803385,8.453644302885664,-0.0017372865971765,-931.6758252242822,1000.0,148.3474628323088,919.160384135242,-3.391061827526869,-0.1507096123006022,-0.0120046503861885,3.140880010470937,-517.1161059980964,-1000.0,-0.0059241472962412, Neutralism,Healthy
SRR12328894.bin.7.fbc2XSRR12328894.bin.6.fbc2 ,-0.2370968756049478,-0.2370968756049478,992.1975284673496,-0.0045551753238441,1000.0,-1000.0,233.67985148710545,786.7398987725323,-8.891383369826485,-0.395161459341466,-0.0314762614875689,997.3648360999562,-308.6267150813627,1000.0,-0.0155331478542848,-0.0904238235547154,-0.0904238235548291,7.802471532650429,-0.0017372492517324,-234.6471065272696,1000.0,7.228045585942596,213.2601012274677,-3.3909889320126467,-0.1507063725912303,-0.0120043923297998,2.6351639000438354,-691.3732849186373,-1000.0,-0.0059240199485657, Neutralism,Healthy
SRR12328894.bin.3.fbc2XSRR12328894.bin.17.fbc2 ,-0.1318241106222331,-0.1318241106222331,535.5385827140062,-0.0025326438160391,-1000.0,1000.0,-845.5046543631244,-582.8124772146915,-4.9435434437436925,-0.2197068510370172,-0.0175005687684688,1000.0,-283.97611779112185,-1000.0,-0.0086363154125592,-0.1537686471556298,-0.1537686471556298,464.4614172859938,-0.0029542487445723,1000.0,-1000.0,-154.49534563687564,-417.1875227853085,-5.766486752017045,-0.2562810785926785,-0.0204138588251225,-29.504732146890547,-716.0238822088781,1000.0,-0.0100739882190055, Amensalism,Healthy
SRR12328894.bin.5.fbc2XSRR12328894.bin.16.fbc2 ,-0.1813603036720223,-0.1813603036720223,0.0,-0.0034843478131278,608.7688347475901,0.0,-773.4307418395051,0.0,-6.801203026832013,-0.3022671727867418,-0.0240768433885705,-29.20541704811012,-391.0595170740312,0.0,-0.0118816260427365,-0.1703707214527412,-0.1703707214527412,1000.0,-0.0032732127079952,-934.7094552379004,1000.0,-226.56925816049488,-1000.0,-6.389082081176753,-0.2839512024212354,-0.0226178998124169,-52.84942331229229,-334.4024535083537,-1000.0,-0.0111616553343765, Neutralism,Healthy
SRR12328894.bin.26.fbc2XSRR12328894.bin.16.fbc2 ,-0.1075913690895049,-0.1075913690895049,588.2523394820955,-0.0020670772158837,-300.43318429087765,1000.0,284.420151200105,0.0,-4.034790030104887,-0.1793189484825461,-0.0142835035621828,1000.0,-747.6656674421126,-1000.0,-0.0070487333063056,-0.1703707214527412,-0.1703707214527412,411.7476605179045,-0.0032732127079952,-0.255572448242674,0.0,-831.6359000462198,-1000.0,-6.389082081176753,-0.2839512024212354,-0.0226178998124169,0.0,-252.33433255788736,0.0,-0.0111616553343765, Neutralism,Healthy
SRR12328894.bin.17.fbc2XSRR12328894.bin.2.fbc2 ,-0.1492523124819627,-0.1492523124819627,996.5061391669032,-0.0028674795865981,-1000.0,1000.0,-1000.0,22.103306320263076,-5.597119429450231,-0.2487538541365666,-0.019814283943333,481.6746859194702,-665.6225923266375,-1000.0,-0.0097781053902963,-0.0879900697162838,-0.0879900697162838,3.4938608330968464,-0.0016904912529298,1000.0,-1000.0,756.1802229484665,-13.377162981796914,-3.2997205913794687,-0.1466501161937685,-0.0116812945578885,9.575614427007396,-334.37740767336254,1000.0,-0.0057645751725203, Amensalism,Healthy
SRR12328894.bin.1.fbc2XSRR12328894.bin.8.fbc2 ,-0.0418068761596259,-0.0418068761596259,515.4475062039737,-0.0008032060741243,1000.0,-1000.0,-910.9229283169778,-1000.0,-1.5678020323209694,-0.0696781269327857,-0.0055501539724218,1000.0,-19.676105062262195,1000.0,-0.002738932712873,-0.1094231926682596,-0.1094231926682596,248.74835398112737,-0.0021022707525162,-956.1638707227736,1000.0,1000.0,1000.0,-4.103485349950461,-0.1823719877803569,-0.0145266908998564,0.0,-523.3966337042701,-1000.0,-0.0071687432661065, Neutralism,Healthy
SRR12328894.bin.16.fbc2XSRR12328894.bin.13.fbc2 ,-0.1703707214527412,-0.1703707214527412,973.5680793787658,-0.0032732127079952,-1000.0,1000.0,-691.8901389775154,-1000.0,-6.389082081176753,-0.2839512024212354,-0.0226178998124169,-3.332294197405872,-252.39822566994803,-1000.0,-0.0111616553343765,-0.0887222437232821,-0.0887222437232821,26.43192062123421,-0.0017045579966179,1000.0,-1000.0,83.46620625133346,0.0,-3.327177890314601,-0.147870406205584,-0.0117784957565163,979.3825005047752,-504.86917446352777,1000.0,-0.0058125427684672, Neutralism,Healthy
SRR12328894.bin.23.fbc2XSRR12328894.bin.12.fbc2 ,-0.0893609734979463,-0.0893609734979463,3.932706912047024,-0.0017168294619978,-1000.0,999.7506648572314,0.0,-290.8715224664179,-3.3511309317927958,-0.1489349558298727,-0.0118632915825855,-23.579476632607,-925.8471353760466,-999.7506648572314,-0.0058543884654227,-0.0688427504037463,-0.0688427504037463,704.4347811623904,-0.0013226272892552,1000.0,-1000.0,1000.0,-709.1284775335821,-2.5816758846419816,-0.114737917339653,-0.0091393545684468,692.9772146362352,-0.1405688282980008,1000.0,-0.0045101590562808, Neutralism,Healthy
SRR12328894.bin.3.fbc2XSRR12328894.bin.6.fbc2 ,-0.1318241106222331,-0.1318241106222331,504.0566495690416,-0.0025326438160391,1000.0,-1000.0,-347.2030094496304,-595.9430819707139,-4.9435434437436925,-0.2197068510370172,-0.0175005687684688,1000.0,-499.99885056459016,1000.0,-0.0086363154125592,-0.090344466062902,-0.090344466062902,495.9433504309584,-0.0017357246121036,-1000.0,999.8644746222826,-320.8299669046144,496.3240742080452,-3.3880129422133223,-0.1505741101049125,-0.0119938570700242,0.0,-500.0011494354098,-999.8644746222824,-0.0059188209274907, Neutralism,Healthy
SRR12328894.bin.20.fbc2XSRR12328894.bin.8.fbc2 ,-0.1037788411937299,-0.1037788411937299,779.4444898224551,-0.0019938298020178,-1000.0,1000.0,-1000.0,-547.0492281143756,-3.891816205403188,-0.1729647353228074,-0.0137773639318083,93.79274690770968,-478.6335298386703,-1000.0,-0.0067989596248025,-0.109268936774356,-0.109268936774356,220.55551017754487,-0.0020993071426573,1000.0,-914.7167590760906,1000.0,1000.0,-4.097700590929094,-0.1821148946238509,-0.0145062123556272,906.2072530922904,-521.3664701613297,914.7167590760904,-0.0071586373563832, Neutralism,Healthy
SRR12328894.bin.22.fbc2XSRR12328894.bin.12.fbc2 ,-0.0865058832808927,-0.0865058832808927,820.3949328460067,-0.0016619766240637,0.0,0.0,-118.89200172675396,-815.7012364748161,-3.2440620317485127,-0.144176472134859,-0.0114842584720236,10.157427744153663,-401.3876233398557,0.0,-0.0056673402879141,-0.0688427504037463,-0.0688427504037463,179.60506715399333,-0.0013226272892552,-1000.0,1000.0,1000.0,-184.29876352518383,-2.5816758846419816,-0.114737917339653,-0.0091393545684468,168.14750062783787,-0.1405688282980008,-1000.0,-0.0045101590562808, Neutralism,Healthy
SRR12328894.bin.21.fbc2XSRR12328894.bin.1.fbc2 ,-0.1661114406390424,-0.1661114406390424,992.3389275921986,-0.0031913821447915,-1000.0,999.7508168821308,729.5139814611337,1000.0,-6.229354549982304,-0.2768524010650708,-0.0220524506208903,950.9991355822324,-771.5040115992705,-999.7508168821308,-0.0108826131139494,-0.0006275993746385,-0.0006275993746385,7.661072407801498,-1.205762487188622e-05,1000.0,-1000.0,-28.993259386492127,-15.36591483792597,-0.0235356397184887,-0.0010459989576929,-8.331818787610246e-05,15.240787366341236,-0.0128263346316543,1000.0,-4.111650082450069e-05, Amensalism,Healthy
SRR12328894.bin.22.fbc2XSRR12328894.bin.19.fbc2 ,-0.0865058832808927,-0.0865058832808927,815.8081815053974,-0.0016619766240637,-1000.0,1000.0,-93.92095984867296,167.3320877594117,-3.2440620317485127,-0.144176472134859,-0.0114842584720236,8.124223711493642,-400.74053938919496,-1000.0,-0.0056673402879141,-0.0813899037520968,-0.0813899037520968,184.19181849460256,-0.0015636869117088,1000.0,-991.91911872201,483.5357759906176,-1000.0,-3.0522073934838545,-0.1356498395867902,-0.0108050765595635,991.8757762885064,-286.15222130014365,991.91911872201,-0.0053321723687531, Neutralism,Healthy
SRR12328894.bin.1.fbc2XSRR12328894.bin.19.fbc2 ,-0.0416480127430531,-0.0416480127430531,513.4888391277252,-0.0008001539431461,1000.0,-1000.0,-1000.0,-984.8002595595178,-1.5618444863326886,-0.0694133545717932,-0.0055290637474172,1000.0,-25.29803918921391,1000.0,-0.002728524946292,-0.0813899037520968,-0.0813899037520968,8.522109305436516,-0.0015636869117088,-1000.0,999.8779073259371,90.68660100609804,-15.199740440482174,-3.0522073934838545,-0.1356498395867902,-0.0108050765595635,0.0,-284.31292179016395,-999.8779073259371,-0.0053321723687531, Neutralism,Healthy
SRR12328894.bin.3.fbc2XSRR12328894.bin.8.fbc2 ,-0.1318241106222331,-0.1318241106222331,541.8038821428124,-0.0025326438160391,-1000.0,1000.0,-453.8523965430143,-593.4713102488422,-4.9435434437436925,-0.2197068510370172,-0.0175005687684688,1000.0,-487.6034349401252,-1000.0,-0.0086363154125592,-0.1094231926682596,-0.1094231926682596,458.1961178571876,-0.0021022707525162,999.8358546996436,-1000.0,1000.0,1000.0,-4.103485349950461,-0.1823719877803569,-0.0145266908998564,0.0,-512.3965650598748,1000.0,-0.0071687432661065, Neutralism,Healthy
SRR12328894.bin.12.fbc2XSRR12328894.bin.18.fbc2 ,-0.0688103025312329,-0.0688103025312329,17.4518576843426,-0.0013220038911185,0.0,0.0,1000.0,-18.316278142029887,-2.580459055136771,-0.1146838375520928,-0.0091350468874225,0.0,-0.1405025735451772,0.0,-0.0045080332686211,-0.0448344758441408,-0.0448344758441408,503.3552097494685,-0.0008613732151161,-1000.0,1000.0,-475.457596441742,-981.68372185797,-1.681340219681374,-0.0747241264068634,-0.0059520889160467,1000.0,-0.3688925544569201,-1000.0,-0.0029372826634244, Neutralism,Healthy
SRR12328894.bin.17.fbc2XSRR12328894.bin.8.fbc2 ,-0.1472498548223484,-0.1472498548223484,406.2153486740162,-0.0028290077775636,1000.0,-1000.0,-1000.0,170.81821305905305,-5.522025151266348,-0.2454164247039898,-0.0195484437430195,1000.0,-746.6793380775975,1000.0,-0.0096469165215467,-0.0957013096319769,-0.0957013096319769,593.7846513259838,-0.001838641875679,-1000.0,999.8564388423426,1000.0,-68.75956458630878,-3.588900236502127,-0.1595021827199616,-0.0127050153613481,-2.456640054199852,-253.32066192240245,-999.8564388423426,-0.0062697687963009, Competition,Healthy
SRR12328894.bin.12.fbc2XSRR12328894.bin.19.fbc2 ,-0.0688427504037463,-0.0688427504037463,566.4576976361318,-0.0013226272892552,-1000.0,1000.0,1000.0,-571.1513940073223,-2.5816758846419816,-0.114737917339653,-0.0091393545684468,555.0001311099763,-0.1405688282980008,-1000.0,-0.0045101590562808,-0.0782295020932224,-0.0782295020932224,9.970211017205656,-0.0015029683398779,999.8826482320184,-1000.0,0.0,-428.8486059926777,-2.933688991753342,-0.130382503488704,-0.0103855112289465,421.9175622853216,-284.62749682252627,1000.0,-0.0051251220392032, Neutralism,Healthy
SRR12328894.bin.26.fbc2XSRR12328894.bin.12.fbc2 ,-0.1154748735466455,-0.1154748735466455,986.4631203645268,-0.0022185374360788,0.0,999.6778018081618,0.0,-772.3191376308944,-4.330429777556788,-0.1924581225777046,-0.0153300936831328,998.9745277412125,-999.8595046096104,-999.677801808162,-0.0075652126569139,-0.0688067846234616,-0.0688067846234616,13.536879635473383,-0.0013219363039524,1000.0,-1000.0,1000.0,-16.252223444319952,-2.5803271298773325,-0.1146779743725119,-0.0091345798606425,1.0254722587876586,-0.1404953903896739,1000.0,-0.0045078027966383, Neutralism,Healthy
SRR12328894.bin.20.fbc2XSRR12328894.bin.3.fbc2 ,-0.0974597513509252,-0.0974597513509252,495.9433504309586,-0.0018724255783126,-1000.0,999.8538010108456,-702.7339969845686,232.4774080761938,-3.654843659065932,-0.1624329189181708,-0.0129384607461133,0.0,-500.16432406875225,-999.8538010108456,-0.0063849712220189,-0.1318241106222331,-0.1318241106222331,504.0566495690414,-0.0025326438160391,1000.0,-1000.0,-297.2660030154313,-525.6271896130397,-4.9435434437436925,-0.2197068510370172,-0.0175005687684688,1000.0,-499.83567593124775,1000.0,-0.0086363154125592, Amensalism,Healthy
SRR12328894.bin.22.fbc2XSRR12328894.bin.14.fbc2 ,-0.0865058832808927,-0.0865058832808927,818.3039252663625,-0.0016619766240637,-1000.0,1000.0,-1000.0,168.0975576289568,-3.2440620317485127,-0.144176472134859,-0.0114842584720236,8.124223711493642,-401.17227687373816,-1000.0,-0.0056673402879141,-0.086868178365421,-0.086868178365421,20.30085128812061,-0.001668937144359,999.869689387766,-1000.0,190.00145765539628,104.2375361378513,-3.25764848024744,-0.1447802972757017,-0.0115323556677822,991.8757762885064,-12.995016187090188,1000.0,-0.005691075662412, Neutralism,Healthy
SRR12328894.bin.16.fbc2XSRR12328894.bin.6.fbc2 ,-0.1703707214527412,-0.1703707214527412,991.5463556971144,-0.0032732127079952,-0.255572448242674,0.0,-675.7751981938168,-1000.0,-6.389082081176753,-0.2839512024212354,-0.0226178998124169,-4.072282628548237,-252.33433255788736,0.0,-0.0111616553343765,-0.0904257673803385,-0.0904257673803385,8.453644302885664,-0.0017372865971765,-9.477579448217057,1000.0,-266.79526624449204,27.59973423333122,-3.391061827526869,-0.1507096123006022,-0.0120046503861885,3.140880010470937,-747.6656674421126,-1000.0,-0.0059241472962412, Neutralism,Healthy
SRR12328894.bin.17.fbc2XSRR12328894.bin.12.fbc2 ,-0.1789109510068556,-0.1789109510068556,985.3838542631228,-0.0034372901250208,-1000.0,1000.0,-842.8247595593186,43.20235370232649,-6.709349713714005,-0.2981849183447593,-0.0237516747638437,996.841420789278,-999.859431171702,-1000.0,-0.0117211593262709,-0.0688427504037463,-0.0688427504037463,14.616145736877115,-0.0013226272892552,1000.0,-1000.0,1000.0,-19.309842108068096,-2.5816758846419816,-0.114737917339653,-0.0091393545684468,3.158579210721882,-0.1405688282980008,1000.0,-0.0045101590562808, Neutralism,Healthy
SRR12328894.bin.7.fbc2XSRR12328894.bin.18.fbc2 ,-0.2208271840090674,-0.2208271840090674,695.0456382161346,-0.0042425971952297,-1000.0,1000.0,-82.24102767788258,1000.0,-8.281252743184837,-0.368045306681779,-0.029316346618657,394.1544113821656,-500.1656309944998,-1000.0,-0.0144672564355232,-0.0271626650567213,-0.0271626650567213,304.9543617838653,-0.0005218571576506,1000.0,-1000.0,-275.38503554859403,-612.0461941249694,-1.018628641769055,-0.0452711084277552,-0.0036060329595102,605.8455886178344,-0.2234910682005875,1000.0,-0.0017795329076761, Amensalism,Healthy
SRR12328894.bin.5.fbc2XSRR12328894.bin.18.fbc2 ,-0.1813603036720223,-0.1813603036720223,495.7892485321327,-0.0034843478131278,-458.3161330301309,1000.0,-171.66382366991547,15.062726965891898,-6.801203026832013,-0.3022671727867418,-0.0240768433885705,0.0,-631.0386458237987,-1000.0,-0.0118816260427365,-0.0448344758441408,-0.0448344758441408,504.21075146786734,-0.0008613732151161,1000.0,-1000.0,-828.3361763300845,-511.7416263700343,-1.681340219681374,-0.0747241264068634,-0.0059520889160467,1000.0,-0.3688925544569201,1000.0,-0.0029372826634244, Neutralism,Healthy
SRR12328894.bin.3.fbc2XSRR12328894.bin.7.fbc2 ,-0.1144747527537219,-0.1144747527537219,306.10790601424856,-0.0021993228194787,-1000.0,1000.0,259.1047449423545,-339.3275335545645,-4.292924191019438,-0.1907912545894987,-0.0151973206825459,605.1703033695344,-499.8343949590652,-1000.0,-0.0074996908143702,-0.2207925814718692,-0.2207925814718692,693.8920939857514,-0.004241932400987,1000.0,-1000.0,-393.0490949703421,1000.0,-8.279955111475488,-0.367987635786335,-0.0293117528908624,394.8296966304656,-500.1656050409349,1000.0,-0.0144649894873509, Amensalism,Healthy
SRR12328894.bin.21.fbc2XSRR12328894.bin.6.fbc2 ,-0.1660996514740418,-0.1660996514740418,992.1975284673496,-0.0031911556478689,-1000.0,999.7508345670108,-808.0887058529407,80.70889989645343,-6.228912443837771,-0.2768327524568121,-0.0220508855270509,997.364836099956,-485.1344648003823,-999.7508345670108,-0.0108818407593389,-0.0904238235547154,-0.0904238235547154,7.802471532650543,-0.0017372492517324,59.07272916366287,0.2491654329893435,140.37112387351772,919.2911001035466,-3.3909889320126467,-0.1507063725912303,-0.0120043923297998,2.635163900043949,-514.8655351996177,-0.2491654329893435,-0.0059240199485657, Neutralism,Healthy
SRR12328894.bin.5.fbc2XSRR12328894.bin.21.fbc2 ,-0.1811169739539764,-0.1811169739539764,24.391627141023942,-0.0034796728905348,-266.4660482319691,1000.0,-1000.0,-999.8979531701954,-6.792077905282895,-0.3018616232566273,-0.0240445396738095,-46.28079773658396,-120.34401617470336,-1000.0,-0.0118656845568239,-0.1646477833528479,-0.1646477833528479,975.608372858976,-0.0031632619279662,999.7530125086612,-1000.0,0.0,-0.1020468298046353,-6.174465855136532,-0.2744129722547086,-0.0218581399225286,986.4632950683792,-419.9836155433695,1000.0,-0.0107867231745331, Neutralism,Healthy
SRR12328894.bin.17.fbc2XSRR12328894.bin.18.fbc2 ,-0.1761591290736532,-0.1761591290736532,496.6447902505315,-0.0033844213078282,-1000.0,1000.0,-439.4372255297419,0.0,-6.606153483434241,-0.2935985484560888,-0.0233863512372636,0.0,-999.6311074455432,-1000.0,-0.0115408766597511,-0.0448344758441408,-0.0448344758441408,503.3552097494685,-0.0008613732151161,1000.0,-1000.0,-461.7660836842786,-1000.0,-1.681340219681374,-0.0747241264068634,-0.0059520889160467,1000.0,-0.3688925544569201,1000.0,-0.0029372826634244, Neutralism,Healthy
SRR12328894.bin.26.fbc2XSRR12328894.bin.23.fbc2 ,-0.1023637884625259,-0.1023637884625259,991.4553851430916,-0.001966643390233,-991.1151221048608,1000.0,-477.0015899575742,-271.64827059965853,-3.8387502327296943,-0.170606314104134,-0.0135895058266442,1000.0,-265.5793914566291,-1000.0,-0.006706253960715,-0.0893553821615569,-0.0893553821615569,8.54461485690831,-0.0017167220396459,999.7506804581878,-1000.0,627.1128175604754,-39.95115402197109,-3.3509212507711936,-0.1489256369359282,-0.0118625492937098,-28.503006407325984,-734.4206085433709,1000.0,-0.0058540221550629, Amensalism,Healthy
SRR12328894.bin.23.fbc2XSRR12328894.bin.6.fbc2 ,-0.0876810223788879,-0.0876810223788879,8.384504082058015,-0.0016845537440985,-1000.0,999.7553522597486,0.0,-39.23739649023764,-3.288130989664296,-0.1461350372981087,-0.0116402663715007,-27.984194243867023,-720.636710685006,-999.7553522597486,-0.0057443282672693,-0.0704744424257342,-0.0704744424257342,5.900791440569606,-0.0013539758391516,0.0,-0.1057184335177225,-1000.0,793.2480065244001,-2.6428660596342297,-0.1174574040428524,-0.0093559730482866,1.7602227498767888,-279.36328931499395,0.1057184335177225,-0.0046170576113127, Amensalism,Healthy
SRR12328894.bin.17.fbc2XSRR12328894.bin.1.fbc2 ,-0.1760449348328165,-0.1760449348328165,480.9275975469702,-0.0033822273743453,-1000.0,1000.0,570.4886752034113,0.0,-6.601871078737759,-0.2934082247214746,-0.0233711911564569,0.0,-999.9154710780768,-1000.0,-0.0115333953464187,-0.0413975384466311,-0.0413975384466311,519.0724024530298,-0.0007953417568842,1000.0,-1000.0,-929.8975585153004,-1000.0,-1.5524514355437304,-0.068995897411014,-0.0054958115401859,1000.0,-0.0845289219232654,1000.0,-0.0027121153909774, Neutralism,Healthy
SRR12328894.bin.14.fbc2XSRR12328894.bin.1.fbc2 ,-0.086868178365421,-0.086868178365421,47.86990715068487,-0.001668937144359,-1000.0,999.869689387766,-89.09161312780225,0.0,-3.25764848024744,-0.1447802972757017,-0.0115323556677822,0.0,-137.1395016856186,-999.869689387766,-0.005691075662412,-0.0411797606642494,-0.0411797606642494,514.5569732016716,-0.0007911577457662,1000.0,-1000.0,-910.9083868721978,-1000.0,-1.5442845385857709,-0.0686329344404157,-0.0054669000228386,1000.0,-18.740583714681637,1000.0,-0.0026978479128274, Neutralism,Healthy
SRR12328894.bin.22.fbc2XSRR12328894.bin.16.fbc2 ,-0.0865058832808927,-0.0865058832808927,817.4387883206523,-0.0016619766240637,1000.0,-1000.0,71.78052109548526,0.0,-3.2440620317485127,-0.144176472134859,-0.0114842584720236,8.124223711493642,-400.74053938919496,1000.0,-0.0056673402879141,-0.1703707214527412,-0.1703707214527412,182.5612116793477,-0.0032732127079952,-1000.0,999.7444275517572,-986.5564584845056,-1000.0,-6.389082081176753,-0.2839512024212354,-0.0226178998124169,3.427708347843918,-302.98289674349326,-999.7444275517572,-0.0111616553343765, Neutralism,Healthy
SRR12328894.bin.20.fbc2XSRR12328894.bin.22.fbc2 ,-0.0892226702522975,-0.0892226702522975,184.1918184946021,-0.0017141723391205,-1000.0,999.86615742376,-1000.0,347.5001440166864,-3.345944413941652,-0.1487044504206096,-0.0118449308635035,67.36711129230844,-500.1504357644831,-999.8661574237598,-0.0058453276765249,-0.0865058832808927,-0.0865058832808927,815.8081815053979,-0.0016619766240637,1000.0,-1000.0,0.0,-832.6679122405883,-3.2440620317485127,-0.144176472134859,-0.0114842584720236,8.124223711493642,-400.74053938919496,1000.0,-0.0056673402879141, Amensalism,Healthy
SRR12328894.bin.20.fbc2XSRR12328894.bin.12.fbc2 ,-0.1082596536180062,-0.1082596536180062,985.8044183509276,-0.0020799164959726,-1000.0,999.8376001199904,0.0,-188.7977865722911,-4.05985140608459,-0.1804327560300862,-0.0143722229875038,0.0,-476.1584758523748,-999.8376001199904,-0.0070925152514291,-0.0688341024870169,-0.0688341024870169,14.195581649072436,-0.0013224611428768,1000.0,-1000.0,1000.0,-18.574642382470643,-2.581351578624208,-0.1147235041449903,-0.0091382064972549,2.6347723964909164,-0.1405511702654394,1000.0,-0.0045095924972429, Neutralism,Healthy
SRR12328894.bin.5.fbc2XSRR12328894.bin.13.fbc2 ,-0.1813603036720223,-0.1813603036720223,973.5680793787664,-0.0034843478131278,-0.7535847907440711,1000.0,-666.2190891877301,-561.3692323744426,-6.801203026832013,-0.3022671727867418,-0.0240768433885705,294.40111143980766,-435.91264187376055,-1000.0,-0.0118816260427365,-0.0887222437232821,-0.0887222437232821,26.43192062123353,-0.0017045579966179,1000.0,-1000.0,751.0186377034247,-32.37887801503916,-3.327177890314601,-0.147870406205584,-0.0117784957565163,10.22078543134694,-337.8750936453389,1000.0,-0.0058125427684672, Neutralism,Healthy
SRR12328894.bin.26.fbc2XSRR12328894.bin.10.fbc2 ,-0.1111948183446429,-0.1111948183446429,504.2072506295217,-0.0021363077491969,0.0,916.040342910504,612.0743654889134,-47.74774029312562,-4.16992318484904,-0.1853246972410716,-0.0147618865468075,1000.0,-898.3985858660749,-916.040342910504,-0.0072848094247319,-0.085282379091609,-0.085282379091609,495.7927493704783,-0.0016384702995537,1000.0,-1000.0,387.9256345110866,-11.329764062324784,-3.1981793318030896,-0.1421372984860909,-0.0113218297699404,-2.6248621892871142,-101.60141413392512,1000.0,-0.0055871837214453, Neutralism,Healthy
SRR12328894.bin.2.fbc2XSRR12328894.bin.8.fbc2 ,-0.0879900697162838,-0.0879900697162838,3.493860833097301,-0.0016904912529298,-1000.0,1000.0,0.0,-315.84925216118324,-3.2997205913794687,-0.1466501161937685,-0.0116812945578885,9.575614427007396,-409.995429968209,-1000.0,-0.0057645751725203,-0.110274114054846,-0.110274114054846,996.5061391669028,-0.0021186189059108,999.8345782358232,-1000.0,1000.0,1000.0,-4.135395801094887,-0.1837901900913721,-0.0146396566401563,890.5611442371867,-590.004570031791,1000.0,-0.0072244904692979, Neutralism,Healthy
SRR12328894.bin.20.fbc2XSRR12328894.bin.1.fbc2 ,-0.0971330764635922,-0.0971330764635922,484.5524937960263,-0.0018661494036678,-1000.0,999.8542910545576,-90.54822392844176,219.1051442270609,-3.642593005602862,-0.1618884607727295,-0.0128950923797219,0.0,-500.1637732716704,-999.8542910545576,-0.0063635694666572,-0.0418068761596259,-0.0418068761596259,515.4475062039737,-0.0008032060741243,1000.0,-1000.0,-909.4517760715582,-1000.0,-1.5678020323209694,-0.0696781269327857,-0.0055501539724218,1000.0,-19.67610506226174,1000.0,-0.002738932712873, Amensalism,Healthy
SRR12328894.bin.12.fbc2XSRR12328894.bin.13.fbc2 ,-0.0688427504037463,-0.0688427504037463,357.70671816342247,-0.0013226272892552,-1000.0,1000.0,1000.0,-362.4004145346117,-2.5816758846419816,-0.114737917339653,-0.0091393545684468,346.2491516372668,-0.1405688282980008,-1000.0,-0.0045101590562808,-0.0887222437232821,-0.0887222437232821,26.43192062123489,-0.0017045579966179,0.0,0.0,0.0,75.1096967569988,-3.327177890314601,-0.147870406205584,-0.0117784957565163,653.7508483627332,-337.8750936453388,0.0,-0.0058125427684672, Neutralism,Healthy
SRR12328894.bin.26.fbc2XSRR12328894.bin.8.fbc2 ,-0.1019886829866436,-0.1019886829866436,469.67143433779165,-0.001959436752827,-196.7481165352873,1000.0,0.0,-157.05939637347967,-3.824683381020464,-0.1699811383110727,-0.0135397079623089,1000.0,-630.0235077610262,-1000.0,-0.0066816793272437,-0.0918545509749719,-0.0918545509749719,530.3285656622083,-0.0017647368102871,1000.0,-537.1547157401197,1000.0,-56.62711300767637,-3.4446427220863143,-0.153090918291582,-0.0121943313590691,-11.817595344764412,-369.9764922389738,537.1547157401196,-0.0060177525230074, Competition,Healthy
SRR12328894.bin.26.fbc2XSRR12328894.bin.5.fbc2 ,-0.1110429565394497,-0.1110429565394497,1000.0,-0.0021333901352136,-651.3530219987192,1000.0,591.8684448338588,-292.3320508494793,-4.164228206688108,-0.1850715942324541,-0.0147417258345967,1000.0,-1000.0,-1000.0,-0.0072748603612353,-0.1622103557485843,-0.1622103557485843,0.0,-0.0031164333477136,1000.0,-42.64148596105031,-1000.0,-707.6679491505207,-6.083059744405546,-0.2703505929142693,-0.0215345544327192,-41.449591947615886,0.0,42.64148596105042,-0.0106270377157215, Amensalism,Healthy
SRR12328894.bin.9.fbc2XSRR12328894.bin.13.fbc2 ,-0.1572318303550446,-0.1572318303550446,500.0235445697731,-0.0030207844448568,0.0,0.0,0.0,-258.191880421492,-5.8963597814585,-0.2620530505917031,-0.020873620513953,994.1306562454528,-500.3210489707999,0.0,-0.0103008749570108,-0.0887222437232821,-0.0887222437232821,358.9693094616796,-0.0017045579966179,-1000.0,1000.0,33.2773790390479,635.083733144512,-3.327177890314601,-0.147870406205584,-0.0117784957565163,5.869343754547117,-476.7620586090861,-1000.0,-0.0058125427684672, Neutralism,Healthy
SRR12328894.bin.5.fbc2XSRR12328894.bin.14.fbc2 ,-0.1813603036720223,-0.1813603036720223,972.970561584332,-0.0034843478131278,-482.2127212385208,1000.0,-71.17650394997736,-1000.0,-6.801203026832013,-0.3022671727867418,-0.0240768433885705,-30.841669824211635,-578.292296542353,-1000.0,-0.0118816260427365,-0.086868178365421,-0.086868178365421,27.029438415667983,-0.001668937144359,999.869689387766,-1000.0,-928.8234960500226,966.5511244910368,-3.25764848024744,-0.1447802972757017,-0.0115323556677822,1.1372137701869178,-222.9537172185512,1000.0,-0.005691075662412, Neutralism,Healthy
SRR12328894.bin.10.fbc2XSRR12328894.bin.18.fbc2 ,-0.085282379091609,-0.085282379091609,495.7930815330931,-0.0016384702995537,-1000.0,1000.0,0.0,-11.329764062325124,-3.1981793318030896,-0.1421372984860909,-0.0113218297699404,-2.6248621892871142,-101.60174629654044,-1000.0,-0.0055871837214453,-0.0448344758441408,-0.0448344758441408,504.2069184669069,-0.0008613732151161,0.0,0.0,-1000.0,-511.73396036811255,-1.681340219681374,-0.0747241264068634,-0.0059520889160467,1000.0,-0.3688925544569201,0.0,-0.0029372826634244, Neutralism,Healthy
SRR12328894.bin.5.fbc2XSRR12328894.bin.1.fbc2 ,-0.1813603036720223,-0.1813603036720223,379.01672143409496,-0.0034843478131278,0.0,420.9082011028975,-89.07707168302204,0.0,-6.801203026832013,-0.3022671727867418,-0.0240768433885705,0.0,-511.16857124187766,-420.9082011028975,-0.0118816260427365,-0.0418068761596259,-0.0418068761596259,515.4475062039737,-0.0008032060741243,1000.0,-1000.0,-910.922928316978,-1000.0,-1.5678020323209694,-0.0696781269327857,-0.0055501539724218,1000.0,-19.67610506226231,1000.0,-0.002738932712873, Neutralism,Healthy
SRR12328894.bin.3.fbc2XSRR12328894.bin.18.fbc2 ,-0.0879167817073494,-0.0879167817073494,36.99029760193662,-0.0016890832220042,0.0,0.0,1000.0,-68.85270745007563,-3.2969722136012933,-0.1465279695121353,-0.0116715650642618,0.7746980197897528,-478.2228949352718,0.0,-0.0057597737871901,-0.0447997426645088,-0.0447997426645088,681.5604460332302,-0.0008607059108953,-1000.0,1000.0,-937.3530650903366,-931.1472925499244,-1.6800376887426864,-0.0746662377740676,-0.0059474778446428,999.22530198021,-0.3686067741253964,-1000.0,-0.0029350071563385, Amensalism,Healthy
SRR12328894.bin.20.fbc2XSRR12328894.bin.14.fbc2 ,-0.1083626644285686,-0.1083626644285686,990.5484918532676,-0.0020818955701997,-1000.0,999.8374455938792,0.0,-642.7700884430475,-4.063714420327301,-0.180604440714319,-0.0143858983900599,372.57094269317895,-414.8524954725194,-999.8374455938794,-0.0070992638943607,-0.086868178365421,-0.086868178365421,9.451508146732522,-0.001668937144359,999.869689387766,-1000.0,-1000.0,-253.60228569189223,-3.25764848024744,-0.1447802972757017,-0.0115323556677822,627.429057306821,-219.3504095870701,1000.0,-0.005691075662412, Neutralism,Healthy
SRR12328894.bin.10.fbc2XSRR12328894.bin.1.fbc2 ,-0.085282379091609,-0.085282379091609,484.5524937960263,-0.0016384702995537,-1000.0,1000.0,536.5708570523993,0.0,-3.1981793318032032,-0.1421372984860909,-0.0113218297699404,-2.6248621892871142,-310.3057080603537,-1000.0,-0.0055871837214453,-0.0418068761596259,-0.0418068761596259,515.4475062039737,-0.0008032060741243,1000.0,-1000.0,-1000.0,-1000.0,-1.5678020323209694,-0.0696781269327857,-0.0055501539724218,1000.0,-19.67289223796547,1000.0,-0.002738932712873, Neutralism,Healthy
SRR12328894.bin.2.fbc2XSRR12328894.bin.12.fbc2 ,-0.0879900697162838,-0.0879900697162838,1.9077616412404268,-0.0016904912529298,-1000.0,1000.0,925.3586148272448,-348.2965955069874,-3.2997205913794687,-0.1466501161937685,-0.0116812945578885,7.98469733508,-418.1735540168236,-1000.0,-0.0057645751725203,-0.0290003042815669,-0.0290003042815669,651.7716723050441,-0.0005571624261619,0.0,0.0,36.1409615816417,-651.7034044930126,-1.08754205449236,-0.0483338404692403,-0.003849992364735,645.02352665425,-0.059215222652142,0.0,-0.0018999238732249, Amensalism,Healthy
SRR12328894.bin.9.fbc2XSRR12328894.bin.7.fbc2 ,-0.144123144296941,-0.144123144296941,225.1687281735335,-0.0027689364898151,-1000.0,1000.0,-2.4722859118637643,-67.39293755635765,-5.404770202643704,-0.2402052404950154,-0.0191333511448874,658.6035347608683,-397.4608921611437,-1000.0,-0.0094420734303639,-0.2230333844790948,-0.2230333844790948,774.8312718264665,-0.0042849833713489,1000.0,-1000.0,-518.3850159532539,1000.0,-8.363987592052581,-0.3717223074652338,-0.0296092350961316,341.39646523913166,-500.16728575081777,1000.0,-0.0146117932963534, Neutralism,Healthy
SRR12328894.bin.20.fbc2XSRR12328894.bin.16.fbc2 ,-0.1085678904888709,-0.1085678904888709,1000.0,-0.0020858384340272,-0.1628622649254794,0.0,0.0,0.0,-4.07141061444554,-0.1809464841480803,-0.0144131435788494,0.0,-500.1830531809664,0.0,-0.0071127090599247,-0.1677003020765823,-0.1677003020765823,0.0,-0.0032219078208299,-933.7786464799368,1000.0,-1000.0,-1000.0,-6.288938532802717,-0.2795005034610085,-0.0222633830422864,-31.75060144016641,-499.8169468190336,-1000.0,-0.010986705669211, Neutralism,Healthy
SRR12328894.bin.7.fbc2XSRR12328894.bin.8.fbc2 ,-0.2313983927649587,-0.2313983927649587,796.6354125010116,-0.0044456943854811,1000.0,-1000.0,0.0,1000.0,-8.677684241877387,-0.3856639879415979,-0.0307197482037508,1000.0,-499.9953844810568,1000.0,-0.01515981785451,-0.1077299376647715,-0.1077299376647715,203.3645874989884,-0.0020697394363651,-1000.0,999.8383947448056,1000.0,0.0,-4.039986498099097,-0.1795498961080284,-0.0143018995055399,-13.860051530664578,-500.0046155189432,-999.8383947448056,-0.0070578114781483, Neutralism,Healthy
SRR12328894.bin.8.fbc2XSRR12328894.bin.19.fbc2 ,-0.1098881833132736,-0.1098881833132736,679.5537332668268,-0.0021112042903723,-1000.0,999.8351571690088,919.2525846566468,1000.0,-4.1209229904836775,-0.1831469721887515,-0.0145884216464082,992.011506203104,-715.6870440045648,-999.8351571690088,-0.0071992066301618,-0.0813879171420239,-0.0813879171420239,10.372745402239389,-0.0015636487443089,999.8779103060432,-1000.0,80.74741534335317,-15.591266721542524,-3.052132893506041,-0.1356465285699641,-0.0108048128232667,7.988493796896137,-284.31295599543523,1000.0,-0.0053320422181286, Neutralism,Healthy
SRR12328894.bin.1.fbc2XSRR12328894.bin.6.fbc2 ,-0.0418068761596259,-0.0418068761596259,515.4475062039737,-0.0008032060741243,1000.0,-1000.0,-909.4517760715596,-1000.0,-1.5678020323209694,-0.0696781269327857,-0.0055501539724218,1000.0,-19.67610506226231,1000.0,-0.002738932712873,-0.090344466062902,-0.090344466062902,8.234432489579717,-0.0017357246121036,-0.3687289035732419,1000.0,625.6596691678842,17.593045520039823,-3.3880129422133223,-0.1505741101049125,-0.0119938570700242,0.0,-749.9428485539459,-1000.0,-0.0059188209274907, Neutralism,Healthy
SRR12328894.bin.23.fbc2XSRR12328894.bin.14.fbc2 ,-0.0893609734979302,-0.0893609734979302,9.15285007826776,-0.0017168294620159,-1000.0,999.7506648572314,-372.50458272425,-40.20235227621861,-3.351130931792796,-0.1489349558298833,-0.0118632915825302,-28.64478266648056,-734.568247263135,-999.7506648572314,-0.0058543884654743,-6.770364581412994e-06,-6.770364620933833e-06,0.004345351363213,-1.3007424748151766e-07,999.9999898438028,-1000.0,673.3109045468467,-959.7976477237814,-0.0002538958258865,-1.1283940969021656e-05,-8.988130275611184e-07,999.9992273121431,-163.30993633900368,1000.0,-4.4355318391197526e-07, Amensalism,Healthy
SRR12328894.bin.9.fbc2XSRR12328894.bin.1.fbc2 ,-0.1521741813804737,-0.1521741813804737,387.4388951956794,-0.002923615396412,-1000.0,1000.0,1000.0,-89.05253559696166,-5.70669260061652,-0.2536236356341987,-0.0202021823888571,769.1516703664338,-500.31072184432514,-1000.0,-0.0099695285016423,-0.0097570679137106,-0.0097570679137106,238.63801680915597,-0.0001874556755865,1000.0,-1000.0,-1000.0,-360.02777385725824,-0.3659003568242269,-0.0162617798561086,-0.0012953187182347,230.848329633566,-0.5910233758487493,1000.0,-0.0006392238536818, Amensalism,Healthy
SRR12328894.bin.3.fbc2XSRR12328894.bin.2.fbc2 ,-0.1315973861159136,-0.1315973861159136,519.8500181141203,-0.0025282879176984,-1000.0,1000.0,-308.3830269309575,-528.0922620086748,-4.935041035180348,-0.2193289768597424,-0.017470469511295,994.840295027204,-498.4917515636372,-1000.0,-0.0086214617992936,-0.0879898577530866,-0.0879898577530866,3.308198888183483,-0.0016904871806673,0.0,0.0,1000.0,-349.7066370808872,-3.299712642536633,-0.1466497629218111,-0.0116812664183498,5.1597049727962485,-501.5082484363628,0.0,-0.0057645612860142, Neutralism,Healthy
SRR12328894.bin.19.fbc2XSRR12328894.bin.18.fbc2 ,-0.0813899037520968,-0.0813899037520968,173.14486448650177,-0.0015636869117088,-985.7843033698936,1000.0,458.22952465010167,-15.5916472911523,-3.0522073934838545,-0.1356498395867902,-0.0108050765595635,0.0,-287.4152554014406,-1000.0,-0.0053321723687531,-0.0448344758441408,-0.0448344758441408,503.3552097494685,-0.0008613732151161,1000.0,-1000.0,-938.6128665222489,-984.4083527088476,-1.681340219681374,-0.0747241264068634,-0.0059520889160467,1000.0,-0.3688925544568064,1000.0,-0.0029372826634244, Neutralism,Healthy
SRR12328894.bin.8.fbc2XSRR12328894.bin.18.fbc2 ,-0.1094231926682596,-0.1094231926682596,248.74835398112737,-0.0021022707525162,-0.4304100134112332,1000.0,1000.0,1000.0,-4.103485349950461,-0.1823719877803569,-0.0145266908998564,0.0,-762.3299988816107,-1000.0,-0.0071687432661065,-0.0448344758441408,-0.0448344758441408,505.85774873746414,-0.0008613732151161,1000.0,-1000.0,-938.0836353734202,-1000.0,-1.681340219681374,-0.0747241264068634,-0.0059520889160467,1000.0,-0.3688925544569201,1000.0,-0.0029372826634244, Neutralism,Healthy
SRR12328894.bin.16.fbc2XSRR12328894.bin.18.fbc2 ,-0.1464768137933561,-0.1464768137933561,610.4826493301366,-0.0028141558846073,-1000.0,999.7802707085308,-222.64053283954763,-719.5068794024783,-5.49303529582528,-0.2441280229890026,-0.019445817162591,38.7474088360716,-314.2050176927902,-999.7802707085306,-0.0095962715664654,-0.0346934643218901,-0.0346934643218901,389.5173506698634,-0.0006665411012818,1000.0,-1000.0,-777.3594671604524,-280.49312059752174,-1.301041571829387,-0.0578224405363698,-0.0046057990098233,774.9445745190267,-0.2862020842337642,1000.0,-0.0022729051553369, Competition,Healthy
SRR12328894.bin.21.fbc2XSRR12328894.bin.7.fbc2 ,-0.1166728711352789,-0.1166728711352789,399.3732283729241,-0.0022415537201823,-1000.0,999.8249794855284,319.1669228122196,0.0,-4.3753559530271104,-0.194454785225389,-0.0154891362063835,368.0955516296592,-339.6946780345586,-999.8249794855284,-0.0076436981858023,-0.2181228399704196,-0.2181228399704196,600.6267716270759,-0.004190640537331,1000.0,-1000.0,253.6969853168025,1000.0,-8.179836984121948,-0.3635380666174796,-0.0289573261133,631.9044483703408,-500.1636026065792,1000.0,-0.0142900842324706, Amensalism,Healthy
SRR12328894.bin.16.fbc2XSRR12328894.bin.8.fbc2 ,-0.1703707214527412,-0.1703707214527412,189.99878694736933,-0.0032732127079952,-1000.0,999.7444275517572,-1000.0,-1000.0,-6.389082081176753,-0.2839512024212354,-0.0226178998124169,0.0,-252.33433255788736,-999.7444275517572,-0.0111616553343765,-0.1119731439376892,-0.1119731439376892,767.1932845910378,-0.0021512611707521,999.8320295277877,-1000.0,1000.0,1000.0,-4.199111217028417,-0.1866219065628911,-0.0148652146898484,244.67231659867932,-747.6656674421126,1000.0,-0.0073358005922727, Neutralism,Healthy
SRR12328894.bin.20.fbc2XSRR12328894.bin.5.fbc2 ,-0.1085678904888709,-0.1085678904888709,1000.0,-0.0020858384340272,-1000.0,999.8371377350744,0.0,-517.4637367520866,-4.07141061444554,-0.1809464841480803,-0.0144131435788494,15.243158949263377,-400.71161530108975,-999.8371377350744,-0.0071127090599247,-0.1813603036720223,-0.1813603036720223,0.0,-0.0034843478131278,1000.0,-338.8601033409749,-1000.0,-482.53626324791344,-6.801203026832013,-0.3022671727867418,-0.0240768433885705,-46.33520565343804,60.240476821530365,338.860103340975,-0.0118816260427365, Neutralism,Healthy
SRR12328894.bin.22.fbc2XSRR12328894.bin.3.fbc2 ,-0.0595048992548754,-0.0595048992548754,498.7451166355838,-0.0011432257301748,-1000.0,1000.0,1000.0,-451.5461978155788,-2.231496599473985,-0.0991748320915348,-0.0078996897954084,5.588418904490368,-400.509395662781,-1000.0,-0.0038983997397963,-0.1315785478383304,-0.1315785478383304,501.2548833644162,-0.002527925991103,0.0,0.0,-79.75081919042202,-548.4538021844212,-4.934334579864981,-0.219297579730437,-0.0174679685986802,994.4115810955096,-599.490604337219,0.0,-0.0086202276297626, Amensalism,Healthy
SRR12328894.bin.21.fbc2XSRR12328894.bin.18.fbc2 ,-0.1630564328409036,-0.1630564328409036,955.6971951684122,-0.0031326884311511,-1000.0,999.7553996872966,-917.4345762024788,487.1412249087503,-6.114788529396037,-0.2717607214013924,-0.0216468770591973,911.985007856304,-369.5391967286363,-999.7553996872964,-0.0106824675501684,-0.0039461060391658,-0.0039461060391658,44.30280483158776,-7.581375678000768e-05,1000.0,-1000.0,-82.56542379752125,-88.76143725881343,-0.1479831462261245,-0.0065768433986477,-0.0005238730591372,88.01499214369596,-0.0324680752823951,1000.0,-0.0002585249105777, Amensalism,Healthy
SRR12328894.bin.9.fbc2XSRR12328894.bin.23.fbc2 ,-0.1346653122985799,-0.1346653122985799,802.0856945367914,-0.0025872298232343,-1000.0,1000.0,0.0,-513.2098452984235,-5.050091508837795,-0.2244421871642998,-0.0178777580784981,1000.0,-397.6275167201818,-1000.0,-0.0088224536972347,-0.0732916244811576,-0.0732916244811576,7.00851687139027,-0.0014081003743058,999.7955015826436,-1000.0,514.3469250727294,-32.79811812361436,-2.74851336356528,-0.1221527074686719,-0.0097299735862179,-23.39168728059883,-602.3724832798182,1000.0,-0.004801622276318, Competition,Healthy
SRR12328894.bin.12.fbc2XSRR12328894.bin.8.fbc2 ,-0.0688427504037463,-0.0688427504037463,14.616145736877344,-0.0013226272892552,-1000.0,1000.0,1000.0,-19.30984210806844,-2.5816758846419816,-0.114737917339653,-0.0091393545684468,3.158579210721882,-0.1405688282980008,-1000.0,-0.0045101590562808,-0.0928410392904197,-0.0928410392904197,985.3838542631228,-0.0017836895157188,999.8607295226166,-1000.0,0.0,1000.0,-3.48163707631602,-0.1547350654841466,-0.0123252945533067,462.936341643519,-973.4543127950288,1000.0,-0.0060823812484613, Amensalism,Healthy
SRR12328894.bin.9.fbc2XSRR12328894.bin.3.fbc2 ,-0.1521741813804737,-0.1521741813804737,387.4388951956796,-0.002923615396412,0.0,0.0,297.4185896710328,-89.05253559696189,-5.70669260061652,-0.2536236356341987,-0.0202021823888571,769.1516703664349,-500.31072184432514,0.0,-0.0099695285016423,-0.0980265323289586,-0.0980265323289586,146.51020503361178,-0.0018833147421446,-1000.0,1000.0,702.5814103289672,-184.9309369292115,-3.67609854464888,-0.1633775538816735,-0.0130137048682854,230.84832963356507,-498.0506162225498,-1000.0,-0.0064221032707791, Amensalism,Healthy
SRR12328894.bin.9.fbc2XSRR12328894.bin.22.fbc2 ,-0.1456661236652507,-0.1456661236652507,242.56775058426388,-0.0027985806659671,-1000.0,1000.0,1000.0,-85.24401146955177,-5.462633559383562,-0.24277687277538,-0.0193381924020741,693.4900760449289,-397.4337085257305,-1000.0,-0.0095431600710753,-0.0815346085267947,-0.0815346085267947,757.4322494157361,-0.0015664670225987,0.0,0.0,-1000.0,226.6769060171193,-3.05763397544024,-0.1358910142113245,-0.0108242871261836,7.657345081947142,-400.6979824597663,0.0,-0.0053416525471448, Neutralism,Healthy
SRR12328894.bin.23.fbc2XSRR12328894.bin.8.fbc2 ,-0.0893609734979463,-0.0893609734979463,8.920594379749446,-0.0017168294619978,-1000.0,999.7506648572314,-372.582001290423,-40.04751514387294,-3.3511309317927958,-0.1489349558298727,-0.0118632915825855,-28.567364100307717,-734.5682472631352,-999.7506648572314,-0.0058543884654227,-0.1042317495347333,-0.1042317495347333,496.6253823361296,-0.0020025312110192,999.843642363042,-1000.0,1000.0,1000.0,-3.908800746769657,-0.1737195825579647,-0.0138374906682656,988.1960397258872,-265.43175273686484,1000.0,-0.0068286314296983, Neutralism,Healthy
SRR12328895.bin.7.fbc2XSRR12328895.bin.3.fbc2 ,-0.1678900819387081,-0.1678900819387081,1000.0,-0.0032255539277912,-26.154662067361077,1000.0,-306.62173428232563,-1000.0,-6.296055478165613,-0.2798168032311423,-0.0222885776406656,3.19827290940475,-243.80414635459957,-1000.0,-0.0109991388935668,-0.0351739517360556,-0.0351739517360556,0.0,-0.0006757723676855,25.588072449482524,0.0,746.911282130653,313.5282074614215,-1.3190603575811792,-0.058623252893426,-0.004669587060448,311.13358721139593,-8.480228347839784,0.0,-0.0023043837736622, Amensalism,Healthy
SRR12328895.bin.32.fbc2XSRR12328895.bin.23.fbc2 ,-0.0244330850102869,-0.0244330850102869,3.43346103138083,-0.0004694156582445,-1000.0,999.9633480254064,-459.7709491227288,0.0,-0.9162665057473304,-0.0407218083504403,-0.0032436621983151,3.5108856676880578,-144.0303862236144,-999.9633480254064,-0.0016007073945729,-0.2009299708242906,-0.2009299708242906,996.5665389686192,-0.0038603260485388,1000.0,-194.41334419752445,-335.8410140429173,-1000.0,-7.535086223843336,-0.334883284707189,-0.0266748529951428,996.489114332312,-201.7897223488769,194.41334419752457,-0.0131637118254275, Amensalism,Healthy
SRR12328895.bin.14.fbc2XSRR12328895.bin.32.fbc2 ,-0.0849100210708684,-0.0849100210708684,1.3311542208232368,-0.0016313164470602,-1000.0,1000.0,1000.0,23.68567391778936,-3.1842155125633558,-0.1415167017847807,-0.0112723966493604,975.8030676876732,-203.8515138663988,-1000.0,-0.0055627890845926,-0.0893346295007404,-0.0893346295007404,18.68346672598273,-0.0017163233333121,999.8659894741322,-1000.0,-767.7946150527051,976.3143260822108,-3.350143004060101,-0.1488910491679007,-0.0118597942333735,24.19693231232668,-316.37551923071646,1000.0,-0.0058526625666672, Neutralism,Healthy
SRR12328895.bin.14.fbc2XSRR12328895.bin.26.fbc2 ,-0.0849100210708684,-0.0849100210708684,1.3311542208232368,-0.0016313164470602,1000.0,-1000.0,-583.9272347665445,0.0,-3.1842155125632416,-0.1415167017847807,-0.0112723966493604,-6.59203557052922,94.17703916891924,1000.0,-0.0055627890845926,-0.0876346683867268,-0.0876346683867268,63.47711051151305,-0.0016836631774594,0.0,999.518565509127,-416.0727652334554,-1000.0,-3.2863926659789517,-0.1460577806445826,-0.0116341125562939,994.382070565875,-249.9106291980629,-999.518565509127,-0.0057412914351289, Neutralism,Healthy
SRR12328895.bin.16.fbc2XSRR12328895.bin.23.fbc2 ,-0.0322284722930135,-0.0322284722930135,335.62765333156403,-0.0006191829451154,-1000.0,1000.0,494.7637372502045,343.40426605109906,-1.2086017660484458,-0.05371412048828,-0.0042785541506873,0.0,-0.0658067634062717,-1000.0,-0.0021114138428401,-0.1931378927092737,-0.1931378927092737,664.372346668436,-0.0037106223383034,1000.0,-837.3993933593431,-1000.0,-1000.0,-7.242875060827941,-0.3218964878489032,-0.0256404003578154,1000.0,-523.6506033291932,837.3993933593431,-0.0126532221736397, Amensalism,Healthy
SRR12328895.bin.7.fbc2XSRR12328895.bin.34.fbc2 ,-0.166780932700135,-0.166780932700135,985.3453444870312,-0.0032042446243849,-9.919054318895746,1000.0,-286.55927096086407,-996.146773009778,-6.254461209710939,-0.2779682211669296,-0.0221413303546569,-0.8331356447910139,-247.86078353895755,-1000.0,-0.0109264741691958,-0.0369208717372657,-0.0369208717372657,14.654655512968702,-0.0007093347115869,-0.0553848542795094,0.0,478.763624911453,-3.853226990221856,-1.3845717035572989,-0.0615347862287762,-0.0049015028569101,1000.0,-500.2616234612965,0.0,-0.0024188313664126, Amensalism,Healthy
SRR12328895.bin.3.fbc2XSRR12328895.bin.30.fbc2 ,-0.0826610979421502,-0.0826610979421502,965.7683265513774,-0.0015881094705036,-1000.0,1000.0,746.970308640909,-420.1110361040244,-3.099878518853416,-0.1377684965702883,-0.0109738364415079,290.2387881921227,-4.894886891228339,-1000.0,-0.0054154532946313,-0.0898369456847376,-0.0898369456847376,34.23167344862259,-0.0017259739804558,999.7493367988128,-1000.0,86.55775045940618,943.7914049291848,-3.368980391744685,-0.1497282428077824,-0.0119264802052612,61.11258768185121,-979.3330322199126,1000.0,-0.0058855712734384, Neutralism,Healthy
SRR12328895.bin.34.fbc2XSRR12328895.bin.3.fbc2 ,-0.1289229499425346,-0.1289229499425346,1000.0,-0.0024769058586571,-1000.0,999.8066031905568,469.22928999958,-581.7374191093493,-4.834746852668332,-0.2148715832375956,-0.0171154194832752,820.1573438917321,-500.0,-999.8066031905568,-0.0084462489779753,-0.0401760354858424,-0.0401760354858424,0.0,-0.0007718738805806,999.5281797184676,0.1933968094431293,510.0193088547476,-418.2625808906507,-1.5066437837826925,-0.0669600591430708,-0.0053336485150339,179.84265610826787,-252.3098574624786,-0.1933968094431293,-0.0026320899328311, Amensalism,Healthy
SRR12328895.bin.34.fbc2XSRR12328895.bin.26.fbc2 ,-0.1268303036345059,-0.1268303036345059,1000.0,-0.0024367013186292,-1000.0,999.8097423610416,63.74059817234138,113.73783904755716,-4.7562704048674505,-0.2113838393909191,-0.0168376061117214,757.5789499805401,-500.0,-999.8097423610416,-0.008309151496519,-0.0619333271943105,-0.0619333271943105,0.0,-0.001189881406276,999.4733113908688,0.1902576389584283,936.2594018276586,-1000.0,-2.322565213264284,-0.1032222119905554,-0.0082220805170436,242.42105001945995,-290.6123371009676,-0.1902576389584283,-0.0040574955952479, Amensalism,Healthy
SRR12328895.bin.7.fbc2XSRR12328895.bin.26.fbc2 ,-0.1668525217530714,-0.1668525217530714,999.9542924869484,-0.0032056200144552,-45.30618946978859,1000.0,-303.38422420613404,-984.09947921097,-6.2571458748393525,-0.2780875362550432,-0.0221508342999641,6.846919233947574,-239.0141459276905,-1000.0,-0.0109311642493139,-0.0013846838266999,-0.0013846838266999,0.0457075130516386,-2.6602955358612235e-05,-0.0020771587547869,0.0,-696.615775793866,-15.90052078903011,-0.0519271066625606,-0.0023078063777575,-0.0001838264215621,31.1894691191967,2.96622952191683e-05,0.0,-9.071607780697376e-05, Amensalism,Healthy
SRR12328895.bin.26.fbc2XSRR12328895.bin.3.fbc2 ,-0.0773808623093827,-0.0773808623093827,29.240268151762397,-0.0014866640212858,999.5596062248042,0.1206901637157216,835.9272737137201,-1000.0,-2.9018641031224206,-0.1289681038489334,-0.0102728483873306,662.2984403659466,-734.6412028420241,-0.1206901637157216,-0.0050695243127165,-0.0804549567291132,-0.0804549567291132,970.7597318482376,-0.0015457244328445,-1000.0,999.8793098362844,164.07272628627993,0.0,-3.017145892183521,-0.1340915945484084,-0.010680955830935,337.7015596340534,-148.60544085840831,-999.8793098362844,-0.0052709203159793, Amensalism,Healthy
SRR12328895.bin.26.fbc2XSRR12328895.bin.30.fbc2 ,-0.0875936604697926,-0.0875936604697926,31.475249070894503,-0.0016828753211939,0.0,952.5724980847745,-407.61302678866446,-1000.0,-3.2848548257611583,-0.145989434116359,-0.0116286684697115,1000.0,-238.17409784148083,-952.5724980847746,-0.0057386048454191,-0.0801450202815203,-0.0801450202815203,470.8759067793512,-0.0015397698421111,1000.0,-1000.0,64.84987611188808,0.0,-3.0055229478969068,-0.1335750338024581,-0.0106398096089606,0.0,-761.8259021585192,1000.0,-0.0052506151615716, Amensalism,Healthy
SRR12328895.bin.34.fbc2XSRR12328895.bin.32.fbc2 ,-0.13230336297147,-0.13230336297147,987.640859147548,-0.0025418513539534,-0.6181626106712201,1000.0,0.0,-967.155541832986,-4.961515913253834,-0.22050560495245,-0.017564192855616,971.4516807860356,-937.1949342407128,-1000.0,-0.0086677131168926,-0.0892442779114617,-0.0892442779114617,12.359140852452128,-0.001714587471838,1000.0,-1000.0,-1000.0,-32.84445816701407,-3.346754723992831,-0.1487404631858453,-0.0118477994307113,28.548319213964533,-62.80506575928723,1000.0,-0.0058467432791076, Neutralism,Healthy
SRR12328895.bin.26.fbc2XSRR12328895.bin.23.fbc2 ,-0.0298166893217057,-0.0298166893217057,7.866887630662518,-0.0005728470571284,-0.3182680125878505,1000.0,0.0,-340.2385137133237,-1.1181573561510731,-0.0496944822027671,-0.0039583731645507,-2.060754274714782,-332.3974760447986,-1000.0,-0.0019534084647148,-0.1822125430380765,-0.1822125430380765,992.1331123693376,-0.0035007212879918,999.7266636818364,-1000.0,-1000.0,-659.7614862866762,-6.833162903600169,-0.3036875717301655,-0.0241899840997348,1000.0,-483.89374146952014,1000.0,-0.011937459591877, Competition,Healthy
SRR12328895.bin.14.fbc2XSRR12328895.bin.23.fbc2 ,-0.0849100210708684,-0.0849100210708684,1.3311542208232368,-0.0016313164470602,-1000.0,1000.0,70.95096042532487,965.9377700083612,-3.1842155125633558,-0.1415167017847807,-0.0112723966493604,-6.592035570529447,-480.9649677239961,-1000.0,-0.0055627890845926,-0.2071961207299182,-0.2071961207299182,998.6688457791768,-0.0039807131744282,1000.0,-270.05310895310754,-250.1781699598455,-1000.0,-7.7700734665970685,-0.3453268678832728,-0.0275067280354051,1000.0,-308.1942958904492,270.05310895310754,-0.0135742319248493, Neutralism,Healthy
SRR12328895.bin.34.fbc2XSRR12328895.bin.23.fbc2 ,-0.1283521212093319,-0.1283521212093319,1000.0,-0.0024659389281396,-1000.0,999.8074594884912,0.0,0.0,-4.813340171992422,-0.213920202015629,-0.0170396379934345,827.8466418536914,-500.0,-999.8074594884912,-0.008408851744889,-0.1704342597363393,-0.1704342597363393,0.0,-0.0032744334242806,1000.0,-0.6411337652396014,-1000.0,-1000.0,-6.391464833952114,-0.2840570995606413,-0.0226263349620694,172.15335814630862,-500.0,0.6411337652396014,-0.0111658179769165, Amensalism,Healthy
SRR12328895.bin.7.fbc2XSRR12328895.bin.30.fbc2 ,-0.1603982854397827,-0.1603982854397827,990.9188239716,-0.0030816193168448,-676.46651055996,1000.0,-963.5568224859078,-1000.0,-6.015105193056115,-0.267330475733047,-0.0212939894790906,329.4788130756772,-81.21088686100029,-1000.0,-0.0105083218703612,-0.0854614241645776,-0.0854614241645776,9.081176028400025,-0.0016419101664268,999.7615453865242,-1000.0,61.394650401865874,880.9029874816861,-3.204893711231648,-0.1424357069410007,-0.0113455992502622,94.99405849996695,-918.7891131389996,1000.0,-0.0055989136676544, Neutralism,Healthy
SRR12328895.bin.34.fbc2XSRR12328895.bin.14.fbc2 ,-0.1326503861029095,-0.1326503861029095,998.6688457791768,-0.0025485184650051,-0.6070374242815433,1000.0,-338.9013401635773,78.64766086956888,-4.974529647374311,-0.2210839768381447,-0.0176102625930525,960.3283998726922,-875.108612639041,-1000.0,-0.0086904479655913,-0.0849100210708684,-0.0849100210708684,1.3311542208232368,-0.0016313164470602,1000.0,-1000.0,-661.0986598364227,-34.243045106634554,-3.1842155125632416,-0.1415167017847807,-0.0112723966493604,39.67160012730778,408.1012526982984,1000.0,-0.0055627890845926, Neutralism,Healthy
SRR12328895.bin.16.fbc2XSRR12328895.bin.14.fbc2 ,-0.0890070360753725,-0.0890070360753725,998.6688554641468,-0.0017100295115142,-1000.0,999.8664808957394,950.0842322414384,0.0,-3.3378579044502885,-0.1483450601256208,-0.011816303924661,438.3910888876985,-0.1483621604207883,-999.8664808957394,-0.0058312006343612,-0.0849094032979564,-0.0849094032979564,1.3311445358531273,-0.0016313045782681,1000.0,-1000.0,49.91576775856174,1000.0,-3.184192345426254,-0.1415156721633366,-0.0112723146356756,-6.606538846231729,-382.214988980813,1000.0,-0.005562748611851, Neutralism,Healthy
SRR12328895.bin.7.fbc2XSRR12328895.bin.16.fbc2 ,-0.1672775733737808,-0.1672775733737808,999.9996042265698,-0.0032137862319814,-23.48288454714691,1000.0,-306.2036476914508,-1000.0,-6.273085759758942,-0.278795955622968,-0.0222072628628211,-9.777951554653557,-244.47084006394653,-1000.0,-0.0109590110509998,-0.0015846159259353,-0.0015846159259353,0.0003957734301138,-3.0444110052485485e-05,999.9976229238904,-1000.0,-693.7963523085492,0.385134888084508,-0.0594247716483096,-0.0026410265431877,-0.0002103688001398,16.67870927434342,-0.002641330984261,1000.0,-0.0001038144151834, Amensalism,Healthy
SRR12328895.bin.32.fbc2XSRR12328895.bin.30.fbc2 ,-0.0893168455637578,-0.0893168455637578,787.2910891640674,-0.0017159816630964,-1000.0,999.866016151746,-1000.0,-295.69032915159823,-3.3494760876325245,-0.1488614092729676,-0.0118574332919934,362.1546494515587,-30.891845570145392,-999.866016151746,-0.0058514974710988,-0.0895507511424966,-0.0895507511424966,212.70891083593256,-0.0017204755263264,999.7501353393192,-1000.0,90.06087108560587,451.7335225290676,-3.358247793999112,-0.1492512519042748,-0.0118884858865158,19.826553507712788,-969.1081544298546,1000.0,-0.0058668215446004, Neutralism,Healthy
SRR12328895.bin.7.fbc2XSRR12328895.bin.23.fbc2 ,-0.0845928124508645,-0.0845928124508645,457.660399059464,-0.0016252221412287,-51.107948952228526,1000.0,-952.7429814262556,-416.6363034046939,-3.1723198541255897,-0.1409880207514788,-0.0112302849959178,3.9191906891264807,-237.3957413711125,-1000.0,-0.0055420075016172,-0.1590592717318486,-0.1590592717318486,542.339600940536,-0.0030558937892237,999.7613958129332,-1000.0,-47.25701857374429,-583.3636965953061,-5.964890764103188,-0.2650987862198235,-0.0211162260839046,996.0808093108736,-485.9403216185433,1000.0,-0.010420597821394, Competition,Healthy
SRR12328895.bin.32.fbc2XSRR12328895.bin.3.fbc2 ,-0.0892442779114617,-0.0892442779114617,12.359140852452017,-0.001714587471838,-1000.0,1000.0,0.0,615.0483449941576,-3.346754723992831,-0.1487404631858453,-0.0118477994307113,380.68730450452176,-268.7012141639716,-1000.0,-0.0058467432791076,-0.0833377470756886,-0.0833377470756886,987.640859147548,-0.0016011094538725,999.518461335468,0.0,884.938012130687,-362.41584977873606,-3.125253576356726,-0.138896245126034,-0.0110636663264358,301.2671648611895,-254.8153714585081,0.0,-0.0054597832378249, Neutralism,Healthy
SRR12328895.bin.34.fbc2XSRR12328895.bin.16.fbc2 ,-0.1168613774270852,-0.1168613774270852,995.5305548883248,-0.0022451753587802,0.1195817668290146,999.4515092585008,856.5216504446653,-717.9294057157351,-4.382425138161125,-0.1947689623784754,-0.0155141617294702,487.4824697626782,-749.9365985793368,-999.4515092585006,-0.007656047973569,-0.07971607279012,-0.07971607279012,4.469445111675213,-0.0015315287760131,999.880418233171,-1000.0,-1000.0,232.60892743323893,-2.989436963712365,-0.1328601213168667,-0.0105828638420462,512.5175302373218,-0.1328754366046496,1000.0,-0.0052225131261138, Competition,Healthy
SRR12328895.bin.26.fbc2XSRR12328895.bin.32.fbc2 ,-0.0876346683867268,-0.0876346683867268,37.63714509656074,-0.0016836631774594,-0.3597695150966729,1000.0,-723.6000379650726,-1000.0,-3.2863926659789517,-0.1460577806445826,-0.0116341125562939,968.4204401751474,-596.2078253201419,-1000.0,-0.0057412914351289,-0.0893346295007404,-0.0893346295007404,29.757407994771256,-0.0017163233333121,999.8659894741322,-1000.0,-276.3999620349274,961.5490710571596,-3.350143004060101,-0.1488910491679007,-0.0118597942333735,31.579559824852595,-313.9185026177364,1000.0,-0.0058526625666672, Neutralism,Healthy
SRR12328895.bin.14.fbc2XSRR12328895.bin.30.fbc2 ,-0.0849100210708684,-0.0849100210708684,1.3311542208232368,-0.0016313164470602,-1000.0,1000.0,0.0,-994.2546217438014,-3.1842155125633558,-0.1415167017847807,-0.0112723966493604,432.8397271884612,265.9359857559987,-1000.0,-0.0055627890845926,-0.0898384404516718,-0.0898384404516718,46.67497921072891,-0.0017260026984331,999.7493326281116,-1000.0,1000.0,953.33658500735,-3.369036447084227,-0.1497307340860061,-0.0119266786459775,19.89024797601576,-999.6981221280502,1000.0,-0.0058856692015751, Neutralism,Healthy
SRR12328895.bin.14.fbc2XSRR12328895.bin.3.fbc2 ,-0.0849100210708684,-0.0849100210708684,1.3311542208233504,-0.0016313164470602,1000.0,-1000.0,513.5005023209574,-189.2706880803921,-3.1842155125632416,-0.1415167017847807,-0.0112723966493604,693.2530613466006,-180.09090678739892,1000.0,-0.0055627890845926,-0.0835939175220801,-0.0835939175220801,998.6688457791764,-0.001606031076335,-1000.0,999.8746010935616,486.4994976790426,-363.7655453722607,-3.134860238788633,-0.1393231958702472,-0.011097674737357,306.7469386533994,-4.918775317114637,-999.8746010935614,-0.0054765659701843, Neutralism,Healthy
SRR12328895.bin.34.fbc2XSRR12328895.bin.30.fbc2 ,-0.1214028922850047,-0.1214028922850047,981.6113077979168,-0.0023324282859675,-1000.0,999.8178839994312,-1000.0,-283.35371122240235,-4.552736744242452,-0.2023381538083413,-0.0161170794560803,973.8115651779258,-16.730881024437053,-999.817883999431,-0.0079535804551369,-0.0891277113338446,-0.0891277113338446,18.388692202083348,-0.0017123479602787,999.7513157057252,-1000.0,129.6472958779393,946.2452912925056,-3.342383354155345,-0.1485461855563699,-0.0118323244056455,26.18843482207444,-983.269118975563,1000.0,-0.005839106544613, Neutralism,Healthy
SRR12328895.bin.16.fbc2XSRR12328895.bin.26.fbc2 ,-0.0030627078604084,-0.0030627078604084,42.11150767327649,-5.884164954750304e-05,25.092446027096457,0.0,-1000.0,0.0,-0.114854781056124,-0.0051045131007185,-0.0004065957986085,-1.4184691675764045,-6.279365197290986,0.0,-0.0002006500250217,-0.0866192648818469,-0.0866192648818469,22.85377883924264,-0.0016641549449332,-25.342676822511635,1000.0,626.7258100743625,-1000.0,-3.248313961590952,-0.1443654414697448,-0.0114993106692509,986.5874048434384,-243.69495956613287,-1000.0,-0.0056747683620415, Amensalism,Healthy
SRR12328895.bin.30.fbc2XSRR12328895.bin.23.fbc2 ,-0.0848560339292134,-0.0848560339292134,342.10365935449227,-0.0016302792301985,-1000.0,1000.0,1000.0,-37.75105560634654,-3.1821909377015345,-0.1414267232153179,-0.0112652294802728,0.0,-865.8259605162284,-1000.0,-0.0055592521747485,-0.2050757236455638,-0.2050757236455638,657.8963406455077,-0.0039399754782607,1000.0,-464.9085152777157,-1000.0,-962.2489443936536,-7.69055633535811,-0.3417928727425305,-0.0272252305550182,1000.0,-134.1740394837716,464.9085152777157,-0.0134353163809919, Neutralism,Healthy
SRR12328895.bin.7.fbc2XSRR12328895.bin.32.fbc2 ,-0.167319661156057,-0.167319661156057,990.46816911811,-0.0032145948348443,-13.855000176227804,1000.0,-294.29881587211526,-1000.0,-6.2746640960695,-0.2788661019268375,-0.0222128503090743,-0.8358268030201543,-246.8778970949953,-1000.0,-0.0109617683870055,-0.0890302696725484,-0.0890302696725484,9.531830881890189,-0.0017104758823052,1000.0,-986.8602678440266,-705.7011841278847,0.0,-3.3387291888943764,-0.1483837827876186,-0.0118193883465664,72.48844220789078,-70.11490916086939,986.8602678440266,-0.005832722758555, Neutralism,Healthy
SRR12328895.bin.16.fbc2XSRR12328895.bin.32.fbc2 ,-0.0890078070812023,-0.0890078070812023,836.9080663458178,-0.0017100443243407,0.1339965475981444,999.502414624872,298.31029846735623,-145.97106472816188,-3.337886817984554,-0.1483463451354509,-0.0118164062811274,90.02399693417578,-250.09084630390717,-999.502414624872,-0.0058312511459917,-0.0893253112510592,-0.0893253112510592,163.09193365418218,-0.001716144308375,999.866003452402,-1000.0,-1000.0,831.5934591673026,-3.349793559852742,-0.1488755187517654,-0.0118585571708536,30.62404601683079,-172.3643789447192,1000.0,-0.0058520520915408, Neutralism,Healthy
SRR12328895.bin.16.fbc2XSRR12328895.bin.30.fbc2 ,-0.0890078070812023,-0.0890078070812023,547.1287419167643,-0.0017100443243407,-902.4632930596848,1000.0,917.1339977189488,-631.2969977969946,-3.337886817984554,-0.1483463451354509,-0.0118164062811274,950.78701059993,-24.56592024586837,-1000.0,-0.0058312511459917,-0.0898384404516718,-0.0898384404516718,452.8712580832357,-0.0017260026984331,999.7493326281116,-1000.0,82.86600228105112,-368.70300220300544,-3.369036447084227,-0.1497307340860061,-0.0119266786459775,27.65389441354546,-975.4340797541316,1000.0,-0.0058856692015751, Neutralism,Healthy
SRR12328895.bin.3.fbc2XSRR12328895.bin.23.fbc2 ,-0.080673377741391,-0.080673377741391,979.5883644963752,-0.0015499208019491,0.0,102.49687379197326,411.1399660457257,0.0,-3.025336910945498,-0.1344556295689472,-0.010709952741422,342.1815657123607,-413.0665004664834,-102.49687379197326,-0.0052852299346568,-0.1919747766351065,-0.1919747766351065,20.41163550362478,-0.0036882762082086,1000.0,-103.25761714375231,-1000.0,-1000.0,-7.19925697900851,-0.3199579610585488,-0.0254859885984615,657.8184342876393,-347.27107144995534,103.2576171437522,-0.0125770218699017, Neutralism,Healthy
SRR12328895.bin.16.fbc2XSRR12328895.bin.3.fbc2 ,-0.0847115282483628,-0.0847115282483628,21.011849584538368,-0.0016275029443022,-1000.0,999.8729245701128,-1000.0,133.62810814734735,-3.1767718219758763,-0.1411858804139001,-0.0112460453448193,716.3692215555225,-0.1412021554433522,-999.8729245701128,-0.0055497850398751,-0.0830456176956886,-0.0830456176956886,978.9881504154616,-0.0015954969778704,999.5319237213166,0.1270754298873271,679.6629634689866,-987.4906598777238,-3.1142984159231446,-0.1384093628262235,-0.0110248841167504,283.6307784444775,-254.8332042763076,-0.1270754298873271,-0.0054406446944312, Neutralism,Healthy
SRR12328895.bin.7.fbc2XSRR12328895.bin.14.fbc2 ,-0.1678891695989932,-0.1678891695989932,999.9836975530924,-0.0032255363995545,-26.138217492123545,1000.0,-306.60376560723694,-1000.0,-6.296021264462297,-0.2798152826649129,-0.0222884565212098,3.192821380544501,-243.8082556355181,-1000.0,-0.0109990791225982,-0.0848542361541149,-0.0848542361541149,0.0163024469076162,-0.0016302446907729,1000.0,-1000.0,851.3138678418336,0.0,-3.18212351923853,-0.1414237269235627,-0.0112649908131743,993.5043715418944,-378.93543685737336,1000.0,-0.0055591343955256, Neutralism,Healthy
SRR12328897.bin.13.fbc2XSRR12328897.bin.12.fbc2 ,-0.087884575414364,-0.087884575414364,1000.0,-0.0016884644652463,1000.0,-1000.0,405.4826117319613,0.0,-3.295764443582925,-0.1464742923571975,-0.0116672894546354,518.9531638283454,-133.12946806190837,1000.0,-0.0057576638263299,-0.043509407266697,-0.043509407266697,-496.76606612971,-0.0008359156055348,-1000.0,999.934731709522,-897.7271341837608,-1000.0,-1.6316487478612771,-0.0725156787779042,-0.0057761768340469,481.0468361716546,-761.6263248849606,-999.934731709522,-0.0028504722147317, Competition,Healthy
SRR12328897.bin.22.fbc2XSRR12328897.bin.12.fbc2 ,-0.0459576821865539,-0.0459576821865539,556.7824187408999,-0.0008829525876308,-491.0569032433518,1000.0,-347.27710707632707,-33.93103134532441,-1.7234616443868165,-0.0765961369775141,-0.0061012023805915,534.0655055327616,-526.8875541530736,-1000.0,-0.0030108683238267,-0.042142536142137,-0.042142536142137,267.33123839464383,-0.0008096548730236,-0.0632178524874689,0.0,-652.7228929236729,-966.0689686546756,-1.5803896363463537,-0.0702375602368192,-0.0055947151727195,465.9344944672384,-473.1124458469265,0.0,-0.0027609231170799, Competition,Healthy
SRR12328897.bin.16.fbc2XSRR12328897.bin.30.fbc2 ,-0.050583368403295,-0.050583368403295,231.5785046709193,-0.0009718226398263,625.4001120764742,0.1108761609666544,528.3259735341849,-491.6235943758264,-1.896929765370487,-0.0843056140055296,-0.0067152944412782,308.4518917291029,-500.0,-0.1108761609666544,-0.0033139152018293,-0.0739127072017709,-0.0739127072017709,768.4214953290807,-0.0014200327992739,-1000.0,999.8891238390332,-383.2725242321487,-508.3764056241736,-2.7718046218708423,-0.1231878453362469,-0.0098124266429522,691.548108270897,-500.0,-999.8891238390332,-0.0048423118455502, Competition,Healthy
SRR12328897.bin.16.fbc2XSRR12328897.bin.4.fbc2 ,-0.081505524885074,-0.081505524885074,885.2756979002406,-0.0015659082590673,-856.3890763852011,1000.0,-490.2980197129917,-830.3607955827264,-3.0565433081441142,-0.1358425414750854,-0.0108204260702677,944.6687741447952,-618.2367709603541,-1000.0,-0.0053397471634752,-0.0856759434345804,-0.0856759434345804,114.72430209975936,-0.0016460315741824,1000.0,-1000.0,-509.7019802870082,-169.63920441727362,-3.212938410534093,-0.1427932390577098,-0.0113740781773685,55.33122585520482,-381.7632290396459,1000.0,-0.0056129676678438, Amensalism,Healthy
SRR12328897.bin.6.fbc2XSRR12328897.bin.4.fbc2 ,-0.2696929377101469,-0.2696929377101469,985.8940149728078,-0.0051814205131677,0.0,0.0,-1000.0,1000.0,-10.11377014225718,-0.4494882295168736,-0.0358036157459764,-274.4606563106911,-354.7576366089146,0.0,-0.0176686439498325,-0.0908987558547096,-0.0908987558547096,14.105985027192103,-0.0017463737916614,-1000.0,1000.0,1000.0,-9.225123013211146,-3.4087993951105773,-0.1514979264245539,-0.012067442900161,24.54724360265527,-500.1836573997976,-1000.0,-0.0059551346295165, Amensalism,Healthy
SRR12328897.bin.6.fbc2XSRR12328897.bin.30.fbc2 ,-0.237268038738307,-0.237268038738307,482.8664669402035,-0.0045584637605315,1000.0,-1000.0,-8.93896509595072,-748.1950985558874,-8.897802168192698,-0.3954467312304359,-0.0314989845855961,322.07096906227616,-487.3963570606252,1000.0,-0.0155443614236219,-0.0542348257250751,-0.0542348257250751,517.1335330597965,-0.0010419755182056,-1000.0,999.918642551535,571.5462250430467,-20.154867502911088,-2.0338632733428312,-0.0903913762084585,-0.007200050831102,197.8827251395769,-500.095049006775,-999.9186425515348,-0.0035531365172118, Competition,Healthy
SRR12328897.bin.3.fbc2XSRR12328897.bin.4.fbc2 ,-0.0642232194613825,-0.0642232194613825,2.7310538489875853,-0.0012338754939946,-1000.0,1000.0,-473.3543722849341,0.0,-2.408438592955349,-0.1070386991024179,-0.0085260796633974,-5.221008426452386,-146.09174275127543,-1000.0,-0.0042075154344729,-0.1018327688713043,-0.1018327688713043,997.2689461510124,-0.001956441284733,0.0,0.0,-526.6456277150659,-1000.0,-3.818836436943684,-0.169721281452098,-0.0135190092776156,492.65466409080045,-500.2079305797433,0.0,-0.0066714647809931, Neutralism,Healthy
SRR12328897.bin.3.fbc2XSRR12328897.bin.26.fbc2 ,-0.0642232194613825,-0.0642232194613825,6.32332811526021,-0.0012338754939946,1000.0,-1000.0,0.0,-16.828559494411138,-2.408438592955349,-0.1070386991024179,-0.0085260796633974,-2.7907302372536837,-17.13212525515985,1000.0,-0.0042075154344729,-0.2958473427977424,-0.2958473427977424,993.6766718847398,-0.005683906681952,-1000.0,1000.0,1000.0,1000.0,-11.094587969780946,-0.4930789046628661,-0.039275795172557,-18.776949923773373,-982.8678747448402,-1000.0,-0.0193821217856111, Neutralism,Healthy
SRR12328897.bin.18.fbc2XSRR12328897.bin.22.fbc2 ,-0.1792158351737498,-0.1792158351737498,62.00482264475568,-0.0034431476498184,1000.0,-1000.0,-842.1612138541601,1000.0,-6.720783192136992,-0.2986930586229164,-0.0237921502603057,-63.13978740456992,-500.0672102421247,1000.0,-0.0117411334858843,-0.0732494707843898,-0.0732494707843898,937.9951773552444,-0.0014072905049715,-1000.0,999.890118757371,-157.8387861458399,-92.6645385467882,-2.7469325553921635,-0.1220824513072784,-0.0097243773894888,1000.0,-499.9327897578753,-999.8901187573708,-0.0047988606220314, Neutralism,Healthy
SRR12328897.bin.30.fbc2XSRR12328897.bin.13.fbc2 ,-0.0537187371834306,-0.0537187371834306,510.8339366037394,-0.0010320602724505,-1000.0,999.9194167339236,78.16515401828269,-10.177796545048182,-2.014509407691889,-0.0895312286389753,-0.007131536482916,186.9711203102106,-500.094144538057,-999.9194167339236,-0.0035193255291687,-0.0578491108590242,-0.0578491108590242,489.1660633962606,-0.0011114142336055,1000.0,-1000.0,-1000.0,-619.9623813977704,-2.169402784997942,-0.0964151847650782,-0.0076798723541742,813.0288796897894,844.6191994375549,1000.0,-0.0037899225366118, Competition,Healthy
SRR12328897.bin.6.fbc2XSRR12328897.bin.3.fbc2 ,-0.2708170567229899,-0.2708170567229899,998.8999512063592,-0.0052030174202855,0.0,0.0,-1000.0,1000.0,-10.155925793069969,-0.4513617612050211,-0.0359528503737465,-268.040539786841,-685.5953561727014,0.0,-0.0177422894030314,-0.0641538665129246,-0.0641538665129246,1.100048793640667,-0.0012325430645887,-1000.0,1000.0,0.0,-5.268289634637995,-2.405837784103369,-0.1069231108548365,-0.0085168725764788,-6.027336901308104,-20.203944775305104,-1000.0,-0.0042029718503044, Neutralism,Healthy
SRR12328897.bin.6.fbc2XSRR12328897.bin.12.fbc2 ,-0.262428953173071,-0.262428953173071,1000.0,-0.0050418626930195,1000.0,-1000.0,-155.50904435867824,0.0,-9.8413630464388,-0.4373815886218608,-0.0348392712089662,-63.82108528746426,148.11505065343704,1000.0,-0.017192751783341,-0.0696385084094117,-0.0696385084094117,0.0,-0.0013379156274595,-1000.0,999.895535547808,-844.4909556413218,-1000.0,-2.6115176507111078,-0.116064180682315,-0.0092449969857852,1000.0,-1000.0,-999.8955355478078,-0.00456229228962, Neutralism,Healthy
SRR12328897.bin.34.fbc2XSRR12328897.bin.26.fbc2 ,-0.0049503330327524,-0.0049503330327524,58.42081222356819,-9.510726283679104e-05,0.0,-0.0074259750854253,206.6759612248752,-167.70437156052753,-0.1856427196277081,-0.0082505550545874,-0.0006571911865194,109.2980836426102,-26.760932865686414,0.0074259750854253,-0.0003243157664201,-0.2934339568029145,-0.2934339568029145,941.5791877764318,-0.0056375399962007,-1000.0,999.5598208770956,793.3240387751248,1000.0,-11.004083444810362,-0.4890565946715242,-0.0389554013738688,25.39856294319634,-973.2390671343136,-999.5598208770956,-0.0192240113871093, Amensalism,Healthy
SRR12328897.bin.6.fbc2XSRR12328897.bin.16.fbc2 ,-0.2448870454011285,-0.2448870454011285,600.0580508091366,-0.0047048423708702,1000.0,-1000.0,-1000.0,-1.4994165954095706,-9.183522968872808,-0.4081450756685854,-0.032510460782305,-29.60954743603179,-150.86235318103547,1000.0,-0.0160435124845435,-0.0876724876829939,-0.0876724876829939,399.9419491908634,-0.0016843897730041,0.0,999.0720918157576,0.0,-998.5005834045904,-3.2878109295500053,-0.146120812804952,-0.0116391333311867,913.9420152897828,-849.1376468189645,-999.0720918157576,-0.0057437691258428, Neutralism,Healthy
SRR12328897.bin.30.fbc2XSRR12328897.bin.26.fbc2 ,-0.052331457455466,-0.052331457455466,536.4816402152605,-0.0010054074439267,0.0,-0.0785022132204176,0.0,-319.42257729611447,-1.9624849519907457,-0.0872190957592238,-0.0069473654374405,453.4162049290444,-370.0535989487155,0.0785022132204176,-0.0034284393836969,-0.2547875283390794,-0.2547875283390794,463.51835978473946,-0.0048950533782772,-1000.0,999.6177942322244,1000.0,463.6808203598862,-9.554801540651852,-0.4246458805652082,-0.0338248188438683,546.5837950709556,-629.9464010512845,-999.6177942322244,-0.016692132019898, Competition,Healthy
SRR12328897.bin.18.fbc2XSRR12328897.bin.34.fbc2 ,-0.1790923927848098,-0.1790923927848098,655.6476109105145,-0.0034407760381327,1000.0,-1000.0,-381.369190000981,1000.0,-6.716153972112693,-0.2984873213080163,-0.0237757624234973,-65.63335345155065,-648.4807963712112,1000.0,-0.0117330462900326,-0.029178967935195,-0.029178967935195,344.35238908948554,-0.0005605949651226,-1000.0,999.9562287451224,0.0,-191.41930905770369,-1.0942421302913772,-0.0486316132252113,-0.0038737112090529,576.7958680821803,-351.5192036287888,-999.9562287451224,-0.0019116288310669, Amensalism,Healthy
SRR12328897.bin.4.fbc2XSRR12328897.bin.26.fbc2 ,-0.0930846563642262,-0.0930846563642262,55.058493624113,-0.0017883699589447,1000.0,-1000.0,49.37366411836752,-52.22548452357614,-3.490772974008337,-0.1551410939404149,-0.0123576364164819,34.84058243783966,-500.1880739267349,1000.0,-0.0060983415601185,-0.2765458237366829,-0.2765458237366829,944.941506375887,-0.0053130801870793,-1000.0,999.585154698994,950.6263358816324,280.7805503244565,-10.37076060953632,-0.4609097062277669,-0.0367133840926499,740.4037756786772,-499.8119260732651,-999.585154698994,-0.0181176034378722, Neutralism,Healthy
SRR12328897.bin.16.fbc2XSRR12328897.bin.13.fbc2 ,-0.0859063687571506,-0.0859063687571506,399.9056820691221,-0.0016504585736356,-0.4357952030677552,1000.0,0.0,-809.8080413875186,-3.221579603614259,-0.1431772812618419,-0.0114046687436939,559.8034565785476,-846.0840048384116,-1000.0,-0.0056280637360259,-0.07028133570941,-0.07028133570941,600.0943179308779,-0.0013502658157449,1000.0,-1000.0,-1000.0,-190.19195861248136,-2.635624353721596,-0.1171355595156455,-0.0093303367867747,440.1965434214524,809.7966790996343,1000.0,-0.0046044064316674, Amensalism,Healthy
SRR12328897.bin.4.fbc2XSRR12328897.bin.13.fbc2 ,-0.0908987558547096,-0.0908987558547096,14.105985027192103,-0.0017463737916614,-1000.0,1000.0,75.59870491690208,-9.225123013211032,-3.4087993951105773,-0.1514979264245539,-0.012067442900161,24.54724360265527,-500.1836573997976,-1000.0,-0.0059551346295165,-0.1077589722284528,-0.1077589722284528,985.8940149728078,-0.0020702972569779,0.0,0.0,-1000.0,-990.774876986789,-4.041075324914345,-0.1795982870473835,-0.0143057540460631,975.4527563973448,607.1952507700207,0.0,-0.0070597136465266, Amensalism,Healthy
SRR12328897.bin.16.fbc2XSRR12328897.bin.22.fbc2 ,-0.0876723236003726,-0.0876723236003726,507.067094614978,-0.0016843866205817,-0.2937872074713823,1000.0,-104.42773988813576,-852.936156527821,-3.2878047762779943,-0.1461205393339923,-0.0116391115481064,513.3713501952575,-845.5009941068746,-1000.0,-0.0057437583760702,-0.0381083036843392,-0.0381083036843392,492.932905385022,-0.0007321480054542,-0.0571661162665577,0.0,56.34587438269728,-55.48406388065155,-1.42910165630326,-0.0635138394738987,-0.005059142717755,486.6286498047425,-154.4990058931254,0.0,-0.002496624698665, Amensalism,Healthy
SRR12328897.bin.22.fbc2XSRR12328897.bin.4.fbc2 ,-0.0705126350110276,-0.0705126350110276,870.0268360348982,-0.001354709606403,-1000.0,999.8942242739354,-884.6163889180724,-167.37478174433204,-2.6442983219426424,-0.1175210583517127,-0.009361043379954,939.3857427040662,-499.9993226451968,-999.8942242739354,-0.004619559757657,-0.0970637714946178,-0.0970637714946178,129.97316396510178,-0.0018648178961484,1000.0,-1000.0,-3.222035077599685,-145.71739644500622,-3.639993996032331,-0.1617729524909918,-0.0128858916624494,60.61425729593384,-500.0006773548032,1000.0,-0.0063590290258161, Neutralism,Healthy
SRR12328897.bin.26.fbc2XSRR12328897.bin.13.fbc2 ,-0.2773012532327357,-0.2773012532327357,862.7379455481532,-0.005327593722086,-720.2702820883062,1000.0,845.2542311788845,1000.0,-10.39909001388446,-0.4621687553880065,-0.0368136726193597,-40.24839945044607,-1000.0,-1000.0,-0.0181670945921723,-0.0254284290921305,-0.0254284290921305,137.26205445184678,-0.0004885385031911,1000.0,-1000.0,154.74576882111546,-322.95296635807324,-0.9535929605744968,-0.0423807151536266,-0.0033758010572455,819.5441718530647,0.0,1000.0,-0.0016659162959058, Amensalism,Healthy
SRR12328897.bin.34.fbc2XSRR12328897.bin.13.fbc2 ,0.0,0.0,0.0,0.0,-1000.0,1000.0,1000.0,0.0,0.0,0.0,0.0,0.0,-500.0,-1000.0,0.0,-0.1091272813814612,-0.1091272813814612,1000.0,-0.0020965856173233,1000.0,-1000.0,0.0,-1000.0,-4.092388364015051,-0.181878802302549,-0.0144874066156717,833.1088181702958,706.8877275301845,1000.0,-0.0071493569550966, Amensalism,Healthy
SRR12328897.bin.18.fbc2XSRR12328897.bin.12.fbc2 ,-0.1792158351737498,-0.1792158351737498,1000.0,-0.0034431476498184,1000.0,-1000.0,0.0,40.008924223762506,-6.720783192136992,-0.2986930586229164,-0.0237921502603057,220.66382615230876,-500.0672102421247,1000.0,-0.0117411334858843,-0.0556892132041184,-0.0556892132041184,0.0,-0.0010699176408479,-0.083539169394271,0.0,-900.3783625103973,-1000.0,-2.0884043406227875,-0.0928153553401216,-0.0073931308979808,779.3361738476913,-499.9327897578753,0.0,-0.0036484191551835, Amensalism,Healthy
SRR12328897.bin.34.fbc2XSRR12328897.bin.4.fbc2 ,-0.083540497356239,-0.083540497356239,985.8940149728078,-0.0016050047522639,-1000.0,999.874681228942,-151.73086520247705,165.6814842774147,-3.132856926121235,-0.1392341622604362,-0.0110905828382783,428.419513532235,-100.00494124200247,-999.874681228942,-0.0054730662052406,-0.0908987558547096,-0.0908987558547096,14.105985027192103,-0.0017463737916614,1000.0,-1000.0,75.59870491690299,-15.569070303663691,-3.4087993951105773,-0.1514979264245539,-0.012067442900161,18.20329631220193,-500.1836573997976,1000.0,-0.0059551346295165, Amensalism,Healthy
SRR12328897.bin.30.fbc2XSRR12328897.bin.3.fbc2 ,-0.0881859111851781,-0.0881859111851781,997.2840920888387,-0.0016942538171633,-1000.0,999.8677126619532,-400.0261527975693,-867.4412211144761,-3.3070648534020397,-0.1469765186418499,-0.0117072938768387,1000.0,-500.1545498332048,-999.8677126619532,-0.0057774055165964,-0.0642229249413048,-0.0642229249413048,2.7159079111612527,-0.0012338698355733,1000.0,-1000.0,69.2279729495267,364.86329639970177,-2.408427548137979,-0.1070382082353944,-0.0085260405637654,0.0,-499.8454501667952,1000.0,-0.0042074961393154, Neutralism,Healthy
SRR12328897.bin.18.fbc2XSRR12328897.bin.4.fbc2 ,-0.1792158351737498,-0.1792158351737498,164.95278658150846,-0.0034431476498184,-1000.0,1000.0,-865.0399699492923,1000.0,-6.720783192136992,-0.2986930586229164,-0.0237921502603057,-63.13978740456992,-500.06721024212464,-1000.0,-0.0117411334858843,-0.1009631971311364,-0.1009631971311364,835.0472134184915,-0.0019397348152097,1000.0,-1000.0,-134.9600300507077,-1000.0,-3.786226577832963,-0.1682719952185607,-0.0134035675730501,412.1415911058634,-499.93278975787536,1000.0,-0.006614495719873, Neutralism,Healthy
SRR12328897.bin.18.fbc2XSRR12328897.bin.13.fbc2 ,-0.1751443957023184,-0.1751443957023184,0.0,-0.0033649259501089,-1000.0,1000.0,247.62136809790357,1000.0,-6.568099909766147,-0.2919073261706444,-0.0232516383151732,171.17400940437665,-503.45399403307874,-1000.0,-0.0114743974897919,-0.1091272813814612,-0.1091272813814612,1000.0,-0.0020965856173233,1000.0,-1000.0,106.46084948284124,-1000.0,-4.092388364015051,-0.181878802302549,-0.0144874066156717,828.8259905956234,657.9401303634356,1000.0,-0.0071493569550966, Neutralism,Healthy
SRR12328897.bin.6.fbc2XSRR12328897.bin.13.fbc2 ,-0.2228403852369638,-0.2228403852369638,483.9083126078917,-0.0042812754128362,0.0,0.0,869.7214676107847,0.0,-8.356749916532522,-0.3714006420615305,-0.0295836131025453,-515.6909600134688,-868.741509330379,0.0,-0.0145991491576751,-0.0620611618450084,-0.0620611618450084,516.0916873921083,-0.0011923374033813,-1000.0,1000.0,-913.43996619206,-1000.0,-2.327359147745824,-0.1034352697416807,-0.0082390514572807,1000.0,506.2601919001111,-1000.0,-0.0040658705454461, Competition,Healthy
SRR12328897.bin.16.fbc2XSRR12328897.bin.3.fbc2 ,-0.087857650688079,-0.087857650688079,405.110407359045,-0.0016879471794482,0.0,985.2728950731448,-4.544700517993533,-992.2579032326812,-3.294754737898984,-0.146429417813465,-0.0116637150097176,913.305473635271,-845.1969324836301,-985.2728950731448,-0.0057558998818194,-0.0642232194613825,-0.0642232194613825,2.731053848987699,-0.0012338754939946,1000.0,-1000.0,-544.2391386297668,-7.742096767318799,-2.408438592955349,-0.1070386991024179,-0.0085260796633974,-5.221008426452499,-154.80306751636988,1000.0,-0.0042075154344729, Neutralism,Healthy
SRR12328897.bin.22.fbc2XSRR12328897.bin.34.fbc2 ,-0.0710907832925613,-0.0710907832925613,838.3462022472975,-0.0013658171621955,-544.9265451575637,1000.0,-653.9290443513027,-91.29949938800507,-2.665979493413261,-0.1184846388208598,-0.0094377965907597,998.2009630061768,-613.7943415530341,-1000.0,-0.0046574365230753,-0.0136978604786008,-0.0136978604786008,161.65379775270253,-0.0002631673482937,999.9794518934456,-1000.0,594.8182554243026,-165.76428356837152,-0.5136842421518395,-0.0228297674643727,-0.0018184863766919,1.7990369938231652,-131.28681275151928,1000.0,-0.0008974006576636, Amensalism,Healthy
SRR12328897.bin.4.fbc2XSRR12328897.bin.12.fbc2 ,-0.0972451159270804,-0.0972451159270804,424.6704082607821,-0.0018683019389982,1000.0,-1000.0,-330.26644905316584,-42.95379358615082,-3.646794603873218,-0.1620751932118764,-0.0129099663987517,205.7236665700209,-485.741936015203,1000.0,-0.0063709096120874,-0.0560560808047512,-0.0560560808047512,244.9532341078,-0.0010769660096912,-1000.0,999.9159104939628,-669.7335509468342,-957.0462064138492,-2.102162263310106,-0.0934268013413657,-0.0074418351269969,794.2763334299791,-514.258063984797,-999.9159104939628,-0.0036724540930208, Amensalism,Healthy
SRR12328897.bin.30.fbc2XSRR12328897.bin.34.fbc2 ,-0.0538359301312993,-0.0538359301312993,512.1042021268076,-0.0010343118181026,-1000.0,999.919240933244,580.8266331755813,-10.200000454579596,-2.01890426707439,-0.0897265502188702,-0.0071470946629688,187.8465033476741,-500.0943499240457,-999.919240933244,-0.0035270032997232,-0.0413422304967525,-0.0413422304967525,487.8957978731924,-0.0007942791642108,999.937982682859,-1000.0,51.20271386722607,-269.8809547919718,-1.5503773289816536,-0.0689037174945497,-0.0054884690246126,6.761325213647979,-38.47239761302944,1000.0,-0.0027084919498747, Competition,Healthy
SRR12328897.bin.30.fbc2XSRR12328897.bin.12.fbc2 ,-0.0668899720809577,-0.0668899720809577,1000.0,-0.0012851099343151,0.0,-0.1003413836710933,100.43106506782124,-241.172054712511,-2.508444634081002,-0.1114832868015582,-0.0088801096460429,240.3791978966251,-500.1172277282079,0.1003413836710933,-0.0043822248760534,-0.0524187167566196,-0.0524187167566196,0.0,-0.0010070838953879,-1000.0,999.9213668894456,-971.3979029128882,-758.827945287489,-1.965757267985964,-0.0873645279276615,-0.0069589497173865,759.6208021033749,-499.8827722717921,-999.9213668894456,-0.0034341560833581, Competition,Healthy
SRR12328897.bin.6.fbc2XSRR12328897.bin.34.fbc2 ,-0.2378171994770355,-0.2378171994770355,491.3133707975508,-0.0045690143991805,-1000.0,1000.0,-689.5806904521423,-1000.0,-8.91839627617992,-0.3963619991283167,-0.0315718894983092,-27.236758309753892,104.89561618687776,-1000.0,-0.0155803391012341,-0.0431039577852061,-0.0431039577852061,508.6866292024493,-0.0008281259900968,999.9353399226924,-1000.0,-310.41930954785767,0.0,-1.6164439638738486,-0.0718399296420102,-0.0057223505916681,737.8812924696863,-183.58580174738583,1000.0,-0.0028239096262723, Competition,Healthy
SRR12328897.bin.18.fbc2XSRR12328897.bin.30.fbc2 ,-0.1792158351737498,-0.1792158351737498,62.00482264475568,-0.0034431476498184,1000.0,-1000.0,218.36096358897112,1000.0,-6.720783192136992,-0.2986930586229164,-0.0237921502603057,-1.183754162011951,-500.0672102421247,1000.0,-0.0117411334858843,-0.0866052098924683,-0.0866052098924683,937.9951773552444,-0.0016638849162973,-1000.0,999.8700838657368,-669.391418057797,-828.4746646466601,-3.247786884638913,-0.1443420164874851,-0.0114974447715212,1000.0,-499.9327897578753,-999.8700838657368,-0.0056738475644806, Neutralism,Healthy
SRR12328897.bin.18.fbc2XSRR12328897.bin.16.fbc2 ,-0.1792158351737498,-0.1792158351737498,97.26177811907746,-0.0034431476498184,1000.0,-1000.0,-466.2965314445392,1000.0,-6.720783192136992,-0.2986930586229164,-0.0237921502603057,-68.44254466860002,-500.0672102421247,1000.0,-0.0117411334858843,-0.0703956811591979,-0.0703956811591979,902.7382218809224,-0.0013524626543812,-1000.0,999.894399715948,-533.7034685554609,-713.1785679121203,-2.6399124289140445,-0.1173261352652161,-0.0093455169416074,791.917850060659,-499.9327897578753,-999.894399715948,-0.0046118976513298, Amensalism,Healthy
SRR12328897.bin.3.fbc2XSRR12328897.bin.12.fbc2 ,-0.0642232194613825,-0.0642232194613825,2.7310538489875853,-0.0012338754939946,1000.0,-1000.0,67.54618497768797,0.0,-2.408438592955349,-0.1070386991024179,-0.0085260796633974,-5.221008426452499,-5.72778499816593,1000.0,-0.0042075154344729,-0.0712271093076424,-0.0712271093076424,997.2689461510124,-0.0013684362979802,-1000.0,999.8931524938572,-10.086276805449984,-1000.0,-2.671091863032757,-0.1187118488460328,-0.0094558948187568,1000.0,-994.272215001834,-999.8931524938572,-0.0046663677759397, Neutralism,Healthy
SRR12328897.bin.6.fbc2XSRR12328897.bin.22.fbc2 ,-0.237268038738307,-0.237268038738307,482.8664669402015,-0.0045584637605315,1000.0,-1000.0,2.833186479094138,-953.3606519003964,-8.897802168192698,-0.3954467312304359,-0.0314989845855961,-523.890543892109,-792.4589113412185,1000.0,-0.0155443614236219,-0.0438523223859874,-0.0438523223859874,517.1335330597985,-0.0008425037922279,-632.4669710118442,1000.0,256.51631887084795,-46.639348099603694,-1.644508427184519,-0.0730872039766836,-0.0058217012043542,1000.0,-207.54108865878152,-1000.0,-0.0028729379315564, Competition,Healthy
SRR12328897.bin.26.fbc2XSRR12328897.bin.12.fbc2 ,-0.2780411404806955,-0.2780411404806955,1000.0,-0.005341808654748,0.0,-0.4170884197642408,1000.0,804.6318878965208,-10.426836567500343,-0.4634019008010455,-0.0369118978044298,261.9138342497449,-523.4397003778474,0.4170884197642408,-0.0182155675128115,-0.052285118172449,-0.052285118172449,0.0,-0.0010045171599131,-1000.0,999.9215673001556,-663.9970885117568,-1000.0,-1.96074717990939,-0.0871418636206726,-0.0069412135748052,738.0861657502551,-476.56029962215257,-999.9215673001556,-0.0034254035152798, Amensalism,Healthy
SRR12328897.bin.34.fbc2XSRR12328897.bin.12.fbc2 ,-0.0845045369925401,-0.0845045369925401,1000.0,-0.001623526167009,0.0,-0.1267649231197083,250.7780320080592,0.0,-3.16900943116093,-0.1408408949876047,-0.0112185658140333,13.823935665762292,-75.91637464417454,0.1267649231197083,-0.0055362242294449,-0.0562274738642827,-0.0562274738642827,0.0,-0.001080258863908,-1000.0,999.9156533879092,-1000.0,-1000.0,-2.108589684147887,-0.0937124564404712,-0.0074645887493716,986.1760643342376,-924.0836253558256,-999.9156533879092,-0.0036836827257502, Amensalism,Healthy
SRR12328897.bin.18.fbc2XSRR12328897.bin.3.fbc2 ,-0.1792158351737498,-0.1792158351737498,762.4189098303805,-0.0034431476498184,-1000.0,1000.0,-1000.0,1000.0,-6.720783192136992,-0.2986930586229164,-0.0237921502603057,32.185574313519055,-836.8603440855499,-1000.0,-0.0117411334858843,-0.0642232194613825,-0.0642232194613825,237.58109016961956,-0.0012338754939946,1000.0,-1000.0,304.08658137004795,0.0,-2.408438592955349,-0.1070386991024179,-0.0085260796633974,73.06233701375822,-163.13965591445017,1000.0,-0.0042075154344729, Neutralism,Healthy
SRR12328897.bin.3.fbc2XSRR12328897.bin.34.fbc2 ,-0.0641068527355628,-0.0641068527355628,0.0,-0.0012316398219809,-1000.0,1000.0,67.41555766532815,0.0,-2.40407471777462,-0.1068447545593471,-0.008510631170111,-6.572541220767903,-6.839371369556716,-1000.0,-0.0041998917930641,-0.0847357789858733,-0.0847357789858733,1000.0,-0.00162796885661,999.8728881916768,-1000.0,78.01637415959885,-1000.0,-3.177681250258616,-0.1412262983097889,-0.011249264799062,25.080651001628667,-0.141242577998355,1000.0,-0.0055513738010404, Neutralism,Healthy
SRR12328897.bin.22.fbc2XSRR12328897.bin.3.fbc2 ,-0.0744436329026712,-0.0744436329026712,994.854689446051,-0.0014302331009048,0.0,415.0931766826495,-663.5824118559381,-91.5732093743668,-2.7917148966723744,-0.1240727215044898,-0.0098829107273559,1000.0,-603.8004972042418,-415.0931766826495,-0.0048770948741321,-0.0642232194613825,-0.0642232194613825,5.1453105539490025,-0.0012338754939946,1000.0,-1000.0,69.7191428049041,780.3401884008231,-2.408438592955349,-0.1070386991024179,-0.0085260796633974,-4.979709548707547,-396.19950279575824,1000.0,-0.0042075154344729, Neutralism,Healthy
SRR12328897.bin.22.fbc2XSRR12328897.bin.13.fbc2 ,0.0,0.0,0.0,0.0,-755.3031250070956,1000.0,122.34843749645232,-415.8708843972811,0.0,0.0,0.0,171.17400940437665,-353.9677210993202,-1000.0,0.0,-0.1091272813814612,-0.1091272813814612,1000.0,-0.0020965856173233,1000.0,-1000.0,-1000.0,-584.1291156027189,-4.092388364015051,-0.181878802302549,-0.0144874066156717,828.8259905956234,237.7859844475388,1000.0,-0.0071493569550966, Amensalism,Healthy
SRR12328897.bin.16.fbc2XSRR12328897.bin.26.fbc2 ,-0.0654595789604854,-0.0654595789604854,298.6110128651351,-0.0012576287984984,-363.8222682700664,1000.0,-578.011617766806,-637.2797038120176,-2.4548033806024705,-0.1090992982674379,-0.0086902149975003,574.4186626275023,-603.723557889014,-1000.0,-0.0042885142028126,-0.2574468557503451,-0.2574468557503451,701.3889871348649,-0.0049461451633305,-0.386195014351415,0.0,1000.0,584.7793843765689,-9.654529128623151,-0.4290780929172797,-0.0341778630785256,425.5813373724977,-396.276442110986,0.0,-0.0168663550068686, Competition,Healthy
SRR12328897.bin.16.fbc2XSRR12328897.bin.34.fbc2 ,-0.0876724876829939,-0.0876724876829939,399.9419491908641,-0.0016843897730041,-147.93956812812405,1000.0,-438.1810794195229,-853.5380291124152,-3.2878109295500053,-0.146120812804952,-0.0116391333311867,771.0285666493153,-808.5903827889686,-1000.0,-0.0057437691258428,-0.0508463863720862,-0.0508463863720862,600.0580508091359,-0.0009768758188783,999.9237255360626,-1000.0,-81.68001665770248,-146.4619708875848,-1.906793217122868,-0.0847439772868483,-0.006750211908411,104.9344652673676,-191.40961721103145,1000.0,-0.0033311465423366, Amensalism,Healthy
SRR12328897.bin.3.fbc2XSRR12328897.bin.13.fbc2 ,-0.0641068527355628,-0.0641068527355628,0.0,-0.0012316398219809,-1000.0,1000.0,-600.024037560064,406.660747439161,-2.40407471777462,-0.1068447545593471,-0.008510631170111,-6.572541220767903,-500.4626962901334,-1000.0,-0.0041998917930641,-0.1091272813814612,-0.1091272813814612,1000.0,-0.0020965856173233,0.0,0.0,-399.975962439936,-933.8064012194736,-4.092388364015051,-0.181878802302549,-0.0144874066156717,1000.0,706.8877275301845,0.0,-0.0071493569550966, Neutralism,Healthy
SRR12328897.bin.18.fbc2XSRR12328897.bin.26.fbc2 ,-0.1393534025620511,-0.1393534025619374,88.28556682939416,-0.0026772988004495,1000.0,-1000.0,-592.7677532894054,810.0480522026412,-5.22589984750914,-0.2322556709366381,-0.0185001347109619,-53.2190778249236,-500.0522608725842,1000.0,-0.0091295889094453,-0.2751163278589956,-0.2751163278589956,911.7144331706058,-0.0052856162893704,-1000.0,999.58729908013,1000.0,189.9519477973588,-10.317153003608382,-0.458527213098364,-0.0365236085591504,833.8611086258325,-499.9477391274157,-999.58729908013,-0.0180239515465245, Amensalism,Healthy
SRR12328897.bin.22.fbc2XSRR12328897.bin.26.fbc2 ,-0.0049947619178283,-0.0049947619178283,58.90130184228156,-9.596084373697522e-05,-0.0074926226809566,0.0,0.0,-506.0334358532219,-0.1873088497638946,-0.0083246031963426,-0.000663089430418,1000.0,-21.194616046709825,0.0,-0.0003272264772249,-0.2958473427977424,-0.2958473427977424,941.0986981577184,-0.005683906681952,-974.8363426843728,1000.0,1000.0,1000.0,-11.094587969780946,-0.4930789046628661,-0.039275795172557,0.0,-978.8053839532902,-1000.0,-0.0193821217856111, Amensalism,Healthy
SRR12328897.bin.30.fbc2XSRR12328897.bin.4.fbc2 ,-0.0839716314824272,-0.0839716314824272,892.1999618869272,-0.001613287828718,-1000.0,999.8740344863372,-621.3384586744326,-763.079892044592,-3.1490249114211792,-0.1399527191373408,-0.01114781889612,946.6610261332823,-499.8059605492258,-999.8740344863372,-0.0055013114957773,-0.0960372121219279,-0.0960372121219279,107.8000381130728,-0.001845095333806,1000.0,-1000.0,14.858680675312256,-117.03290333781342,-3.601496934813781,-0.1600620202030995,-0.0127496087562803,53.33897386671765,-500.1940394507742,1000.0,-0.0062917750881297, Neutralism,Healthy
SRR12328897.bin.6.fbc2XSRR12328897.bin.18.fbc2 ,-0.2688899700818865,-0.2688899700818865,969.2585103048476,-0.0051659936615351,-1000.0,1000.0,-1000.0,0.0,-10.08365800772151,-0.4481499501364396,-0.0356970162010839,-209.38451167426783,-379.8499409451968,-1000.0,-0.0176160383857677,-0.1778364955201823,-0.1778364955201823,30.741489695152268,-0.0034166473683399,1000.0,-1000.0,291.5234436561944,1000.0,-6.669056497612587,-0.2963941592003039,-0.0236090333149832,-52.52271916750794,-515.5170229102383,1000.0,-0.0116507675259072, Neutralism,Healthy
SRR12328897.bin.22.fbc2XSRR12328897.bin.30.fbc2 ,-0.0413729964338926,-0.0413729964338926,487.8957978731924,-0.0007948702484554,-642.1567040457086,1000.0,-91.77534402163838,-52.33907606143055,-1.551531084134126,-0.068954994056412,-0.0054925534170706,812.153496652325,-325.8943706039413,-1000.0,-0.0027105075473627,-0.0538359301312993,-0.0538359301312993,512.1042021268076,-0.0010343118181026,-0.0807590667560589,0.0,80.82893969093584,-10.200000454579708,-2.01890426707439,-0.0897265502188702,-0.0071470946629688,187.84650334767505,-500.0943499240457,0.0,-0.0035270032997232, Competition,Healthy
SRR12328897.bin.6.fbc2XSRR12328897.bin.26.fbc2 ,-0.1928095810437753,-0.1928095810437753,470.79147845283705,-0.0037043147174244,1000.0,-1000.0,-499.8553835534304,-1000.0,-7.230563026449431,-0.3213493017395876,-0.0255968146976783,-426.018938122657,0.0,1000.0,-0.0126317131865789,-0.2604352186583583,-0.2604352186583583,529.208521547163,-0.0050035584756642,-1000.0,1000.0,948.4330261585328,918.762526035059,-9.766595895406226,-0.4340586977640441,-0.0345745890668922,91.33893983436496,-1000.0,-1000.0,-0.0170621344020673, Competition,Healthy
SRR12328897.bin.16.fbc2XSRR12328897.bin.12.fbc2 ,-0.0875828162247671,-0.0875828162247671,1000.0,-0.001682666978354,1000.0,-545.3177565957659,-50.814962283711566,-848.6203006026747,-3.2844481551137505,-0.1459713603746877,-0.0116272288206573,562.4700814225437,-709.4738758537405,545.3177565957658,-0.0057378943962476,-0.0298079339420382,-0.0298079339420382,0.0,-0.000572678846197,-1000.0,999.9552852356926,-949.1850377162884,-151.37969939732534,-1.1178290201650043,-0.0496798899034729,-0.0039572108269112,437.5299185774563,-290.52612414625946,-999.9552852356926,-0.0019528348653921, Amensalism,Healthy
SRR12328898.bin.49.fbc2XSRR12328898.bin.26.fbc2 ,-0.1607258169068472,-0.1607258169068472,497.6033257823024,-0.0030879119482278,-1000.0,999.7588958350798,-1000.0,-954.007132425998,-6.027387969165147,-0.2678763615114121,-0.0213374715624468,996.500966008809,-687.877540159054,-999.75889583508,-0.0105297797435923,-0.0451618238341779,-0.0451618238341779,502.3966742176976,-0.0008676623215251,1000.0,-1000.0,552.7282106371131,-4.030797330509813,-1.693616115208215,-0.0752697063902587,-0.0059955466415431,3.499033991190913,-0.0922151515292171,1000.0,-0.0029587285163188, Amensalism,Healthy
SRR12328898.bin.12.fbc2XSRR12328898.bin.9.fbc2 ,-0.1613726214392272,-0.1613726214392272,1000.0,-0.003100338548279,1000.0,-1000.0,1000.0,812.6241930535223,-6.051643822591814,-0.2689543690654545,-0.0214233393687663,25.175986961515264,-451.6157907318193,1000.0,-0.0105721544497328,-0.0618361177316728,-0.0618361177316728,0.0,-0.0011880137892603,-1000.0,1000.0,0.0,8.89918511167798,-2.318919755695333,-0.1030601962194168,-0.0082091752839232,363.96110324825486,-341.0931644370802,-1000.0,-0.0040511270213983, Amensalism,Healthy
SRR12328898.bin.17.fbc2XSRR12328898.bin.34.fbc2 ,-0.1977595617838687,-0.1977595617838687,982.9932949005758,-0.003799415212029,-1000.0,999.703341660248,-1000.0,564.9175300096172,-7.416192534730271,-0.3295992696397434,-0.026253959114797,107.90175007333436,-55.92874572987,-999.7033416602482,-0.0129560058728657,-0.0849395901434491,-0.0849395901434491,17.006705099424153,-0.0016318845368914,1000.0,-1000.0,114.93730211895604,-20.482817436903133,-3.1853243840296277,-0.1415659835724909,-0.0112763221496834,3.376022331295303,-500.5032499368124,1000.0,-0.005564726270677, Neutralism,Healthy
SRR12328898.bin.12.fbc2XSRR12328898.bin.26.fbc2 ,-0.160312650495257,-0.160312650495257,985.9234644512084,-0.0030799740728753,0.0,0.0,1000.0,851.3558603686515,-6.011893792145315,-0.2671877508254283,-0.0212826208438627,9.812381599807736,-463.4233307118885,0.0,-0.0105027115886287,-0.0012653786366172,-0.0012653786366172,14.076535548791526,-2.4310828734996903e-05,-1000.0,1000.0,0.0,-0.1129379727706236,-0.0474530359678055,-0.0021089643943241,-0.0001679878266713,15.5848017792091,-0.002583754879879,-1000.0,-8.289992604204599e-05, Amensalism,Healthy
SRR12328898.bin.26.fbc2XSRR12328898.bin.17.fbc2 ,-0.032621117210283,-0.032621117210283,363.1398861554808,-0.0006267265554242,1000.0,-1000.0,401.8717951037056,-2.6176717422649745,-1.2233263653444055,-0.0543685286837671,-0.0043306804980147,2.5187769240692437,-0.066608498311325,1000.0,-0.0021371375539729,-0.1909024620042601,-0.1909024620042601,636.8601138445192,-0.003667674582175,-1000.0,999.7136279686206,-1000.0,582.5603632729506,-7.159044047263251,-0.3181707700072138,-0.0253436313630572,23.38776119339309,399.71011293349216,-999.7136279686206,-0.0125067703253307, Amensalism,Healthy
SRR12328898.bin.47.fbc2XSRR12328898.bin.15.fbc2 ,-0.2235380030765554,-0.2235380030765554,980.5657875191896,-0.0042946782531316,-1000.0,999.664671521994,56.69962409004325,-46.174601676951966,-8.382911322674659,-0.3725633384609637,-0.0296762267292933,-13.951133465016142,-488.4094680818264,-999.664671521994,-0.0146448528432756,-0.0016471720535946,-0.0016471720535946,19.4342124808104,-3.164595682392246e-05,1000.0,-1000.0,-164.92419858683172,1000.0,-0.0617706925357879,-0.0027452867559532,-0.0002186735617897,753.6503815859455,-500.0012354581551,1000.0,-0.0001079127127923, Amensalism,Healthy
SRR12328898.bin.27.fbc2XSRR12328898.bin.47.fbc2 ,-0.0858976141506673,-0.0858976141506673,9.737059709850088,-0.0016502903774835,999.8711453273222,-1000.0,-602.3444730352937,-16.27555152148784,-3.2212512966217446,-0.143162690251188,-0.0114035065087136,-3.093139359394172,-500.1422591562695,1000.0,-0.0056274901874076,-0.2240747647127818,-0.2240747647127818,990.2629402901498,-0.0043049906764736,-1000.0,999.6638663279772,544.51830931583,-66.93410137694752,-8.403040451215816,-0.373457941187894,-0.0297474855747168,3.466808991799894,-488.9040813887476,-999.6638663279774,-0.0146800182069455, Amensalism,Healthy
SRR12328898.bin.45.fbc2XSRR12328898.bin.30.fbc2 ,0.0,0.0,0.0,0.0,-1000.0,1000.0,0.0,0.0,0.0,0.0,0.0,0.0,0.0,-1000.0,0.0,-0.3159612540579246,-0.3159612540579246,1000.0,-0.0060703410962332,1000.0,-1000.0,-1000.0,725.7469075689833,-11.848880895932894,-0.5266020900966168,-0.0419460569748935,851.2827161231307,-1000.0,1000.0,-0.0206998631381338, Amensalism,Healthy
SRR12328898.bin.26.fbc2XSRR12328898.bin.3.fbc2 ,-0.0452063139958909,-0.0452063139958909,509.0242919754321,-0.0008685170796525,1000.0,-1000.0,541.6466012080095,-8.689769594447625,-1.6952845432833783,-0.0753438566597424,-0.0060014530204171,11.043646296646102,-1.096711257158745,1000.0,-0.0029616432416332,-0.0449263951361444,-0.0449263951361444,23.05231308618704,-0.0008631391956441,-1000.0,999.8746462946089,-702.5492430540974,-18.674101785328617,-1.6847872902615109,-0.0748773252269074,-0.0059642918422468,-3.8766429638207,-998.9032887428413,-999.8746462946086,-0.0029433046573785, Amensalism,Healthy
SRR12328898.bin.29.fbc2XSRR12328898.bin.22.fbc2 ,-0.1865297822860157,-0.1865297822860157,789.6437471196803,-0.0035836653656815,-1000.0,999.720187408244,201.12268868120785,-107.9492122142409,-6.995063937322243,-0.3108829704767686,-0.0247631276771471,592.8426292315582,-188.30533953673933,-999.720187408244,-0.0122202988970911,-0.0874496951674927,-0.0874496951674927,210.35625288031972,-0.0016801094172933,999.476185117578,0.2798125917558991,-172.8803843670421,-521.3899492577208,-3.279455974798225,-0.1457494919458213,-0.0116095560731537,-41.9596070223223,-249.97179516315805,-0.2798125917558991,-0.0057291731127406, Amensalism,Healthy
SRR12328898.bin.7.fbc2XSRR12328898.bin.13.fbc2 ,-0.0908937331940933,-0.0908937331940933,0.0,-0.001746277294842,-1000.0,1000.0,-1000.0,-329.09725174842106,-3.408611040027949,-0.151489555323451,-0.0120667761070762,552.2838293445475,-229.0609244423661,-1000.0,-0.0059548055752429,-0.0648767754528307,-0.0648767754528307,1000.0,-0.0012464318050433,999.9026786046618,-1000.0,423.40534418586617,-670.9027482515789,-2.432947633228423,-0.1081279590879376,-0.0086128437728802,320.3732885801162,-500.10258133755553,1000.0,-0.0042503324551717, Neutralism,Healthy
SRR12328898.bin.29.fbc2XSRR12328898.bin.26.fbc2 ,-0.1622013271021387,-0.1622013271021387,507.901410681674,-0.003116259886724,-1000.0,999.7566824280476,-282.6449657113998,452.6364236874799,-6.082721160622668,-0.2703355451701554,-0.0215333558170414,-4.879315080180277,-219.30697443157032,-999.7566824280474,-0.0106264462135641,-0.0442361005563043,-0.0442361005563043,492.0985893183261,-0.0008498770520191,1000.0,-1000.0,539.1600024489424,-3.9481743848326687,-1.6589005140978088,-0.0737268342604693,-0.0058726504292963,5.665742761705133,-0.090324933085867,1000.0,-0.0028980807472862, Amensalism,Healthy
SRR12328898.bin.4.fbc2XSRR12328898.bin.17.fbc2 ,-0.2170951718437663,-0.2170951718437663,523.4186179973744,-0.0041708966732585,-0.8468113437427292,1000.0,0.0,-939.3233723717516,-8.141298343460335,-0.3618252864063151,-0.0288208960123483,841.6558757225082,-734.6267977251863,-1000.0,-0.0142227576558298,-0.186862228368227,-0.186862228368227,476.5813820026256,-0.0035900524181897,-0.280311292814531,0.0,-1000.0,548.5602299846241,-7.00753101669261,-0.3114370472803784,-0.0248072622098334,7.257785375113826,634.6548506358617,0.0,-0.0122420787461123, Amensalism,Healthy
SRR12328898.bin.12.fbc2XSRR12328898.bin.47.fbc2 ,-0.1168398683008717,-0.1168398683008717,680.9689581844286,-0.0022447621191759,1000.0,-1000.0,808.9305625096003,649.4261086083363,-4.381618523198199,-0.1947331138347863,-0.0155113062431837,-11.89819101054036,-337.781109827381,1000.0,-0.0076546388262386,-0.124464048295863,-0.124464048295863,319.03104181557137,-0.0023912401209145,-1000.0,999.8132919713556,191.06943749039965,350.57389139166366,-4.667533329302046,-0.2074400804931429,-0.0165234692358353,-3.838538204168231,-299.6427189784142,-999.8132919713556,-0.0081541288125208, Competition,Healthy
SRR12328898.bin.45.fbc2XSRR12328898.bin.34.fbc2 ,-0.0872937054791691,-0.0872937054791691,983.1291874611816,-0.001677112497191,-1000.0,1000.0,-978.332785294449,-979.6128852927228,-3.273606196656601,-0.1454895091319485,-0.0115888473555969,87.09084554809647,-2.625467035380097,-1000.0,-0.0057189536154282,-0.0849338674761384,-0.0849338674761384,16.870812538818313,-0.0016317745912601,0.0,0.0,-21.667214705551032,-20.387114707277192,-3.185109777957223,-0.1415564457935261,-0.0112755624257943,3.4431682579519247,-500.4897413550236,0.0,-0.0055643513562699, Neutralism,Healthy
SRR12328898.bin.15.fbc2XSRR12328898.bin.34.fbc2 ,-0.0845989585413917,-0.0845989585413917,998.1435347949972,-0.0016253402217216,-1000.0,1000.0,-1000.0,-377.89425241592255,-3.1725503390129006,-0.1409982642355771,-0.0112311009321501,994.6190618345172,-498.0707330229049,-1000.0,-0.0055424101560674,-0.0839087301286554,-0.0839087301286554,1.8564652050029051,-0.0016120793492291,1000.0,-1000.0,0.0,-10.944114378362656,-3.1466660441891463,-0.139847883547759,-0.0111394683033267,5.380938165482917,-501.9292669770951,1000.0,-0.0054971905809679, Neutralism,Healthy
SRR12328898.bin.9.fbc2XSRR12328898.bin.3.fbc2 ,-0.0880699319591258,-0.0880699319591258,7.677671866188007,-0.0016920255900458,-1000.0,1000.0,-47.87212387318448,1000.0,-3.3027155098729963,-0.1467832199317627,-0.0116918968268464,70.7184260075187,-417.1413592153955,-1000.0,-0.0057698072619132,-0.0590868841267138,-0.0590868841267138,30.318242717856265,-0.0011351946998274,0.0,-0.1648643262578843,-633.4262114722504,-167.41719235624487,-2.215820590460225,-0.0984781402112275,-0.0078441953759238,-5.09853401123587,-582.8586407846045,0.1648643262578843,-0.0038710139264139, Neutralism,Healthy
SRR12328898.bin.4.fbc2XSRR12328898.bin.29.fbc2 ,-0.2494058873497806,-0.2494058873497806,901.9544131206088,-0.0047916596993218,-0.8596510009473377,1000.0,-344.4012404930911,-1000.0,-9.352984316900915,-0.4156764789163389,-0.0331103685223297,880.5373306926253,-578.8350381829034,-1000.0,-0.0163395595747033,-0.1269339922487233,-0.1269339922487233,98.04558687939108,-0.0024386934150015,999.80958681816,-1000.0,-655.5987595069089,487.4592142090403,-4.76015883746345,-0.2115566537478344,-0.0168513714974096,2.260717569536382,-92.24445956428474,1000.0,-0.0083159445449609, Amensalism,Healthy
SRR12328898.bin.49.fbc2XSRR12328898.bin.27.fbc2 ,-0.19783675537019,-0.19783675537019,997.6727919672052,-0.0038008982779729,-1000.0,999.7032258624532,-1000.0,-990.7352420691705,-7.419087375786148,-0.3297279256169076,-0.0262642071010077,927.529950893384,-501.0844181446802,-999.7032258624532,-0.0129610631280456,-0.0854134208450432,-0.0854134208450432,2.327208032794829,-0.0016409879125376,999.8718716637928,-1000.0,0.0,-9.264757930829546,-3.2030935360255626,-0.142355701408519,-0.0113392264753429,-10.430573178438864,-498.9155818553198,1000.0,-0.0055957687816317, Amensalism,Healthy
SRR12328898.bin.9.fbc2XSRR12328898.bin.30.fbc2 ,-0.0877729039598307,-0.0877729039598307,0.0533551331659509,-0.001686319000214,-1000.0,1000.0,-62.90438601432084,577.3917094889505,-3.291576646039971,-0.1462881732664982,-0.0116524642912736,164.44026681018318,-383.0261109859333,-1000.0,-0.0057503477906948,-0.293106572552233,-0.293106572552233,999.946644866834,-0.0056312501931188,1000.0,-1000.0,-937.0956139856792,422.6082905110495,-10.99180618946832,-0.4885109542536838,-0.0389119388345307,540.4248293577757,-616.9738890140667,1000.0,-0.0192025631586147, Neutralism,Healthy
SRR12328898.bin.13.fbc2XSRR12328898.bin.22.fbc2 ,-0.043395136126719,-0.043395136126719,22.147510177941516,-0.0008337201945778,999.8789188161444,0.0,561.2805241585527,-38.2073455648632,-1.6273634593613906,-0.0723252268778651,-0.0057610065443896,0.0764438046388704,-750.0546190942459,0.0,-0.0028429858634808,-0.1265331338896658,-0.1265331338896658,977.8524898220584,-0.0024309920055429,-0.4082882327782045,1000.0,-1000.0,235.4344246584169,-4.745126225423974,-0.2108885564828142,-0.0167981547584759,-61.48311827980558,-249.9453809057541,-1000.0,-0.0082896827390186, Amensalism,Healthy
SRR12328898.bin.7.fbc2XSRR12328898.bin.34.fbc2 ,-0.0908937331940933,-0.0908937331940933,982.9932949005758,-0.001746277294842,0.0,0.0,-384.6124812510775,-979.5171825630968,-3.408611040027949,-0.151489555323451,-0.0120667761070762,982.626943365909,493.8808780053964,0.0,-0.0059548055752429,-0.0849395901434491,-0.0849395901434491,17.006705099424153,-0.0016318845368914,-1000.0,1000.0,-615.3875187489225,-20.482817436903133,-3.1853243840296277,-0.1415659835724909,-0.0112763221496834,3.3760223312954167,-500.5032499368125,-1000.0,-0.005564726270677, Neutralism,Healthy
SRR12328898.bin.12.fbc2XSRR12328898.bin.29.fbc2 ,-0.1556334416566187,-0.1556334416566187,941.5666612250502,-0.0029900757282348,-1000.0,1000.0,1000.0,809.4246593360783,-5.8364185162868125,-0.2593890694275842,-0.0206614232823767,6.966663361777137,-438.7176233754272,-1000.0,-0.0101961582333842,-0.1163481249847109,-0.1163481249847109,58.43333877494979,-0.00223531460108,999.82546663595,-1000.0,-453.2576859579016,190.57534066392168,-4.363177629231814,-0.1939135416412227,-0.0154460238932188,288.85761910438373,-65.0485731518744,1000.0,-0.0076224227896091, Amensalism,Healthy
SRR12328898.bin.1.fbc2XSRR12328898.bin.17.fbc2 ,-0.0715434743759715,-0.0715434743759715,511.5328572466197,-0.0013745143971846,1000.0,-1000.0,773.7457603585183,-328.92421321275185,-2.68295588739295,-0.1192391239600283,-0.0094978944848662,3.5798127864441085,-434.635967397238,1000.0,-0.0046870940946064,-0.1878717443910318,-0.1878717443910318,488.4671427533804,-0.0036094475386789,-1000.0,999.7181743361756,-1000.0,543.7849772080717,-7.04538893428014,-0.3131195739850909,-0.0249412824927048,-0.5170992169230431,634.424968007236,-999.7181743361756,-0.0123082161070442, Amensalism,Healthy
SRR12328898.bin.9.fbc2XSRR12328898.bin.13.fbc2 ,-0.0880699319591258,-0.0880699319591258,298.74540332800234,-0.0016920255900458,-1000.0,1000.0,33.315941919941,801.6639744598715,-3.3027155098729963,-0.1467832199317627,-0.0116918968268464,-6.690552597114561,-420.4653124695019,-1000.0,-0.0057698072619132,-0.0648767754528307,-0.0648767754528307,701.2545966719977,-0.0012464318050433,999.9026786046618,-1000.0,423.857624430646,-371.0294238545532,-2.432947633228423,-0.1081279590879376,-0.0086128437728802,320.1471484577262,-500.10258133755553,1000.0,-0.0042503324551717, Neutralism,Healthy
SRR12328898.bin.1.fbc2XSRR12328898.bin.30.fbc2 ,-0.0712650008313176,-0.0712650008313176,506.31667793641054,-0.0013691642810726,-1000.0,1000.0,764.5725584659247,-320.5264457795463,-2.6725128352079537,-0.1187750013854156,-0.0094609251824522,3.5658788369830745,-435.2240198395489,-1000.0,-0.0046688501985272,-0.2761815295251608,-0.2761815295251608,493.6833220635895,-0.0053060812589365,1000.0,-1000.0,-1000.0,762.989660273973,-10.3570991916622,-0.4603025492085635,-0.0366650214989476,383.1523433596851,-564.7759801604511,1000.0,-0.0180937370928404, Competition,Healthy
SRR12328898.bin.4.fbc2XSRR12328898.bin.1.fbc2 ,-0.2573842558124397,-0.2573842558124397,991.7211773087174,-0.0049449424748218,0.0,630.3733915746782,-758.2227388864453,-659.1027772708949,-9.652181564804437,-0.4289737596874374,-0.0341695525007708,997.7645267898084,-508.6290650099394,-630.3733915746782,-0.0168622538390081,-0.0446765040164791,-0.0446765040164791,8.278822691282699,-0.0008583382135611,1000.0,-1000.0,543.2744903241417,481.28764697889983,-1.675416109217963,-0.0744608400274273,-0.0059311170557521,2.2354732101915715,-491.3709349900606,1000.0,-0.0029269333082311, Amensalism,Healthy
SRR12328898.bin.9.fbc2XSRR12328898.bin.7.fbc2 ,-0.0880699319591258,-0.0880699319591258,146.60436787491926,-0.0016920255900458,-1000.0,1000.0,101.00260807132372,640.9547657075595,-3.3027155098729963,-0.1467832199317627,-0.0116918968268464,-4.62699625813616,-383.4628045417653,-1000.0,-0.0057698072619132,-0.0908937331940933,-0.0908937331940933,853.3956321250807,-0.001746277294842,1000.0,-1000.0,206.32709210335656,140.88756243217836,-3.408611040027949,-0.151489555323451,-0.0120667761070762,1000.0,-501.38874448145816,1000.0,-0.0059548055752429, Neutralism,Healthy
SRR12328898.bin.15.fbc2XSRR12328898.bin.3.fbc2 ,-0.0794267519125924,-0.0794267519125924,969.6817572821436,-0.0015259702577168,1000.0,-1000.0,-940.5477897444372,-832.5828076437554,-2.978587125085596,-0.1323779198543206,-0.0105444544806232,1000.0,-509.7925834232772,1000.0,-0.005203558578728,-0.0590868841267138,-0.0590868841267138,30.318242717856265,-0.0011351946998274,-1000.0,999.835135673742,-59.45221025556282,-167.41719235624464,-2.215820590460225,-0.0984781402112275,-0.0078441953759238,-5.09853401123587,-432.6386284676189,-999.835135673742,-0.0038710139264139, Neutralism,Healthy
SRR12328898.bin.30.fbc2XSRR12328898.bin.34.fbc2 ,-0.2947195037485244,-0.2947195037485244,983.0120784117336,-0.0056622383044668,-1000.0,1000.0,-1000.0,701.1588189493275,-11.05229281367724,-0.4911991729142073,-0.039126066684048,787.7129085146164,-500.6017826870008,-1000.0,-0.0193082326183002,-0.084845776337147,-0.084845776337147,16.987921588266545,-0.0016300821582717,1000.0,-1000.0,0.0,-20.460194640331224,-3.1818062671599137,-0.1414096272285405,-0.0112638677135237,3.372293592967935,-499.3982173129992,1000.0,-0.0055585801596862, Neutralism,Healthy
SRR12328898.bin.15.fbc2XSRR12328898.bin.9.fbc2 ,-0.0847563056737499,-0.0847563056737499,1000.0,-0.0016283632213571,-1000.0,1000.0,-1000.0,-203.84081014249057,-3.178451022742365,-0.1412605094562877,-0.0112519898598293,987.343009501825,-589.6301077329006,-1000.0,-0.0055527185849086,-0.0880699319591258,-0.0880699319591258,0.0,-0.0016920255900458,0.0,0.0,26.89133157012475,1000.0,-3.3027155098729963,-0.1467832199317627,-0.0116918968268464,12.656990498174991,-410.3698922670994,0.0,-0.0057698072619132, Neutralism,Healthy
SRR12328898.bin.17.fbc2XSRR12328898.bin.3.fbc2 ,-0.1721962640291394,-0.1721962640291394,972.213583744292,-0.0033082855720749,-1000.0,999.7416890625284,-635.6662108566134,-306.6804777284193,-6.4575418568008445,-0.286993773381937,-0.0228602533034063,179.12539376820155,791.5193699957972,-999.7416890625284,-0.0112812538009166,-0.0541526358528017,-0.0541526358528017,27.78641625570799,-0.0010403964621445,0.0,-0.1510967781922545,-364.3337891433866,-111.68228302708508,-2.030781066286295,-0.0902543930880028,-0.0071891395531338,-4.672763842168251,-1000.0,0.1510967781922545,-0.0035477519357982, Amensalism,Healthy
SRR12328898.bin.9.fbc2XSRR12328898.bin.45.fbc2 ,-0.0880699319591258,-0.0880699319591258,4.335291046421617,-0.0016920255900458,-1000.0,1000.0,0.0,1000.0,-3.3027155098729963,-0.1467832199317627,-0.0116918968268464,43.20376565999641,-442.1915480919101,-1000.0,-0.0057698072619132,-0.0873074240710138,-0.0873074240710138,991.309447523359,-0.0016773760628439,1000.0,-1000.0,-1000.0,-988.0479686892708,-3.274120658348465,-0.1455123734517656,-0.0115906685942945,78.07691585291604,-2.5473024278107914,1000.0,-0.0057198523743409, Neutralism,Healthy
SRR12328898.bin.49.fbc2XSRR12328898.bin.29.fbc2 ,-0.1440431987961119,-0.1440431987961119,289.31420097095315,-0.0027674005532389,-1000.0,999.7839213648032,-1000.0,-999.4583707459705,-5.401772161883514,-0.240071997993482,-0.0191227378228404,1000.0,-624.139527882522,-999.7839213648032,-0.009436835886504,-0.179725887240238,-0.179725887240238,710.6857990290468,-0.0034529469210156,999.730393904405,-1000.0,168.23340255952417,-0.5416292540296581,-6.739910683587709,-0.299543145400321,-0.023859863224402,-5.406486171089341,-212.29930635088957,1000.0,-0.0117745490007337, Competition,Healthy
SRR12328898.bin.29.fbc2XSRR12328898.bin.47.fbc2 ,-0.1494950088248288,-0.1494950088248288,359.8620263870609,-0.0028721423404931,999.7757431260512,-1000.0,-250.7240182438917,181.46320738141776,-5.606220798760887,-0.2491583480414192,-0.0198465035731487,325.7527343135205,-102.93615043841557,1000.0,-0.0097940053811953,-0.1360352552305812,-0.1360352552305812,640.137973612939,-0.0026135495721746,-1000.0,999.7959340494062,1000.0,-81.15978323234401,-5.101465816371501,-0.2267254253841883,-0.0180596275436073,-4.195400450697662,-526.8470411264165,-999.7959340494064,-0.0089122040410529, Competition,Healthy
SRR12328898.bin.30.fbc2XSRR12328898.bin.22.fbc2 ,-0.2867180429318523,-0.2867180429318523,626.9697196918469,-0.0055085118718807,1000.0,-1000.0,-987.1410915301972,753.9475544301968,-10.752229578099104,-0.4778634048865342,-0.0380638170347538,574.1255186875478,-750.0323346808209,1000.0,-0.0187840254831144,-0.1002543640639714,-0.1002543640639714,373.0302803081531,-0.0019261165045918,-0.2797298999618078,1000.0,-12.858908469802827,-706.6350452930624,-3.759644588807305,-0.1670906067732858,-0.0133094650467455,-54.32792656151696,-249.9676653191791,-1000.0,-0.0065680572806741, Amensalism,Healthy
SRR12328898.bin.9.fbc2XSRR12328898.bin.22.fbc2 ,-0.0880699319591258,-0.0880699319591258,0.0,-0.0016920255900458,-1000.0,1000.0,112.04304120551024,954.5429464189228,-3.3027155098729963,-0.1467832199317627,-0.0116918968268464,-14.931880487968783,-476.12952513877576,-1000.0,-0.0057698072619132,-0.1274742126973933,-0.1274742126973933,1000.0,-0.0024490722900054,808.3715236677376,0.0,887.9569587944898,-551.4541247688538,-4.780417675128888,-0.2124570211623222,-0.0169230895243117,-57.77035805627361,-202.1406868080362,0.0,-0.0083513365091221, Neutralism,Healthy
SRR12328898.bin.17.fbc2XSRR12328898.bin.13.fbc2 ,-0.1879617911565674,-0.1879617911565674,490.49551054572544,-0.003611177543803,-1000.0,999.7180392573772,-1000.0,541.4136354287646,-7.048765783137128,-0.3132696519276123,-0.0249532368278551,-0.1589146618110817,634.9707808280634,-999.7180392573774,-0.0123141154244876,-0.0589976601750095,-0.0589976601750095,509.50448945427456,-0.0011334805028582,1000.0,-741.7783309497886,452.2037717359845,-269.11879272663555,-2.212474597992241,-0.0983294336250537,-0.0078323502749526,239.80090013178503,-564.6708282473563,741.7783309497886,-0.0038651685148352, Neutralism,Healthy
SRR12328898.bin.27.fbc2XSRR12328898.bin.30.fbc2 ,-0.1078428837477076,-0.1078428837477076,524.3919619561646,-0.002071909389997,-1000.0,999.8382253148316,700.8793689095719,-620.0602428633202,-4.044222095556734,-0.1797381395796264,-0.0143168938847111,682.1018798318423,-498.6308149380552,-999.8382253148314,-0.0070652110198352,-0.2733928713063278,-0.2733928713063278,475.60803804383545,-0.0052525047320841,1000.0,-1000.0,-1000.0,746.2406270660033,-10.252521561749177,-0.4556547855106601,-0.0362948076989368,317.8981201681577,-501.3691850619448,1000.0,-0.0179110411364717, Amensalism,Healthy
SRR12328898.bin.49.fbc2XSRR12328898.bin.9.fbc2 ,-0.1979839614765524,-0.1979839614765524,1000.0,-0.0038037264453123,-1000.0,999.7030050391528,-1000.0,-1000.0,-7.42460776032658,-0.3299732691276631,-0.0262837497368764,1000.0,-668.6516836539728,-999.7030050391528,-0.0129707071783968,-0.0591063459047518,-0.0591063459047518,0.0,-0.0011355686052638,0.0,0.0,401.46756414497895,332.3089619633481,-2.2165504277035097,-0.0985105765080334,-0.0078467790624472,-9.428355012632323,-331.3483163460272,0.0,-0.0038722889439668, Amensalism,Healthy
SRR12328898.bin.49.fbc2XSRR12328898.bin.17.fbc2 ,-0.1523096980866967,-0.1523096980866967,720.6291311913169,-0.0029262189833616,-1000.0,999.7715208217752,0.0,-824.861065825565,-5.711774620293113,-0.2538494968110854,-0.020220173175403,967.8408103690352,-1000.0,-999.7715208217752,-0.0099784067334667,-0.1444010388970582,-0.1444010388970582,279.3708688086831,-0.0027742754831479,0.0,-0.2166154297229923,-1000.0,447.2025432644382,-5.415191543792162,-0.2406683981618016,-0.0191702435884053,32.159189630964875,455.21436376043744,0.2166154297229923,-0.0094602793974445, Competition,Healthy
SRR12328898.bin.27.fbc2XSRR12328898.bin.45.fbc2 ,-0.086064205554976,-0.086064205554976,15.04859799367398,-0.0016534909808569,-1000.0,999.8708954242124,1000.0,-20.13494269571015,-3.227498650317443,-0.1434403425917025,-0.0114256226779616,3.533588580034916,-500.1425350562797,-999.8708954242126,-0.0056384042447916,-0.0873074240710138,-0.0873074240710138,983.1265361383776,-0.0016773760628439,1000.0,-1000.0,-1000.0,-979.8650573042898,-3.274120658348465,-0.1455123734517656,-0.0115906685942945,86.25982723789775,-2.5473024278107914,1000.0,-0.0057198523743409, Amensalism,Healthy
SRR12328898.bin.45.fbc2XSRR12328898.bin.3.fbc2 ,-0.0873074240710138,-0.0873074240710138,983.1265361383776,-0.0016773760628439,1000.0,-1000.0,-1000.0,-979.8650573042898,-3.274120658348465,-0.1455123734517656,-0.0115906685942945,86.25982723789775,-2.5473024278107914,1000.0,-0.0057198523743409,-0.0009683313929826,-0.0009683313929826,0.4968633333310208,-1.86038691936119e-05,-1000.0,999.9972981600732,0.0,-7.478686390066173,-0.0363134504491426,-0.0016138856549332,-0.0001285527363279,-0.083556115949932,-503.46072681412994,-999.997298160073,-6.343919403661857e-05, Amensalism,Healthy
SRR12328898.bin.1.fbc2XSRR12328898.bin.15.fbc2 ,-0.0446077668362931,-0.0446077668362931,6.99128402388078,-0.0008570176145212,1000.0,-1000.0,546.9767952131638,483.3605148093706,-1.6728383923308456,-0.0743462780604886,-0.0059219917163773,2.232033815635873,-491.5160872582073,1000.0,-0.0029224300654959,-0.0841637502679759,-0.0841637502679759,993.0087159761192,-0.0016169788716524,-1000.0,1000.0,-1000.0,-331.99405393737607,-3.156229568886374,-0.1402729171132932,-0.0111733240029252,997.767966184364,-508.4839127417927,-1000.0,-0.0055138979522553, Amensalism,Healthy
SRR12328898.bin.4.fbc2XSRR12328898.bin.9.fbc2 ,-0.2577398862823656,-0.2577398862823656,1000.0,-0.0049517749525875,-683.8848834487483,1000.0,-1000.0,-715.9535979380554,-9.665518083209465,-0.4295664771372003,-0.0342167649223483,1000.0,-523.9461456753905,-1000.0,-0.0168855525882918,-0.0880699319591258,-0.0880699319591258,0.0,-0.0016920255900458,0.0,0.0,107.18576590466137,952.470512776225,-3.3027155098729963,-0.1467832199317627,-0.0116918968268464,-11.968424569017088,-476.0538543246095,0.0,-0.0057698072619132, Neutralism,Healthy
SRR12328898.bin.49.fbc2XSRR12328898.bin.47.fbc2 ,-0.1257938917763112,-0.1257938917763112,98.91197382825816,-0.002416789467361,-1000.0,999.8112970783882,-1000.0,-924.4444298096232,-4.717403865033134,-0.2096564862938521,-0.0167000152194987,1000.0,-551.8412313596314,-999.8112970783882,-0.0082412520837351,-0.2142272881167173,-0.2142272881167173,901.0880261717418,-0.0041157980425623,0.0,-0.3213615111652643,402.8248365236959,52.90326931508503,-8.033749673269085,-0.3570454801945288,-0.0284401644743184,-13.370046467406382,-448.15876864036863,0.3213615111652643,-0.0140348713251796, Amensalism,Healthy
SRR12328898.bin.49.fbc2XSRR12328898.bin.45.fbc2 ,-0.1474956077463503,-0.1474956077463503,335.30720106463923,-0.0028337292554851,-1000.0,999.7787424197344,-352.89258234911495,-325.6065490058395,-5.531241145595232,-0.2458260129104701,-0.0195810691551514,957.3904497901374,-999.9778512786164,-999.7787424197344,-0.0096630167611238,-0.0590594747962995,-0.0590594747962995,664.6927989353608,-0.0011346681036457,1000.0,-1000.0,-647.107417650885,-674.3934509941605,-2.214792711608084,-0.0984324579939084,-0.0078405565964203,42.60955020986262,-0.0221487213837008,1000.0,-0.0038692182334898, Competition,Healthy
SRR12328898.bin.12.fbc2XSRR12328898.bin.1.fbc2 ,-0.1413583571353456,-0.1413583571353456,871.3606401297584,-0.0027158185808957,-1000.0,1000.0,881.969478966038,714.072283981473,-5.301087762597604,-0.2355972618922805,-0.0187663063938998,19.624515627031546,-395.83751128901895,-1000.0,-0.0092609413608215,-0.0312379902595694,-0.0312379902595694,128.6393598702416,-0.0006001535111863,1000.0,-1000.0,118.03052103396205,285.927716018527,-1.1714576431749038,-0.0520633170991686,-0.0041470607626479,1.6943773990445834,-477.3198150214192,1000.0,-0.0020465234732682, Competition,Healthy
SRR12328898.bin.27.fbc2XSRR12328898.bin.3.fbc2 ,-0.1162146279613125,-0.1162146279613125,720.9700203422444,-0.0022327498166987,999.825666894309,-1000.0,475.6097632033561,-844.6131585168253,-4.358171349789132,-0.1936910466022254,-0.0154283012336691,938.9708599272668,-500.1924686160775,1000.0,-0.0076136768750529,-0.0589138721410336,-0.0589138721410336,30.22946803540458,-0.0011318707423697,-1000.0,999.835618412084,-546.1460370510921,-155.38684148317475,-2.2093324581790057,-0.0981897869016847,-0.0078212268298329,-5.083605021385665,-433.9554345132802,-999.8356184120838,-0.003859679231482, Neutralism,Healthy
SRR12328898.bin.47.fbc2XSRR12328898.bin.3.fbc2 ,-0.2208463712779576,-0.2208463712779576,993.712054657773,-0.00424296582662,-1000.0,999.668709228254,146.37817336376563,-114.5444686535501,-8.281972286042674,-0.3680772854631868,-0.0293188938622961,3.421103346040127,-478.74148953348833,-999.668709228254,-0.0144685134689552,-0.0122545063475172,-0.0122545063475172,6.28794534222709,-0.0002354372016952,0.0,-0.0341925448001347,-916.698486522734,-13.178102673445892,-0.4595569370776502,-0.0204241772458999,-0.0016268710636495,-1.0574261670270744,-150.3395402665251,0.0341925448001347,-0.0008028408577729, Amensalism,Healthy
SRR12328898.bin.4.fbc2XSRR12328898.bin.26.fbc2 ,-0.2148742263138956,-0.2148742263138956,497.6033257823024,-0.0041282272106855,-961.0847276316266,1000.0,-374.5079516198284,1000.0,-8.058010539269844,-0.3581237105232731,-0.0285260500255617,408.9731773288513,-388.4825256274943,-1000.0,-0.0140772547882761,-0.0451618238341779,-0.0451618238341779,502.3966742176976,-0.0008676623215251,1000.0,-1000.0,552.7282106371135,-4.030797330507653,-1.693616115208215,-0.0752697063902587,-0.0059955466415431,3.499033991191141,-0.0922151515292171,1000.0,-0.0029587285163188, Amensalism,Healthy
SRR12328898.bin.7.fbc2XSRR12328898.bin.22.fbc2 ,-0.0908937331940933,-0.0908937331940933,0.0,-0.001746277294842,1000.0,-1000.0,-411.2386839492536,0.0,-3.408611040027949,-0.151489555323451,-0.0120667761070762,510.8005437179068,-501.38874448145816,1000.0,-0.0059548055752429,-0.1274742126973933,-0.1274742126973933,1000.0,-0.0024490722900054,-218.8673256993204,1000.0,1000.0,-1000.0,-4.780417675128888,-0.2124570211623222,-0.0169230895243117,-57.77035805627327,-207.4378653692717,-1000.0,-0.0083513365091221, Neutralism,Healthy
SRR12328898.bin.29.fbc2XSRR12328898.bin.13.fbc2 ,-0.2036060971504412,-0.2036060971504412,987.8112340590516,-0.0039117405792694,-1000.0,999.6945712955714,442.949641267217,-206.53740699371636,-7.635443788872408,-0.3393434952506595,-0.0270301274026678,396.1164837396968,-250.011838923195,-999.6945712955714,-0.0133390353752247,-0.0427677375098483,-0.0427677375098483,12.188765940948542,-0.0008216664266456,1000.0,-0.3820039950472846,557.050358732783,-18.11336583804757,-1.6038353482725825,-0.0712795625164517,-0.0056777150084599,-3.137507989047208,-749.988161076805,0.3820039950472846,-0.0028018825150866, Amensalism,Healthy
SRR12328898.bin.47.fbc2XSRR12328898.bin.13.fbc2 ,-0.2225971292532449,-0.2225971292532449,983.961655135392,-0.0042766019068949,-1000.0,999.6660829231104,20.61896365711243,-56.32648786464722,-8.347627560101273,-0.3709952154221128,-0.0295513191765621,3.4439475156125354,-459.8395006429424,-999.6660829231106,-0.0145832125024298,-0.0314250294076146,-0.0314250294076146,16.03834486460812,-0.0006037469627244,1000.0,-287.9242482905207,400.4586320899184,-15.670149779417784,-1.178471808867016,-0.0523750490126531,-0.0041718915121009,0.0553575590082573,-540.1604993570576,287.9242482905206,-0.0020587771427926, Amensalism,Healthy
SRR12328898.bin.12.fbc2XSRR12328898.bin.3.fbc2 ,-0.1593465650953476,-0.1593465650953476,976.9775924454382,-0.0030614133544304,1000.0,-1000.0,1000.0,813.5758180049088,-5.975664568809634,-0.2655776084922081,-0.0211543662787789,17.359905146102847,-446.59826612618735,1000.0,-0.0104394195384429,-0.0466607428917313,-0.0466607428917313,23.022407554561823,-0.0008964599978753,-1000.0,999.8698071145022,-701.3037979676028,-32.8606834055463,-1.7498271637383596,-0.0777679048194386,-0.0061945385856461,-4.486208555186863,-553.4017338738126,-999.869807114502,-0.003056928592855, Amensalism,Healthy
SRR12328898.bin.26.fbc2XSRR12328898.bin.22.fbc2 ,-0.0031718358136458,-0.0031718358136458,35.30903276118738,-6.09382481115972e-05,1000.0,-1000.0,39.235537686973885,-0.254523011184915,-0.1189471946165667,-0.0052863930227431,-0.0004210832943272,0.0844062255782773,-0.0064765170081955,1000.0,-0.0002077994259934,-0.1254319424200503,-0.1254319424200503,964.6909672388126,-0.0024098355892192,0.0,999.6500195773745,665.3175300962798,-903.1714641854038,-4.703830381708485,-0.2090532373666747,-0.0166519639216176,-29.071733929169568,-300.4104257649593,-999.6500195773745,-0.0082175393592933, Amensalism,Healthy
SRR12328898.bin.4.fbc2XSRR12328898.bin.13.fbc2 ,-0.2573842558124397,-0.2573842558124397,991.7211773087174,-0.0049449424748218,-1000.0,999.6138988915689,-1000.0,-126.10028232352433,-9.652181564804437,-0.4289737596874374,-0.0341695525007708,990.531272367022,-328.0120539511136,-999.6138988915689,-0.0168622538390081,-0.0380931970777282,-0.0380931970777282,8.278822691282699,-0.0007318577728483,1000.0,-101.4781477408709,499.38653586081045,-15.27596117163182,-1.4285351425925228,-0.0634886617962138,-0.0050571372105423,-3.6538109109540073,-671.9879460488864,101.478147740871,-0.0024956350055163, Amensalism,Healthy
SRR12328898.bin.17.fbc2XSRR12328898.bin.30.fbc2 ,-0.1614917387207697,-0.1614917387207697,541.7576923955198,-0.0031026270647771,-1000.0,999.7577468787836,-979.0225525000149,258.4819827657941,-6.056110846518891,-0.2691528978680253,-0.021439153017468,173.39286892488826,685.813031207068,-999.7577468787836,-0.0105799582908048,-0.2724030062548763,-0.2724030062548763,458.2423076044802,-0.0052334871518269,1000.0,-1000.0,-20.977447499985143,741.5180172342059,-10.215400576352067,-0.4540050104247939,-0.0361633962194218,324.50928336195443,-1000.0,1000.0,-0.0178461911879139, Competition,Healthy
SRR12328898.bin.49.fbc2XSRR12328898.bin.3.fbc2 ,-0.1957899338324296,-0.1957899338324296,972.3152559112032,-0.0037615741370018,-1000.0,999.7062962913806,-1000.0,-899.7837816935325,-7.342329405292844,-0.3263165563873826,-0.0259924772868771,978.7967778175904,-731.6852694923261,-999.7062962913808,-0.0128269678073138,-0.0539544881039546,-0.0539544881039546,27.684744088796837,-0.0010365895889208,0.0,-0.150543906000621,0.0,-100.21621830646744,-2.0233503163245814,-0.0899241468398486,-0.0071628340594998,-4.655665918459135,-268.31473050767386,0.150543906000621,-0.0035347704982768, Neutralism,Healthy
SRR12328898.bin.45.fbc2XSRR12328898.bin.13.fbc2 ,-0.087214943729009,-0.087214943729009,981.7320767290032,-0.0016755993030983,-1000.0,1000.0,-1000.0,-978.4740526146184,-3.2706525478004096,-0.1453582395483863,-0.0115783911847984,85.46229025379421,-2.544604199082869,-1000.0,-0.0057137936237268,-0.043168287421281,-0.043168287421281,18.26792327099679,-0.0008293619100641,990.9273534727236,0.0,553.7657726129387,-21.52594738538164,-1.6188563932010993,-0.0719471457020972,-0.0057308907988726,0.0760441935379958,-747.8162839978683,0.0,-0.0028281241134209, Amensalism,Healthy
SRR12328898.bin.12.fbc2XSRR12328898.bin.17.fbc2 ,-0.0840729588835529,-0.0840729588835529,511.265439973128,-0.0016152345606315,1000.0,-1000.0,553.7321667527642,428.4634607083585,-3.1528247960333147,-0.1401215981392169,-0.0111612708143411,0.6128765255327835,-235.3114337881832,1000.0,-0.0055079498519035,-0.1506799367576832,-0.1506799367576832,488.734560026872,-0.0028949075265245,-1000.0,999.773965620326,-1000.0,571.5365392916415,-5.65065684832507,-0.2511332279293583,-0.0200038110085643,39.54864638369645,98.30603118099292,-999.773965620326,-0.0098716346656146, Competition,Healthy
SRR12328898.bin.29.fbc2XSRR12328898.bin.9.fbc2 ,-0.2046564167978886,-0.2046564167978886,1000.0,-0.0039319196310998,-1000.0,999.6929957152053,366.5921707363714,-3.567863192440996,-7.674831885499088,-0.3410940279964052,-0.0271695646507623,3.644968136406419,-312.7081601601011,-999.692995715205,-0.0134078459419697,-0.0880699319591258,-0.0880699319591258,0.0,-0.0016920255900458,0.0,0.0,-953.9093699034952,90.09866356491308,-3.3027155098729963,-0.1467832199317627,-0.0116918968268464,985.0193891750396,-427.6395758415317,0.0,-0.0057698072619132, Neutralism,Healthy
SRR12328898.bin.49.fbc2XSRR12328898.bin.12.fbc2 ,-0.0860623961507371,-0.0860623961507371,194.00941795566905,-0.0016534562180368,-1000.0,999.870898138493,-1000.0,-1000.0,-3.2274307957436577,-0.1434373269178195,-0.0114253824668821,1000.0,-111.71433613417504,-999.8708981384927,-0.0056382857036396,-0.1380796251604579,-0.1380796251604579,805.990582044331,-0.0026528266121204,1000.0,-1000.0,952.4006796528104,758.7449073263142,-5.178131848980911,-0.2301327086007631,-0.0183310318897156,-13.189058067439989,-397.3174594883935,1000.0,-0.0090461387472942, Competition,Healthy
SRR12328898.bin.29.fbc2XSRR12328898.bin.45.fbc2 ,-0.2046564167978886,-0.2046564167978886,1000.0,-0.0039319196310998,-1000.0,999.6929957152053,723.8106256634828,-720.5510059219422,-7.674831885499088,-0.3410940279964052,-0.0271695646507623,1000.0,-132.82581625890566,-999.692995715205,-0.0134078459419697,0.0,0.0,0.0,0.0,1000.0,-1000.0,-1000.0,0.0,0.0,0.0,0.0,0.0,0.0,1000.0,0.0, Amensalism,Healthy
SRR12328898.bin.49.fbc2XSRR12328898.bin.34.fbc2 ,-0.197166027983485,-0.197166027983485,988.736786003577,-0.0037880120650015,-1000.0,999.7042320179644,-1000.0,-982.630269466252,-7.39393439004391,-0.3286100466391417,-0.0261751633692028,918.8317507126092,-499.585848253354,-999.7042320179644,-0.0129171211416405,-0.0846965758662463,-0.0846965758662463,11.263213996422904,-0.0016272156747163,1000.0,-1000.0,0.0,-17.369730533747997,-3.176211091844266,-0.1411609597770393,-0.0112440603119239,6.26367519680548,-500.414151746646,1000.0,-0.005548805450644, Neutralism,Healthy
SRR12328898.bin.47.fbc2XSRR12328898.bin.34.fbc2 ,-0.2149052271897744,-0.2149052271897744,988.736786003577,-0.0041288228086386,-1000.0,999.6776215151012,155.53049305314266,-55.737862757389166,-8.059173104871547,-0.358175378649662,-0.0285301656076626,3.324941007798998,-499.585848253354,-999.6776215151012,-0.014079285777484,-0.0846965758662463,-0.0846965758662463,11.263213996422904,-0.0016272156747163,1000.0,-1000.0,-888.4550931384822,-17.36973053374834,-3.176211091844266,-0.1411609597770393,-0.0112440603119239,6.26367519680548,-500.414151746646,1000.0,-0.005548805450644, Neutralism,Healthy
SRR12328898.bin.9.fbc2XSRR12328898.bin.26.fbc2 ,-0.0880699319591258,-0.0880699319591258,258.8414503639931,-0.0016920255900458,-1000.0,1000.0,0.0,439.581844874414,-3.3027155098729963,-0.1467832199317627,-0.0116918968268464,297.4235828302758,-402.4476992948612,-1000.0,-0.0057698072619132,-0.0452063139958909,-0.0452063139958909,741.1585496360069,-0.0008685170796525,1000.0,-1000.0,0.0,-240.824027255024,-1.6952845432833783,-0.0753438566597424,-0.0060014530204171,320.55598984408,-39.78575420058792,1000.0,-0.0029616432416332, Neutralism,Healthy
SRR12328898.bin.27.fbc2XSRR12328898.bin.17.fbc2 ,-0.1072580352256409,-0.1072580352256409,509.5044894542759,-0.0020606731071666,999.8391026437962,-1000.0,715.6508899717855,-600.5599421661487,-4.022289657981332,-0.1787633920426969,-0.0142392511702382,659.2657942365427,-500.1776351735165,1000.0,-0.0070268952953256,-0.1879617911565674,-0.1879617911565674,490.4955105457241,-0.003611177543803,-1000.0,999.7180392573772,-1000.0,541.4136354287625,-7.048765783137128,-0.3132696519276123,-0.0249532368278551,-0.1589146618099448,634.9707808280632,-999.7180392573774,-0.0123141154244876, Neutralism,Healthy
SRR12328898.bin.9.fbc2XSRR12328898.bin.17.fbc2 ,-0.0591409937838989,-0.0591409937838989,3.712572048712218,-0.0011362342705751,-1000.0,1000.0,399.26042104826456,328.2049923749032,-2.217849759781757,-0.0985683229731648,-0.0078513788097325,-7.577595848374017,-330.9563556800708,-1000.0,-0.0038745588626625,-0.1979404610860911,-0.1979404610860911,996.2874279512878,-0.0038028907029001,0.0,-0.2969297060826648,-1000.0,-226.35765553910392,-7.42297644971859,-0.3299007684769321,-0.026277974757022,175.07896571659967,639.4660930123605,0.2969297060826648,-0.0129678572968714, Amensalism,Healthy
SRR12328898.bin.45.fbc2XSRR12328898.bin.26.fbc2 ,-0.0860112961979666,-0.0860112961979666,968.0256962497342,-0.0016524744706885,-1000.0,1000.0,-1000.0,-964.8126359054764,-3.22551449351829,-0.1433521603298686,-0.0114185985922858,83.96770580718203,-2.5094862888842044,-1000.0,-0.0056349379449329,-0.0028742584242991,-0.0028742584242991,31.97430375026579,-5.522110325273388e-05,0.0,0.0,35.03213799530886,-0.2565342185080226,-0.1077877280703205,-0.0047904307070893,-0.0003815778234184,0.368133914556779,-0.0058688988535777,0.0,-0.0001883039620906, Amensalism,Healthy
SRR12328898.bin.7.fbc2XSRR12328898.bin.17.fbc2 ,-0.0908937331940933,-0.0908937331940933,0.0,-0.001746277294842,1000.0,-1000.0,-700.3580577883886,-1000.0,-3.408611040027949,-0.151489555323451,-0.0120667761070762,605.434272222959,156.62734843604517,1000.0,-0.0059548055752429,-0.1980228832276225,-0.1980228832276225,1000.0,-0.0038044742215106,-1000.0,999.7029466527874,-182.61337695661643,478.0884338112096,-7.426067367118549,-0.33003813871278,-0.026288916870385,108.10531269926857,17.567142808873655,-999.7029466527874,-0.0129732570952683, Neutralism,Healthy
SRR12328898.bin.12.fbc2XSRR12328898.bin.30.fbc2 ,-0.14320211038455,-0.14320211038455,879.4543413666133,-0.002751241313831,-1000.0,1000.0,928.8228310157706,717.3654752204288,-5.370230457692173,-0.23867018397425,-0.019011077478467,8.699053616733636,-399.3724170469554,-1000.0,-0.0093817328801151,-0.2058076261989754,-0.2058076261989754,120.54565863338668,-0.0039540370066788,1000.0,-1000.0,-740.6963882803554,282.6345247795712,-7.7180034544952605,-0.3430127103315499,-0.0273223957162827,328.395585176082,-500.4202350530725,1000.0,-0.0134832661929067, Competition,Healthy
SRR12328898.bin.4.fbc2XSRR12328898.bin.27.fbc2 ,-0.2573842558124397,-0.2573842558124397,991.7211773087174,-0.0049449424748218,-1000.0,1000.0,-546.6002680061079,57.430141582027545,-9.652181564804437,-0.4289737596874374,-0.0341695525007708,881.4828416090998,-499.8578953014336,-1000.0,-0.0168622538390081,-0.0858043509223307,-0.0858043509223307,8.278822691282585,-0.0016484985767419,999.8712852311236,-1000.0,1000.0,-14.568937840517492,-3.21775382700946,-0.1430072515372558,-0.0113911251656873,-5.020001011195177,-500.1421046985664,1000.0,-0.0056213801468629, Amensalism,Healthy
SRR12328898.bin.27.fbc2XSRR12328898.bin.13.fbc2 ,-0.0990934080915622,-0.0990934080915622,319.4225923871445,-0.0019038118749676,-1000.0,999.8513503688032,583.1769576438412,-379.97747354371154,-3.716107513086968,-0.1651556801525657,-0.0131553400559596,409.7812598302176,-498.9491278123576,-999.8513503688032,-0.0064919984936295,-0.0644744860605897,-0.0644744860605897,680.5774076128555,-0.001238702902242,3.550340201356562,0.1486496311966902,416.8230423561588,-355.9889162552621,-2.41786135593145,-0.1074574767676495,-0.0085594370543731,323.9494073692515,-501.0508721876424,-0.1486496311966902,-0.0042239768965828, Amensalism,Healthy
SRR12328898.bin.15.fbc2XSRR12328898.bin.26.fbc2 ,-0.042175019584306,-0.042175019584306,497.6033257823024,-0.0008102789545318,-1000.0,1000.0,-949.6662461294634,1000.0,-1.58160779975276,-0.0702916993071767,-0.005599027575954,994.2156909565688,-750.650004443184,-1000.0,-0.0027630512349787,-0.0451618238341779,-0.0451618238341779,502.3966742176976,-0.0008676623215251,1000.0,-1000.0,550.4429355848738,-4.030797330506175,-1.693616115208215,-0.0752697063902587,-0.0059955466415431,5.784309043431108,-0.0922151515292171,1000.0,-0.0029587285163188, Amensalism,Healthy
SRR12328898.bin.15.fbc2XSRR12328898.bin.45.fbc2 ,-0.0016017192011759,-0.0016017192011759,18.897935539818263,-3.077270321227843e-05,-1000.0,1000.0,0.0,962.1224729369856,-0.0600661625442171,-0.0026695320020735,-0.0002126393790149,460.8666613762177,-479.66322455775503,-1000.0,-0.0001049349178856,-0.0871731614084865,-0.0871731614084865,981.1020644601816,-0.0016747965688637,1000.0,-1000.0,-1000.0,-977.8456011770276,-3.2690856666274613,-0.1452886023473638,-0.0115728442907538,85.10196561368821,-2.543385148036009,1000.0,-0.0057110562997877, Amensalism,Healthy
SRR12328898.bin.12.fbc2XSRR12328898.bin.15.fbc2 ,-0.160312650495257,-0.160312650495257,985.9234644512072,-0.0030799740728753,-1000.0,1000.0,1000.0,851.3558603686506,-6.011893792145202,-0.2671877508254283,-0.0212826208438627,9.81238159980785,-463.423330711888,-1000.0,-0.0105027115886287,-0.0011930751497857,-0.0011930751497857,14.076535548792664,-2.2921712798051885e-05,1000.0,-1000.0,0.0,148.6441396313494,-0.0447415788116813,-0.0019884585830141,-0.0001583890352776,531.8932258735433,-176.9113604001068,1000.0,-7.816304059815593e-05, Amensalism,Healthy
SRR12328898.bin.1.fbc2XSRR12328898.bin.45.fbc2 ,-0.045180900893456,-0.045180900893456,17.726846044042986,-0.0008680288356117,-1000.0,1000.0,551.8019521848992,466.0768388180911,-1.694331525090206,-0.0753015014890934,-0.0059980792540272,2.2607116600366908,-490.30580036235966,-1000.0,-0.0029599783293861,-0.0872316387094542,-0.0872316387094542,982.273153955957,-0.0016759200520937,1000.0,-1000.0,-977.4234952256506,-979.014506179544,-3.2712786272057883,-0.1453860645157192,-0.011580607559722,86.18495122050035,-2.5450912958503977,1000.0,-0.0057148873775076, Amensalism,Healthy
SRR12328898.bin.27.fbc2XSRR12328898.bin.26.fbc2 ,-0.1067493708906113,-0.1067493708906113,497.6033257823028,-0.0020509004974655,-1000.0,999.8398656891616,449.5570644151262,-586.6461419659281,-4.003214207924543,-0.1779156181510188,-0.0141717224371404,643.4927734089351,-500.1767927501287,-999.8398656891616,-0.0069935706961814,-0.0451618238341779,-0.0451618238341779,502.3966742176972,-0.0008676623215251,1000.0,-1000.0,550.4429355848738,-4.030797330507539,-1.693616115208215,-0.0752697063902587,-0.0059955466415431,5.784309043431222,-0.0922151515292171,1000.0,-0.0029587285163188, Neutralism,Healthy
SRR12328898.bin.47.fbc2XSRR12328898.bin.45.fbc2 ,-0.2235380030765554,-0.2235380030765554,980.5657875191896,-0.0042946782531316,-1000.0,999.664671521994,39.28998622776271,-46.54720796219249,-8.382911322674659,-0.3725633384609637,-0.0296762267292933,3.458504397263141,-488.03686179658285,-999.664671521994,-0.0146448528432756,-0.0017267742091462,-0.0017267742091462,19.434212480810515,-3.317529694868426e-05,1000.0,-1000.0,-22.634751632120924,-19.56863944778172,-0.0647558574837603,-0.0028779570152437,-0.0002292413023496,1.5365472219785945,-0.0006475817975797,1000.0,-0.0001131277628019, Amensalism,Healthy
SRR12328898.bin.29.fbc2XSRR12328898.bin.15.fbc2 ,-0.2046564167978886,-0.2046564167978886,1000.0,-0.0039319196310998,-1000.0,999.6929957152053,362.1952050981595,0.0,-7.674831885499088,-0.3410940279964052,-0.0271695646507623,3.644968136406078,-312.29360893721514,-999.692995715205,-0.0134078459419697,0.0,0.0,0.0,0.0,1000.0,-1000.0,-333.3333333333335,1000.0,0.0,0.0,0.0,666.6666666666665,-500.0,1000.0,0.0, Amensalism,Healthy
SRR12328898.bin.30.fbc2XSRR12328898.bin.3.fbc2 ,-0.3154810889254804,-0.3154810889254804,993.2257696247808,-0.0060611160216694,1000.0,-1000.0,-1000.0,728.4215502929378,-11.830874196087962,-0.5258018148758765,-0.0418823117094007,865.2817441577317,-999.9779937605348,1000.0,-0.020668405633728,-0.0132022218092515,-0.0132022218092515,6.77423037521919,-0.0002536449915169,-1000.0,999.9631631378796,119.35489139605625,-148.3447773114881,-0.4950972683219561,-0.0220037030154571,-0.0017526868914501,-1.1392033598194755,-0.0220062394653268,-999.9631631378796,-0.0008649294211409, Amensalism,Healthy
SRR12328898.bin.12.fbc2XSRR12328898.bin.13.fbc2 ,-0.1602692439643078,-0.1602692439643078,986.9728191156256,-0.0030791401337637,-1000.0,1000.0,1000.0,812.7321923893123,-6.010266001368564,-0.2671154066072176,-0.0212768583245406,20.836604247730293,-448.8211830740896,-1000.0,-0.0104998678563106,-0.0255250492394907,-0.0255250492394907,13.027180884374616,-0.000490394798021,727.9429640942533,0.0,0.0,-12.728113616772134,-0.9572163181953784,-0.0425417487325603,-0.0033886280546084,0.044964299034973,-551.1788169259104,0.0,-0.0016722462613643, Amensalism,Healthy
SRR12328898.bin.4.fbc2XSRR12328898.bin.3.fbc2 ,-0.255488156749152,-0.255488156749152,969.6817572821432,-0.0049085140585702,-999.835135673742,1000.0,-658.7649876260577,-144.33643768639274,-9.58107584636616,-0.4258135945818821,-0.0339178321447661,1000.0,-495.5927678422304,-1000.0,-0.0167380329397701,-0.0590868841267138,-0.0590868841267138,30.31824271785672,-0.0011351946998274,-0.1648643262578843,0.0,-341.23501237394225,-167.41719235624464,-2.215820590460225,-0.0984781402112275,-0.0078441953759238,-5.098534011236211,-504.4072321577696,0.0,-0.0038710139264139, Neutralism,Healthy
SRR12328898.bin.4.fbc2XSRR12328898.bin.47.fbc2 ,-0.1737363013251069,-0.1737363013251069,19.43421248081063,-0.0033378732242681,-482.5320467263417,1000.0,-513.0323141027985,1000.0,-6.515294882719331,-0.2895605022085874,-0.0230647039799123,40.62531990038451,-511.9631382034172,-1000.0,-0.0113821476949169,-0.2235380030765554,-0.2235380030765554,980.5657875191894,-0.0042946782531316,-0.3353284780060903,0.0,539.2899862277573,-46.5472079621884,-8.382911322674772,-0.3725633384609637,-0.0296762267292933,3.458504397263141,-488.0368617965828,0.0,-0.0146448528432756, Amensalism,Healthy
SRR12328898.bin.1.fbc2XSRR12328898.bin.22.fbc2 ,-0.0775559324207506,-0.0775559324207506,624.1541810549625,-0.0014900275200488,1000.0,-1000.0,816.9324574578429,-510.23847200578336,-2.9084294172929503,-0.1292598873679935,-0.0102960901638198,3.880657473877704,-421.9394628134789,1000.0,-0.0050809938435349,-0.1009530250868238,-0.1009530250868238,375.8458189450376,-0.0019395393868535,-0.2816793051557624,1000.0,-377.6679403890325,-489.76152799421664,-3.785845115421921,-0.1682550418113351,-0.013402217163275,-45.75115454898514,-249.96743998254283,-1000.0,-0.0066138293092308, Competition,Healthy
SRR12328898.bin.15.fbc2XSRR12328898.bin.30.fbc2 ,-0.0803262805886788,-0.0803262805886788,947.7322064728164,-0.0015432522687888,-1000.0,1000.0,-484.73947718160673,-764.1360716067469,-3.01232040094942,-0.1338771343143889,-0.0106638731771226,935.7367689406758,-499.5073204457187,-1000.0,-0.0052624902364186,-0.2412868912339263,-0.2412868912339263,52.26779352718359,-0.0046356751437315,1000.0,-1000.0,-515.2605228183933,803.1825377825858,-9.048513383406656,-0.4021448187232863,-0.0320325152435998,25.472154136816695,-500.4926795542813,1000.0,-0.0158076522402552, Amensalism,Healthy
SRR12328898.bin.1.fbc2XSRR12328898.bin.13.fbc2 ,-0.0701990066147573,-0.0701990066147573,486.3491906046038,-0.0013486840848599,1000.0,-1000.0,755.700208049911,-288.3798678216549,-2.632536925675936,-0.116998344357853,-0.0093194070260551,3.5125398041780045,-437.4750792824824,1000.0,-0.0045990127292725,-0.0558892166267241,-0.0558892166267241,513.6508093953962,-0.0010737601656956,-750.3376381702317,1000.0,244.299791950089,-270.4350141455915,-2.095904680310582,-0.0931486943778736,-0.0074196827453079,242.6618101674956,-562.5249207175176,-1000.0,-0.0036615221652027, Competition,Healthy
SRR12328898.bin.29.fbc2XSRR12328898.bin.34.fbc2 ,-0.2044964431065636,-0.2044964431065636,998.1435347949972,-0.0039288461691739,-1000.0,999.6932356911092,365.1627211510249,-3.5650743023900304,-7.66883270303606,-0.3408274051776061,-0.027148327029181,3.642118975766948,-312.0876952778666,-999.6932356911092,-0.0133973654369583,-0.0839087301286554,-0.0839087301286554,1.8564652050029051,-0.0016120793492291,1000.0,-1000.0,-884.8058012373436,-10.944114378362542,-3.1466660441891463,-0.139847883547759,-0.0111394683033267,9.619691244030603,-501.9292669770952,1000.0,-0.0054971905809679, Neutralism,Healthy
SRR12328898.bin.13.fbc2XSRR12328898.bin.34.fbc2 ,-0.0648767754528307,-0.0648767754528307,979.7007659475578,-0.0012464318050433,-1000.0,999.9026786046618,560.3757526223815,-510.252508492334,-2.432947633228423,-0.1081279590879376,-0.0086128437728802,459.3702330955064,-500.10258133755553,-999.9026786046618,-0.0042503324551717,-0.0849161493509882,-0.0849161493509882,20.299234052442216,-0.0016314341854695,1000.0,-1000.0,-882.4566393100656,-26.41216492358797,-3.184445329540836,-0.1415269155849046,-0.0112732102212476,9.96953524224864,-499.89741866244447,1000.0,-0.0055631905722748, Neutralism,Healthy
SRR12328898.bin.22.fbc2XSRR12328898.bin.3.fbc2 ,-0.1259096700330246,-0.1259096700330246,976.5707192915452,-0.0024190138334461,-908.7225668573826,1000.0,722.6136374760852,-510.5089418320488,-4.721745671998292,-0.2098494500550032,-0.0167153855893502,-57.061319043559934,-22.866577435684007,-1000.0,-0.008248837172232,-0.0456610631188141,-0.0456610631188141,23.42928070845494,-0.0008772538543553,-0.1274035772670458,0.0,-688.6453108059778,-24.58611474293832,-1.7123381159188966,-0.0761017718647281,-0.0060618241335532,-3.940036553652135,-527.9812346964129,0.0,-0.0029914356433664, Amensalism,Healthy
SRR12328898.bin.1.fbc2XSRR12328898.bin.26.fbc2 ,-0.0744011900383156,-0.0744011900383156,565.0616666891028,-0.0014294176760358,-1000.0,1000.0,790.6752982216874,-415.1027101433492,-2.7901232444103243,-0.1240019833973065,-0.0098772761415375,3.722803983855556,-428.6013306919706,-1000.0,-0.0048743142752982,-0.0390978073617134,-0.0390978073617134,434.9383333108972,-0.0007511586428563,1000.0,-1000.0,209.3247017783126,-3.4895698216466826,-1.466209089787753,-0.0651630122694086,-0.0051905062222203,272.2162063048427,-0.0798331405648014,1000.0,-0.0025614509721663, Competition,Healthy
SRR12328898.bin.27.fbc2XSRR12328898.bin.1.fbc2 ,-0.0971374716721129,-0.0971374716721129,272.71477370155503,-0.001866233845817,-1000.0,999.8542844613224,129.2831592505695,-323.7261059750774,-3.6427578305664383,-0.1618957861202261,-0.0128956758742333,345.44025403944966,-500.16087402308966,-999.8542844613224,-0.0063638574140441,-0.0830617377307589,-0.0830617377307589,727.285226298445,-0.0015958066807115,1000.0,-1000.0,870.7168407494305,-676.2738940249226,-3.1149029342700487,-0.1384362295511891,-0.0110270241636953,4.15615083536386,-410.3128565511509,1000.0,-0.0054417007812617, Amensalism,Healthy
SRR12328898.bin.1.fbc2XSRR12328898.bin.34.fbc2 ,-0.0869018167496733,-0.0869018167496733,814.4690606617337,-0.0016695834149231,-1000.0,1000.0,905.5678428083212,-817.446144936486,-3.2589099552008065,-0.1448363612494176,-0.0115368213974988,6.36383423203813,-400.9060996151434,-1000.0,-0.0056932794450403,-0.0849395901434491,-0.0849395901434491,176.439236740154,-0.0016318845368914,1000.0,-1000.0,-882.4241918951627,-182.553855063514,-3.1853243840296277,-0.1415659835724909,-0.0112763221496834,9.972287295998283,-500.1734366885773,1000.0,-0.005564726270677, Neutralism,Healthy
SRR12328898.bin.29.fbc2XSRR12328898.bin.3.fbc2 ,-0.2040877292159848,-0.2040877292159848,993.4004854180164,-0.0039209938370277,999.693848801207,-1000.0,256.2068617903301,216.28314768977089,-7.653505500260167,-0.3401462153599368,-0.0270940674137136,-6.139335310224737,-341.04909337322385,1000.0,-0.0133705889842303,-0.0128617201539782,-0.0128617201539782,6.5995145819836125,-0.0002471031730237,-1000.0,999.964113206187,-847.2270256061244,-144.51878173637954,-0.4823280964496916,-0.0214362002566304,-0.001707482925326,-1.1098218939343951,-419.1643031615063,-999.964113206187,-0.0008426218198565, Amensalism,Healthy
SRR12328898.bin.4.fbc2XSRR12328898.bin.49.fbc2 ,-0.2013991275197213,-0.2013991275197213,340.97471498466894,-0.003869339625794,349.7735678414001,0.2590869058980161,116.83548154409937,1000.0,-7.552680095668165,-0.335665212532831,-0.0267371368138356,207.02498717933668,-517.2352246621712,-0.2590869058980161,-0.0131944481237269,-0.1727135431864326,-0.1727135431864326,659.0252850153311,-0.0033182236923039,-1000.0,999.740913094102,-1000.0,-981.504861822796,-6.476940371792807,-0.2878559053106073,-0.0229289257140408,792.9750128206633,-430.2582247540004,-999.740913094102,-0.0113151427908633, Competition,Healthy
SRR12328898.bin.49.fbc2XSRR12328898.bin.30.fbc2 ,-0.1841802417829967,-0.1841802417829967,859.0572730820279,-0.0035385252983815,-1000.0,999.7237119446992,-490.33374552798153,-1000.0,-6.906953685754615,-0.3069670696384037,-0.0244512098121276,787.4828141657267,-499.4930070467595,-999.723711944699,-0.0120663712676787,-0.2482967935280839,-0.2482967935280839,140.9427269179721,-0.0047703514607064,1000.0,-1000.0,-509.66625447201847,786.9194674670446,-9.311392126635155,-0.413827989213587,-0.0329631285932237,41.57153564065311,-500.5069929532405,1000.0,-0.0162668984809215, Amensalism,Healthy
SRR12328898.bin.12.fbc2XSRR12328898.bin.45.fbc2 ,-0.160312650495257,-0.160312650495257,985.9234644512072,-0.0030799740728753,-1000.0,1000.0,1000.0,851.3558603686504,-6.011893792145202,-0.2671877508254283,-0.0212826208438627,9.812381599807622,-463.423330711888,-1000.0,-0.0105027115886287,-0.0012507323650652,-0.0012507323650652,14.076535548792776,-2.402944028290221e-05,0.0,0.0,-1000.0,-14.22518358854245,-0.0469037853097233,-0.0020845539418132,-0.0001660434321593,0.959151567796539,-0.0004690546736583,0.0,-8.194039128284203e-05, Amensalism,Healthy
SRR12328898.bin.26.fbc2XSRR12328898.bin.30.fbc2 ,-0.0451618238341779,-0.0451618238341779,502.3966742176976,-0.0008676623215251,-1000.0,1000.0,550.4429355848736,-4.030797330507426,-1.693616115208215,-0.0752697063902587,-0.0059955466415431,5.784309043431222,-0.0922151515292171,-1000.0,-0.0029587285163188,-0.2764678098366175,-0.2764678098366175,497.6033257823024,-0.0053115813609565,1000.0,-1000.0,-1000.0,774.4854996532554,-10.36783500584761,-0.4607796830609914,-0.0367030272039983,414.41052336923394,-606.6322280051747,1000.0,-0.018112492440764, Amensalism,Healthy
SRR12328898.bin.9.fbc2XSRR12328898.bin.34.fbc2 ,-0.0880699319591258,-0.0880699319591258,982.9932949005758,-0.0016920255900458,-1000.0,1000.0,0.0,-206.3392792425525,-3.3027155098729963,-0.1467832199317627,-0.0116918968268464,90.18228208601204,-436.83199662264224,-1000.0,-0.0057698072619132,-0.0849395901434491,-0.0849395901434491,17.006705099424153,-0.0016318845368914,1000.0,-1000.0,114.93730211895604,-20.482817436903133,-3.1853243840296277,-0.1415659835724909,-0.0112763221496834,3.376022331295303,-500.5032499368124,1000.0,-0.005564726270677, Neutralism,Healthy
SRR12328898.bin.26.fbc2XSRR12328898.bin.34.fbc2 ,-0.0452063139958909,-0.0452063139958909,509.02429197543165,-0.0008685170796525,-1000.0,1000.0,541.6466012080109,-8.689769594447625,-1.6952845432833783,-0.0753438566597424,-0.0060014530204171,11.043646296645306,-1.0967112571586313,-1000.0,-0.0029616432416332,-0.0849395901434491,-0.0849395901434491,445.244156748674,-0.0016318845368914,0.0,0.0,-342.4727365616443,-991.3102304055524,-3.1853243840296277,-0.1415659835724909,-0.0112763221496834,859.8509256297943,-557.6795047718874,0.0,-0.005564726270677, Neutralism,Healthy
SRR12328898.bin.1.fbc2XSRR12328898.bin.9.fbc2 ,-0.0869018167496733,-0.0869018167496733,814.4690606617339,-0.0016695834149231,1000.0,-1000.0,905.5641196373056,-817.4461449364862,-3.2589099552008065,-0.1448363612494176,-0.0115368213974988,6.36383423203813,-400.9060996151434,1000.0,-0.0056932794450403,-0.0880699319591258,-0.0880699319591258,185.53093933826608,-0.0016920255900458,-1000.0,1000.0,94.43588036269443,761.3969085367219,-3.3027155098729963,-0.1467832199317627,-0.0116918968268464,-0.710448750514729,-476.55940245025374,-1000.0,-0.0057698072619132, Neutralism,Healthy
SRR12328898.bin.27.fbc2XSRR12328898.bin.34.fbc2 ,-0.1182053126544815,-0.1182053126544815,765.6401153149952,-0.0022709954400852,-1000.0,999.822680676041,-117.12735015131192,-900.0141868156995,-4.432824129293067,-0.1970088544242116,-0.0156925784907571,998.7244078998348,-500.1957654844208,-999.822680676041,-0.0077440944505724,-0.0848319433898723,-0.0848319433898723,96.57399628720282,-0.0016298163956207,1000.0,-1000.0,-882.8726498486881,-99.98581318430048,-3.181287517023748,-0.1413865723164917,-0.0112620312934268,1.2755921001653403,-499.80423451557925,1000.0,-0.0055576739089246, Neutralism,Healthy
SRR12328898.bin.1.fbc2XSRR12328898.bin.3.fbc2 ,-0.0869018167496733,-0.0869018167496733,969.6976328111884,-0.0016695834149231,1000.0,-1000.0,994.9525523503072,-832.9322870354447,-3.2589099552008065,-0.1448363612494176,-0.0115368213974988,4.348296437640784,-447.6158537660415,1000.0,-0.0056932794450403,-0.059055944485749,-0.059055944485749,30.30236718881156,-0.0011346002783056,-1000.0,999.8352220015818,-297.54788005273565,-167.0677129645553,-2.214660321229985,-0.0984265741428771,-0.0078400879231139,-5.095864267955221,-500.0978706200065,-999.835222001582,-0.0038689869489871, Neutralism,Healthy
SRR12328898.bin.4.fbc2XSRR12328898.bin.22.fbc2 ,-0.2399990966003997,-0.2399990966003997,789.6437471196807,-0.0046109336523159,-0.669645894318478,1000.0,2.627260758677608,-1000.0,-9.000219723865712,-0.3999984943339996,-0.0318615515371902,875.2071671489239,-749.9225939513126,-1000.0,-0.0157232837542551,-0.0874496951674927,-0.0874496951674927,210.3562528803193,-0.0016801094172933,999.7559977093338,0.0,-694.2703336247647,0.0,-3.279455974798225,-0.1457494919458213,-0.0116095560731537,-41.9596070223223,-249.97179516315805,0.0,-0.0057291731127406, Amensalism,Healthy
SRR12328898.bin.30.fbc2XSRR12328898.bin.13.fbc2 ,-0.273142307824628,-0.273142307824628,470.4833745982592,-0.0052476908323342,1000.0,-1000.0,-1000.0,750.3517614626448,-10.243125166417371,-0.4552371797076375,-0.0362615436516762,330.6765994725515,-500.5577245816637,1000.0,-0.0178946257383358,-0.0563675418468392,-0.0563675418468392,529.5166254017408,-0.0010829498913835,-849.4230694474596,1000.0,405.3408393346911,-278.4819843700184,-2.113842381501968,-0.093945903078179,-0.0074831837495139,250.47349971599988,-499.4422754183363,-1000.0,-0.0036928591296145, Competition,Healthy
SRR12328898.bin.12.fbc2XSRR12328898.bin.34.fbc2 ,-0.1605397544309426,-0.1605397544309426,988.736786003577,-0.0030843372609297,-1000.0,1000.0,1000.0,839.1039194493146,-6.020410429708932,-0.2675662573848285,-0.0213127704729458,14.076176349862637,-459.47577868314056,-1000.0,-0.0105175900597487,-0.0846965758662463,-0.0846965758662463,11.263213996423133,-0.0016272156747163,0.0,0.0,0.0,-97.5898696741757,-3.176211091844266,-0.1411609597770393,-0.0112440603119239,6.263675196805707,-540.5242213168594,0.0,-0.005548805450644, Neutralism,Healthy
SRR12328898.bin.47.fbc2XSRR12328898.bin.26.fbc2 ,-0.2235380030765554,-0.2235380030765554,980.5657875191896,-0.0042946782531316,-1000.0,999.664671521994,39.28998622776589,-46.54720796219544,-8.382911322674659,-0.3725633384609637,-0.0296762267292933,3.458504397263141,-488.0368617965829,-999.664671521994,-0.0146448528432756,-0.0017469950050781,-0.0017469950050781,19.434212480810515,-3.3563784882062464e-05,1000.0,-1000.0,0.0,-0.1559233486370885,-0.0655141586976242,-0.0029116583417589,-0.0002319257538374,21.51654064301806,-0.0035671590612764,1000.0,-0.0001144525065228, Amensalism,Healthy
SRR12328898.bin.47.fbc2XSRR12328898.bin.1.fbc2 ,-0.2242227727617773,-0.2242227727617773,993.008715976119,-0.0043078342509943,-1000.0,999.6636443016862,457.29761442001177,-72.8564756492193,-8.408590909448435,-0.3737046212695531,-0.0297671346739889,3.4690989222865483,-488.5230045047573,-999.6636443016862,-0.0146897147957361,-0.0446077668362931,-0.0446077668362931,6.991284023881008,-0.0008570176145212,1000.0,-1000.0,542.7023855799882,483.3605148093704,-1.6728383923308456,-0.0743462780604886,-0.0059219917163773,2.2320338156359867,-491.5160872582072,1000.0,-0.0029224300654959, Amensalism,Healthy
SRR12328898.bin.4.fbc2XSRR12328898.bin.34.fbc2 ,-0.2573842558124397,-0.2573842558124397,991.7211773087174,-0.0049449424748218,0.0,682.69657114437,-762.3849903896653,-704.4650880603074,-9.652181564804437,-0.4289737596874374,-0.0341695525007708,990.803658009527,-499.5870704780475,-682.69657114437,-0.0168622538390081,-0.0844466234095762,-0.0844466234095762,8.278822691282699,-0.0016224135141555,1000.0,-1000.0,108.2645690529248,-14.367317971030277,-3.1668376106035794,-0.1407443723493315,-0.0112108773824957,9.196341990473002,-500.4129295219525,1000.0,-0.0055324300831216, Neutralism,Healthy
SRR12328898.bin.29.fbc2XSRR12328898.bin.30.fbc2 ,-0.196026119076123,-0.196026119076123,899.8469854506116,-0.0037661117978586,-1000.0,999.7059419908268,298.1756324622711,-19.36692863130054,-7.351186601502263,-0.326710198460205,-0.0260238325229238,3.49126095880672,-275.61028592498246,-999.7059419908268,-0.0128424412305321,-0.1662793616748104,-0.1662793616748104,100.15301454938844,-0.0031946082934837,1000.0,-1000.0,287.127687670878,807.12638682638,-6.235651766260162,-0.2771322694579794,-0.0220747433078258,-3.5891104716229165,-500.3395229694293,1000.0,-0.0108936142806896, Amensalism,Healthy
SRR12328898.bin.45.fbc2XSRR12328898.bin.22.fbc2 ,-0.0469301254744323,-0.0469301254744323,528.1814063460542,-0.0009016354557616,1000.0,-1000.0,-1000.0,-526.4282723766985,-1.759929295241136,-0.0782168757907584,-0.0062303009996185,45.81508643077132,-1.3692446413396056,1000.0,-0.0030745769042823,-0.0867703745152539,-0.0867703745152539,471.81859365394575,-0.0016670581078415,-0.2421068490077687,1000.0,0.0,-473.5717276233015,-3.2539807325185848,-0.1446172908588323,-0.0115193715254235,-49.7371954366796,-249.9720142620139,-1000.0,-0.0056846681478646, Competition,Healthy
SRR12328898.bin.13.fbc2XSRR12328898.bin.3.fbc2 ,-0.0648767754528307,-0.0648767754528307,931.3617851750852,-0.0012464318050433,999.9026786046618,-1000.0,537.5699084881403,-832.5851110547745,-2.432947633228423,-0.1081279590879376,-0.0086128437728802,779.0202152698521,-500.10258133755553,1000.0,-0.0042503324551717,-0.0590866802042455,-0.0590866802042455,30.31813808259176,-0.0011351907820653,-1000.0,999.835136242727,462.4300915118597,-167.41488894522547,-2.2158129431511497,-0.0984778003403334,-0.0078441683037908,-5.098516415016434,-499.89741866244447,-999.835136242727,-0.0038710005667326, Neutralism,Healthy
SRR12328898.bin.49.fbc2XSRR12328898.bin.15.fbc2 ,-0.176861989940221,-0.176861989940221,716.3342830485874,-0.0033979248787545,-1000.0,999.7346900254652,-927.0110912122263,-857.1065622847748,-6.63251150862834,-0.2947699832337775,-0.0234796609123577,719.9246373326994,-499.9819670015616,-999.7346900254652,-0.011586923836603,-0.024042458215149,-0.024042458215149,283.6657169514126,-0.0004619108206043,1000.0,-1000.0,-72.98890878777365,1000.0,-0.901617588161116,-0.0400707636918014,-0.0031918037707328,280.0753626673006,-500.0180329984384,1000.0,-0.0015751158983903, Competition,Healthy
SRR12328898.bin.49.fbc2XSRR12328898.bin.1.fbc2 ,-0.1975162526273379,-0.1975162526273379,993.0087159761188,-0.0037947406844978,-1000.0,999.7037066473554,-1000.0,-1000.0,-7.407068184263949,-0.3291937543789345,-0.0262216581297707,957.1309021077554,-508.4839127417929,-999.7037066473556,-0.012940065734142,-0.0446077668362931,-0.0446077668362931,6.991284023881121,-0.0008570176145212,1000.0,-1000.0,542.702385579988,483.3605148093702,-1.6728383923308456,-0.0743462780604886,-0.0059219917163773,2.2320338156359867,-491.5160872582071,1000.0,-0.0029224300654959, Amensalism,Healthy
SRR12328898.bin.45.fbc2XSRR12328898.bin.17.fbc2 ,-0.0296465379216215,-0.0296465379216215,333.66094666175604,-0.0005695780580481,1000.0,-1000.0,-324.8334778277559,-338.5304574408102,-1.1117764988553065,-0.0494108965360737,-0.0039357843811558,21.389043002460653,-0.0111181636931405,1000.0,-0.0019422611779873,-0.1914444193533881,-0.1914444193533881,666.339053338244,-0.003678086827108,-1000.0,999.7128149805358,-675.1665221722441,550.2814971374387,-7.179368020527591,-0.3190740322556848,-0.025415579975629,29.610533255423437,391.60832721507313,-999.7128149805358,-0.0125422760805804, Amensalism,Healthy
SRR12328898.bin.29.fbc2XSRR12328898.bin.7.fbc2 ,-0.2046564167978886,-0.2046564167978886,1000.0,-0.0039319196310998,-1000.0,999.6929957152053,283.1254411938339,38.66796281624784,-7.674831885499088,-0.3410940279964052,-0.0271695646507623,444.8164412845515,-291.97467216585017,-999.692995715205,-0.0134078459419697,-0.0908937331940933,-0.0908937331940933,0.0,-0.001746277294842,1000.0,-1000.0,-733.6347055778231,-1000.0,-3.408611040027949,-0.151489555323451,-0.0120667761070762,555.1835587154485,-500.1855943508908,1000.0,-0.0059548055752429, Neutralism,Healthy
SRR12328898.bin.27.fbc2XSRR12328898.bin.15.fbc2 ,-0.0854134208450432,-0.0854134208450432,2.327208032794829,-0.0016409879125376,-1000.0,999.8718716637928,0.0,-9.264757930828864,-3.2030935360255626,-0.142355701408519,-0.0113392264753429,-10.430573178438976,-498.91558185531983,-999.8718716637928,-0.0055957687816317,-0.0845590601182948,-0.0845590601182948,997.6727919672052,-0.0016245736813971,1000.0,-1000.0,-1000.0,-890.0833892206895,-3.171054105990379,-0.1409317668639005,-0.0112258041386894,985.0452569189888,-500.06342335652295,1000.0,-0.0055397962536289, Amensalism,Healthy
SRR12328898.bin.7.fbc2XSRR12328898.bin.30.fbc2 ,-0.0908937331940933,-0.0908937331940933,0.0,-0.001746277294842,-1000.0,1000.0,103.13987380771596,-1000.0,-3.408611040027949,-0.151489555323451,-0.0120667761070762,-3.196508199802224,498.6112555185418,-1000.0,-0.0059548055752429,-0.3159612540579246,-0.3159612540579246,1000.0,-0.0060703410962332,1000.0,-1000.0,-1000.0,725.7469075689783,-11.848880895932894,-0.5266020900966168,-0.0419460569748935,867.3386469157972,-1000.0,1000.0,-0.0206998631381338, Neutralism,Healthy
SRR12328898.bin.34.fbc2XSRR12328898.bin.3.fbc2 ,-0.0849395901434491,-0.0849395901434491,18.49955307374205,-0.0016318845368914,1000.0,-1000.0,116.43015009327382,-21.975665411221712,-3.1853243840296277,-0.1415659835724909,-0.0112763221496834,3.3760223312954167,-500.5032499368123,1000.0,-0.005564726270677,-0.0590868841267138,-0.0590868841267138,30.318242717856265,-0.0011351946998274,-1000.0,999.835135673742,702.8201373685843,-167.41719235624475,-2.215820590460225,-0.0984781402112275,-0.0078441953759238,-5.098534011236211,-499.4967500631877,-999.835135673742,-0.0038710139264139, Neutralism,Healthy
SRR12328898.bin.7.fbc2XSRR12328898.bin.26.fbc2 ,-0.0908937331940933,-0.0908937331940933,25.04831791330844,-0.001746277294842,0.0,0.0,-860.4772536989344,-991.3102304055524,-3.408611040027949,-0.151489555323451,-0.0120667761070762,4.640854150326618,449.6277830462259,0.0,-0.0059548055752429,-0.0452063139958909,-0.0452063139958909,509.0242919754319,-0.0008685170796525,-1000.0,1000.0,541.6466012080109,-8.689769594447625,-1.6952845432833783,-0.0753438566597424,-0.0060014530204171,11.043646296645306,-1.0967112571586313,-1000.0,-0.0029616432416332, Neutralism,Healthy
SRR12328898.bin.47.fbc2XSRR12328898.bin.22.fbc2 ,-0.1976688857947692,-0.1976688857947692,884.2109426293798,-0.0037976731180151,-1000.0,999.7034776829424,-142.40428628464622,37.1867258174907,-7.412792089324057,-0.3294481429911684,-0.0262419212457416,3.0582661619693,-431.9449906748935,-999.7034776829424,-0.0129500653325749,-0.0742665472213275,-0.0742665472213275,115.78905737062018,-0.0014268308783584,999.4962590344708,0.2965223170576792,-251.20342437953585,-485.4427812300556,-2.7850739964961804,-0.1237775787021746,-0.0098594013697947,-35.63414521161826,-249.97604707662867,-0.2965223170576792,-0.0048654932953695, Competition,Healthy
SRR12328898.bin.4.fbc2XSRR12328898.bin.12.fbc2 ,-0.1732753687688273,-0.1732753687688273,14.076535548792322,-0.0033290176517084,0.0,596.3431816909417,-1000.0,148.64413963134984,-6.4980094248011255,-0.2887922812813031,-0.0230035119730018,473.4625986157428,-536.5766692881118,-596.3431816909417,-0.0113519501921928,-0.160312650495257,-0.160312650495257,985.9234644512076,-0.0030799740728753,1000.0,-1000.0,1000.0,851.3558603686502,-6.011893792145202,-0.2671877508254283,-0.0212826208438627,9.812381599807622,-463.4233307118882,1000.0,-0.0105027115886287, Amensalism,Healthy
SRR12328898.bin.27.fbc2XSRR12328898.bin.29.fbc2 ,-0.0854134208450432,-0.0854134208450432,2.327208032794829,-0.0016409879125376,-1000.0,999.8718716637928,425.0647477286721,-9.264757930829887,-3.2030935360255626,-0.142355701408519,-0.0113392264753429,-10.430573178438976,-498.91558185531983,-999.8718716637928,-0.0055957687816317,-0.2044558786685684,-0.2044558786685684,997.6727919672052,-0.0039280668331684,999.6932965416632,-1000.0,574.935252271328,-499.9229706094005,-7.667311493745728,-0.3407597977808336,-0.0271429418174875,1000.0,-168.81856052784053,1000.0,-0.0133947079012841, Amensalism,Healthy
SRR12328898.bin.49.fbc2XSRR12328898.bin.22.fbc2 ,-0.1705800578974958,-0.1705800578974958,630.2966197701185,-0.0032772345417697,-0.2558864730189043,0.0,-399.7043774393997,-998.1410094802814,-6.3969324190543375,-0.2843000964957127,-0.0226456906833618,1000.0,-750.0324350848063,0.0,-0.0111753697873382,-0.1005656687515283,-0.1005656687515283,369.70338022988153,-0.0019320973823369,-0.2805985028394389,1000.0,-600.2956225606003,-1.8589905197186452,-3.771318843540371,-0.1676094479192897,-0.0133507929120924,-57.644724352752064,-249.96756491519372,-1000.0,-0.0065884520738563, Competition,Healthy
SRR12328898.bin.27.fbc2XSRR12328898.bin.7.fbc2 ,-0.118246452290009,-0.118246452290009,766.6057519691169,-0.0022717858269061,-1000.0,999.822618962636,-484.2218859224739,-901.1401066975252,-4.43436690909391,-0.1970774204833105,-0.0156980400638531,1000.0,-500.1971001383415,-999.822618962636,-0.0077467896696816,-0.0908937331940933,-0.0908937331940933,14.772947105225969,-0.001746277294842,1000.0,-1000.0,-7.566227183438968,-98.85989330247492,-3.408611040027949,-0.151489555323451,-0.0120667761070762,0.0,-419.47134725057,1000.0,-0.0059548055752429, Neutralism,Healthy
SRR12328898.bin.12.fbc2XSRR12328898.bin.7.fbc2 ,-0.1614342452776327,-0.1614342452776327,1000.0,-0.0031015224836892,-1000.0,1000.0,1000.0,828.7596809840179,-6.053954781649622,-0.269057075462797,-0.0214315203625119,20.037835726839944,-457.6501477435068,-1000.0,-0.0105761916695428,-0.0908937331940933,-0.0908937331940933,0.0,-0.001746277294842,0.0,0.0,0.0,-23.786433946616512,-3.408611040027949,-0.151489555323451,-0.0120667761070762,75.19179700472296,-498.8504887747109,0.0,-0.0059548055752429, Neutralism,Healthy
SRR12328898.bin.4.fbc2XSRR12328898.bin.30.fbc2 ,-0.1841592112374428,-0.1841592112374428,155.38810402511103,-0.0035381212533138,-809.3889873850586,1000.0,-838.6209347609886,1000.0,-6.90616501807142,-0.3069320187289577,-0.0244484178607535,595.2827714479758,-498.3118468862716,-1000.0,-0.0120649934739276,-0.2372496777549031,-0.2372496777549031,844.611895974889,-0.0045581110039165,1000.0,-1000.0,-161.37906523901142,-36.93897398711954,-8.897113611912005,-0.3954161295914673,-0.0314965470372499,-30.07423407952672,-500.4844360374983,1000.0,-0.0155431585234282, Competition,Healthy
SRR12328898.bin.4.fbc2XSRR12328898.bin.15.fbc2 ,-0.2577398862823656,-0.2577398862823656,1000.0000000000432,-0.0049517749525875,-1000.0,1000.0,-458.549331476165,0.0,-9.66551808320969,-0.4295664771372003,-0.0342167649223483,885.3985963847688,-530.2352036157512,-1000.0,-0.0168855525882918,0.0,0.0,-4.3200998334214085e-11,0.0,1000.0,-1000.0,-399.263391564239,1000.0,0.0,0.0,0.0,114.60140361523122,-300.36830421782,1000.0,0.0, Amensalism,Healthy
SRR12328898.bin.4.fbc2XSRR12328898.bin.7.fbc2 ,-0.2577398862823656,-0.2577398862823656,1000.0,-0.0049517749525875,-1000.0,999.6133654117018,-523.853240515393,57.89612798681014,-9.665518083209465,-0.4295664771372003,-0.0342167649223483,820.2880046396151,-461.2274040502202,-999.6133654117018,-0.0168855525882918,-0.0908937331940933,-0.0908937331940933,0.0,-0.001746277294842,1000.0,-1000.0,1000.0,451.4767695096377,-3.408611040027949,-0.151489555323451,-0.0120667761070762,179.7119953603849,-492.9345627081343,1000.0,-0.0059548055752429, Neutralism,Healthy
SRR12328898.bin.47.fbc2XSRR12328898.bin.9.fbc2 ,-0.2245592285089515,-0.2245592285089515,1000.0,-0.0043142983382722,-1000.0,999.6631395857448,53.15446219454361,-80.14617555060647,-8.42120835549622,-0.3742653808483283,-0.0298118015176669,3.474304451840567,-486.0246286782393,-999.6631395857448,-0.0147117573336572,-0.0880699319591258,-0.0880699319591258,0.0,-0.0016920255900458,0.0,0.0,0.0,654.7949727616729,-3.3027155098729963,-0.1467832199317627,-0.0116918968268464,94.1168253315725,-382.60578564453,0.0,-0.0057698072619132, Neutralism,Healthy
SRR12328898.bin.27.fbc2XSRR12328898.bin.12.fbc2 ,-0.0854134208450432,-0.0854134208450432,2.327208032794829,-0.0016409879125376,-1000.0,999.8718716637928,0.0,-9.264757930829433,-3.2030935360255626,-0.142355701408519,-0.0113392264753429,-10.430573178438976,-498.91558185531983,-999.8718716637928,-0.0055957687816317,-0.1612543931685195,-0.1612543931685195,997.6727919672052,-0.0030980671117504,1000.0,-1000.0,1000.0,826.7222800278075,-6.047210137512252,-0.2687573219476462,-0.0214076437424637,20.01551179543719,-456.4842101650938,1000.0,-0.0105644088512235, Amensalism,Healthy
SRR12328898.bin.47.fbc2XSRR12328898.bin.7.fbc2 ,-0.2245592285089515,-0.2245592285089515,1000.0,-0.0043142983382722,-1000.0,999.6631395857448,53.15446219454429,-80.14617555061034,-8.42120835549622,-0.3742653808483283,-0.0298118015176669,3.474304451840567,-486.0246286782393,-999.6631395857448,-0.0147117573336572,-0.0908937331940933,-0.0908937331940933,0.0,-0.001746277294842,1000.0,-1000.0,-1000.0,-817.9991959433144,-3.408611040027949,-0.151489555323451,-0.0120667761070762,523.1937719222151,66.25754125484082,1000.0,-0.0059548055752429, Neutralism,Healthy
SRR12328898.bin.26.fbc2XSRR12328898.bin.13.fbc2 ,-0.0451117147216564,-0.0451117147216564,501.8392420917255,-0.0008666996103556,-1000.0,1000.0,545.4501556050127,-4.02632497620948,-1.6917369705399778,-0.0751861912027607,-0.0059888943079613,10.159929413348776,-0.0921128345939905,-1000.0,-0.0029554456714322,-0.0586344954892865,-0.0586344954892865,498.1607579082745,-0.0011265032754863,1000.0,-724.9011011901312,454.5498443949873,-263.3584925500711,-2.198855538527709,-0.0977241591488109,-0.0077841376336209,234.2210685232917,-568.8894252659776,724.9011011901312,-0.0038413761694755, Neutralism,Healthy
SRR12328898.bin.49.fbc2XSRR12328898.bin.7.fbc2 ,-0.1980354484023792,-0.1980354484023792,1000.0,-0.003804715627325,-1000.0,999.7029278038184,-1000.0,-650.6159133753677,-7.426538574447022,-0.3300590806705941,-0.0262905849848493,941.4983120426676,-1000.0,-999.7029278038184,-0.0129740802891546,-0.0908937331940933,-0.0908937331940933,-2.8007319137099103,-0.001746277294842,1000.0,-1000.0,0.0,-349.38408662463235,-3.408611040027949,-0.151489555323451,-0.0120667761070762,58.50168795733202,0.0,1000.0,-0.0059548055752429, Neutralism,Healthy
SRR12328898.bin.22.fbc2XSRR12328898.bin.34.fbc2 ,-0.1269929027939724,-0.1269929027939724,988.6727701241656,-0.0024398252218134,-0.3543358169598605,1000.0,0.0,232.5520098192983,-4.762368045159292,-0.2116548379898404,-0.0168591922824816,-57.55223201436911,-249.95904143408927,-1000.0,-0.0083198040063052,-0.0847004177617236,-0.0847004177617236,11.327229875834178,-0.0016272894863504,1000.0,-1000.0,1000.0,-17.428580125658527,-3.176355166985104,-0.1411673629361303,-0.0112445703502999,6.182310071487109,-500.4114488911909,1000.0,-0.0055490571483005, Neutralism,Healthy
SRR12328898.bin.15.fbc2XSRR12328898.bin.17.fbc2 ,-0.0435191433208501,-0.0435191433208501,513.4620129432778,-0.0008361026574448,-1000.0,1000.0,530.9083497711035,-28.784256754098465,-1.6320138601789722,-0.0725319055347881,-0.0057774693630108,512.7556371871392,-1000.0,-1000.0,-0.002851110061897,-0.1877173000140146,-0.1877173000140146,486.53798705672216,-0.0036064803076669,0.0,-0.2815939824225779,-1000.0,547.3234414400079,-7.039597106944029,-0.3128621666901381,-0.0249207789260026,-1.3137732105084297,633.853475303795,0.2815939824225779,-0.0122980978491114, Amensalism,Healthy
SRR12328898.bin.47.fbc2XSRR12328898.bin.30.fbc2 ,-0.1905963678018452,-0.1905963678018452,954.3004746912428,-0.0036617938097833,-1000.0,999.7140871393284,532.9239057750212,-106.9787935031278,-7.14756519122659,-0.3176606130029995,-0.0253029952259566,2.952504348867933,-499.56923336072566,-999.7140871393284,-0.0124867168915443,-0.2109654081127701,-0.2109654081127701,45.69952530875708,-0.0040531298388941,1000.0,-1000.0,-98.58881374576902,827.9157395245293,-7.911425726371135,-0.3516090135212835,-0.0280071271865836,-17.78274238632457,-500.4307666392744,1000.0,-0.0138211727505677, Competition,Healthy
SRR12328898.bin.15.fbc2XSRR12328898.bin.7.fbc2 ,-0.0847563056737499,-0.0847563056737499,1000.0,-0.0016283632213571,-1000.0,1000.0,-868.0402637709022,-232.08682997852785,-3.178451022742365,-0.1412605094562877,-0.0112519898598293,987.3430095018248,-650.1116650079068,-1000.0,-0.0055527185849086,-0.0908937331940933,-0.0908937331940933,0.0,-0.001746277294842,1000.0,-1000.0,-131.95973622909776,-767.9131700214722,-3.408611040027949,-0.151489555323451,-0.0120667761070762,12.656990498175333,311.3179202065203,1000.0,-0.0059548055752429, Neutralism,Healthy
SRR12328898.bin.15.fbc2XSRR12328898.bin.22.fbc2 ,-0.0667343344678101,-0.0667343344678101,787.3671927691296,-0.001282119778466,0.0,0.0,-832.4972491419521,425.0277684216421,-2.5026080591308077,-0.1112238907796836,-0.0088594476690104,777.401493691676,-687.7261965527582,0.0,-0.0043720284444361,-0.0876441999133703,-0.0876441999133703,212.6328072308704,-0.0016838463000112,-0.2445449981444198,1000.0,-167.50275085804788,476.32606450810704,-3.286750108298179,-0.1460736665222839,-0.0116353779327482,-47.11849850428575,-249.97173243023929,-1000.0,-0.0057419158829361, Competition,Healthy
SRR12328898.bin.45.fbc2XSRR12328898.bin.7.fbc2 ,-0.0873074240710138,-0.0873074240710138,983.1265361383776,-0.0016773760628439,0.0,0.0,-971.3165338501424,-979.8650573042894,-3.274120658348465,-0.1455123734517656,-0.0115906685942945,86.25982723789753,-2.5473024278107914,0.0,-0.0057198523743409,-0.0908937331940933,-0.0908937331940933,16.873463861622554,-0.001746277294842,-1000.0,1000.0,966.4868992119716,-20.13494269571061,-3.408611040027949,-0.151489555323451,-0.0120667761070762,58.02605164465854,-316.5362960305654,-1000.0,-0.0059548055752429, Neutralism,Healthy
SRR12328898.bin.47.fbc2XSRR12328898.bin.17.fbc2 ,-0.2213190466036394,-0.2213190466036394,1000.0,-0.0042520470049112,0.0,-0.3319998301404894,95.0119782405086,-144.18203558434288,-8.299698110222835,-0.3688650776728082,-0.0293816448037205,-6.82559845457331,-498.314275964918,0.3319998301404894,-0.0144994802866449,-0.1260028576408558,-0.1260028576408558,0.0,-0.0024208041813835,-1000.0,999.8109836095176,-1000.0,647.1538239558276,-4.725240305762554,-0.2100047627347976,-0.0167277568933741,215.0525745839127,624.7899710292234,-999.8109836095176,-0.0082549422585316, Amensalism,Healthy
SRR12328898.bin.49.fbc2XSRR12328898.bin.13.fbc2 ,-0.1744163382991246,-0.1744163382991246,681.9544474650488,-0.0033509382958527,-1000.0,999.73835873786,-1000.0,-741.189458930842,-6.540796987822546,-0.2906938971651698,-0.0231549836242948,850.8903670432678,-607.0740476366042,-999.73835873786,-0.0114266995888101,-0.0391170343632438,-0.0391170343632438,318.0455525349512,-0.0007515280377674,1000.0,-784.3104531703578,312.1792655768934,-168.54818371771944,-1.4669301226656444,-0.0651950572721489,-0.0051930587405877,149.10963295673218,-392.9259523633958,784.310453170358,-0.0025627106085721, Competition,Healthy
SRR12328898.bin.1.fbc2XSRR12328898.bin.7.fbc2 ,-0.0869018167496733,-0.0869018167496733,938.3957264586016,-0.0016695834149231,-1000.0,1000.0,1000.0,-874.329088687418,-3.2589099552008065,-0.1448363612494176,-0.0115368213974988,4.34829643764067,-450.1395775908877,-1000.0,-0.0056932794450403,-0.0908937331940933,-0.0908937331940933,7.464293904215992,-0.001746277294842,1000.0,-1000.0,0.0,557.967599027179,-3.408611040027949,-0.151489555323451,-0.0120667761070762,995.6517035623592,-500.1855943508908,1000.0,-0.0059548055752429, Neutralism,Healthy
SRR12328898.bin.29.fbc2XSRR12328898.bin.17.fbc2 ,-0.1812274749136122,-0.1812274749136122,728.1114472450054,-0.0034817958677422,999.7281413786504,-1000.0,254.79110629683785,-181.99912005668648,-6.796221808031191,-0.3020457915225734,-0.0240592094457952,167.32195775600235,-181.1926083017456,1000.0,-0.0118729239088679,-0.1511208495847995,-0.1511208495847995,271.88855275499463,-0.0029033784742296,-1000.0,999.7733042087302,-1000.0,835.639273128877,-5.667191545247533,-0.2518680826414083,-0.020062345257088,-4.660648295793749,624.7481028835739,-999.7733042087305,-0.0099005205971707, Competition,Healthy
SRR12328898.bin.29.fbc2XSRR12328898.bin.1.fbc2 ,-0.204053970003315,-0.204053970003315,993.0087159761188,-0.0039203452449783,-1000.0,999.693899443269,272.3610315246392,139.777263889207,-7.652239494110859,-0.3400899500054493,-0.0270895856431252,353.4694709848179,-302.6025482780676,-999.6938994432688,-0.0133683772854737,-0.0446077668362931,-0.0446077668362931,6.991284023881235,-0.0008570176145212,1000.0,-1000.0,542.702385579988,483.36051480936976,-1.6728383923308456,-0.0743462780604886,-0.0059219917163773,2.2320338156359867,-491.5160872582071,1000.0,-0.0029224300654959, Amensalism,Healthy
SRR12328898.bin.4.fbc2XSRR12328898.bin.45.fbc2 ,-0.1736901642577777,-0.1736901642577777,18.897935539818263,-0.0033369868252748,-276.7382985382852,1000.0,0.0,1000.0,-6.51356469394284,-0.289483607096372,-0.0230585789629458,206.4046150376007,-618.8342327304897,-1000.0,-0.0113791250743133,-0.0871731614084865,-0.0871731614084865,981.1020644601816,-0.0016747965688637,1000.0,-1000.0,-1000.0,-977.845601177028,-3.2690856666274613,-0.1452886023473638,-0.0115728442907538,85.10196561368821,-2.543385148036009,1000.0,-0.0057110562997877, Amensalism,Healthy
SRR12328898.bin.27.fbc2XSRR12328898.bin.9.fbc2 ,-0.118246452290009,-0.118246452290009,766.6057519691167,-0.0022717858269061,-1000.0,999.822618962636,-1000.0,-901.1401066975266,-4.43436690909391,-0.1970774204833105,-0.0156980400638531,1000.0,-500.1971001383415,-999.822618962636,-0.0077467896696816,-0.0880699319591258,-0.0880699319591258,233.3942480308833,-0.0016920255900458,0.0,0.0,91.46263456497582,760.1511369802051,-3.3027155098729963,-0.1467832199317627,-0.0116918968268464,0.0,-499.8028998616585,0.0,-0.0057698072619132, Neutralism,Healthy
SRR12328898.bin.15.fbc2XSRR12328898.bin.13.fbc2 ,-0.0836318575350105,-0.0836318575350105,986.7331624493338,-0.0016067599910911,-1000.0,1000.0,-1000.0,-818.3089353159673,-3.136283029360925,-0.1393864292249418,-0.0111027115382285,1000.0,-250.0043911210433,-1000.0,-0.0054790515695231,-0.0428606115954153,-0.0428606115954153,13.266837550666196,-0.0008234507511133,1000.0,-0.3529395060864999,555.4600708813778,-20.285799889166583,-1.6073182246187798,-0.0714343526590255,-0.0056900446901408,-1.0112221699570227,-749.9956088789567,0.3529395060864999,-0.0028079670612441, Amensalism,Healthy
SRR12328898.bin.7.fbc2XSRR12328898.bin.3.fbc2 ,-0.0908937331940933,-0.0908937331940933,525.2797649734284,-0.001746277294842,1000.0,-1000.0,334.3404827555639,-42.225491408542666,-3.408611040027949,-0.151489555323451,-0.0120667761070762,512.369798874608,-500.1855943508908,1000.0,-0.0059548055752429,-0.0590868841267138,-0.0590868841267138,30.318242717856265,-0.0011351946998274,-1000.0,999.835135673742,-546.4111138259947,-167.4171923562444,-2.215820590460225,-0.0984781402112275,-0.0078441953759238,-5.098534011235756,-499.8144056491092,-999.835135673742,-0.0038710139264139, Neutralism,Healthy
SRR12328898.bin.12.fbc2XSRR12328898.bin.22.fbc2 ,-0.1598523152969164,-0.1598523152969164,982.9056657090046,-0.0030711299768881,1000.0,-1000.0,1000.0,812.498713564436,-5.99463073578363,-0.2664205254949365,-0.0212215081402291,18.18202615780956,-448.402362420156,1000.0,-0.0104725532212341,-0.0322861642812313,-0.0322861642812313,17.094334290995334,-0.0006202913406241,0.0,999.9099150885964,-1000.0,187.501286435564,-1.2107652765705552,-0.0538102738021279,-0.0042862131639367,163.7292554813912,-249.98958685911876,-999.9099150885962,-0.0021151934716954, Amensalism,Healthy
SRR12328898.bin.27.fbc2XSRR12328898.bin.22.fbc2 ,-0.1121582458895318,-0.1121582458895318,624.154181054962,-0.0021548174041754,-1000.0,999.8317518570788,-373.4883870546512,-734.5983392436865,-4.206052735813614,-0.1869304098158863,-0.0148897882631899,811.2149668838433,-500.185750647287,-999.8317518570788,-0.0073479273484053,-0.1009530250868238,-0.1009530250868238,375.845818945038,-0.0019395393868535,1000.0,-0.2816793051557624,-140.49092537738306,273.0614569941333,-3.785845115421921,-0.1682550418113351,-0.013402217163275,-45.75115454898503,-249.96743998254283,0.2816793051557624,-0.0066138293092308, Amensalism,Healthy
SRR12328898.bin.17.fbc2XSRR12328898.bin.22.fbc2 ,-0.1894469885949092,-0.1894469885949092,563.3870245074615,-0.0036397115964064,-1000.0,999.7158113185496,-1000.0,586.2429410836007,-7.104462256447732,-0.3157449809915533,-0.0251504071313775,5.461373844359287,496.5268223979315,-999.7158113185496,-0.0124114165438413,-0.1035351068996988,-0.1035351068996988,436.61297549253845,-0.0019891471066557,999.4269274842547,0.2841886814503596,101.95400208294814,-309.28927524418805,-3.882675911831029,-0.1725585114995738,-0.0137450065067241,-50.16239130070596,-442.4097908895329,-0.2841886814503596,-0.0067829916335995, Amensalism,Healthy
SRR12328899.bin.17.fbc2XSRR12328899.bin.32.fbc2 ,-0.1477238431704108,-0.1477238431704108,37.62119016164161,-0.0028381141819409,1000.0,-1000.0,178.59247854575142,953.316909923392,-5.539800215168839,-0.2462064052839423,-0.0196113689972889,37.06273443405962,-500.0,1000.0,-0.0096779693604958,-0.3107434419221135,-0.3107434419221135,962.3788098383584,-0.0059700949457237,-1000.0,999.533854986642,289.3835666771768,-401.9531852117161,-11.653207427303414,-0.5179057365369317,-0.0412533560745487,-1.5523639991456548,-500.0,-999.533854986642,-0.0203580237647429, Neutralism,Healthy
SRR12328899.bin.15.fbc2XSRR12328899.bin.33.fbc2 ,-0.1283646431194256,-0.1283646431194256,53.783207112141554,-0.0024661795027896,0.0,983.608855601515,192.5003400872697,-76.31954706057957,-4.813809756849764,-0.2139410718656336,-0.0170413003642124,0.0,-745.9503537242729,-983.608855601515,-0.0084096721044488,-0.0838603647108584,-0.0838603647108584,531.7207550850978,-0.0016111501385012,1000.0,-1000.0,807.4996599127303,-923.6804529394204,-3.1448522899164573,-0.1397672745181353,-0.0111330474572923,1000.0,-254.04964627572716,1000.0,-0.0054940219723675, Neutralism,Healthy
SRR12328899.bin.17.fbc2XSRR12328899.bin.33.fbc2 ,-0.1477620461745346,-0.1477620461745346,58.593513529652455,-0.0028388481493948,-1000.0,1000.0,44.2305594591503,944.6192109209874,-5.541232868195266,-0.2462700769576713,-0.0196164407121841,30.53431003282094,-500.3017127813148,-1000.0,-0.0096804721893022,-0.0838603647108584,-0.0838603647108584,910.3156404410272,-0.0016111501385012,1000.0,-1000.0,955.7694405408496,-1000.0,-3.1448522899164573,-0.1397672745181353,-0.0111330474572923,969.4656899671792,-499.6982872186852,1000.0,-0.0054940219723675, Neutralism,Healthy
SRR12328899.bin.11.fbc2XSRR12328899.bin.32.fbc2 ,-0.0867057179447101,-0.0867057179447101,8.029349277501524,-0.0016658159066764,1000.0,-1000.0,267.3575619859846,589.9822325036664,-3.2515560428030312,-0.1445095299079639,-0.0115107879154265,139.4032097299164,-388.5263242366193,1000.0,-0.0056804322418884,-0.3133288709268527,-0.3133288709268527,991.9706507224984,-0.0060197669727131,-1000.0,999.5299765947748,454.751531340308,-419.8630711793048,-11.75016374693996,-0.5222147848780878,-0.0415965897810792,22.60091061413425,-611.4736757633807,-999.5299765947748,-0.0205274053768107, Neutralism,Healthy
SRR12328899.bin.48.fbc2XSRR12328899.bin.33.fbc2 ,-0.1371979837997514,-0.1371979837997514,727.1233382352586,-0.0026358882574868,-1000.0,1000.0,68.88879773539384,-412.3577728964572,-5.145069366345524,-0.2286633063329191,-0.0182139878588714,1000.0,-14.317406965703752,-1000.0,-0.0089883789578379,-0.0772907802763711,-0.0772907802763711,272.87666176474136,-0.0014849333385882,1000.0,-1000.0,931.1112022646062,-131.94060611171744,-2.898485931697905,-0.1288179671272473,-0.010260889369988,0.0,-500.1670698499308,1000.0,-0.0050636226848155, Neutralism,Healthy
SRR12328899.bin.48.fbc2XSRR12328899.bin.15.fbc2 ,-0.143449673146506,-0.143449673146506,583.0136300216625,-0.0027559975628719,-1000.0,1000.0,252.02577261374813,-152.06045681192438,-5.379514322859677,-0.2390827885774342,-0.0190439431593176,975.2707648329026,-15.228209413592936,-1000.0,-0.0093979516893796,-0.1283646431194256,-0.1283646431194256,330.88716227940085,-0.0024661795027896,999.6418367508122,0.0,654.2706553057612,-847.9395431880756,-4.813809756849764,-0.2139410718656336,-0.0170413003642124,24.729235167097382,-749.9585990115972,0.0,-0.0084096721044488, Neutralism,Healthy
SRR12328899.bin.17.fbc2XSRR12328899.bin.15.fbc2 ,-0.1477620461745346,-0.1477620461745346,45.87859655344937,-0.0028388481493948,-1000.0,1000.0,179.24209007988884,945.05716002499,-5.541232868195266,-0.2462700769576713,-0.0196164407121841,50.721813438678055,-500.3017127813148,-1000.0,-0.0096804721893022,-0.128338823617014,-0.128338823617014,954.1214034465506,-0.0024656834508505,999.8074794361572,-1000.0,820.7579099201112,-1000.0,-4.812841498229432,-0.2138980393617657,-0.01703787264546,949.278186561322,-499.6982872186852,1000.0,-0.0084079805674264, Neutralism,Healthy
SRR12328899.bin.48.fbc2XSRR12328899.bin.32.fbc2 ,-0.1349295062219653,-0.1349295062219653,544.0553792990202,-0.0025923055950443,1000.0,-1000.0,219.24056244895652,-138.8045973618291,-5.0599990601321,-0.22488251036998,-0.0179128316617607,1000.0,-0.0506018052152512,1000.0,-0.0088397620791056,-0.204900678027343,-0.204900678027343,455.94462070097984,-0.0039366124500475,-1000.0,999.6926292998968,780.7594375510434,-633.3686711192763,-7.68399193971004,-0.3415011300455717,-0.0272019920300863,-72.90444856461693,-500.0,-999.6926292998968,-0.0134238484548632, Amensalism,Healthy
SRR12328899.bin.32.fbc2XSRR12328899.bin.15.fbc2 ,-0.3141222950083602,-0.3141222950083602,1000.0,-0.0060350104708959,-1000.0,999.5287863824352,213.03915870212404,-419.6601451962741,-11.779917988389116,-0.523537158347267,-0.0417019223536954,36.42527129856171,-500.0,-999.5287863824352,-0.0205793857056733,-0.1132061392488594,-0.1132061392488594,0.0,-0.0021749498414465,1000.0,-330.54859280480184,786.960841297876,-537.7145536507256,-4.24534984407353,-0.1886768987480991,-0.0150289034046409,849.9675553870197,-500.0,330.548592804802,-0.0074165789594644, Amensalism,Healthy
SRR12328899.bin.17.fbc2XSRR12328899.bin.11.fbc2 ,-0.1477620461745346,-0.1477620461745346,45.87859655344937,-0.0028388481493948,0.0,0.0,-1000.0,945.0571600249912,-5.541232868195266,-0.2462700769576713,-0.0196164407121841,305.41912468164696,-540.7302318806451,0.0,-0.0096804721893022,-0.0870323074208272,-0.0870323074208272,23.126164532612396,-0.0016720904403655,-1000.0,1000.0,1000.0,9.001151389724555,-3.2638034932560918,-0.1450538457014545,-0.0115541449429201,-6.186751350244322,-458.6961745772537,-1000.0,-0.0057018284015839, Neutralism,Healthy
SRR12328899.bin.48.fbc2XSRR12328899.bin.11.fbc2 ,-0.143449673146506,-0.143449673146506,611.5608659259829,-0.0027559975628719,0.0,0.0,206.58017935976977,-179.13391619068318,-5.379514322859677,-0.2390827885774342,-0.0190439431593176,1000.0,-14.98772106625836,0.0,-0.0093979516893796,-0.0870323074208272,-0.0870323074208272,23.126164532612396,-0.0016720904403655,-1000.0,1000.0,793.4198206402302,-20.76713753708861,-3.2638034932560918,-0.1450538457014545,-0.0115541449429201,-6.163956577316185,-344.7559785854644,-1000.0,-0.0057018284015839, Neutralism,Healthy
SRR12328899.bin.11.fbc2XSRR12328899.bin.15.fbc2 ,-0.0870323074208272,-0.0870323074208272,23.126164532612503,-0.0016720904403655,-1000.0,1000.0,585.1083904965349,211.7221555638339,-3.2638034932560918,-0.1450538457014545,-0.0115541449429201,95.9577745385136,-352.610871912575,-1000.0,-0.0057018284015839,-0.1283646431194256,-0.1283646431194256,976.8738354673874,-0.0024661795027896,1000.0,-514.3890478136448,414.89160950346513,-981.202165262485,-4.813809756849764,-0.2139410718656336,-0.0170413003642124,525.6444920113222,-621.4508778704829,514.3890478136448,-0.0084096721044488, Neutralism,Healthy
SRR12328899.bin.11.fbc2XSRR12328899.bin.33.fbc2 ,-0.0870323074208272,-0.0870323074208272,23.126164532612396,-0.0016720904403655,-1000.0,1000.0,0.0,988.6386805266802,-3.2638034932560918,-0.1450538457014545,-0.0115541449429201,-6.186751350244435,-448.5149391457316,-1000.0,-0.0057018284015839,-0.0838603647108584,-0.0838603647108584,964.895766695493,-0.0016111501385012,1000.0,-1000.0,1000.0,-1000.0,-3.144852289916344,-0.1397672745181353,-0.0111330474572923,1000.0,-492.30867267189495,1000.0,-0.0054940219723675, Neutralism,Healthy
SRR12328899.bin.48.fbc2XSRR12328899.bin.17.fbc2 ,-0.143449673146506,-0.143449673146506,959.1061225667028,-0.0027559975628719,-1000.0,1000.0,1000.0,-885.0859806172471,-5.379514322859563,-0.2390827885774342,-0.0190439431593176,965.3721310656296,-14.989099065039795,-1000.0,-0.0093979516893796,-0.1461049671617047,-0.1461049671617047,40.89387743329735,-0.002807011857044,0.0,0.0,0.0,930.5377859696772,-5.479090654214019,-0.2435082786028033,-0.0193964519324936,34.627868934370326,-896.3421881331403,0.0,-0.009571910432669, Neutralism,Healthy
SRR12328899.bin.32.fbc2XSRR12328899.bin.33.fbc2 ,-0.3015156754821646,-0.3015156754821646,1000.0,-0.0057928083666638,-1000.0,999.5476975227348,0.0,182.93114092418432,-11.307156435042316,-0.5025261258036835,-0.0400283058132799,138.00546251070955,-500.0,-999.5476975227348,-0.019753476530127,-0.0761859239238447,-0.0761859239238447,0.0,-0.0014637065114584,1000.0,-1000.0,1000.0,77.38286992360804,-2.8570526510015952,-0.1269765398729987,-0.0101142119945052,1.0018924700599428,-500.0,1000.0,-0.004991239204287, Neutralism,Healthy
SRR12328902.bin.7.fbc2XSRR12328902.bin.24.fbc2 ,-0.0820873537994657,-0.0820873537994657,0.0734291487588052,-0.0015770865283002,-1000.0,1000.0,95.91802782820967,442.13809888264495,-3.078362507239831,-0.1368122563325187,-0.0108976679107399,0.0,-0.0343016319911839,-1000.0,-0.0053778650616322,-0.1110319842842955,-0.1110319842842955,999.9265708512412,-0.0021331793329864,1000.0,-1000.0,422.2251232937467,557.861901117355,-4.163816735524847,-0.1850533071404925,-0.014740269191293,1000.0,-750.9402715189253,1000.0,-0.0072741415256132, Neutralism,Healthy
SRR12328902.bin.24.fbc2XSRR12328902.bin.2.fbc2 ,-0.0926997507322084,-0.0926997507322084,66.55492919634798,-0.0017809750380592,1000.0,-1000.0,-337.86871534537806,963.1791834370742,-3.476338606085619,-0.1544995845537187,-0.0123065375131545,1000.0,-680.7048046392918,1000.0,-0.0060731248798902,-0.1928207082372637,-0.1928207082372637,933.445070803652,-0.0037045284964278,-774.8539799910233,1000.0,1000.0,36.820816562925984,-7.230980307963819,-0.3213678470621062,-0.0255982919101143,0.0,-319.29519536070825,-1000.0,-0.0126324421727304, Amensalism,Healthy
SRR12328902.bin.13.fbc2XSRR12328902.bin.11.fbc2 ,-0.1941393695659599,-0.1941393695659599,999.814510573046,-0.0037298630079476,-1000.0,999.708772296336,1000.0,1000.0,-7.280431501190378,-0.3235656159433802,-0.0257733533852615,16.661226799006386,-779.210312449008,-999.708772296336,-0.0127188328572174,-0.0876666182961116,-0.0876666182961116,0.18548942695395,-0.0016842770086213,1000.0,-239.9086124769364,-1000.0,0.0,-3.287590821339336,-0.1461110304935573,-0.0116383541292179,6.565550640511333,-220.789687550992,239.90861247693647,-0.0057433845992136, Neutralism,Healthy
SRR12328902.bin.18.fbc2XSRR12328902.bin.11.fbc2 ,-0.194541259350558,-0.194541259350558,999.814510573046,-0.0037375842334768,1000.0,-1000.0,338.4158041314017,-318.6970924300782,-7.295502792779985,-0.32423543225093,-0.0258267070530564,244.3390501327285,-461.180130187634,1000.0,-0.0127451622360013,-0.0876666182961116,-0.0876666182961116,0.18548942695395,-0.0016842770086213,0.0,987.3578911013695,110.4490433788219,-681.3029075699218,-3.287590821339336,-0.1461110304935573,-0.0116383541292179,755.6609498672715,-538.819869812366,-987.3578911013695,-0.0057433845992136, Neutralism,Healthy
SRR12328902.bin.24.fbc2XSRR12328902.bin.8.fbc2 ,-0.1110044818009328,-0.1110044818009328,998.4403965597952,-0.0021326509471464,1000.0,-1000.0,258.24745434590113,232.9499357551408,-4.162785363338344,-0.1850074696682213,-0.014736618045049,1000.0,-642.5445416942492,1000.0,-0.0072723397298659,-0.0885442398152918,-0.0885442398152918,1.55960344020491,-0.0017011381328302,-950.73092291813,1000.0,-282.258333680081,-59.90467774540775,-3.320502555670828,-0.1475737330255242,-0.0117548644980161,-1.2662251578121868,-298.2911948375768,-1000.0,-0.0058008810329965, Neutralism,Healthy
SRR12328902.bin.3.fbc2XSRR12328902.bin.11.fbc2 ,-0.0912773639053057,-0.0912773639053057,-667.9161737318193,-0.0017536477215571,-1000.0,1000.0,0.0,-884.6215863315347,-3.4229975970752093,-0.1521289398422141,-0.0121177057557133,-385.4220095152266,-0.1863776798436447,-1000.0,-0.0059799387304337,-0.0878609519495512,-0.0878609519495512,1000.0,-0.001688010604198,1000.0,-1000.0,0.0,-115.37841366846531,-3.2948785386905683,-0.1464349199159187,-0.0116641532750918,-106.02549361014758,718.65329694865,1000.0,-0.0057561161603416, Neutralism,Healthy
SRR12328902.bin.20.fbc2XSRR12328902.bin.8.fbc2 ,-0.1359199068192538,-0.1359199068192538,998.4403965597952,-0.0026113334643014,1000.0,-1000.0,-193.2592837567124,-183.60549485390675,-5.097140129063064,-0.2265331780321275,-0.0180443142386366,1000.0,-711.2441365873858,1000.0,-0.0089046471134679,-0.0885442398152918,-0.0885442398152918,1.5596034402047962,-0.0017011381328302,-1000.0,999.8671751345864,120.18256818578402,-10.048231689025442,-3.320502555670828,-0.1475737330255242,-0.0117548644980161,-1.379861185086952,-288.7558634126142,-999.8671751345864,-0.0058008810329965, Neutralism,Healthy
SRR12328902.bin.14.fbc2XSRR12328902.bin.3.fbc2 ,-0.0885808495282844,-0.0885808495282844,457.7756122603169,-0.0017018414895346,-1000.0,1000.0,1000.0,310.5609379124976,-3.3218754585931265,-0.1476347492138074,-0.0117597246924106,80.48247427179467,-500.1817226342485,-1000.0,-0.0058032794792097,-0.0912773639053057,-0.0912773639053057,542.2243877396832,-0.0017536477215571,0.0,0.0,0.0,-1000.0,-3.4229975970752093,-0.1521289398422141,-0.0121177057557133,919.5175257282052,-0.1863776798436447,0.0,-0.0059799387304337, Neutralism,Healthy
SRR12328902.bin.20.fbc2XSRR12328902.bin.7.fbc2 ,-0.1395096399694466,-0.1395096399694466,1000.0,-0.0026803004797102,-1000.0,1000.0,-204.51033789412008,-646.9164071455473,-5.231758915378919,-0.2325160666156307,-0.0185208763148239,1000.0,-943.204741997541,-1000.0,-0.0091398246358949,-0.0811888379855645,-0.0811888379855645,0.0,-0.0015598239766632,1000.0,-1000.0,-610.2405487557714,447.1642267220152,-3.0446672147791105,-0.1353147299760166,-0.0107783836788257,0.0,-0.0339261714925669,1000.0,-0.0053189997604476, Neutralism,Healthy
SRR12328902.bin.20.fbc2XSRR12328902.bin.18.fbc2 ,-0.0245299472605893,-0.0245299472605893,37.22574035720618,-0.0004712766044576,-1000.0,1000.0,-1000.0,-649.9612589672752,-0.9198989424838828,-0.0408832454342018,-0.0032565213366524,809.9546372158788,-287.2198711842369,-1000.0,-0.0016070532210505,-0.1914351896165271,-0.1914351896165271,962.7742596427938,-0.0036779095026986,1000.0,-1000.0,0.0,25.820395872891595,-7.179021895643473,-0.3190586493609544,-0.0254143546637806,190.04536278412115,-428.3930512740858,1000.0,-0.0125416714042785, Amensalism,Healthy
SRR12328902.bin.2.fbc2XSRR12328902.bin.8.fbc2 ,-0.1962512327072545,-0.1962512327072545,998.4403965597952,-0.0037704367474589,-1000.0,999.7056042987556,1000.0,401.6835618506193,-7.359628600541896,-0.3270853878453863,-0.0260537179251514,576.4253702503652,-0.327123092212787,-999.7056042987556,-0.0128571893089883,-0.0885442398152918,-0.0885442398152918,1.5596034402047962,-0.0017011381328302,1000.0,-950.7309229181288,0.0,-59.904677745408094,-3.320502555670828,-0.1475737330255242,-0.0117548644980161,-1.2662251578119594,-298.2911948375771,950.7309229181288,-0.0058008810329965, Neutralism,Healthy
SRR12328902.bin.16.fbc2XSRR12328902.bin.3.fbc2 ,-0.1711155300431528,-0.1711155300431528,1000.0,-0.0032875221910444,-692.9233001055192,1000.0,-103.59489999743676,-137.63316733792067,-6.417013190340413,-0.2851925500719972,-0.0227167783400545,932.7029413645968,-76.8186850578171,-1000.0,-0.0112104506714558,-0.0912773639053057,-0.0912773639053057,0.0,-0.0017536477215571,1000.0,-1000.0,670.5426936411072,-862.3668326620793,-3.4229975970752093,-0.1521289398422141,-0.0121177057557133,-375.2123516061271,-0.1863776798436447,1000.0,-0.0059799387304337, Neutralism,Healthy
SRR12328902.bin.16.fbc2XSRR12328902.bin.2.fbc2 ,-0.1303128976240941,-0.1303128976240941,46.19686106147765,-0.0025036099447106,-41.06419779570058,1000.0,190.71557949943255,-34.57634298488176,-4.88687135945122,-0.2171881627068614,-0.0172999447181609,33.2679439097069,-239.77165491684275,-1000.0,-0.0085373099116168,-0.1940223376808489,-0.1940223376808489,953.8031389385224,-0.0037276145567375,-0.2910521445940048,0.0,809.2844205005674,174.89337938650146,-7.276042681831882,-0.3233705628014149,-0.0257578165874292,291.4546340135794,-384.3324019424415,0.0,-0.0127111656386205, Amensalism,Healthy
SRR12328902.bin.3.fbc2XSRR12328902.bin.18.fbc2 ,-0.0912773639053057,-0.0912773639053057,0.0,-0.0017536477215571,-1000.0,1000.0,662.4891420790746,-736.7801860788082,-3.4229975970752093,-0.1521289398422141,-0.0121177057557133,742.6245492979433,-86.83654977474691,-1000.0,-0.0059799387304337,-0.1945567257287166,-0.1945567257287166,1000.0,-0.0037378813781288,1000.0,-1000.0,-161.49178749681846,164.67224129489475,-7.296082798301654,-0.3242612095477852,-0.0258287603224971,257.3754507020567,-461.3625481122408,1000.0,-0.0127461754992737, Neutralism,Healthy
SRR12328902.bin.13.fbc2XSRR12328902.bin.9.fbc2 ,-0.1887421533206179,-0.1887421533206179,944.108597236002,-0.0036261700926161,-1000.0,999.7168686391688,-1000.0,1000.0,-7.078030188878074,-0.3145702555343632,-0.025056835340024,-25.863875755782374,-500.3182326873279,-999.7168686391686,-0.0123652400158107,-0.1070441137688931,-0.1070441137688931,55.89140276399803,-0.0020565631848512,1000.0,-1000.0,800.7472482055184,0.0,-4.014267377306737,-0.1784068562814127,-0.0142108516070038,56.00646382806076,-356.34726245405386,1000.0,-0.0070128804601381, Amensalism,Healthy
SRR12328902.bin.5.fbc2XSRR12328902.bin.24.fbc2 ,-0.080470523301642,-0.080470523301642,952.6809245618692,-0.001546023502442,0.0,725.4792971546976,1000.0,-1000.0,-3.017729655103153,-0.1341175388359943,-0.0106830224018494,0.0,-654.5869712394071,-725.4792971546975,-0.0052719401433023,-0.0914259641763237,-0.0914259641763237,47.31907543813077,-0.0017565026738566,1000.0,-1000.0,-348.6181512426444,981.0056406873792,-3.4285702642611118,-0.1523766069606154,-0.012137433476596,1000.0,-334.16524370655634,1000.0,-0.0059896741180409, Amensalism,Healthy
SRR12328902.bin.14.fbc2XSRR12328902.bin.8.fbc2 ,-0.0885808495282844,-0.0885808495282844,10.466137957840148,-0.0017018414895346,-1000.0,1000.0,0.0,895.189048004288,-3.3218754585931265,-0.1476347492138074,-0.0117597246924106,980.949850553423,-416.8444523742694,-1000.0,-0.0058032794792097,-0.0885442398152918,-0.0885442398152918,1.55960344020491,-0.0017011381328302,999.8671751345864,-1000.0,1000.0,-10.502775798125183,-3.320502555670828,-0.1475737330255242,-0.0117548644980161,-1.2662251578120731,-288.75702296391296,1000.0,-0.0058008810329965, Neutralism,Healthy
SRR12328902.bin.3.fbc2XSRR12328902.bin.7.fbc2 ,-0.0912773639053057,-0.0912773639053057,-552.5377600633537,-0.0017536477215571,-1000.0,1000.0,-203.274525972555,-1000.0,-3.4229975970752093,-0.1521289398422141,-0.0121177057557133,60.896816487607566,-16.619833974785138,-1000.0,-0.0059799387304337,-0.0822628351793355,-0.0822628351793355,1000.0,-0.0015804579285259,1000.0,-1000.0,-796.725474027445,0.0,-3.084943244412443,-0.1371047252989683,-0.010920964286015,939.1031835123924,-0.0343749599452394,1000.0,-0.0053893615362312, Neutralism,Healthy
SRR12328902.bin.3.fbc2XSRR12328902.bin.2.fbc2 ,-0.0912773639053057,-0.0912773639053057,-493.42027694527735,-0.0017536477215571,-1000.0,1000.0,0.0,-1000.0,-3.4229975970752093,-0.1521289398422141,-0.0121177057557133,665.9337139886729,-106.82170724935656,-1000.0,-0.0059799387304337,-0.196312466626864,-0.196312466626864,1000.0,-0.0037716131917022,999.7055124419936,-1000.0,1000.0,407.0070674298363,-7.361924937233539,-0.3271874443781826,-0.0260618471545512,334.06628601132707,-177.4166883081832,1000.0,-0.0128612009835933, Neutralism,Healthy
SRR12328902.bin.13.fbc2XSRR12328902.bin.7.fbc2 ,-0.1941553756856819,-0.1941553756856819,1000.0,-0.0037301705223171,-1000.0,999.7087482856186,-1000.0,1000.0,-7.281031747593261,-0.3235922928095078,-0.0257754783091286,16.47709573962902,-842.1848433738497,-999.7087482856188,-0.0127198814810753,-0.0815171487677162,-0.0815171487677162,0.0,-0.0015661315806028,1000.0,-1000.0,0.0,-55.360048274643646,-3.0569792160276847,-0.135861914612974,-0.010821969221638,979.4106162565306,-0.0340633618769743,1000.0,-0.0053405086896418, Neutralism,Healthy
SRR12328902.bin.14.fbc2XSRR12328902.bin.11.fbc2 ,-0.0885808495282844,-0.0885808495282844,351.61493672176584,-0.0017018414895346,-1000.0,1000.0,0.0,0.0,-3.3218754585931265,-0.1476347492138074,-0.0117597246924106,1000.0,-500.1817226342485,-1000.0,-0.0058032794792097,-0.0878609519495512,-0.0878609519495512,648.3850632782342,-0.001688010604198,999.8682001320226,-1000.0,-1000.0,1000.0,-3.2948785386905683,-0.1464349199159187,-0.0116641532750918,-114.8213604798284,-156.21097536279217,1000.0,-0.0057561161603416, Neutralism,Healthy
SRR12328902.bin.5.fbc2XSRR12328902.bin.11.fbc2 ,-0.084451776870992,-0.084451776870992,999.814510573046,-0.0016225125239088,-478.7510069678558,1000.0,504.70799765419633,-1000.0,-3.1670308708514767,-0.1407529614516534,-0.0112115615404491,812.2136897832124,-626.9416631808853,-1000.0,-0.0055327677066543,-0.0876666182961116,-0.0876666182961116,0.1854894269540636,-0.0016842770086213,1000.0,-67.46247101070492,495.29200234580367,0.0,-3.287590821339336,-0.1461110304935573,-0.0116383541292179,187.7863102167876,-373.05833681911474,67.46247101070503,-0.0057433845992136, Neutralism,Healthy
SRR12328902.bin.5.fbc2XSRR12328902.bin.2.fbc2 ,-0.0063570285885816,-0.0063570285885816,75.2601030139233,-0.0001221331141323,-0.2656065937048879,1000.0,0.0,-1000.0,-0.2383952893941341,-0.0105950476477119,-0.0008439398184236,682.9140518777263,-287.3169134881142,-1000.0,-0.0004164739190173,-0.192130929864561,-0.192130929864561,924.7398969860768,-0.0036912762701604,999.7117851488216,-1000.0,1000.0,188.7911551865143,-7.205112890117562,-0.3202182164410487,-0.0255067190271347,317.0859481222737,-1.9583849138643927,1000.0,-0.0125872520814027, Amensalism,Healthy
SRR12328902.bin.16.fbc2XSRR12328902.bin.5.fbc2 ,-0.1289134300101295,-0.1289134300101295,29.590880363286715,-0.0024767229589315,-0.3559793908812025,1000.0,-293.4553473021101,-42.255303530088895,-4.834389845144642,-0.2148557166835871,-0.0171141556459133,-2.2188440876867617,-249.9483046000406,-1000.0,-0.0084456252898235,-0.0819679786385449,-0.0819679786385449,970.4091196367132,-0.0015747930574434,1000.0,-305.43054070437745,1000.0,-957.7446964699112,-3.0738858125631623,-0.1366132977309462,-0.0108818200267251,-6.7570748069714455,-660.083239553883,305.4305407043776,-0.0053700443257866, Amensalism,Healthy
SRR12328902.bin.9.fbc2XSRR12328902.bin.11.fbc2 ,-0.1745584927016352,-0.1745584927016352,996.47958636448,-0.003353669408284,-1000.0,1000.0,-404.070271627668,-1000.0,-6.546127928128385,-0.2909308211693542,-0.0231738556112759,613.2018093327674,-360.43420100067465,-1000.0,-0.0114360126822248,-0.0878609519495512,-0.0878609519495512,3.520413635520072,-0.001688010604198,1000.0,-129.0225149010962,30.91010959533537,0.0,-3.2948785386905683,-0.1464349199159187,-0.0116641532750918,386.7981906672326,-540.7507208807573,129.0225149010962,-0.0057561161603416, Neutralism,Healthy
SRR12328902.bin.5.fbc2XSRR12328902.bin.14.fbc2 ,-0.0835837173227673,-0.0835837173227673,989.5376571486812,-0.0016058351070569,-631.536142266668,1000.0,1000.0,-1000.0,-3.134477720536097,-0.1393061955379835,-0.011096320589786,-2.3093675258234043,-583.6406447785005,-1000.0,-0.0054758977150868,-0.0885808495282844,-0.0885808495282844,10.462342851318796,-0.0017018414895346,1000.0,-1000.0,0.0,561.5162263003497,-3.3218754585931265,-0.1476347492138074,-0.0117597246924106,1000.0,-416.3593552214995,1000.0,-0.0058032794792097, Neutralism,Healthy
SRR12328902.bin.20.fbc2XSRR12328902.bin.13.fbc2 ,-0.0608747863198004,-0.0608747863198004,294.7763639984141,-0.0011695444057977,1000.0,-1000.0,-916.539464819092,-265.32874487496633,-2.282868811935259,-0.1014579771996295,-0.0080815518438157,1000.0,-505.6067236743846,1000.0,-0.0039881464236941,-0.1630192712237885,-0.1630192712237885,705.2236360015859,-0.0031319744711026,-1000.0,999.755455433292,694.7623060572182,1000.0,-6.113394929488209,-0.2716987853730188,-0.0216419435956822,-24.22218944402175,-494.3932763256154,-999.755455433292,-0.0106800329466523, Competition,Healthy
SRR12328902.bin.9.fbc2XSRR12328902.bin.8.fbc2 ,-0.1527836942445901,-0.1527836942445901,982.7548250621865,-0.0029353255378055,-1000.0,1000.0,-672.1276497581224,-989.0033432830888,-5.729549977075749,-0.2546394904076123,-0.0202830994664964,617.2613268552045,-320.33573869474026,-1000.0,-0.0100094600840066,-0.0885177270396297,-0.0885177270396297,17.245174937813545,-0.0017006287615686,999.8672149062968,-1000.0,-320.38184110686825,-10.996656716911277,-3.3195082985666886,-0.1475295450659359,-0.0117513447423789,4.931925446271748,-288.7448693336104,1000.0,-0.0057991440769455, Amensalism,Healthy
SRR12328902.bin.7.fbc2XSRR12328902.bin.18.fbc2 ,-0.0822567822218616,-0.0822567822218616,0.0,-0.0015803416373501,-1000.0,1000.0,-847.7383498841252,-72.7656770404036,-3.084716252108592,-0.1370946370363981,-0.0109201607137947,32.38148460991397,-0.0343724306113699,-1000.0,-0.0053889649832399,-0.1945567257287166,-0.1945567257287166,1000.0,-0.0037378813781288,1000.0,-1000.0,-152.26165011587477,164.67224129489546,-7.296082798301654,-0.3242612095477852,-0.0258287603224971,262.097030322396,-461.3625481122406,1000.0,-0.0127461754992737, Neutralism,Healthy
SRR12328902.bin.18.fbc2XSRR12328902.bin.9.fbc2 ,-0.1910549639017063,-0.1910549639017063,960.3203249495969,-0.0036706044937773,-1000.0,1000.0,298.19008496471406,-263.23508616942104,-7.164763029562437,-0.3184249398362908,-0.0253638770520865,192.73745626169944,-425.333572803571,-1000.0,-0.012516761323809,-0.1074586429884902,-0.1074586429884902,39.67967505040315,-0.0020645272428509,1000.0,-1000.0,-257.39129481868304,-56.35621693846531,-4.029812661065762,-0.1790977383141125,-0.0142658832478446,98.34667090149536,-356.52329989060024,1000.0,-0.0070400378980366, Amensalism,Healthy
SRR12328902.bin.20.fbc2XSRR12328902.bin.24.fbc2 ,-0.1205871469387602,-0.1205871469387602,1000.0,-0.002316755945003,-1000.0,1000.0,-655.9208312093537,-764.0329211082412,-4.522145431782064,-0.2009785782313429,-0.016008783580105,73.05081017132602,-719.4495455535671,-1000.0,-0.0079001377725944,-0.0866800636352991,-0.0866800636352991,0.0,-0.0016653230285328,1000.0,-1000.0,-344.07916879064635,957.4568918644138,-3.2505939790911498,-0.1444667727255364,-0.0115073821272062,926.949189828674,-280.5504544464329,1000.0,-0.0056787515272844, Competition,Healthy
SRR12328902.bin.5.fbc2XSRR12328902.bin.13.fbc2 ,0.0,0.0,0.0,0.0,0.0,1000.0,-500.0,0.0,0.0,0.0,0.0,0.0,-250.0,-1000.0,0.0,-0.1941553756856819,-0.1941553756856819,1000.0,-0.0037301705223171,-0.2912517143812465,0.0,-500.0,1000.0,-7.281031747593261,-0.3235922928095078,-0.0257754783091286,7.501074506702935,-500.3273597650371,0.0,-0.0127198814810753, Amensalism,Healthy
SRR12328902.bin.20.fbc2XSRR12328902.bin.2.fbc2 ,-0.1088959834536353,-0.1088959834536353,675.4817493928745,-0.0020921418530406,1000.0,-1000.0,0.0,-508.6740817860627,-4.083714447314037,-0.1814933057561347,-0.0144567002048461,1000.0,-853.8555031735268,1000.0,-0.0071342037190333,-0.1196660138101606,-0.1196660138101606,324.51825060712554,-0.0022990588628317,-1000.0,999.8204894839904,1000.0,660.2109473636424,-4.48760196611704,-0.1994433563502298,-0.015886496742155,0.0,-146.1444968264732,-999.8204894839904,-0.0078397907221869, Competition,Healthy
SRR12328902.bin.5.fbc2XSRR12328902.bin.18.fbc2 ,-0.0031446476319842,-0.0031446476319842,37.229108132531564,-6.0415900748012064e-05,-518.567812700522,1000.0,-718.1202857871723,1000.0,-0.117927609074627,-0.0052410793866783,-0.0004174738738811,-0.0805253332624715,-139.02003130022695,-1000.0,-0.0002060182214336,-0.1914525085658169,-0.1914525085658169,962.7708918674684,-0.0036782422395162,1000.0,-1000.0,1000.0,-610.9761069222268,-7.179671374540817,-0.3190875142763616,-0.0254166538749132,1000.0,-433.03572412641984,1000.0,-0.012542806036663, Amensalism,Healthy
SRR12328902.bin.24.fbc2XSRR12328902.bin.9.fbc2 ,-0.0864832927321685,-0.0864832927321685,0.0,-0.0016615426077351,-1000.0,1000.0,-338.8177725575804,955.2634471343256,-3.2432148622992827,-0.144138821220281,-0.0114812594193836,922.5748560252566,-459.6703732082241,-1000.0,-0.0056658602923107,-0.1516233557003943,-0.1516233557003943,1000.0,-0.0029130327703796,1000.0,-1000.0,105.90223301281458,-245.24580442498743,-5.686036055565978,-0.2527055928339905,-0.0201290564435794,77.42514397474338,-356.06239040019364,1000.0,-0.0099334417470799, Competition,Healthy
SRR12328902.bin.9.fbc2XSRR12328902.bin.2.fbc2 ,-0.1417553250395258,-0.1417553250395258,167.1044074456122,-0.0027234452456923,-1000.0,1000.0,-38.93831568502196,-943.3912931163702,-5.315974478470821,-0.2362588750659142,-0.0188190066478455,807.5495697209258,-359.11229614645754,-1000.0,-0.0092869482879223,-0.1810425430147688,-0.1810425430147688,832.8955925543878,-0.0034782429013375,999.7284187942636,-1000.0,1000.0,264.45048487101394,-6.789286666411613,-0.3017375716912056,-0.0240346584482722,192.45043027907423,-151.6988963672751,1000.0,-0.0118608082935907, Amensalism,Healthy
SRR12328902.bin.14.fbc2XSRR12328902.bin.18.fbc2 ,-0.0885808495282844,-0.0885808495282844,10.46234285131868,-0.0017018414895346,-1000.0,1000.0,-832.5065274338168,-776.4153633838099,-3.3218754585931265,-0.1476347492138074,-0.0117597246924106,758.724789174151,-500.1817226342485,-1000.0,-0.0058032794792097,-0.1936843603707529,-0.1936843603707529,989.5376571486812,-0.0037211212367083,1000.0,-1000.0,-167.4934725661832,171.40697585446924,-7.2633681755698944,-0.3228072672844746,-0.0257129477456601,241.27521082584892,-451.0734502331584,1000.0,-0.0126890234171241, Neutralism,Healthy
SRR12328902.bin.11.fbc2XSRR12328902.bin.8.fbc2 ,-0.0878609519495512,-0.0878609519495512,3.5204136355198443,-0.001688010604198,-1000.0,1000.0,-1000.0,1000.0,-3.2948785386905683,-0.1464349199159187,-0.0116641532750918,699.5483483706494,-711.0459203193161,-1000.0,-0.0057561161603416,-0.0885442398152918,-0.0885442398152918,5.513456734120268,-0.0017011381328302,999.8671751345864,-1000.0,0.0,-8.071305042066456,-3.320502555670828,-0.1475737330255242,-0.0117548644980161,-0.391397861608084,-288.9540796806839,1000.0,-0.0058008810329965, Neutralism,Healthy
SRR12328902.bin.20.fbc2XSRR12328902.bin.9.fbc2 ,-0.1028175644180464,-0.1028175644180464,817.2838072431441,-0.0019753614681121,-1000.0,1000.0,810.381123617849,-45.55996580544809,-3.8557673105569847,-0.1713626073633349,-0.0136497477450348,198.0943515146555,-641.1021586817485,-1000.0,-0.0067359826064148,-0.1435409149831912,-0.1435409149831912,182.7161927568559,-0.0027577505279623,1000.0,-1000.0,-27.18993728855753,-954.440034194552,-5.38293598814812,-0.2392348583052808,-0.0190560561485426,801.9056484853445,-358.8978413182515,1000.0,-0.0094039293005607, Competition,Healthy
SRR12328902.bin.14.fbc2XSRR12328902.bin.20.fbc2 ,-0.088580548028176,-0.088580548028176,10.4589035695476,-0.0017018356969629,-1000.0,1000.0,526.8071856581905,965.4105808809412,-3.32186415202068,-0.1476342467136646,-0.0117596846662308,-3.483113084310162,-299.35943852040714,-1000.0,-0.0058032597266901,-0.1347089278696103,-0.1347089278696103,989.5410964304524,-0.0025880677784471,1000.0,-1000.0,0.0,-669.6836264555751,-5.051727138838373,-0.2245148797826459,-0.0178835483492321,1000.0,-700.6405614795929,1000.0,-0.0088253111246103, Neutralism,Healthy
SRR12328902.bin.7.fbc2XSRR12328902.bin.11.fbc2 ,-0.0822628351793355,-0.0822628351793355,991.1570694880032,-0.0015804579285259,1000.0,-1000.0,121.13389065734486,-1000.0,-3.084943244412443,-0.1371047252989683,-0.010920964286015,25.60381236519765,-0.0343749599452394,1000.0,-0.0053893615362312,-0.0878609519495512,-0.0878609519495512,8.84293051199677,-0.001688010604198,-513.5922243074408,1000.0,-1000.0,0.0,-3.2948785386905683,-0.1464349199159187,-0.0116641532750918,974.3961876348023,62.81378640123171,-1000.0,-0.0057561161603416, Neutralism,Healthy
SRR12328902.bin.18.fbc2XSRR12328902.bin.2.fbc2 ,-0.1914525085658169,-0.1914525085658169,962.7708918674682,-0.0036782422395162,1000.0,-1000.0,109.02164444568234,0.0,-7.179671374540817,-0.3190875142763616,-0.0254166538749132,384.45362279733536,-424.7499133544063,1000.0,-0.012542806036663,-0.0849815206427138,-0.0849815206427138,37.22910813253179,-0.0016326901179581,-989.6377962983375,1000.0,183.10064752862468,1000.0,-3.1868968220566103,-0.1416358677378184,-0.0112818887155299,9.720456369771568,-502.7640732311582,-1000.0,-0.0055674733024488, Amensalism,Healthy
SRR12328902.bin.13.fbc2XSRR12328902.bin.8.fbc2 ,-0.1940207955116193,-0.1940207955116193,998.4403965597952,-0.0037275849281286,-1000.0,999.708950168808,7.215341815679835,-27.816270884649384,-7.275984848854591,-0.3233679925192518,-0.0257576118536917,20.123196233155227,-508.6857185627009,-999.708950168808,-0.0127110646051278,-0.0885442398152918,-0.0885442398152918,1.55960344020491,-0.0017011381328302,1000.0,-450.7751950380392,992.78465818432,-559.8604056254999,-3.320502555670828,-0.1475737330255242,-0.0117548644980161,-1.2662251578124142,-423.28012680759934,450.7751950380393,-0.0058008810329965, Neutralism,Healthy
SRR12328902.bin.16.fbc2XSRR12328902.bin.14.fbc2 ,-0.1706679627076255,-0.1706679627076255,989.5376571486812,-0.003278923394987,-417.7988135535391,1000.0,25.68880505739935,-404.04629797788186,-6.400228942320723,-0.2844466045125955,-0.0226573606591955,922.4166197383602,-145.5996771979433,-1000.0,-0.0111811287767977,-0.0885808495282844,-0.0885808495282844,10.46234285131868,-0.0017018414895346,1000.0,-1000.0,-564.2250881686114,884.3405542651824,-3.3218754585931265,-0.1476347492138074,-0.0117597246924106,77.58338026163983,-416.8482474807911,1000.0,-0.0058032794792097, Neutralism,Healthy
SRR12328902.bin.16.fbc2XSRR12328902.bin.8.fbc2 ,-0.1710488119508681,-0.1710488119508681,998.4403965597952,-0.0032862403833178,-455.6681376765037,1000.0,2.2351587991133783,-395.4347465533944,-6.414511191378438,-0.2850813532514848,-0.0227079210486635,960.2962485955218,-136.1324563610466,-1000.0,-0.011206079707108,-0.0885442398152918,-0.0885442398152918,1.5596034402047962,-0.0017011381328302,1000.0,-950.7309229181292,146.8119293468351,-59.90467774540832,-3.320502555670828,-0.1475737330255242,-0.0117548644980161,-1.2662251578120731,-298.291194837577,950.7309229181292,-0.0058008810329965, Neutralism,Healthy
SRR12328902.bin.5.fbc2XSRR12328902.bin.20.fbc2 ,0.0,0.0,0.0,0.0,-1000.0,1000.0,865.819510431214,1000.0,0.0,0.0,0.0,0.0,0.0,-1000.0,0.0,-0.1441544522460844,-0.1441544522460844,1000.0,-0.002769537987433,1000.0,-1000.0,134.18048956878602,-149.12781668971206,-5.405944283819508,-0.2402574204102165,-0.0191375074931556,1000.0,-1000.0,1000.0,-0.0094441245371399, Amensalism,Healthy
SRR12328902.bin.16.fbc2XSRR12328902.bin.18.fbc2 ,-0.1313558850988556,-0.1313558850988556,81.58134214446545,-0.0025236481286583,-117.78344047965118,1000.0,-274.4067404824491,-21.4054193905082,-4.925984491854138,-0.2189264751647215,-0.0174384085693191,80.53493668438091,-220.59214602090535,-1000.0,-0.0086056401188443,-0.1214671590987563,-0.1214671590987563,918.4186578555344,-0.0023336629990353,1000.0,-1000.0,174.4530191834233,-258.1520611323256,-4.55514681767022,-0.2024452651646697,-0.0161256113232184,215.54259522522352,-429.6605309117952,1000.0,-0.0079577908265946, Competition,Healthy
SRR12328902.bin.7.fbc2XSRR12328902.bin.9.fbc2 ,-0.0800028944472615,-0.0800028944472615,0.071564548808169,-0.0015370392785598,-1000.0,1000.0,-309.2523970331304,0.0,-3.0001930789310336,-0.1333381574120267,-0.0106209414145723,468.8301339001628,-0.0334306043079095,-1000.0,-0.0052413039397833,-0.1706103268809329,-0.1706103268809329,999.928435451192,-0.0032778160783664,1000.0,-1000.0,228.20297368832323,-1000.0,-6.398067537920952,-0.2843505448016685,-0.0226497091017563,531.1698660998372,-360.3597573507423,1000.0,-0.011177352827417, Neutralism,Healthy
SRR12328902.bin.20.fbc2XSRR12328902.bin.3.fbc2 ,-0.1440750020157111,-0.1440750020157111,1000.0,-0.0027680115661041,-1000.0,1000.0,44.67979373948742,61.44933627485989,-5.402964816225108,-0.2401250033594806,-0.0191269599217775,1000.0,-999.8136223201564,-1000.0,-0.0094389194404129,-0.0912773639053057,-0.0912773639053057,-553.417216189202,-0.0017536477215571,1000.0,-1000.0,-1000.0,-999.147918315085,-3.4229975970752093,-0.1521289398422141,-0.0121177057557133,0.0,-0.1863776798436447,1000.0,-0.0059799387304337, Neutralism,Healthy
SRR12328902.bin.3.fbc2XSRR12328902.bin.9.fbc2 ,-0.0778595322658475,-0.0778595322658475,0.0,-0.0014958603701415,-1000.0,1000.0,1000.0,-49.58196733193995,-2.91981473228941,-0.1297658871097837,-0.0103363951576511,-474.61898188138025,-0.1589800401385446,-1000.0,-0.0051008838621555,-0.1731972162378952,-0.1731972162378952,1000.0,-0.0033275161621304,0.0,0.0,0.0,-950.41803266806,-6.495078622309279,-0.2886620270630828,-0.0229931366801565,579.3035528548498,-360.1198384916678,0.0,-0.0113468301127568, Amensalism,Healthy
SRR12328902.bin.16.fbc2XSRR12328902.bin.20.fbc2 ,-0.1290406838584203,-0.1290406838584203,31.10077988021567,-0.0024791677974462,0.0,995.9419452670847,-300.1464992589506,-41.55667006605108,-4.839161998918257,-0.2150678064306248,-0.0171310494805538,0.0,-249.02282258380117,-995.9419452670847,-0.0084539621893782,-0.1345474399876138,-0.1345474399876138,968.8992201197844,-0.0025849652255374,1000.0,-1000.0,-699.8535007410494,-242.3916730356225,-5.045671172623429,-0.2242457333127276,-0.0178621097082896,1000.0,-750.9771774161989,1000.0,-0.0088147314189654, Amensalism,Healthy
SRR12328902.bin.5.fbc2XSRR12328902.bin.8.fbc2 ,-0.0843357089715937,-0.0843357089715937,998.4403965597952,-0.0016202825930804,-503.218038347973,1000.0,337.14675547011666,-989.4972242018724,-3.162678201977428,-0.1405595149526561,-0.0111961527184121,994.1153766641984,-620.1423532912302,-1000.0,-0.0055251636425737,-0.0885442398152918,-0.0885442398152918,1.5596034402047962,-0.0017011381328302,999.8671751345864,-1000.0,120.40984024033446,-10.50277579812746,-3.320502555670828,-0.1475737330255242,-0.0117548644980161,-1.2662251578120731,-288.75702296391285,1000.0,-0.0058008810329965, Neutralism,Healthy
SRR12328902.bin.7.fbc2XSRR12328902.bin.2.fbc2 ,-0.0822628351793355,-0.0822628351793355,0.073586121151834,-0.0015804579285259,1000.0,-1000.0,-532.788258287459,-493.72391467686975,-3.084943244412443,-0.1371047252989683,-0.010920964286015,740.4291468433967,-0.0343749599452394,1000.0,-0.0053893615362312,-0.1963095774523253,-0.1963095774523253,999.926413878848,-0.00377155768399,-0.7772732274062264,1000.0,1000.0,-55.13133448774124,-7.361816590133458,-0.3271826290871331,-0.0260614635964202,259.57085315660333,-713.2956485482796,-1000.0,-0.0128610117023981, Neutralism,Healthy
SRR12328902.bin.3.fbc2XSRR12328902.bin.24.fbc2 ,-0.0912773639053057,-0.0912773639053057,0.0,-0.0017536477215571,-1000.0,1000.0,740.7753957165414,-896.1674795355179,-3.4229975970752093,-0.1521289398422141,-0.0121177057557133,0.0,-0.1863776798436447,-1000.0,-0.0059799387304337,-0.1110333431315666,-0.1110333431315666,1000.0,-0.002133205439577,1000.0,-1000.0,259.2246042834586,231.7104956359915,-4.163867693734915,-0.1850555718859823,-0.0147404495877481,1000.0,-899.5546674104822,1000.0,-0.0072742305491146, Neutralism,Healthy
SRR12328902.bin.20.fbc2XSRR12328902.bin.11.fbc2 ,-0.1441347037407467,-0.1441347037407467,999.8145105730462,-0.0027691585733009,1000.0,-1000.0,-216.9929792938791,0.0,-5.40520369400042,-0.2402245062346537,-0.0191348857415505,1000.0,-1000.0,1000.0,-0.0094428307349971,-0.0876666182961116,-0.0876666182961116,0.1854894269538363,-0.0016842770086213,-0.6467724495564653,1000.0,-783.0070207061209,-1000.0,-3.287590821339336,-0.1461110304935573,-0.0116383541292179,0.0,346.726305533628,-1000.0,-0.0057433845992136, Neutralism,Healthy
SRR12328902.bin.18.fbc2XSRR12328902.bin.8.fbc2 ,-0.1944266837264194,-0.1944266837264194,998.4403965597952,-0.0037353829726498,1000.0,-1000.0,1000.0,-621.9118691945789,-7.291206085802173,-0.32404447287729,-0.0258114963410207,1000.0,-468.2432991320957,1000.0,-0.0127376559366894,-0.0885442398152918,-0.0885442398152918,1.5596034402047962,-0.0017011381328302,0.0,49.26907708186809,0.0,-59.90467774540855,-3.320502555670828,-0.1475737330255242,-0.0117548644980161,-1.2662251578120731,-298.2911948375763,-49.26907708186809,-0.0058008810329965, Neutralism,Healthy
SRR12328902.bin.16.fbc2XSRR12328902.bin.11.fbc2 ,-0.1709649306818619,-0.1709649306818619,996.47958636448,-0.0032846288315795,-487.0636191876128,1000.0,0.0,-340.5616141553619,-6.411365555156749,-0.2849415511365123,-0.0226967852260031,929.2417560997892,-128.28356171329983,-1000.0,-0.0112005843155884,-0.0878609519495512,-0.0878609519495512,3.520413635519958,-0.001688010604198,1000.0,-513.658557237643,-662.9268691963728,-495.2393517797331,-3.2948785386905683,-0.1464349199159187,-0.0116641532750918,70.7582439002108,620.6799882209477,513.658557237643,-0.0057561161603416, Neutralism,Healthy
SRR12328902.bin.3.fbc2XSRR12328902.bin.8.fbc2 ,-0.0911591257487316,-0.0911591257487316,994.4865432658798,-0.0017513760950578,-1000.0,1000.0,304.88641728778293,-991.9286949579327,-3.4185635412641204,-0.1519318762479997,-0.0121020088170098,1000.0,-0.1861362513848234,-1000.0,-0.0059721924842506,-0.0885442398152918,-0.0885442398152918,5.513456734120268,-0.0017011381328302,999.8671751345864,-1000.0,695.1135827122171,-8.071305042067252,-3.320502555670828,-0.1475737330255242,-0.0117548644980161,-0.391397861608084,-288.9540796806839,1000.0,-0.0058008810329965, Neutralism,Healthy
SRR12328902.bin.16.fbc2XSRR12328902.bin.24.fbc2 ,-0.1367027165093759,-0.1367027165093759,619.4480594586998,-0.0026263730356959,-413.0088384735496,1000.0,77.47430428582788,-26.27998152671944,-5.1264963196190365,-0.2278378608490356,-0.0181482376768826,0.0,-146.78734355953054,-1000.0,-0.0089559320517764,-0.0995509869644593,-0.0995509869644593,380.55194054130016,-0.0019126030156257,1000.0,-1000.0,9.353321725528076,1000.0,-3.733267204331924,-0.1659183116073563,-0.0132160868381561,1000.0,-651.8236969970433,1000.0,-0.0065219762833521, Competition,Healthy
SRR12328902.bin.13.fbc2XSRR12328902.bin.3.fbc2 ,-0.1940224192030655,-0.1940224192030655,1000.0,-0.003727616123001,-1000.0,999.7089477331148,96.9776725214092,1000.0,-7.27604573900237,-0.3233706986718516,-0.0257578274100751,1.8890812988241803,-519.1054975253179,-999.7089477331148,-0.0127111709795144,-0.0912773639053057,-0.0912773639053057,0.0,-0.0017536477215571,1000.0,-1000.0,-22.89719590009884,-871.4073402426352,-3.4229975970752093,-0.1521289398422141,-0.0121177057557133,998.1109187011756,-74.10738921287043,1000.0,-0.0059799387304337, Neutralism,Healthy
SRR12328902.bin.16.fbc2XSRR12328902.bin.7.fbc2 ,-0.1674040171166098,-0.1674040171166098,975.2613209197888,-0.0032162155065407,-966.8324675911232,1000.0,337.4300008986784,146.4943821861043,-6.277827533726395,-0.2790066951944254,-0.0222240491503953,847.402222022874,-194.40547984949785,-1000.0,-0.0109672948773322,-0.0822628351793355,-0.0822628351793355,24.738679080211117,-0.0015804579285259,1000.0,-1000.0,-140.02301744860324,-267.31482043823974,-3.084943244412443,-0.1371047252989683,-0.010920964286015,152.59777797712604,-0.0343749599452394,1000.0,-0.0053893615362312, Neutralism,Healthy
SRR12328902.bin.7.fbc2XSRR12328902.bin.8.fbc2 ,-0.0822628351793355,-0.0822628351793355,981.0913563232172,-0.0015804579285259,1000.0,-1000.0,-874.4753767741025,-984.2207360096618,-3.084943244412443,-0.1371047252989683,-0.010920964286015,994.7041698672164,-0.0343749599452394,1000.0,-0.0053893615362312,-0.0885442398152918,-0.0885442398152918,18.90864367678273,-0.0017011381328302,-1000.0,999.8671751345864,1000.0,-15.779263990338222,-3.320502555670828,-0.1475737330255242,-0.0117548644980161,5.295830132783749,-288.9540796806839,-999.8671751345864,-0.0058008810329965, Neutralism,Healthy
SRR12328902.bin.13.fbc2XSRR12328902.bin.2.fbc2 ,-0.1294833611195827,-0.1294833611195827,395.572855669561,-0.0024876726439515,-1000.0,999.8057625199572,0.0,761.5787702777302,-4.855762863981681,-0.215805601866009,-0.0171898179700065,-12.01185174513273,-495.54667726840887,-999.8057625199572,-0.0084829637160055,-0.1534594876192159,-0.1534594876192159,604.427144330439,-0.002948309080125,1000.0,-727.3275984433828,1000.0,238.4212297222698,-5.754892942720289,-0.2557658126986553,-0.0203728157434852,109.39150462247426,-418.6643762903491,727.3275984433828,-0.0100537339631046, Competition,Healthy
SRR12328902.bin.5.fbc2XSRR12328902.bin.3.fbc2 ,-0.0844674446889257,-0.0844674446889257,1000.0,-0.0016228135386882,-1000.0,999.8732907188988,-906.9691792331668,1000.0,-3.1676184305789548,-0.1407790744815429,-0.0112136415523309,995.2892319473432,-497.2813978474417,-999.8732907188988,-0.0055337941669222,-0.0912773639053057,-0.0912773639053057,-22.16227104511449,-0.0017536477215571,1000.0,-1000.0,-25.14416507493013,-1000.0,-3.4229975970752093,-0.1521289398422141,-0.0121177057557133,4.710768052656704,-0.1863776798436447,1000.0,-0.0059799387304337, Neutralism,Healthy
SRR12328902.bin.14.fbc2XSRR12328902.bin.13.fbc2 ,-0.0885808495282844,-0.0885808495282844,10.46234285131868,-0.0017018414895346,1000.0,-1000.0,120.00429168567234,0.0,-3.3218754585931265,-0.1476347492138074,-0.0117597246924106,978.055962300399,-499.8352248047582,1000.0,-0.0058032794792097,-0.1932525667493791,-0.1932525667493791,989.5376571486812,-0.0037128254898561,-1000.0,999.7101025857488,-29.4416812051918,1000.0,-7.247175458502284,-0.3220876112488895,-0.0256556241351972,17.63955061442789,-500.1647751952418,-999.7101025857486,-0.0126607349205869, Neutralism,Healthy
SRR12328902.bin.14.fbc2XSRR12328902.bin.7.fbc2 ,-0.0885808495282844,-0.0885808495282844,10.46234285131868,-0.0017018414895346,-1000.0,1000.0,-715.5575079292985,934.5178974887206,-3.3218754585931265,-0.1476347492138074,-0.0117597246924106,986.9804772519796,-500.1817226342485,-1000.0,-0.0058032794792097,-0.0822628351793355,-0.0822628351793355,989.5376571486812,-0.0015804579285259,1000.0,-1000.0,-284.4424920707015,65.48210251127944,-3.084943244412443,-0.1371047252989683,-0.010920964286015,13.019522748020336,-0.0343749599452394,1000.0,-0.0053893615362312, Neutralism,Healthy
SRR12328902.bin.13.fbc2XSRR12328902.bin.24.fbc2 ,-0.1910627193956315,-0.1910627193956315,964.160267887348,-0.003670753494589,-1000.0,999.7133875671392,1000.0,24.86913598804722,-7.165053868776568,-0.318437865659348,-0.0253649066479511,-8.875881950020812,-500.3066931276934,-999.7133875671392,-0.0125172694166622,-0.0904238722100672,-0.0904238722100672,35.83973211265197,-0.0017372501865793,1000.0,-1000.0,-367.33189257077606,975.1308640119528,-3.390990756638302,-0.1507064536834832,-0.0120043987890312,1000.0,-499.6933068723066,1000.0,-0.0059240231361172, Amensalism,Healthy
SRR12328902.bin.24.fbc2XSRR12328902.bin.11.fbc2 ,-0.1109681959158024,-0.1109681959158024,996.47958636448,-0.0021319538120678,1000.0,-1000.0,639.7648229237057,1000.0,-4.161424604300692,-0.1849469931929661,-0.0147318008411048,1000.0,-353.19531903980123,1000.0,-0.0072699624989809,-0.0878609519495512,-0.0878609519495512,3.5204136355201854,-0.001688010604198,-0.5547734321704638,1000.0,360.23517707629435,-196.0014112598052,-3.2948785386905683,-0.1464349199159187,-0.0116641532750918,0.0,-646.8046809601988,-1000.0,-0.0057561161603416, Neutralism,Healthy
SRR12328902.bin.5.fbc2XSRR12328902.bin.7.fbc2 ,-0.0844674446889257,-0.0844674446889257,1000.0,-0.0016228135386882,-717.7334376117137,1000.0,1000.0,-343.55212710664875,-3.1676184305789548,-0.1407790744815429,-0.0112136415523309,-2.333784378128371,-567.2881921158676,-1000.0,-0.0055337941669222,-0.0820513330688754,-0.0820513330688754,0.0,-0.0015763944874152,1000.0,-1000.0,-579.8528568905401,-656.4478728933512,-3.077011691777784,-0.1367522217814212,-0.0108928859078787,1000.0,-0.0342865801007974,1000.0,-0.0053755052019823, Neutralism,Healthy
SRR12328902.bin.14.fbc2XSRR12328902.bin.24.fbc2 ,-0.0885808495282844,-0.0885808495282844,10.46234285131868,-0.0017018414895346,-1000.0,1000.0,102.83784507679684,-17.69057420965794,-3.3218754585931265,-0.1476347492138074,-0.0117597246924106,0.0,-500.1571168427127,-1000.0,-0.0058032794792097,-0.1108397316476157,-0.1108397316476157,989.5376571486812,-0.0021294857184557,1000.0,-1000.0,252.6695548392695,240.0250755708248,-4.156607058501663,-0.1847328860794732,-0.0147147463147803,1000.0,-499.8428831572873,1000.0,-0.0072615463000147, Neutralism,Healthy
SRR12328902.bin.14.fbc2XSRR12328902.bin.9.fbc2 ,-0.0885808495282844,-0.0885808495282844,10.46234285131868,-0.0017018414895346,0.0,0.0,834.777321774623,984.1332552778052,-3.3218754585931265,-0.1476347492138074,-0.0117597246924106,-3.48652862270194,-344.43371487094373,0.0,-0.0058032794792097,-0.1743539758633687,-0.1743539758633687,989.5376571486812,-0.0033497401702788,-1000.0,1000.0,41.336950396825614,-1000.0,-6.538458330584035,-0.2905899597722055,-0.0231467045766748,615.5798012896762,-360.4303447847488,-1000.0,-0.0114226139806987, Neutralism,Healthy
SRR12328902.bin.13.fbc2XSRR12328902.bin.18.fbc2 ,-0.1238893335380453,-0.1238893335380453,361.7978790330567,-0.0023801985310001,-1000.0,999.8141540987004,545.2201509797228,542.9731512029,-4.645980918596933,-0.2064822225634088,-0.0164471718491086,-29.369876624521453,-493.5044515975427,-999.8141540987002,-0.0081164769907218,-0.1269698037368698,-0.1269698037368698,638.2021209669433,-0.00243938143592,1000.0,-1000.0,-432.350226494086,457.0268487971,-4.761501806110687,-0.2116163395613739,-0.0168561257218016,130.33597761922556,-281.5408189906982,1000.0,-0.008318290696252, Competition,Healthy
SRR12328902.bin.24.fbc2XSRR12328902.bin.18.fbc2 ,-0.0807595061512529,-0.0807595061512529,0.0,-0.0015515755264914,-1000.0,1000.0,-288.7990079353508,895.8780177496287,-3.028566817325668,-0.1345991769187549,-0.0107213868876669,841.016948695046,-392.95857518006267,-1000.0,-0.0052908725451743,-0.1924586777261083,-0.1924586777261083,1000.0,-0.0036975730590711,1000.0,-1000.0,15.497538221360742,104.12198225037127,-7.21740378124548,-0.3207644628768094,-0.0255502298383589,158.98305130495396,-426.05820797158697,1000.0,-0.0126087241314962, Amensalism,Healthy
SRR12328902.bin.16.fbc2XSRR12328902.bin.13.fbc2 ,-0.1528977663115256,-0.1528977663115256,574.1411962536367,-0.0029375171241099,62.82261248796863,0.1990008373571754,-245.67404147928423,138.30229902200836,-5.733827800124573,-0.2548296105192094,-0.0202982433278293,730.3833089175864,-15.799642339221007,-0.1990008373571754,-0.0100169333933308,-0.1326587293089005,-0.1326587293089005,425.85880374636326,-0.0025486787570798,-1000.0,999.8009991626428,254.1027177924748,861.6977009779916,-4.974842526416751,-0.2210978821815388,-0.0176113702118527,-24.322321734012803,-500.2236720477263,-999.8009991626428,-0.008690994561789, Competition,Healthy
SRR12328902.bin.14.fbc2XSRR12328902.bin.2.fbc2 ,-0.0885808495282844,-0.0885808495282844,10.46234285131868,-0.0017018414895346,-1000.0,1000.0,-1000.0,-19.35327334489625,-3.3218754585931265,-0.1476347492138074,-0.0117597246924106,1000.0,-500.1817226342485,-1000.0,-0.0058032794792097,-0.1959016889604754,-0.1959016889604754,989.5376571486812,-0.003763721209566,999.7061286479532,-1000.0,1000.0,320.8779548363009,-7.346520340685743,-0.3265028149342015,-0.0260073135584661,0.0,-249.2441960690384,1000.0,-0.0128342893248145, Neutralism,Healthy
SRR12328902.bin.5.fbc2XSRR12328902.bin.9.fbc2 ,-0.0662667040327278,-0.0662667040327278,784.5236028718753,-0.0012731355241157,-0.1848974721742706,1000.0,-913.1067419042082,479.7604982333162,-2.48507142368112,-0.1104445067212509,-0.0087973664719811,3.6905270633803866,-640.5213583347906,-1000.0,-0.0043413921373485,-0.1468042882664804,-0.1468042882664804,215.47639712812477,-0.0028204474210724,1000.0,-1000.0,-86.8932580957918,-1000.0,-5.505315934601299,-0.2446738137774673,-0.0194892916795197,834.3766437103882,-359.1824425420453,1000.0,-0.0096177257058798, Competition,Healthy
SRR12328902.bin.11.fbc2XSRR12328902.bin.2.fbc2 ,-0.0878609519495512,-0.0878609519495512,3.520413635519958,-0.001688010604198,-1000.0,999.8682001320226,-1000.0,49.33603258278026,-3.2948785386905683,-0.1464349199159187,-0.0116641532750918,498.337815958027,311.8212860293752,-999.8682001320228,-0.0057561161603416,-0.1961742464100098,-0.1961742464100098,996.47958636448,-0.003768957663965,999.20748449841,0.1317998679772927,1000.0,-52.06316017270035,-7.356741533047057,-0.3269570773500163,-0.0260434974580903,231.82803224111424,-1000.0,-0.1317998679772927,-0.0128521456341559, Neutralism,Healthy
SRR12328902.bin.16.fbc2XSRR12328902.bin.9.fbc2 ,-0.1517281184020475,-0.1517281184020475,547.5740404292958,-0.0029150455023909,-891.3030931408662,1000.0,252.767676580419,129.8526209328886,-5.689964767580932,-0.2528801973368217,-0.0201429644218933,694.4546810362831,-27.21812730005024,-1000.0,-0.0099403051633544,-0.1371802201534819,-0.1371802201534819,452.4259595707042,-0.0026355469769896,1000.0,-1000.0,274.51895224809687,-296.3223220372008,-5.144403210841006,-0.2286337002558411,-0.0182116296111871,305.5453189637169,-356.6191061873167,1000.0,-0.0089872151916097, Competition,Healthy
SRR12328903.bin.18.fbc2XSRR12328903.bin.19.fbc2 ,-0.2270276935926176,-0.2270276935926176,1000.0,-0.0043617232198585,0.0,-0.3405633490050377,653.4083357077584,922.5809212489578,-8.513778404501181,-0.3783794893211052,-0.030139507449121,-1000.0,-379.3820247661754,0.3405633490050377,-0.0148734761796731,-0.0855505253143746,-0.0855505253143746,-3.378144523173205,-0.0016436220041669,-1000.0,999.8716659939184,346.5916642922416,-683.0523447692844,-3.208235098497653,-0.1425842088572153,-0.0113574280484272,990.8946381672586,-620.6179752338246,-999.8716659939184,-0.0056047510340704, Neutralism,Healthy
SRR12328903.bin.19.fbc2XSRR12328903.bin.10.fbc2 ,-0.0855505253143746,-0.0855505253143746,5.064960913559389,-0.0016436220041669,-1000.0,999.8716659939184,1000.0,872.4080399446827,-3.208235098497653,-0.1425842088572153,-0.0113574280484272,0.0,-500.0,-999.8716659939184,-0.0056047510340704,-0.0937816617056341,-0.0937816617056341,336.9587918375114,-0.0018017610318565,1000.0,-1000.0,-224.90386794102935,-603.1194892185999,-3.5169114108167605,-0.1563027695093524,-0.0124501687297424,1000.0,-500.0,1000.0,-0.0061440051184717, Neutralism,Healthy
SRR12328903.bin.18.fbc2XSRR12328903.bin.37.fbc2 ,-0.1698803931212751,-0.1698803931212751,950.305613383486,-0.0032637923750371,-1000.0,999.745163091356,178.55695752467,485.7355884997735,-6.370694250630095,-0.2831339885354964,-0.0225528053116477,1000.0,-257.32462776181865,-999.7451630913562,-0.0111295319989039,-0.2505111564638582,-0.2505111564638582,49.69438661651407,-0.0048128944565632,999.624209200832,-1000.0,-184.8491361935345,-59.70187014599696,-9.394433076588257,-0.4175185941063546,-0.0332571006948683,-5.982860970002207,-742.6753722381814,1000.0,-0.0164119700968967, Amensalism,Healthy
SRR12328903.bin.18.fbc2XSRR12328903.bin.36.fbc2 ,-0.2270276935926176,-0.2270276935926176,1000.0,-0.0043617232198585,-1000.0,999.6594366509948,0.0,1000.0,-8.513778404501181,-0.3783794893211052,-0.030139507449121,513.8797754992247,-313.2795556053014,-999.659436650995,-0.0148734761796731,-0.0459140356899752,-0.0459140356899752,-62.8250086323236,-0.0008821140381769,0.0,-0.0688754641050763,-1000.0,-1000.0,-1.721824854645206,-0.0765233928166253,-0.006095408004171,486.1202245007753,-0.0765322139569661,0.0688754641050763,-0.0030080088703243, Neutralism,Healthy
SRR12328903.bin.14.fbc2XSRR12328903.bin.5.fbc2 ,-0.0636378970274336,-0.0636378970274336,714.0959053475294,-0.0012226301062128,0.0,0.0,-1000.0,-396.10115813250616,-2.38648838318386,-0.1060631617123135,-0.0084483740338328,940.9202599893486,-500.1299411276863,0.0,-0.0041691686620879,-0.0903863505948265,-0.0903863505948265,285.9040946524706,-0.0017365293101647,-1000.0,1000.0,672.2419682487712,-61.63878511124437,-3.3895836564182678,-0.1506439176580443,-0.0119994175333886,59.07974001065145,-398.6349620638241,-1000.0,-0.0059215649476982, Amensalism,Healthy
SRR12328903.bin.20.fbc2XSRR12328903.bin.5.fbc2 ,-0.0648978256260761,-0.0648978256260761,714.0959053475394,-0.0012468362272102,0.0,0.0,327.7580317512484,-46.061290962806765,-2.4337370369692053,-0.108163042710089,-0.0086156383299567,70.08053106912666,-90.4672033601023,0.0,-0.0042517115347209,-0.0903863505948265,-0.0903863505948265,285.90409465246057,-0.0017365293101647,-1000.0,1000.0,672.2419682487516,-61.63878511124426,-3.3895836564182678,-0.1506439176580443,-0.0119994175333886,59.07974001062189,-398.6349620638241,-1000.0,-0.0059215649476982, Amensalism,Healthy
SRR12328903.bin.14.fbc2XSRR12328903.bin.31.fbc2 ,-0.0453614615645392,-0.0453614615645392,518.2033105064813,-0.0008714978206398,0.0,0.0,57.95396452202112,-21.645203999338374,-1.701102741052409,-0.0756024359409366,-0.0060220499406113,499.5290512927013,-500.0926227883782,0.0,-0.0029718075684286,-0.0433408087453699,-0.0433408087453699,0.9531064344699872,-0.0008326764408366,-1000.0,1000.0,309.2171013128823,-506.2801884603829,-1.6253261251538331,-0.0722346812422074,-0.0057537942061571,500.4709487072987,-126.31292287524012,-1000.0,-0.0028394266632858, Competition,Healthy
SRR12328903.bin.11.fbc2XSRR12328903.bin.31.fbc2 ,-0.3088062700782075,-0.3088062700782075,999.934209679709,-0.0059328774270852,-1000.0,999.1383682112688,-1000.0,414.0445604881925,-11.580561436192966,-0.5146771167970883,-0.0409961830209795,965.453864520365,-788.6681330015692,-999.1383682112688,-0.0202311120262947,-0.0029916970297563,-0.0029916970297563,0.0657903202908301,-5.747736850025831e-05,1000.0,-1000.0,259.8396158043429,-511.9375479446293,-0.112191799870061,-0.0049861617162605,-0.0003971686162458,34.54613547963504,-127.9666384058488,1000.0,-0.0001959978264949, Amensalism,Healthy
SRR12328903.bin.29.fbc2XSRR12328903.bin.19.fbc2 ,-0.135080101165272,-0.135080101165272,1000.0,-0.0025951988696988,1000.0,-1000.0,983.8175235478992,549.8760265879139,-5.065646529637206,-0.2251335019421958,-0.0179328241893017,156.95008137487025,-145.10299812297876,1000.0,-0.0088496281455263,-0.0855505253143746,-0.0855505253143746,0.0,-0.0016436220041669,-0.6156039554973631,1000.0,-18.092077432511587,-1000.0,-3.208235098497653,-0.1425842088572153,-0.0113574280484272,843.0499186251297,-749.878182512646,-1000.0,-0.0056047510340704, Neutralism,Healthy
SRR12328903.bin.24.fbc2XSRR12328903.bin.18.fbc2 ,-0.2702524391429506,-0.2702524391429506,37.12593531747143,-0.0051921698202477,-1.0220355599011557,1000.0,1000.0,-26.216191160418816,-10.134752037199746,-0.4504207319048419,-0.0358778934578367,0.0,-614.3137089859384,-1000.0,-0.0177052990869697,-0.2077168898902073,-0.2077168898902073,962.8740646825286,-0.0039907183456762,999.688404711573,-1000.0,-127.09283226880324,1000.0,-7.789602860390573,-0.346194816483603,-0.0275758637683338,1000.0,-240.9232554272611,1000.0,-0.0136083495585808, Neutralism,Healthy
SRR12328903.bin.30.fbc2XSRR12328903.bin.5.fbc2 ,-0.0887526563559504,-0.0887526563559504,624.4658944432806,-0.0017051422930762,-1000.0,1000.0,320.26389706526925,-24.13463517082323,-3.328318396173131,-0.147921093926584,-0.0117825332453094,9.62760851815426,-410.9899102735613,-1000.0,-0.0058145352194287,-0.0908066604251871,-0.0908066604251871,291.8228863977797,-0.0017446044270172,0.0,0.0,679.7361029347308,-67.36100439947359,-3.4053457191873804,-0.1513444340419028,-0.012055216590511,51.06882405147849,-398.9984151838926,0.0,-0.0059491010960073, Neutralism,Healthy
SRR12328903.bin.14.fbc2XSRR12328903.bin.10.fbc2 ,-0.0814941883043047,-0.0814941883043047,993.6912839734578,-0.0015656904573688,0.0,0.0,-1000.0,1000.0,-3.056118174385574,-0.1358236471737655,-0.0108189210601494,996.6426961586692,-500.1664015818056,0.0,-0.0053390044595289,-0.0864783491650769,-0.0864783491650769,6.308716026542243,-0.0016614476304539,-1000.0,1000.0,89.66470042923743,-21.51550590444833,-3.243029473308411,-0.1441305819416811,-0.0114806031264151,3.357303841330804,-498.1984933727056,-1000.0,-0.0056655364198832, Neutralism,Healthy
SRR12328903.bin.20.fbc2XSRR12328903.bin.31.fbc2 ,-0.0877946536350009,-0.0877946536350009,995.0354426443172,-0.0016867368614157,0.0,0.0,550.2026321376031,-52.28338772805046,-3.29239228183792,-0.1463244227248878,-0.0116553517121928,1.6061095029887156,-186.064082888676,0.0,-0.0057517726972946,-0.0864321084671928,-0.0864321084671928,4.964557355682814,-0.001660559240463,-1000.0,1000.0,273.15925236929206,-348.66310146811816,-3.241295398278112,-0.144053514111988,-0.0114744643517497,998.3938904970114,-84.34690963393814,-1000.0,-0.0056625070100153, Neutralism,Healthy
SRR12328903.bin.11.fbc2XSRR12328903.bin.20.fbc2 ,-0.3104412445583587,-0.3104412445583587,998.9800562770012,-0.0059642890405064,-1000.0,999.1338063026471,434.884256090488,391.0353915530226,-11.64187470683568,-0.5174020742639311,-0.0412132372698993,999.8946608497232,-816.5664507048043,-999.1338063026471,-0.0203382256281268,-9.269343308572494e-05,-9.269343308572494e-05,1.0199437229987325,-1.7808536615893362e-06,1000.0,-1000.0,-608.7970364394521,608.9646084469774,-0.003476101687666,-0.0001544890551428,-1.2305698801582312e-05,0.1053391502769145,-0.0056463479066302,1000.0,-6.072710986019636e-06, Amensalism,Healthy
SRR12328903.bin.37.fbc2XSRR12328903.bin.10.fbc2 ,-0.2723730082325346,-0.2723730082325346,993.8631517993584,-0.0052329108209505,-1000.0,999.5914143230972,-1000.0,-223.81389829392128,-10.214275618814211,-0.4539550137208152,-0.0361594137730207,915.1116988544368,-666.0777247212621,-999.5914143230972,-0.0178442258995801,-0.0725157188136336,-0.0725157188136336,6.136848200641339,-0.0013931934449828,1000.0,-1000.0,77.2698138126807,-22.517280076242518,-2.719416081152758,-0.1208595313561318,-0.0096269667051274,10.919768372011731,-333.92227527873786,1000.0,-0.0047507896475735, Amensalism,Healthy
SRR12328903.bin.36.fbc2XSRR12328903.bin.11.fbc2 ,-0.0203913893678873,-0.0203913893678873,0.0,-0.0003917654057659,554.5702067864611,0.8165492847786027,0.0,-1000.0,-0.7646986483922547,-0.0339856489464409,-0.0027070989535786,215.86643910391007,-139.0372332640759,-0.8165492847786027,-0.0013359200335116,-0.2926488347636677,-0.2926488347636677,1000.0,-0.005622455999287,-1000.0,999.1834507152214,-288.7943721014781,347.54187669485555,-10.97464053871738,-0.4877480579394841,-0.0388511709551266,784.1335608960899,-792.9034577236934,-999.1834507152214,-0.0191725749575653, Amensalism,Healthy
SRR12328903.bin.19.fbc2XSRR12328903.bin.20.fbc2 ,-0.0855505253143746,-0.0855505253143746,0.0,-0.0016436220041669,-1000.0,1000.0,0.0,-819.529094084781,-3.208235098497653,-0.1425842088572153,-0.0113574280484272,902.9182056956388,-328.81928917120604,-1000.0,-0.0056047510340704,-0.0899836649825829,-0.0899836649825829,1000.0,-0.0017287927950064,1000.0,-1000.0,-1000.0,931.5323542188556,-3.3744825204526023,-0.1499727749710473,-0.0119459582138006,97.0817943043612,-5.481284504111045,1000.0,-0.0058951834311073, Neutralism,Healthy
SRR12328903.bin.11.fbc2XSRR12328903.bin.5.fbc2 ,-0.2883162492802285,-0.2883162492802285,709.414973420832,-0.0055392170851291,-1000.0,999.1955395027288,-1000.0,910.1668370222249,-10.812164004947933,-0.4805270821336762,-0.0382759900581959,949.8340963170756,-601.3713069854487,-999.1955395027288,-0.018888730260187,-0.090801457362545,-0.090801457362545,290.585026579168,-0.0017445044642272,1000.0,-1000.0,682.0650825129801,-66.51444876663572,-3.405150598840009,-0.1513357622708326,-0.0120545258477022,50.16590368292441,-398.62869301455135,1000.0,-0.0059487602229637, Neutralism,Healthy
SRR12328903.bin.18.fbc2XSRR12328903.bin.5.fbc2 ,-0.2010644347135439,-0.2010644347135439,714.0959053475299,-0.0038629094085536,-1000.0,999.6983840333826,-318.69564467359373,1000.0,-7.540128761776941,-0.3351073911893536,-0.0266927040129303,-130.99782498898514,-500.3437603082644,-999.6983840333826,-0.0131725210831064,-0.0903863505948265,-0.0903863505948265,285.9040946524701,-0.0017365293101647,1000.0,-1000.0,672.2419682487703,-61.63878511124415,-3.3895836564182678,-0.1506439176580443,-0.0119994175333886,59.07974001065077,-398.6349620638241,1000.0,-0.0059215649476982, Amensalism,Healthy
SRR12328903.bin.20.fbc2XSRR12328903.bin.34.fbc2 ,0.0,0.0,0.0,0.0,1000.0,-1000.0,91.79672412682066,-91.79672412682056,0.0,0.0,0.0,524.3611473465794,0.0,1000.0,0.0,-0.1279760833050431,-0.1279760833050431,1000.0,-0.0024587143766439,-848.7263743559566,1000.0,-8.704977033480873,-908.2032758731796,-4.799238353229157,-0.2132934721749961,-0.0169897163426639,298.84240473448244,-40.81908495307175,-1000.0,-0.0083842160244103, Amensalism,Healthy
SRR12328903.bin.18.fbc2XSRR12328903.bin.14.fbc2 ,-0.2270276935926176,-0.2270276935926176,1000.0,-0.0043617232198585,-1000.0,999.6594366509948,-513.1182707770337,144.6687372406518,-8.513778404501181,-0.3783794893211052,-0.030139507449121,0.0,-407.1430017651371,-999.659436650995,-0.0148734761796731,0.0,0.0,0.0,0.0,1000.0,-1000.0,-486.8817292229663,-486.8817292229663,0.0,0.0,0.0,1000.0,0.0,1000.0,0.0, Amensalism,Healthy
SRR12328903.bin.18.fbc2XSRR12328903.bin.20.fbc2 ,-0.1371138855449771,-0.1371138855449771,9.88061605140456,-0.0026342725368522,-1000.0,999.79431600032,231.15178552765428,1000.0,-5.141915592925329,-0.2285231425748861,-0.0182028232298989,832.8491623927875,-388.3304225647781,-999.79431600032,-0.0089828693508025,-0.0899831446270127,-0.0899831446270127,990.1193839485954,-0.0017287827978407,1000.0,-1000.0,768.8482144723457,-70.93547626794816,-3.374463006567794,-0.1499719077116879,-0.0119458891330168,167.15083760721245,-262.9481855357013,1000.0,-0.0058951493406311, Amensalism,Healthy
SRR12328903.bin.29.fbc2XSRR12328903.bin.31.fbc2 ,-0.0803948332571735,-0.0803948332571735,970.316327741165,-0.0015445693229594,-1000.0,1000.0,706.6627814476312,-197.7102042022877,-3.014891198458713,-0.1339913887620696,-0.010672974021304,-29.233090495957185,-248.46644345636696,-1000.0,-0.0052669813910597,-0.0844992070445869,-0.0844992070445869,8.403718064064947,-0.001623423766432,1000.0,-1000.0,265.4461228717978,-342.8770375369096,-3.1688095524791606,-0.1408320117409403,-0.0112178582262458,977.821357910233,-81.65127802237623,1000.0,-0.0055358750436198, Amensalism,Healthy
SRR12328903.bin.30.fbc2XSRR12328903.bin.36.fbc2 ,-0.0887526563559504,-0.0887526563559504,98.4710247265018,-0.0017051422930762,1000.0,-1000.0,1000.0,0.0,-3.328318396173131,-0.147921093926584,-0.0117825332453094,1.3731510886344722,-495.38427968519466,1000.0,-0.0058145352194287,-0.0459140356899752,-0.0459140356899752,901.5289752734982,-0.0008821140381769,-1000.0,999.9311245358948,0.0,-1000.0,-1.721824854645206,-0.0765233928166253,-0.006095408004171,486.1202245007751,-0.0765322139569661,-999.9311245358948,-0.0030080088703243, Neutralism,Healthy
SRR12328903.bin.11.fbc2XSRR12328903.bin.34.fbc2 ,-0.2650975523367833,-0.2650975523367833,574.4655383513041,-0.0050931326097725,-1000.0,999.260324351088,-993.8551986933826,1000.0,-9.941438334922507,-0.4418292538946389,-0.0351935463332893,880.0688537334993,-795.187634684152,-999.260324351088,-0.0173675821991992,-0.0535200419525381,-0.0535200419525381,425.5344616486959,-0.0010282428809205,0.0,-0.0802852041432515,-6.14480130661741,-351.3154419319824,-2.007058126579864,-0.0892000699209347,-0.0071051583072403,119.93114626650072,-0.0892103523497098,0.0802852041432515,-0.0035063082240185, Competition,Healthy
SRR12328903.bin.29.fbc2XSRR12328903.bin.37.fbc2 ,-0.0792730794767067,-0.0792730794767067,950.9018678447446,-0.0015230178573801,1000.0,-1000.0,723.4375224311564,-172.86269529802323,-2.972824246357732,-0.1321217991278445,-0.0105240533945334,-46.124001833819534,-249.22956711673496,1000.0,-0.0051934908937028,-0.2508143827760705,-0.2508143827760705,49.09813215525537,-0.0048187201301743,-1000.0,999.623754332235,-1000.0,43.970611148332864,-9.405804383710915,-0.4180239712934508,-0.0332973560995242,-11.140013571360782,-750.770432883265,-999.6237543322352,-0.0164318356439707, Amensalism,Healthy
SRR12328903.bin.24.fbc2XSRR12328903.bin.5.fbc2 ,-0.271974447367711,-0.271974447367711,703.5860125921358,-0.0052252535517709,-446.4484852597682,1000.0,311.0816950451001,368.3380771404427,-10.199329165232712,-0.4532907456127759,-0.0361065020424575,158.6794847472779,-601.0015848161075,-1000.0,-0.0178181146113729,-0.0908066604251871,-0.0908066604251871,296.41398740786417,-0.0017446044270172,1000.0,-1000.0,688.9183049548999,-71.9521054095577,-3.4053457191873804,-0.1513444340419028,-0.012055216590511,41.886622031311845,-398.99841518389246,1000.0,-0.0059491010960073, Neutralism,Healthy
SRR12328903.bin.30.fbc2XSRR12328903.bin.34.fbc2 ,-0.0828899124934423,-0.0828899124934423,7.971875624469135,-0.0015925055233765,1000.0,-1000.0,656.1370454531877,441.209536631447,-3.1084593063084185,-0.138149854155813,-0.0110042131667569,1.282444698001541,-502.3652529035885,1000.0,-0.0054304438348253,-0.126900253679878,-0.126900253679878,992.0281243755308,-0.0024380452196055,-879.5518111316591,1000.0,-10.152947970596074,-885.7915960956761,-4.75889360548274,-0.2115004227997587,-0.0168468924673561,292.85327659821223,-30.37116266302371,-1000.0,-0.0083137341988503, Neutralism,Healthy
SRR12328903.bin.19.fbc2XSRR12328903.bin.5.fbc2 ,-0.0855505253143746,-0.0855505253143746,5.064960913559389,-0.0016436220041669,-1000.0,999.8716659939184,-851.0990758712342,1000.0,-3.208235098497653,-0.1425842088572153,-0.0113574280484272,958.784217624468,-753.4352613235992,-999.8716659939184,-0.0056047510340704,-0.0908066604251871,-0.0908066604251871,691.6828257744046,-0.0017446044270172,1000.0,-1000.0,497.7888214727218,-71.28126575377757,-3.4053457191873804,-0.1513444340419028,-0.012055216590511,41.21578237553194,-246.5647386764008,1000.0,-0.0059491010960073, Neutralism,Healthy
SRR12328903.bin.24.fbc2XSRR12328903.bin.14.fbc2 ,-0.2698860309257043,-0.2698860309257043,37.075599979825256,-0.005185130277141,-0.9758671137201418,1000.0,0.0,-19.026371110447258,-10.12101134187742,-0.4498100515427268,-0.0358292502151016,0.0,-329.3580227380646,-1000.0,-0.0176812942451078,-0.0798618398251846,-0.0798618398251846,962.9244000201747,-0.0015343292953957,1000.0,-1000.0,-1000.0,1000.0,-2.9949033815545363,-0.1331030663752699,-0.0106022154311631,1000.0,-500.1630685175143,1000.0,-0.0052320628973347, Neutralism,Healthy
SRR12328903.bin.24.fbc2XSRR12328903.bin.29.fbc2 ,-0.2681677955265513,-0.2681677955265513,36.83955735061,-0.0051521190302992,0.0,999.0287859802612,-1000.0,259.5295860124386,-10.0565756987927,-0.4469463258776613,-0.0356011424993312,1000.0,-6.973821141981944,-999.0287859802612,-0.0175687258932839,-0.0799124201823815,-0.0799124201823815,963.16044264939,-0.0015353010601302,1000.0,-1000.0,713.3689334043856,-185.1333692659698,-2.9968001983975228,-0.1331873669706738,-0.0106089303258158,-40.11477745484683,-258.9595281613091,1000.0,-0.0052353766152464, Amensalism,Healthy
SRR12328903.bin.30.fbc2XSRR12328903.bin.18.fbc2 ,-0.0884123834172214,-0.0884123834172214,0.8502536530897942,-0.0016986048686931,-1000.0,1000.0,794.287314154084,281.7158652788953,-3.315557801413206,-0.1473539723619978,-0.0117373596428933,1.3678865007852892,-487.10924052979067,-1000.0,-0.0057922426024106,-0.226950481142353,-0.226950481142353,999.1497463469102,-0.0043602397913673,999.6595524770876,-1000.0,-201.4945448707996,718.2841347211047,-8.510882856025205,-0.3782508019038459,-0.0301292569586166,998.6321134992148,-254.20213470686235,1000.0,-0.0148684176887172, Neutralism,Healthy
SRR12328903.bin.37.fbc2XSRR12328903.bin.20.fbc2 ,-0.2508143827760705,-0.2508143827760705,49.09813215525401,-0.0048187201301743,-0.9409492050986046,1000.0,-921.9953806822066,-707.9287919279839,-9.405804383711027,-0.4180239712934508,-0.0332973560995242,19.615853157149218,-911.6700998128376,-1000.0,-0.0164318356439707,-0.0864190133912643,-0.0864190133912643,950.901867844746,-0.0016603076539922,1000.0,-1000.0,206.76451263995452,-60.610659918864826,-3.2408043190930584,-0.1440316889854784,-0.0114727258892344,119.61462351786554,-5.26229530015712,1000.0,-0.0056616491001477, Neutralism,Healthy
SRR12328903.bin.36.fbc2XSRR12328903.bin.5.fbc2 ,-0.0429006906581435,-0.0429006906581435,709.5963758036828,-0.0008242207619559,-1000.0,999.9356448429088,-166.07168066325823,-934.3698503830389,-1.6088212318206845,-0.0715011510968679,-0.0056953654649305,892.3962135660031,-0.0715093933044954,-999.935644842909,-0.0028105927981414,-0.0907626017660732,-0.0907626017660732,290.4036241963172,-0.0017437579590477,1000.0,-1000.0,679.5195119119176,-65.63014961696126,-3.403693472914256,-0.1512710029434174,-0.0120493674967292,48.86068217014645,-398.5864880014588,1000.0,-0.0059462146401756, Neutralism,Healthy
SRR12328903.bin.24.fbc2XSRR12328903.bin.36.fbc2 ,-0.2723138018677673,-0.2723138018677673,1000.0,-0.00523177333082,999.1121037885836,0.0688627485181996,-63.04418140987252,0.0,-10.212055317575732,-0.4538563364462789,-0.0361515537157401,413.2170816882335,-999.9234819151968,-0.0688627485181996,-0.0178403470580406,-0.045905559174912,-0.045905559174912,0.0,-0.0008819511849651,-1000.0,999.9311372514816,-936.9558185901276,-1000.0,-1.721506976372325,-0.0765092652914063,-0.0060942826877408,586.7829183117665,-0.0765180848032969,-999.9311372514818,-0.0030074535405901, Neutralism,Healthy
SRR12328903.bin.24.fbc2XSRR12328903.bin.31.fbc2 ,-0.2723762781560026,-0.2723762781560026,1000.0,-0.0052329736437286,0.0,999.2400152377218,-5.232973643727064,-1000.0,-10.214398244400172,-0.4539604635933756,-0.0361598478781388,1000.0,-727.2638681050889,-999.2400152377217,-0.0178444401251454,0.0,0.0,0.0,0.0,1000.0,-1000.0,0.0,0.0,0.0,0.0,0.0,0.0,0.0,1000.0,0.0, Amensalism,Healthy
SRR12328903.bin.19.fbc2XSRR12328903.bin.11.fbc2 ,-0.0855505253143746,-0.0855505253143746,0.0,-0.0016436220041669,998.8949638118966,0.8663329644452915,616.2970800422297,-6.913435746159962,-3.208235098497653,-0.1425842088572153,-0.0113574280484272,-5.288978374610565,-723.0529250842184,-0.8663329644452915,-0.0056047510340704,-0.3104911574700963,-0.3104911574700963,1000.0,-0.0059652479820897,-1000.0,999.1336670355548,-1000.0,1000.0,-11.643746493765777,-0.5174852624501227,-0.0412198635565346,1000.0,-276.9470749157816,-999.1336670355548,-0.0203414956190499, Neutralism,Healthy
SRR12328903.bin.5.fbc2XSRR12328903.bin.34.fbc2 ,-0.0903863505948265,-0.0903863505948265,285.9040946524706,-0.0017365293101647,1000.0,-1000.0,672.2419682487714,-61.63878511124426,-3.3895836564182678,-0.1506439176580443,-0.0119994175333886,59.0797400106519,-398.6349620638241,1000.0,-0.0059215649476982,-0.0913871970705031,-0.0913871970705031,714.0959053475294,-0.0017557578687501,-891.9761233405136,1000.0,-6.216188455752558,-648.5442405242514,-3.4271164568277754,-0.1523119951175431,-0.0121322868733386,213.4021375651032,-29.148741425021512,-1000.0,-0.0059871343325994, Amensalism,Healthy
SRR12328903.bin.14.fbc2XSRR12328903.bin.19.fbc2 ,-0.0816917147391222,-0.0816917147390086,1000.0,-0.0015694853935883,1000.0,-1000.0,-1000.0,1000.0,-3.0635256244117954,-0.1361528578984234,-0.0108451440701173,1000.0,-500.5901382791498,1000.0,-0.0053519451922738,-0.0855505253143746,-0.0855505253143746,0.0,-0.0016436220041669,0.0,856.7366926867885,1000.0,-602.6904050525166,-3.208235098497653,-0.1425842088572153,-0.0113574280484272,0.0,-499.4098617208501,-856.7366926867885,-0.0056047510340704, Neutralism,Healthy
SRR12328903.bin.29.fbc2XSRR12328903.bin.36.fbc2 ,-0.1350432154653162,-0.1350432154653162,1000.0,-0.0025944902106402,1000.0,-1000.0,983.6116820747712,549.3381216301193,-5.064263276911674,-0.2250720257756029,-0.0179279273556858,156.83076543218704,-156.66136727017454,1000.0,-0.0088472116183311,-0.045905559174912,-0.045905559174912,0.0,-0.0008819511849651,-1000.0,999.9311372514816,-1000.0,-1000.0,-1.721506976372325,-0.0765092652914063,-0.0060942826877408,486.122786944366,-0.0765180848032969,-999.9311372514818,-0.0030074535405901, Neutralism,Healthy
SRR12328903.bin.5.fbc2XSRR12328903.bin.31.fbc2 ,-0.0906848322526912,-0.0906848322526912,630.6685039303345,-0.0017422638280777,-1000.0,1000.0,352.80519677576694,-76.55124833769469,-3.4007770339869694,-0.1511413870878186,-0.012039043052141,45.18447991033122,-399.8718129388469,-1000.0,-0.0059411196538121,-0.0821218077509229,-0.0821218077509229,6.5553871090205575,-0.0015777484678665,0.0,0.0,261.3560637337314,-331.6787216412679,-3.0796545668271165,-0.1368696795849473,-0.0109022419127313,948.9160054788948,-80.30950067757976,0.0,-0.0053801222753691, Neutralism,Healthy
SRR12328903.bin.14.fbc2XSRR12328903.bin.20.fbc2 ,-0.0008805282625417,-0.0008805282625417,9.88061605140399,-1.691696945727017e-05,0.0,0.0,-11.770541059711036,44.83805388433575,-0.0330207402798805,-0.0014675471043119,-0.0001168962592146,71.26578569210051,-0.0017979355186525,0.0,-5.768686605733819e-05,-0.0899831446270127,-0.0899831446270127,990.119383948596,-0.0017287827978407,-1000.0,1000.0,-781.5383125019011,933.7199071662476,-3.374463006567794,-0.1499719077116879,-0.0119458891330168,127.68694661716675,-5.479325214237406,-1000.0,-0.0058951493406311, Amensalism,Healthy
SRR12328903.bin.20.fbc2XSRR12328903.bin.10.fbc2 ,-0.0899836649825829,-0.0899836649825829,990.1270372267172,-0.0017287927950064,-1000.0,1000.0,913.8303938094856,-769.442449386992,-3.3744825204526023,-0.1499727749710473,-0.0119459582138006,980.431606144026,-5.481284504111045,-1000.0,-0.0058951834311073,-0.0866604937185684,-0.0866604937185684,9.87296277328278,-0.0016649470454694,0.0,0.0,86.16960619051451,-30.25725739062784,-3.249860086534909,-0.1444341561976898,-0.0115047840844226,19.56839385597425,-498.72262868222464,0.0,-0.0056774694252226, Neutralism,Healthy
SRR12328903.bin.29.fbc2XSRR12328903.bin.20.fbc2 ,-0.128640772174208,-0.128640772174208,891.013078770879,-0.0024714845758353,-1000.0,1000.0,1000.0,633.3576499170067,-4.824164888186374,-0.214401286957127,-0.0170779584192359,91.24691816633594,-120.57007969029291,-1000.0,-0.0084277624036985,-0.0099048519343796,-0.0099048519343796,108.98692122912098,-0.0001902949459235,1000.0,-1000.0,0.0,366.6423500829933,-0.3714424137630203,-0.0165080865573372,-0.0013149380762342,908.753081833664,-0.6031341222018227,1000.0,-0.0006489057655016, Amensalism,Healthy
SRR12328903.bin.5.fbc2XSRR12328903.bin.10.fbc2 ,-0.0908066604251871,-0.0908066604251871,624.0836005834703,-0.0017446044270172,-1000.0,1000.0,362.59037109085375,-71.28126575377803,-3.4053457191873804,-0.1513444340419028,-0.012055216590511,41.21578237553149,-398.6629953560025,-1000.0,-0.0059491010960073,-0.093484332124035,-0.093484332124035,323.20870339627936,-0.0017960486478614,0.0,0.0,-211.50904345036795,-579.014218584539,-3.5057612373288976,-0.1558072202068388,-0.012410696157076,958.7842176244684,-496.83414096928936,0.0,-0.0061245258893904, Neutralism,Healthy
SRR12328903.bin.30.fbc2XSRR12328903.bin.10.fbc2 ,-0.0887526563559504,-0.0887526563559504,663.4993081383632,-0.0017051422930762,-1000.0,1000.0,441.8452440051042,7.423004291456209,-3.328318396173131,-0.147921093926584,-0.0117825332453094,1.3731510886344722,-502.9488816074008,-1000.0,-0.0058145352194287,-0.0937717558293798,-0.0937717558293798,336.5006918616368,-0.0018015707171343,0.0,0.0,558.1547559948958,-602.3163944644721,-3.516539929991268,-0.1562862597156709,-0.0124488536557691,998.6268489113654,-497.0511183925992,0.0,-0.0061433561455714, Neutralism,Healthy
SRR12328903.bin.24.fbc2XSRR12328903.bin.20.fbc2 ,-0.267828070136261,-0.267828070136261,9.880616051404331,-0.0051455921255865,-0.9983654701262594,1000.0,1000.0,-646.9969581573065,-10.043835637677148,-0.4463801168938062,-0.0355560415877107,881.9479988050707,-12.354729870122924,-1000.0,-0.0175464691482147,-0.0899831446270127,-0.0899831446270127,990.1193839485956,-0.0017287827978407,1000.0,-1000.0,-784.6716314945949,929.0645237320516,-3.374463006567794,-0.1499719077116879,-0.0119458891330168,113.62906404745264,-5.47932521423752,1000.0,-0.0058951493406311, Neutralism,Healthy
SRR12328903.bin.30.fbc2XSRR12328903.bin.29.fbc2 ,-0.0884130532148219,-0.0884130532148219,0.8502600944713095,-0.0016986177371336,-1000.0,1000.0,763.0169208632842,344.64248199019903,-3.315582919532403,-0.1473550886913699,-0.0117374485631671,1.3678968636679656,-502.5228550078159,-1000.0,-0.0057922864834836,-0.1119793045768346,-0.1119793045768346,999.1497399055288,-0.002151379530801,1000.0,-1000.0,236.9830791367158,387.6181268167077,-4.199342247507047,-0.1866321742948002,-0.0148660325576202,509.15269000041326,-120.3174288575808,1000.0,-0.0073362041999871, Amensalism,Healthy
SRR12328903.bin.29.fbc2XSRR12328903.bin.11.fbc2 ,-0.1030647590210946,-0.1030647590210946,680.9527959988388,-0.0019801106440127,1000.0,-1000.0,1000.0,863.4075192306989,-3.8650373693774327,-0.171774598368529,-0.0136825645502085,0.0,-67.40577467049422,1000.0,-0.0067521772961072,-0.2601978859980818,-0.2601978859980818,319.0472040011612,-0.0049989987703611,-1000.0,999.2739954085783,0.0,136.59248076930112,-9.757695669858547,-0.4336631433300226,-0.0345430815033296,1000.0,-932.5942253295058,-999.2739954085783,-0.0170465858069519, Competition,Healthy
SRR12328903.bin.19.fbc2XSRR12328903.bin.36.fbc2 ,-0.0855505253143746,-0.0855505253143746,0.0,-0.0016436220041669,-0.2979371813253237,1000.0,0.0,50.33488375551724,-3.208235098497653,-0.1425842088572153,-0.0113574280484272,295.20455060756626,-435.4006562745326,-1000.0,-0.0056047510340704,-0.0459140356899752,-0.0459140356899752,1000.0,-0.0008821140381769,-0.0688754641050763,0.0,297.30396359401,-1000.0,-1.721824854645206,-0.0765233928166253,-0.006095408004171,486.1202245007749,-0.0765322139569661,0.0,-0.0030080088703243, Neutralism,Healthy
SRR12328903.bin.30.fbc2XSRR12328903.bin.14.fbc2 ,-0.0885735139264625,-0.0885735139264625,4.481600092343342,-0.0017017005557136,0.0,0.0,919.5939404888644,0.0,-3.3216003657711326,-0.1476225232106571,-0.0117587508401584,1.3703794575396842,-409.30445632597787,0.0,-0.005802798895047,-0.0816124961274908,-0.0816124961274908,995.5183999076568,-0.0015679634221896,-1000.0,1000.0,-1000.0,1000.0,-3.060554842768852,-0.1360208268791893,-0.0108346272476183,998.6296205424604,-500.1666431525154,-1000.0,-0.0053467552697838, Neutralism,Healthy
SRR12328903.bin.36.fbc2XSRR12328903.bin.31.fbc2 ,-0.0360683122455611,-0.0360683122455611,0.0,-0.0006929550863787,-1000.0,999.9458940668562,-736.2352062544799,-786.3782955684923,-1.3525998217373854,-0.060113853742564,-0.0047883196468774,381.824798127911,-0.323508391921905,-999.9458940668562,-0.0023629768445516,-0.0535340028519613,-0.0535340028519613,1.1772646625259997,-0.001028511101822,1000.0,-1000.0,176.0764414837513,-213.6217044315077,-2.007581675060578,-0.08922333808664,-0.007107011713856,618.175201872089,-53.08782959345479,1000.0,-0.0035072228573653, Competition,Healthy
SRR12328903.bin.34.fbc2XSRR12328903.bin.10.fbc2 ,-0.1275828730805415,-0.1275828730805415,996.9274710214864,-0.0024511599054903,-849.1911669544328,1000.0,-8.678230739288324,-905.4127949896778,-4.784492554314056,-0.2126381218008646,-0.0169375149469033,297.92420278592704,-40.6936671316771,-1000.0,-0.0083584552777438,-0.0862383855078405,-0.0862383855078405,3.0725289785137875,-0.001656837377709,1000.0,-1000.0,87.44386862779584,-17.747489710502236,-3.2340305826002123,-0.1437306425131055,-0.0114487462797114,2.7795600899054307,-497.6943223237171,1000.0,-0.0056498154579003, Neutralism,Healthy
SRR12328903.bin.30.fbc2XSRR12328903.bin.20.fbc2 ,-0.0887526563559504,-0.0887526563559504,9.872962773282213,-0.0017051422930762,0.0,0.0,760.7694036724452,342.1251899891968,-3.328318396173131,-0.147921093926584,-0.0117825332453094,1.3731510886344722,-502.53254553940576,0.0,-0.0058145352194287,-0.0899836649825829,-0.0899836649825829,990.1270372267176,-0.0017287927950064,-1000.0,1000.0,-500.6772024940672,657.8748100108032,-3.3744825204526023,-0.1499727749710473,-0.0119459582138006,597.7279596553726,-5.481284504111045,-1000.0,-0.0058951834311073, Neutralism,Healthy
SRR12328903.bin.37.fbc2XSRR12328903.bin.14.fbc2 ,-0.251745400411778,-0.251745400411778,63.9145522102026,-0.0048366071164309,-1000.0,999.6223577163468,0.0,-62.113424744088434,-9.440718528832464,-0.4195756673528876,-0.0334209551747335,0.0,-738.7844526357396,-999.6223577163468,-0.0164928302671114,-0.0725013309735231,-0.0725013309735231,936.0854477897974,-0.001392917021576,1000.0,-1000.0,-1000.0,1000.0,-2.7188765219428888,-0.1208355516224628,-0.0096250566191429,1000.0,-261.2155473642604,1000.0,-0.0047498470436266, Amensalism,Healthy
SRR12328903.bin.29.fbc2XSRR12328903.bin.5.fbc2 ,-0.0921256919517645,-0.0921256919517645,714.2744848841089,-0.0017699460508993,-1000.0,1000.0,330.287785730751,624.0784783980571,-3.4548107952247165,-0.1535428199196076,-0.0122303272120234,245.9008667805701,-16.02946717789223,-1000.0,-0.0060355160337621,-0.0903478493744387,-0.0903478493744387,285.7255151158911,-0.0017357896133489,1000.0,-1000.0,669.712214269249,-60.76060374130168,-3.388139819971002,-0.1505797489573979,-0.011994306228189,57.77668592753821,-398.5929472420546,1000.0,-0.0059190425814676, Amensalism,Healthy
SRR12328903.bin.24.fbc2XSRR12328903.bin.11.fbc2 ,-0.2697825319551157,-0.2697825319551157,37.06138180625999,-0.0051831418243182,-0.7527476871439376,1000.0,-123.27502448516624,-47.30337371392216,-10.11713002111685,-0.4496375532585261,-0.035815510005932,0.0,-241.28106135955227,-1000.0,-0.0176745136209319,-0.3037400349734298,-0.3037400349734298,962.93861819374,-0.0058355434192662,-0.8474959707817789,0.0,251.1721790790043,788.928936712354,-11.39057226639136,-0.5062333916223452,-0.0403236050271971,1000.0,-743.1666819136377,0.0,-0.0198992030597082, Neutralism,Healthy
SRR12328903.bin.37.fbc2XSRR12328903.bin.19.fbc2 ,-0.274800136660474,-0.274800136660474,1000.0,-0.0052795415305126,-1000.0,999.5877733973016,193.2368159904736,-259.8759076794213,-10.30529549955395,-0.4580002277675703,-0.0364816319754481,876.3600887529408,-777.2607735969221,-999.5877733973016,-0.0180032366188243,-0.0855505253143746,-0.0855505253143746,0.0,-0.0016436220041669,0.0,-0.1283340060815589,-159.47577102790933,953.4824085551724,-3.208235098497653,-0.1425842088572153,-0.0113574280484272,123.63991124705922,-222.73922640307785,0.1283340060815589,-0.0056047510340704, Neutralism,Healthy
SRR12328903.bin.24.fbc2XSRR12328903.bin.34.fbc2 ,-0.2669488637269523,-0.2669488637269523,0.0,-0.0051287005519498,847.6244540858797,0.0,28.618326707688997,-91.7967241268194,-10.01086446829254,-0.4449147728782918,-0.0354393208136798,701.1575952655173,-39.98382227293223,0.0,-0.0174888688819692,-0.1279760833050431,-0.1279760833050431,1000.0,-0.0024587143766439,-848.726374355956,1000.0,-8.704977033480986,-908.2032758731806,-4.799238353229157,-0.2132934721749961,-0.0169897163426639,298.84240473448267,-40.81908495307198,-1000.0,-0.0083842160244103, Neutralism,Healthy
SRR12328903.bin.24.fbc2XSRR12328903.bin.10.fbc2 ,-0.2723762781560026,-0.2723762781560026,663.0412081624888,-0.0052329736437286,-127.49406218194156,1000.0,1000.0,-396.8805107814005,-10.214398244400172,-0.4539604635933756,-0.0361598478781388,0.0,-265.0989783052353,-1000.0,-0.0178444401251454,-0.0937816617056341,-0.0937816617056341,336.9587918375112,-0.0018017610318565,1000.0,-1000.0,-232.54450586056487,-603.1194892185995,-3.5169114108167605,-0.1563027695093524,-0.0124501687297424,1000.0,-500.1914911624605,1000.0,-0.0061440051184717, Neutralism,Healthy
SRR12328903.bin.30.fbc2XSRR12328903.bin.24.fbc2 ,-0.0887526563559504,-0.0887526563559504,22.641561424715974,-0.0017051422930762,1000.0,-1000.0,760.2588405282972,329.8671544819108,-3.328318396173131,-0.147921093926584,-0.0117825332453094,9.627608518154377,-507.0761103221608,1000.0,-0.0058145352194287,-0.2723762781560026,-0.2723762781560026,977.358438575284,-0.0052329736437286,-1.0076225775055718,1000.0,-66.0536857469051,670.1328455180892,-10.214398244400172,-0.4539604635933756,-0.0361598478781388,990.3723914818456,-492.9238896778392,-1000.0,-0.0178444401251454, Neutralism,Healthy
SRR12328903.bin.29.fbc2XSRR12328903.bin.10.fbc2 ,-0.133498327782604,-0.133498327782604,993.2234046710204,-0.0025648093713925,-1000.0,1000.0,912.1280831605563,542.0992384375802,-5.006328356363724,-0.2224972129710067,-0.0177228327565899,185.7270343988257,-149.25965117679016,-1000.0,-0.0087459999565453,-0.0865582637080706,-0.0865582637080706,6.776595328979397,-0.0016629829723342,1000.0,-1000.0,87.87191683944366,-25.231783760394592,-3.2460263531165765,-0.1442637728467843,-0.0114912123385693,10.29114770009005,-498.1390724243511,1000.0,-0.0056707719355699, Neutralism,Healthy
SRR12328903.bin.18.fbc2XSRR12328903.bin.11.fbc2 ,-0.2270221588446475,-0.2270221588446475,999.9390520617036,-0.0043616168845801,-1000.0,999.6594449536484,1000.0,578.0606315618684,-8.513570845604818,-0.3783702647411928,-0.0301387726727853,56.27497274267057,-307.45680961114044,-999.6594449536484,-0.0148731135765274,-0.2356864924462343,-0.2356864924462343,0.0609479382964082,-0.0045280786252988,0.0,-0.6576128587505536,-1000.0,421.9393684381316,-8.838492511058234,-0.3928108207437617,-0.031289023300701,943.7250272573294,-692.5431903888596,0.6576128587505536,-0.0154407481122689, Amensalism,Healthy
SRR12328903.bin.30.fbc2XSRR12328903.bin.19.fbc2 ,-0.0887526563559504,-0.0887526563559504,539.4050881309611,-0.0017051422930762,1000.0,-1000.0,627.8816648982065,-24.58080270323694,-3.328318396173131,-0.147921093926584,-0.0117825332453094,9.627608518154148,-521.5991397352511,1000.0,-0.0058145352194287,-0.0855505253143746,-0.0855505253143746,12.074515674520512,-0.0016436220041669,-1000.0,999.8716659939184,0.0,65.67546843087757,-3.208235098497653,-0.1425842088572153,-0.0113574280484272,990.372391481846,-478.40086026474887,-999.8716659939184,-0.0056047510340704, Neutralism,Healthy
SRR12328903.bin.37.fbc2XSRR12328903.bin.31.fbc2 ,-0.2368520240323732,-0.2368520240323732,996.0498138032794,-0.0045504711629291,-1000.0,999.6446992115956,-948.1245988092109,293.5529234004407,-8.882201177129332,-0.3947533733874024,-0.0314437557360633,540.772258032403,-694.1770853756473,-999.6446992115956,-0.0155171066656976,-0.0397190384966279,-0.0397190384966279,3.950186196720665,-0.000763093919204,1000.0,-1000.0,124.84009211642184,-160.90387894428954,-1.489505913789003,-0.0661983974944178,-0.0052729789820205,459.227741967597,-38.41364170908457,1000.0,-0.0026021502645789, Competition,Healthy
SRR12328903.bin.29.fbc2XSRR12328903.bin.34.fbc2 ,-0.0891358247054086,-0.0891358247054086,521.9243086887673,-0.0017125038367566,1000.0,-1000.0,1000.0,958.244806382152,-3.342687614163537,-0.1485597078423097,-0.0118334015122627,-60.542919022638216,-7.605820353050035,1000.0,-0.0058396380834437,-0.0611822544973392,-0.0611822544973392,478.07569131123273,-0.0011754515753636,-927.6797568430663,1000.0,-1.756323108991296,-434.1899089641973,-2.2943991934873798,-0.1019704241622321,-0.0081223703857631,142.8692892365491,-19.51461225763194,-1000.0,-0.0040082898719902, Competition,Healthy
SRR12328903.bin.11.fbc2XSRR12328903.bin.10.fbc2 ,-0.3103132109691842,-0.3103132109691842,996.8773728283112,-0.0059618292212917,-1000.0,999.1341635421892,-189.4473769405196,387.2771927331046,-11.6370733119511,-0.5171886849485645,-0.0411962399192589,1000.0,-505.0908623523845,-999.1341635421892,-0.0203298376446809,-0.086224298713887,-0.086224298713887,3.1226271716889187,-0.0016565667380064,1000.0,-1000.0,1000.0,-16.49611266077318,-3.233502312941937,-0.1437071645232208,-0.0114468761597663,0.0,-494.90913764761547,1000.0,-0.0056488925766871, Neutralism,Healthy
SRR12328903.bin.10.fbc2XSRR12328903.bin.31.fbc2 ,-0.0863869224015161,-0.0863869224015161,7.35926774202062,-0.0016596911124224,-1000.0,1000.0,87.19115678009598,-20.435537825404253,-3.2396008730665926,-0.1439782040024511,-0.0114684655868586,0.1820901520974303,-498.06824528595615,-1000.0,-0.0056595466933231,-0.086484975920257,-0.086484975920257,8.597503856944968,-0.001661574945615,0.0,0.0,271.64582775063354,-350.52852628206006,-3.243277983631856,-0.1441416265337238,-0.0114814828743874,999.8179098479028,-83.66157715614418,0.0,-0.0056659705645643, Neutralism,Healthy
SRR12328903.bin.30.fbc2XSRR12328903.bin.31.fbc2 ,-0.0887526563559504,-0.0887526563559504,320.7108394124357,-0.0017051422930762,-1000.0,1000.0,727.1137411760603,-15.880177741303442,-3.328318396173131,-0.147921093926584,-0.0117825332453094,1.3731510886344722,-462.53730481353455,-1000.0,-0.0058145352194287,-0.0864408563197685,-0.0864408563197685,5.622909661275003,-0.0016607273067847,0.0,0.0,272.88625882393967,-349.0221916874933,-3.241623451992496,-0.1440680938662808,-0.0114756256900818,998.6268489113654,-84.2198810624642,0.0,-0.0056630801162782, Neutralism,Healthy
SRR12328903.bin.30.fbc2XSRR12328903.bin.11.fbc2 ,-0.0887526563559504,-0.0887526563559504,106.75362696120555,-0.0017051422930762,1000.0,-1000.0,663.888739484521,342.12518998919813,-3.328318396173131,-0.147921093926584,-0.0117825332453094,1.3731510886344722,-502.53254553940576,1000.0,-0.0058145352194287,-0.30263034421273,-0.30263034421273,893.2463730387944,-0.0058142237120364,-1000.0,999.1556002902976,-1000.0,657.8748100108019,-11.348957690282193,-0.5043839070212925,-0.0401762858502934,998.6268489113654,-497.46745446059424,-999.1556002902976,-0.019826502858109, Neutralism,Healthy
SRR12328903.bin.18.fbc2XSRR12328903.bin.31.fbc2 ,-0.2093428160037547,-0.2093428160037547,995.073439856063,-0.0040219561192316,-1000.0,999.6859656662136,-638.4035137535589,1000.0,-7.850576807727634,-0.3489046933395912,-0.0277917167835539,1.656461449175481,-348.14980306117945,-999.6859656662136,-0.0137148703664706,-0.086428840511985,-0.086428840511985,4.926560143937081,-0.0016604964555426,1000.0,-1000.0,273.1720301615451,-348.64571763305344,-3.241172846505833,-0.1440480675200888,-0.0114740305078839,998.3435385508246,-84.348971839137,1000.0,-0.0056622929134846, Neutralism,Healthy
SRR12328903.bin.14.fbc2XSRR12328903.bin.36.fbc2 ,-0.046481342367656,-0.046481342367656,565.2472318648611,-0.0008930133019475,1000.0,-1000.0,43.70499125535525,0.0,-1.7430994545170506,-0.0774689039460554,-0.0061707219166464,513.8797754992252,-500.0949094537335,1000.0,-0.0030451753597162,-0.0459140356899752,-0.0459140356899752,434.7527681351389,-0.0008821140381769,-1000.0,999.9311245358948,-33.46431330916471,-1000.0,-1.721824854645206,-0.0765233928166253,-0.006095408004171,486.1202245007749,-0.0765322139569661,-999.9311245358948,-0.0030080088703243, Amensalism,Healthy
SRR12328903.bin.29.fbc2XSRR12328903.bin.14.fbc2 ,-0.1286216890903233,-0.1286216890903233,890.9550743353102,-0.0024711179460155,-1000.0,1000.0,1000.0,632.8557491844158,-4.823449252376008,-0.2143694818172434,-0.0170754250069649,91.15921024656927,-109.81077270578749,-1000.0,-0.0084265121959106,-0.0097177279674269,-0.0097177279674269,109.0449256646898,-0.000186699864912,1000.0,-1000.0,-180.98245246826536,367.1442508155842,-0.3644250672706448,-0.0161962132790449,-0.0012900960663273,806.4715589739369,-0.0198424616403372,1000.0,-0.0006366465393057, Amensalism,Healthy
SRR12328903.bin.37.fbc2XSRR12328903.bin.11.fbc2 ,-0.2504564223448824,-0.2504564223448824,49.028059664332886,-0.0048118428884436,-1000.0,1000.0,919.7384313027488,331.9605750578121,-9.392380489290758,-0.4174273705747282,-0.033249834359367,-6.637023014495526,-795.1690522680564,-1000.0,-0.0164083842496438,-0.3052882467195559,-0.3052882467195559,950.9719403356672,-0.0058652881214129,0.0,-0.8518157938729018,-701.1344832710224,668.0394249421879,-11.448631842830991,-0.5088137445326311,-0.0405291409189203,980.86270969858,-204.83094773194364,0.8518157938729018,-0.0200006324939749, Neutralism,Healthy
SRR12328903.bin.30.fbc2XSRR12328903.bin.37.fbc2 ,-0.0884130532148219,-0.0884130532148219,0.8502600944711958,-0.0016986177371336,-1000.0,1000.0,925.1348190168,-9.990420220615306,-3.315582919532403,-0.1473550886913699,-0.0117374485631671,1.3678968636679656,-406.265352979166,-1000.0,-0.0057922864834836,-0.2604181512032255,-0.2604181512032255,999.1497399055288,-0.0050032305706508,999.6093477570424,-1000.0,-1000.0,-222.14182662698715,-9.765955847803298,-0.4340302520054138,-0.0345723232433101,923.85480553017,-593.734647020834,1000.0,-0.0170610162459752, Neutralism,Healthy
SRR12328903.bin.24.fbc2XSRR12328903.bin.37.fbc2 ,-0.2723762781560026,-0.2723762781560026,84.5700347265365,-0.0052329736437286,-1.0041003517407034,1000.0,0.0,252.85315566161307,-10.214398244400172,-0.4539604635933756,-0.0361598478781388,210.946585360967,-279.3428556316942,-1000.0,-0.0178444401251454,-0.1892213913851037,-0.1892213913851037,915.4299652734636,-0.0036353773560904,999.7161497360356,-1000.0,1000.0,747.1468443383869,-7.096002122695495,-0.3153689856418395,-0.0251204575306474,789.053414639033,-670.0005295727708,1000.0,-0.012396636784274, Amensalism,Healthy
SRR12328903.bin.19.fbc2XSRR12328903.bin.34.fbc2 ,-0.0855505253143746,-0.0855505253143746,0.0,-0.0016436220041669,-151.86940795662406,1000.0,1000.0,-91.7967241268194,-3.208235098497653,-0.1425842088572153,-0.0113574280484272,701.1575952655173,-780.4229161986366,-1000.0,-0.0056047510340704,-0.1279760833050431,-0.1279760833050431,1000.0,-0.0024587143766439,151.27362564404416,0.0,-3.673734391669655,-908.2032758731806,-4.799238353229157,-0.2132934721749961,-0.0169897163426639,298.84240473448267,-40.81908495307198,0.0,-0.0083842160244103, Neutralism,Healthy
SRR12328903.bin.18.fbc2XSRR12328903.bin.10.fbc2 ,-0.2267426563647632,-0.2267426563647632,996.8612064091564,-0.0043562470002598,-1000.0,999.6598642342178,-768.2789971954134,1000.0,-8.503089207265248,-0.3779044272746432,-0.0301016667719977,996.972668984954,-389.0417577761457,-999.6598642342178,-0.0148548022709746,-0.0862455013697172,-0.0862455013697172,3.138793590843534,-0.0016569740897693,1000.0,-1000.0,87.06758420971732,-17.91398183961769,-3.2342974349393216,-0.143742502282862,-0.0114496909599211,3.0273310150458883,-497.4858794273269,1000.0,-0.0056502816458987, Neutralism,Healthy
SRR12328903.bin.36.fbc2XSRR12328903.bin.10.fbc2 ,-0.0453288867672654,-0.0453288867672654,0.0,-0.0008708719840342,-1000.0,999.9320023154892,-462.249914396624,-987.2555545618452,-1.6998811517311196,-0.0755481446120711,-0.0060177254094924,479.9248918232413,-0.0755568533319319,-999.9320023154892,-0.0029696734654862,-0.0861226330409863,-0.0861226330409863,8.757720377502551,-0.0016546135070711,1000.0,-1000.0,91.9035811745332,-12.744445438154685,-3.229689742780124,-0.1435377217350151,-0.011433379333539,1.7050936968641963,-499.73768041846216,1000.0,-0.0056422320590172, Neutralism,Healthy
SRR12328903.bin.19.fbc2XSRR12328903.bin.31.fbc2 ,-0.0855505253143746,-0.0855505253143746,295.3267307636438,-0.0016436220041669,-878.4700678916097,1000.0,728.3518436033544,-136.61230251703876,-3.208235098497653,-0.1425842088572153,-0.0113574280484272,0.176608996604159,-468.16900750634136,-1000.0,-0.0056047510340704,-0.0864850717211993,-0.0864850717211993,8.60121869678676,-0.0016615767862049,1000.0,-1000.0,271.6481563966456,-350.53678982733527,-3.243281576268828,-0.1441417862019989,-0.0114814955925339,999.823391003396,-83.66080242494502,1000.0,-0.0056659768408735, Neutralism,Healthy
SRR12328903.bin.37.fbc2XSRR12328903.bin.5.fbc2 ,-0.2666740101852838,-0.2666740101852838,641.6959545042523,-0.0051234199843293,-0.400036632377919,0.0,-608.3967211006636,-168.36280175221782,-10.000557170048864,-0.4444566836422154,-0.0354028320917905,564.5922579925339,-753.4352613235993,0.0,-0.0174708621466379,-0.0908066604251871,-0.0908066604251871,358.3040454957477,-0.0017446044270172,1000.0,-1000.0,817.3942987211258,-66.69016474369369,-3.4053457191873804,-0.1513444340419028,-0.012055216590511,50.39798439569972,-246.56473867640068,1000.0,-0.0059491010960073, Neutralism,Healthy
SRR12328903.bin.37.fbc2XSRR12328903.bin.34.fbc2 ,-0.2413233235423604,-0.2413233235423604,63.28143341356008,-0.0046363750921045,-539.0731834700041,1000.0,83.58433893012443,0.0,-9.049879633468665,-0.4022055392372294,-0.0320373518861742,51.74940448579969,-894.1535629410678,-1000.0,-0.0158100390639219,-0.0928276951530051,-0.0928276951530051,936.71856658644,-0.001783433144169,-0.1392504598952655,0.0,188.90910713541552,-1000.0,-3.4811366570609152,-0.1547128252550464,-0.0123235230261116,304.0114417508769,-2.7499290679594424,0.0,-0.0060815070215767, Competition,Healthy
SRR12328903.bin.36.fbc2XSRR12328903.bin.34.fbc2 ,-0.0082802732954405,-0.0082802732954405,0.0,-0.0001590830604527,-1000.0,999.9875787946416,-84.4396563638661,-180.3429642151569,-0.310518998146108,-0.0138004554924009,-0.0010992639475944,87.66836225141742,-0.013802046322894,-999.9875787946416,-0.0005424732361234,-0.1260062672049571,-0.1260062672049571,1000.0,-0.0024208696869436,0.0,-0.1890215051558925,-20.07070280042421,-819.6570357848431,-4.725368168018122,-0.2100104453415952,-0.0167282095367227,283.2968561480211,-0.2100346540383952,0.1890215051558925,-0.0082551656324767, Amensalism,Healthy
SRR12328903.bin.36.fbc2XSRR12328903.bin.20.fbc2 ,-0.0459140356899752,-0.0459140356899752,0.0,-0.0008821140381769,-1000.0,999.9311245358948,-702.6960364059894,-1000.0,-1.721824854645206,-0.0765233928166253,-0.006095408004171,486.1202245007749,-0.0765322139569661,-999.9311245358948,-0.0030080088703243,-0.0899836649825829,-0.0899836649825829,1000.0,-0.0017287927950064,1000.0,-1000.0,148.6023782103507,0.0,-3.3744825204526023,-0.1499727749710473,-0.0119459582138006,513.8797754992252,-255.48128450411104,1000.0,-0.0058951834311073, Neutralism,Healthy
SRR12328903.bin.24.fbc2XSRR12328903.bin.19.fbc2 ,-0.2723762781560026,-0.2723762781560026,943.2689475939123,-0.0052329736437286,-1000.0,999.2400152377217,0.0,-501.2235704930949,-10.214398244400172,-0.4539604635933756,-0.0361598478781388,980.194330951634,-16.642625112913606,-999.2400152377217,-0.0178444401251454,-0.0855505253143746,-0.0855505253143746,56.731052406087656,-0.0016436220041669,999.0013120140634,0.7599847622784637,1000.0,-498.77642950690506,-3.208235098497653,-0.1425842088572153,-0.0113574280484272,19.80566904836587,-749.9724076956059,-0.7599847622784637,-0.0056047510340704, Neutralism,Healthy
SRR12328903.bin.37.fbc2XSRR12328903.bin.36.fbc2 ,-0.2670201714038285,-0.2670201714038285,634.0167104181262,-0.0051300705360972,-1000.0,999.5994440925416,-441.5558864849942,0.0,-10.01353858152163,-0.4450336190062671,-0.035448787404448,513.8772130556329,-827.6530152437693,-999.5994440925416,-0.0174935405281075,-0.045905559174912,-0.045905559174912,-90.86732417288648,-0.0008819511849651,0.0,-0.0688627485181996,-558.4441135150058,-1000.0,-1.721506976372325,-0.0765092652914063,-0.0060942826877408,486.1227869443672,-0.0765180848032969,0.0688627485181996,-0.0030074535405901, Neutralism,Healthy
SRR12328903.bin.34.fbc2XSRR12328903.bin.31.fbc2 ,-0.126002572399102,-0.126002572399102,999.9872903333836,-0.0024207987012232,-1000.0,999.810984037408,-20.02899096135593,-819.6384482723382,-4.725229608893301,-0.2100042873317988,-0.016727719025539,283.2682598858221,-0.2100284953187383,-999.810984037408,-0.0082549235711439,-0.0601398315807273,-0.0601398315807273,0.0127096666163879,-0.0011554242378224,1000.0,-1000.0,254.02818218126413,-180.36155172766175,-2.25530723261204,-0.1002330526346213,-0.0079839814836759,716.7317401141779,-66.89907666336057,1000.0,-0.00393999665107, Amensalism,Healthy
SRR12328903.bin.14.fbc2XSRR12328903.bin.11.fbc2 ,-0.0093159493347911,-0.0093159493347911,105.43846115565977,-0.0001789807748764,1000.0,-1000.0,12.157538502728812,-3.2814679812422582,-0.3493579439959831,-0.0155265822245382,-0.0012367571547429,103.59822906330784,-103.0337588912272,1000.0,-0.0006103244425048,-0.3012189703516696,-0.3012189703516696,894.5615388443402,-0.0057871079798133,-1000.0,999.1595383080852,-550.7825168444007,402.529016188065,-11.296029679125697,-0.5020316172527828,-0.0399889161408282,896.4017709366922,-718.7602165292886,-999.1595383080852,-0.0197340382113679, Amensalism,Healthy
SRR12328903.bin.18.fbc2XSRR12328903.bin.34.fbc2 ,-0.1029144595232764,-0.1029144595232764,0.0,-0.0019772230456283,0.0,-0.1543815754000661,603.9092291953871,1000.0,-3.859400979389193,-0.171524099205385,-0.0136626112450812,718.1634930298283,-290.9049476655931,0.1543815754000661,-0.006742330585439,-0.1257713458628586,-0.1257713458628586,1000.0,-0.0024163563085721,-1000.0,999.8113308994244,-19.384762398520024,-825.5863475095344,-4.716558369453196,-0.2096189097713932,-0.016697022092444,281.83650697017174,-0.2096430733345187,-999.8113308994242,-0.0082397750123845, Amensalism,Healthy
SRR12328903.bin.14.fbc2XSRR12328903.bin.34.fbc2 ,0.0,0.0,0.0,0.0,1000.0,-1000.0,-91.79672412681998,-91.79672412681998,0.0,0.0,0.0,0.0,0.0,1000.0,0.0,-0.1279760833050431,-0.1279760833050431,1000.0,-0.0024587143766439,-848.7263743559568,1000.0,-8.704977033480645,-908.20327587318,-4.799238353229157,-0.2132934721749961,-0.0169897163426639,298.84240473448244,-40.81908495307175,-1000.0,-0.0083842160244103, Amensalism,Healthy
SRR12328903.bin.29.fbc2XSRR12328903.bin.18.fbc2 ,-0.1273072936035078,-0.1273072936035078,896.7458729444279,-0.002445865390996,1000.0,-1000.0,1000.0,589.6149390478372,-4.774158032726177,-0.2121788226723993,-0.0169009298521132,80.45166750471321,-121.06287304981412,1000.0,-0.0083404009834566,-0.1455932346833606,-0.1455932346833606,103.2541270555721,-0.002797180301286,-1000.0,999.7815961620736,-343.7787389028226,410.3850609521628,-5.459900145541269,-0.2426553911388964,-0.0193285158820799,919.5483324952868,-315.88520855644947,-999.7815961620736,-0.009538384827465, Amensalism,Healthy
SRR12328904.bin.25.fbc2XSRR12328904.bin.23.fbc2 ,-0.0897322895325487,-0.0897322895325487,571.3318599609643,-0.0017239632954897,0.0,0.0,414.77704226516585,-62.82598350123476,-3.3650556754521403,-0.1495538158875433,-0.011912586372091,-9.77573386732672,-286.1897993269125,0.0,-0.0058787148377632,-0.1251466668375087,-0.1251466668375087,428.6681400390357,-0.0024043547903147,999.81226797797,-1000.0,188.50183175995997,973.853021566787,-4.693132245921333,-0.2085777780625903,-0.0166140916012409,-14.042922675594356,-500.0006010886976,1000.0,-0.0081988498350256, Amensalism,Healthy
SRR12328904.bin.5.fbc2XSRR12328904.bin.29.fbc2 ,-0.0744032293835061,-0.0744032293835061,957.4722997723628,-0.0014294568564992,-1000.0,999.8883880086404,75.58250004379602,-1000.0,-2.7901997220096746,-0.1240053823058815,-0.0098775468787835,134.8179342832898,0.0,-999.8883880086404,-0.0048744478808657,-0.1822413150327975,-0.1822413150327975,42.52770022763707,-0.0035012740639785,999.7578518857316,-1000.0,924.417499956204,0.0,-6.834241883803088,-0.3037355250546625,-0.0241938037823956,805.9386421400798,-942.5299993654816,1000.0,-0.0119393445583, Neutralism,Healthy
SRR12328904.bin.30.fbc2XSRR12328904.bin.26.fbc2 ,-0.2352749095784929,-0.2352749095784929,944.1924750359984,-0.0045201711734534,-1000.0,999.6470650347763,311.51789008140395,1000.0,-8.823057718608084,-0.3921248492974882,-0.0312343828086341,-17.206302782038847,-431.68585586170207,-999.6470650347763,-0.0154137837015468,-0.0847386178712668,-0.0847386178712668,55.80752496400146,-0.0016280233980978,0.0,-0.1271160669239179,688.482109918596,0.0,-3.177787711460724,-0.1412310297855583,-0.0112496416809335,1000.0,-431.211173175622,0.1271160669239179,-0.0055515597874773, Amensalism,Healthy
SRR12328904.bin.28.fbc2XSRR12328904.bin.20.fbc2 ,-0.0895853956907331,-0.0895853956907331,926.3820806616432,-0.0017211411276321,-759.2296765881372,1000.0,0.0,-1000.0,-3.359547001162923,-0.1493089928178506,-0.0118930851915592,775.1185824208615,-393.5595108611094,-1000.0,-0.0058690912450174,-0.0874368380398209,-0.0874368380398209,3.548238963391668,-0.001679862402284,425.0478134510954,0.0,-1000.0,243.96073413187105,-3.278973818926602,-0.1457280633997015,-0.0116078491998905,13.149635312056605,-606.4404891388906,0.0,-0.0057283307918396, Neutralism,Healthy
SRR12328904.bin.25.fbc2XSRR12328904.bin.20.fbc2 ,-0.0897254313883877,-0.0897254313883877,863.5418120758704,-0.0017238315348322,1000.0,-1000.0,1000.0,-677.543788963846,-3.364798487799817,-0.1495423856473507,-0.0119116759057078,-9.37683334870701,-430.92150528745833,1000.0,-0.0058782655338518,-0.0873827189799385,-0.0873827189799385,17.106111578064656,-0.0016788226508879,-842.6395627722013,1000.0,-1000.0,-322.45621103615395,-3.276944296993633,-0.1456378649666021,-0.0116006645178003,-12.356470475238323,-569.0784947125417,-1000.0,-0.0057247852396358, Neutralism,Healthy
SRR12328904.bin.7.fbc2XSRR12328904.bin.25.fbc2 ,-0.0374924688882174,-0.0374924688882174,428.6681400390362,-0.0007203164051361,-760.2156518497997,1000.0,142.41584516203557,-809.2730216757302,-1.406007200709496,-0.0624874481469532,-0.0049773863596556,1000.0,-60.0991824002856,-1000.0,-0.0024562789416222,-0.0897322895325487,-0.0897322895325487,571.3318599609638,-0.0017239632954897,1000.0,-1000.0,545.5623440491515,-190.7269783242698,-3.3650556754521403,-0.1495538158875433,-0.011912586372091,-9.77573386732672,-286.1897993269125,1000.0,-0.0058787148377632, Amensalism,Healthy
SRR12328904.bin.23.fbc2XSRR12328904.bin.5.fbc2 ,-0.1748768419979569,-0.1748768419979569,996.3853525358218,-0.0033597856291862,-1000.0,999.737667938075,288.833937108559,947.0747584905308,-6.558066363133889,-0.291461403330004,-0.023216118697519,-6.3859865426713895,-500.00083994640727,-999.7376679380748,-0.0114568689954239,-0.0204036651635988,-0.0204036651635988,3.614647464178347,-0.0003920012519529,1000.0,-779.7353613636307,-1000.0,-1000.0,-0.76515900370498,-0.0340061086060359,-0.0027087286508731,700.3194588334609,-55.07381152353025,779.7353613636305,-0.0013367242690947, Amensalism,Healthy
SRR12328904.bin.30.fbc2XSRR12328904.bin.5.fbc2 ,-0.2397345739859702,-0.2397345739859702,1000.0,-0.0046058515655431,-1000.0,999.6403751097632,548.9897949572492,1000.0,-8.99029984631045,-0.3995576233099882,-0.0318264343178498,0.8945945495732985,-547.6800595435714,-999.6403751097632,-0.0157059538385055,0.0,0.0,0.0,0.0,1000.0,-500.0,250.0,-500.0,0.0,0.0,0.0,0.0,-125.0,500.0,0.0, Amensalism,Healthy
SRR12328904.bin.10.fbc2XSRR12328904.bin.26.fbc2 ,-0.1066801592917272,-0.1066801592917272,37.2242840779054,-0.0020495707836971,1000.0,-1000.0,154.1147491514016,848.0233874572764,-4.000618699833353,-0.177800265486212,-0.0141625341153712,-5.857447847036838,-673.8117947580561,1000.0,-0.0069890363723743,-0.1575314604471032,-0.1575314604471032,962.7757159220946,-0.0030265410268839,-0.2363123233757278,0.0,288.9173767625816,-8.665315600708823,-5.907596226521832,-0.2625524340784295,-0.0209133984955087,1000.0,-0.0067491864898556,0.0,-0.0103205049015286, Neutralism,Healthy
SRR12328904.bin.11.fbc2XSRR12328904.bin.30.fbc2 ,-0.0355586926242494,-0.0355586926242494,55.80752496400192,-0.0006831641234157,1000.0,-1000.0,174.1518893230666,-560.0969469804259,-1.333488547436218,-0.0592644877070824,-0.0047206640928152,990.3754062065212,-134.54913923738445,1000.0,-0.002329589660917,-0.2352749095784929,-0.2352749095784929,944.192475035998,-0.0045201711734534,-1000.0,999.6470650347763,825.8481106769334,1000.0,-8.823057718608084,-0.3921248492974882,-0.0312343828086341,-29.0960254315678,-641.8228114596827,-999.6470650347763,-0.0154137837015468, Amensalism,Healthy
SRR12328904.bin.30.fbc2XSRR12328904.bin.29.fbc2 ,-0.2344145849339156,-0.2344145849339156,992.9650051170148,-0.0045036423618967,-1000.0,999.6483556043872,694.4803393578102,1000.0,-8.790794635352881,-0.3906909748899352,-0.0311201687203492,-29.99520389477277,-205.5969374561216,-999.6483556043872,-0.0153574204539381,-0.1811528031900025,-0.1811528031900025,7.034994882985302,-0.0034803612524001,999.7592982157807,-1000.0,305.5196606421898,0.0,-6.793421539492897,-0.3019213386500041,-0.0240492962544749,1000.0,-794.4030625438784,1000.0,-0.0118680318709039, Neutralism,Healthy
SRR12328904.bin.10.fbc2XSRR12328904.bin.20.fbc2 ,-0.0961702600759508,-0.0961702600759508,240.95741038794063,-0.0018476514903795,1000.0,-1000.0,-126.42710730939848,10.231187271288718,-3.6064863736788766,-0.1602837667932135,-0.0127672717987934,363.7786102842752,-499.8542551379762,1000.0,-0.0063004915823512,-0.0874368380398209,-0.0874368380398209,3.077671707602917,-0.001679862402284,-1000.0,999.868836343628,621.3876210611534,-1000.0,-3.278973818926602,-0.1457280633997015,-0.0116078491998905,-12.36412325342792,-500.1457448620238,-999.8688363436282,-0.0057283307918396, Neutralism,Healthy
SRR12328904.bin.11.fbc2XSRR12328904.bin.20.fbc2 ,-0.1033432708060217,-0.1033432708060217,1000.0,-0.0019854614948826,1000.0,-1000.0,1000.0,-1000.0,-3.8754818556083137,-0.1722387846766651,-0.0137195389293083,956.3401980940084,-285.00318641880017,1000.0,-0.0067704236973895,-0.0874368380398209,-0.0874368380398209,0.0,-0.001679862402284,-140.72688877966775,1000.0,-1000.0,105.1618836906582,-3.278973818926602,-0.1457280633997015,-0.0116078491998905,5.217686218800054,-714.9968135811998,-1000.0,-0.0057283307918396, Neutralism,Healthy
SRR12328904.bin.7.fbc2XSRR12328904.bin.10.fbc2 ,-0.0842069545271897,-0.0842069545271897,962.7757159220946,-0.0016178089246068,-0.5326135550417348,1000.0,860.9505281869297,-884.1661120301425,-3.157849774260057,-0.140344924211945,-0.0111790596691889,990.7921705087042,-321.01032659553425,-1000.0,-0.0055167284330082,-0.1066801592917272,-0.1066801592917272,37.2242840779054,-0.0020495707836971,1000.0,-1000.0,139.04947181307034,817.8928327806129,-4.000618699833353,-0.177800265486212,-0.0141625341153712,9.207829491295684,-671.072653423814,1000.0,-0.0069890363723743, Neutralism,Healthy
SRR12328904.bin.10.fbc2XSRR12328904.bin.25.fbc2 ,-0.1066801592917272,-0.1066801592917272,37.2242840779054,-0.0020495707836971,-1000.0,1000.0,-11.17430717852062,517.4452747974292,-4.000618699833353,-0.177800265486212,-0.0141625341153712,159.43160848288608,-643.7592390617065,-1000.0,-0.0069890363723743,-0.0897365098153386,-0.0897365098153386,711.5042818024538,-0.0017240443768287,0.0,0.0,705.7368849418324,-170.87371333280464,-3.3652139405170374,-0.1495608496923068,-0.0119131466441331,-9.776193638963605,-356.24076093829353,0.0,-0.005878991325062, Neutralism,Healthy
SRR12328904.bin.10.fbc2XSRR12328904.bin.5.fbc2 ,-0.1066801592917272,-0.1066801592917272,37.2242840779054,-0.0020495707836971,-1000.0,1000.0,154.1147491514023,848.0233874572782,-4.000618699833353,-0.177800265486212,-0.0141625341153712,-5.857447847036838,-891.6928235565913,-1000.0,-0.0069890363723743,-0.0745044658642655,-0.0745044658642655,962.7757159220946,-0.001431401841728,999.8882361441944,-1000.0,80.24107168559885,-1000.0,-2.793996197012575,-0.1241741097737758,-0.0098909867266456,135.03246063329425,0.0,1000.0,-0.0048810802804837, Neutralism,Healthy
SRR12328904.bin.11.fbc2XSRR12328904.bin.25.fbc2 ,-0.0697534079928345,-0.0697534079928345,428.668140039036,-0.0013401231122998,0.0,0.0,548.8659524026973,-903.7013181275792,-2.615826506502003,-0.1162556799880576,-0.0092602507056653,981.1199971625564,-224.0379558394635,0.0,-0.0045698198127865,-0.0897322895325487,-0.0897322895325487,571.331859960964,-0.0017239632954897,-1000.0,1000.0,451.1340475973027,-96.29868187242084,-3.3650556754521403,-0.1495538158875433,-0.011912586372091,-9.77573386732672,-286.1897993269125,-1000.0,-0.0058787148377632, Amensalism,Healthy
SRR12328904.bin.7.fbc2XSRR12328904.bin.20.fbc2 ,-0.0874626905670084,-0.0874626905670084,1000.0,-0.0016803590887093,-1000.0,999.8687975623538,159.58751466887475,-266.0317851540103,-3.2799433160147373,-0.1457711509450518,-0.0116112813029758,1000.0,-3.8531810155353696,-999.868797562354,-0.0057300244924363,-0.0874368380398209,-0.0874368380398209,0.0,-0.001679862402284,802.3702217744685,0.1312024376460385,-1000.0,-705.326900789415,-3.278973818926602,-0.1457280633997015,-0.0116078491998905,0.0,-796.5682737766471,-0.1312024376460385,-0.0057283307918396, Neutralism,Healthy
SRR12328904.bin.29.fbc2XSRR12328904.bin.20.fbc2 ,-0.1822413150327975,-0.1822413150327975,996.4517610366084,-0.0035012740639785,-1000.0,1000.0,1000.0,-795.4298181958366,-6.834241883803088,-0.3037355250546625,-0.0241938037823956,1000.0,-492.3186191826709,-1000.0,-0.0119393445583,-0.0874368380398209,-0.0874368380398209,3.548238963391668,-0.001679862402284,0.0,0.0,-489.3261994056504,-204.57018180416344,-3.278973818926602,-0.1457280633997015,-0.0116078491998905,-7.94714344868521,-507.68138081732906,0.0,-0.0057283307918396, Neutralism,Healthy
SRR12328904.bin.25.fbc2XSRR12328904.bin.5.fbc2 ,-0.0897322895325487,-0.0897322895325487,571.331859960964,-0.0017239632954897,-1000.0,1000.0,415.73847791881553,-60.90311219393368,-3.3650556754521403,-0.1495538158875433,-0.011912586372091,-9.77573386732672,-286.1897993269125,-1000.0,-0.0058787148377632,-0.0477252831570922,-0.0477252831570922,428.668140039036,-0.0009169122604362,999.928407490703,-1000.0,-1000.0,-939.0968878060664,-1.789748548566422,-0.0795421385952295,-0.0063358637197552,442.919524174464,0.0,1000.0,-0.0031266708082284, Amensalism,Healthy
SRR12328904.bin.30.fbc2XSRR12328904.bin.23.fbc2 ,-0.2361341433684174,-0.2361341433684174,954.9447888430724,-0.0045366790272964,-1000.0,999.6457761015522,688.0249516208914,72.37656669707621,-8.85527989366392,-0.3935569056141048,-0.0313484520783049,-30.21523502409366,-514.9791118797662,-999.6457761015522,-0.0154700754828809,-0.0889124389950666,-0.0889124389950666,45.055211156927726,-0.0017082120843951,0.0,-0.1333771995530241,162.4368532829485,927.6234333029238,-3.334310413980461,-0.1481873983251489,-0.0118037455034709,-10.436424222609617,-485.02088812023385,0.1333771995530241,-0.005825003207974, Amensalism,Healthy
SRR12328904.bin.30.fbc2XSRR12328904.bin.10.fbc2 ,-0.2368670706243847,-0.2368670706243847,964.1165229457712,-0.0045507602425232,-1000.0,999.6446766402624,810.1420967495067,407.9127309184337,-8.882765440228468,-0.3947784510406791,-0.0314457532759888,-18.323090025373403,-360.6828891355148,-999.6446766402622,-0.0155180924271007,-0.1028375734526889,-0.1028375734526889,35.883477054228706,-0.0019757458876483,1000.0,-1000.0,15.955438891687436,530.916561446362,-3.8565176705009208,-0.1713959557545195,-0.0136524040837002,126.96168097401824,-639.3171108644852,1000.0,-0.0067372934769309, Neutralism,Healthy
SRR12328904.bin.11.fbc2XSRR12328904.bin.10.fbc2 ,-0.1033184927143793,-0.1033184927143793,962.8098106073056,-0.0019849854508038,-1000.0,1000.0,895.5278252118519,-1000.0,-3.8745526509876527,-0.1721974878572609,-0.0137162494650056,956.3506661831852,-289.55365570920526,-1000.0,-0.006768800387249,-0.1065824481728441,-0.1065824481728441,37.190189392694265,-0.0020476935287661,0.0,0.0,104.4721747881481,747.7010566441531,-3.99695442962377,-0.1776374136213689,-0.0141495622838192,43.64933381681476,-664.5474849913678,0.0,-0.0069826349331378, Neutralism,Healthy
SRR12328904.bin.26.fbc2XSRR12328904.bin.20.fbc2 ,-0.1605190640674436,-0.1605190640674436,1000.0,-0.003083939751491,-1000.0,1000.0,1000.0,8.87918681443466,-6.019634519216083,-0.2675317734457394,-0.0213100236830996,1000.0,-379.5096566634455,-1000.0,-0.0105162345527105,-0.0874368380398209,-0.0874368380398209,0.0,-0.001679862402284,481.2472302417512,0.0,0.0,-771.4065728857263,-3.278973818926602,-0.1457280633997015,-0.0116078491998905,-8.566517115726015,-620.4903433365545,0.0,-0.0057283307918396, Neutralism,Healthy
SRR12328904.bin.29.fbc2XSRR12328904.bin.28.fbc2 ,-0.1822413150327975,-0.1822413150327975,492.9142340918541,-0.0035012740639785,-1000.0,1000.0,-1000.0,-214.34171840498837,-6.834241883803088,-0.3037355250546625,-0.0241938037823956,1000.0,-500.3340390520788,-1000.0,-0.0119393445583,-0.0895853956907331,-0.0895853956907331,507.085765908146,-0.0017211411276321,0.0,0.0,1000.0,-25.716051506731333,-3.359547001162923,-0.1493089928178506,-0.0118930851915592,-528.3286921041686,-499.6659609479212,0.0,-0.0058690912450174, Neutralism,Healthy
SRR12328904.bin.25.fbc2XSRR12328904.bin.28.fbc2 ,-0.0897365098153386,-0.0897365098153386,573.3344733426266,-0.0017240443768287,1000.0,-1000.0,545.0936138815139,-190.1214601701245,-3.3652139405170374,-0.1495608496923068,-0.0119131466441331,-9.1310504863294,-286.18814197942856,1000.0,-0.005878991325062,-0.0895853956907331,-0.0895853956907331,426.6655266573735,-0.0017211411276321,-1000.0,1000.0,-1000.0,-302.28989102883656,-3.359547001162923,-0.1493089928178506,-0.0118930851915592,1000.0,-500.0335966748104,-1000.0,-0.0058690912450174, Neutralism,Healthy
SRR12328904.bin.30.fbc2XSRR12328904.bin.28.fbc2 ,-0.238803716831967,-0.238803716831967,988.3514029055756,-0.0045879676624736,0.0,-0.3582285150863527,405.87736849043335,1000.0,-8.955391719421186,-0.3980061947199829,-0.0317028565477812,0.0,-627.1234342004649,0.3582285150863527,-0.0156449697290099,-0.0895853956907331,-0.0895853956907331,11.648597094424645,-0.0017211411276321,-1000.0,1000.0,437.7875854710064,-524.9361077990619,-3.359547001162923,-0.1493089928178506,-0.0118930851915592,492.7506998676163,-372.8765657995351,-1000.0,-0.0058690912450174, Neutralism,Healthy
SRR12328904.bin.7.fbc2XSRR12328904.bin.29.fbc2 ,-0.0874585998562906,-0.0874585998562906,999.9532290767602,-0.001680280496771,-1000.0,1000.0,317.9287894840136,-558.9314473843693,-3.279789910037721,-0.1457643330937799,-0.0116107382325481,974.6924129754476,-0.2771118595253483,-1000.0,-0.0057297564939062,-0.1808637856337327,-0.1808637856337327,0.0467709232398192,-0.0034748085616911,999.7596822398764,-1000.0,682.0712105159864,391.5696498378816,-6.782583075737534,-0.3014396427229258,-0.0240109271610435,25.307587024552504,-723.2735053666146,1000.0,-0.0118490971951814, Neutralism,Healthy
SRR12328904.bin.26.fbc2XSRR12328904.bin.5.fbc2 ,-0.1286051958431926,-0.1286051958431926,602.3666296627171,-0.0024708010728318,-1000.0,1000.0,34.02703445491534,0.0,-4.822830738178823,-0.2143419930720256,-0.0170732354135907,516.5863957510587,-413.66590702254166,-1000.0,-0.0084254316584519,-0.0467088205804202,-0.0467088205804202,397.6333703372829,-0.0008973836806944,1000.0,-950.8450741517188,-701.7269561886493,-1000.0,-1.751630127868907,-0.0778480343007004,-0.0062009212335851,483.4136042489413,-12.306248391517556,950.8450741517186,-0.0030600783511545, Competition,Healthy
SRR12328904.bin.5.fbc2XSRR12328904.bin.28.fbc2 ,-0.0743750249529284,-0.0743750249529284,988.3514029055752,-0.0014289149846717,0.0,-0.1115696820041876,157.43909088513237,-975.0190995030924,-2.789142026056993,-0.1239583749214716,-0.0098738025441207,120.18231680067834,0.0,0.1115696820041876,-0.0048726000977694,-0.0895853956907331,-0.0895853956907331,11.648597094424758,-0.0017211411276321,-1000.0,1000.0,108.32230167927514,-24.98090049690757,-3.359547001162923,-0.1493089928178506,-0.0118930851915592,-7.2045074345370494,-500.0335966748104,-1000.0,-0.0058690912450174, Neutralism,Healthy
SRR12328904.bin.11.fbc2XSRR12328904.bin.26.fbc2 ,-0.0734780941754706,-0.0734780941754706,530.018130747457,-0.0014116828851911,1000.0,-1000.0,-334.6182368800944,-1000.0,-2.7555061741403506,-0.122463490292489,-0.0097547287368797,608.7113500495352,-225.2640801876032,1000.0,-0.0048138386385971,-0.1179800569242388,-0.1179800569242388,469.981869252543,-0.0022666677602956,-1000.0,1000.0,1000.0,0.0,-4.424376801387211,-0.1966334282071784,-0.0156626742237904,391.2886499504648,-189.4747751765475,-1000.0,-0.0077293370626421, Competition,Healthy
SRR12328904.bin.23.fbc2XSRR12328904.bin.28.fbc2 ,-0.1741730942278536,-0.1741730942278536,988.3514029055756,-0.003346265018763,-1000.0,999.738723627333,266.4274661729801,968.5318743452494,-6.531675078121452,-0.290288490379794,-0.0231226912798092,-20.44420690818208,-500.0008365662547,-999.7387236273332,-0.011410763714025,-0.0895853956907331,-0.0895853956907331,11.648597094424533,-0.0017211411276321,0.0,-0.1210016391663657,733.5725338270199,-24.980900496907225,-3.359547001162923,-0.1493089928178506,-0.0118930851915592,-32.64309928009379,-499.9991634337453,0.1210016391663657,-0.0058690912450174, Neutralism,Healthy
SRR12328904.bin.10.fbc2XSRR12328904.bin.23.fbc2 ,-0.1048246452506873,-0.1048246452506873,36.5768330220094,-0.0020139220989676,-1000.0,1000.0,1.9261483152021128,523.9503113993503,-3.9310349626142624,-0.1747077420843652,-0.0139162017037506,143.7524775719835,-641.6142170406926,-1000.0,-0.0068674743574774,-0.1238933712689913,-0.1238933712689913,963.4231669779906,-0.0023802761051001,999.814148041716,-1000.0,606.7525190349659,11.529724214312637,-4.646132337772883,-0.2064889521150235,-0.0164477078860727,-14.54243968050264,-225.52235000261828,1000.0,-0.008116741518279, Amensalism,Healthy
SRR12328904.bin.25.fbc2XSRR12328904.bin.26.fbc2 ,-0.0897322895325487,-0.0897322895325487,571.331859960964,-0.0017239632954897,1000.0,-1000.0,414.7770422651656,-62.825983501234646,-3.3650556754521403,-0.1495538158875433,-0.011912586372091,-9.77573386732672,-286.1897993269125,1000.0,-0.0058787148377632,-0.1146642363510181,-0.1146642363510181,428.668140039036,-0.0022029632343674,-1000.0,999.8279926306571,-465.3613934197132,1000.0,-4.300030026141599,-0.1911070605850682,-0.0152224759498267,1000.0,-636.474985384539,-999.8279926306571,-0.0075121046293133, Amensalism,Healthy
SRR12328904.bin.25.fbc2XSRR12328904.bin.29.fbc2 ,-0.0897365098153386,-0.0897365098153386,571.3990438847236,-0.0017240443768287,-1000.0,1000.0,415.0342292509458,-62.981792102982695,-3.3652139405170374,-0.1495608496923068,-0.0119131466441331,-9.776193638963605,-286.18814197942856,-1000.0,-0.005878991325062,-0.1822413150327975,-0.1822413150327975,428.6009561152764,-0.0035012740639785,1000.0,-1000.0,-1000.0,-680.3969529512776,-6.834241883803088,-0.3037355250546625,-0.0241938037823956,1000.0,-713.8118580205714,1000.0,-0.0119393445583, Neutralism,Healthy
SRR12328904.bin.23.fbc2XSRR12328904.bin.20.fbc2 ,-0.1751933996102934,-0.1751933996102934,1000.0,-0.0033658674276466,-1000.0,999.7371930712476,289.3584598902139,946.9755886968052,-6.569937608093596,-0.2919889993504512,-0.0232581439252044,-6.395863359402142,-500.0,-999.7371930712476,-0.0114776079283274,-0.0874177270129621,-0.0874177270129621,0.0,-0.0016794952356349,0.0,-0.1311349879956651,-1000.0,-196.92375181693308,-3.278257135225772,-0.145696211688346,-0.0116053120780179,4.199871748285659,-500.0,0.1311349879956651,-0.0057270787533525, Neutralism,Healthy
SRR12328904.bin.11.fbc2XSRR12328904.bin.7.fbc2 ,-0.0706331338628842,-0.0706331338628842,513.0145801205049,-0.0013570246659355,1000.0,-1000.0,592.5482167444902,-984.1587058468,-2.64881715621641,-0.1177218897715874,-0.0093770404417909,525.3168046424998,-216.1024534181788,1000.0,-0.0046274541109596,-0.0425930550895827,-0.0425930550895827,486.9854198794951,-0.0008183103764167,-972.6891694144784,1000.0,108.19799104054756,-15.841294153200124,-1.597284572930448,-0.0709884251492667,-0.005654524700617,474.68319535750015,-149.81980625079268,-1000.0,-0.0027904383833856, Competition,Healthy
SRR12328904.bin.26.fbc2XSRR12328904.bin.29.fbc2 ,-0.1605153102550502,-0.1605153102550502,999.9532290767602,-0.0030838676321991,-1000.0,999.7592116152792,1000.0,54.8314048975426,-6.019493747284059,-0.2675255170917126,-0.0213095253383244,930.7864423268824,-187.97891957263016,-999.7592116152792,-0.0105159886256842,-0.1808637856337327,-0.1808637856337327,0.0467709232398192,-0.0034748085616911,999.7596822398764,-1000.0,-676.8471596915917,-307.03277955065244,-6.782583075737534,-0.3014396427229258,-0.0240109271610435,69.21355767311752,-812.0210804273698,1000.0,-0.0118490971951814, Neutralism,Healthy
SRR12328904.bin.30.fbc2XSRR12328904.bin.7.fbc2 ,-0.2352749095784929,-0.2352749095784929,944.1924750359976,-0.0045201711734534,-1000.0,999.6470650347763,825.8481106769323,1000.0,-8.823057718608084,-0.3921248492974882,-0.0312343828086341,-29.0960254315678,-641.8250715452682,-999.6470650347763,-0.0154137837015468,-0.0048810762872335,-0.0048810762872335,55.80752496400237,-9.377668175147846e-05,2.2806884284368607,0.3529349652236533,11.398913295813143,-1.685856230401896,-0.1830455184890524,-0.0081351271453513,-0.0006479968711801,54.84410647255163,-0.6738714987761796,-0.3529349652236533,-0.0003197784849362, Amensalism,Healthy
SRR12328904.bin.11.fbc2XSRR12328904.bin.28.fbc2 ,-0.1044019649814345,-0.1044019649814345,988.3514029055756,-0.0020058014405321,1000.0,-1000.0,1000.0,-975.0190995030928,-3.915184005883816,-0.1740032749690954,-0.0138600879542991,955.8929277723162,-290.65951504391387,1000.0,-0.0068397829123796,-0.0895853956907331,-0.0895853956907331,11.648597094424645,-0.0017211411276321,-1000.0,1000.0,-194.5077003251654,-24.980900496907225,-3.359547001162923,-0.1493089928178506,-0.0118930851915592,-32.89152329044737,-333.3669300081437,-1000.0,-0.0058690912450174, Neutralism,Healthy
SRR12328904.bin.30.fbc2XSRR12328904.bin.25.fbc2 ,-0.2352038655971,-0.2352038655971,943.7563844070768,-0.0045188062554188,-1000.0,999.647171607573,959.168108490352,-344.45096598983105,-8.820393494236441,-0.3920064426619092,-0.0312249512253401,0.0,-500.0,-999.647171607573,-0.0154091293311466,-0.0088335147265752,-0.0088335147265752,56.24361559292311,-0.0001697120984545,1000.0,-1000.0,40.8318915096479,-6.184777557358984,-0.3312661364129781,-0.0147225245443678,-0.0011727106005992,-0.9623524545090733,-28.173379060391312,1000.0,-0.0005787182558378, Amensalism,Healthy
SRR12328904.bin.26.fbc2XSRR12328904.bin.23.fbc2 ,-0.0802595320337786,-0.0802595320337786,0.0,-0.0015419698758023,-587.0754991040867,1000.0,0.0,53.02106774350341,-3.0098172596080985,-0.1337658867229265,-0.0106550118415498,991.3259035493523,-499.99915853278907,-1000.0,-0.0052581172764121,-0.1751934733200641,-0.1751934733200641,1000.0,-0.0033658688438436,999.7371929606757,-1000.0,280.3024758979659,946.9789322564966,-6.569940372287078,-0.2919891221999933,-0.0232581537106852,8.67409645064754,-500.0008414672109,1000.0,-0.0114776127574032, Amensalism,Healthy
SRR12328904.bin.11.fbc2XSRR12328904.bin.5.fbc2 ,-0.0982628986884037,-0.0982628986884037,895.5493236650073,-0.0018878558826145,-1000.0,1000.0,993.4464020462424,-891.5801305814771,-3.6849625328887896,-0.1637714978139683,-0.0130450841486435,958.4865211059864,-277.90369716903774,-1000.0,-0.0064375885596064,-0.0089816507764908,-0.0089816507764908,104.45067633499276,-0.0001725581321352,999.9865266610444,-1000.0,6.553597953757617,-108.41986941852292,-0.3368213948140237,-0.0149694179607422,-0.0011923766928703,0.322423719464382,0.0,1000.0,-0.0005884232305106, Amensalism,Healthy
SRR12328904.bin.7.fbc2XSRR12328904.bin.23.fbc2 ,0.0,0.0,0.0,0.0,0.2628070393242296,999.5111748678144,499.8869909535693,-999.7739819071386,0.0,0.0,0.0,0.0,-249.94349547678465,-999.5111748678144,0.0,-0.1751934733200641,-0.1751934733200641,1000.0,-0.0033658688438436,999.7371929606757,-1000.0,296.6147529410098,955.1420032657408,-6.569940372287078,-0.2919891221999933,-0.0232581537106852,-9.573867722549268,-508.1639124764552,1000.0,-0.0114776127574032, Amensalism,Healthy
SRR12328904.bin.7.fbc2XSRR12328904.bin.26.fbc2 ,-0.0874626905670084,-0.0874626905670084,1000.0,-0.0016803590887093,-999.8796029921,1000.0,-1.6803590887044493,-406.6545402992906,-3.2799433160147373,-0.1457711509450518,-0.0116112813029758,978.0949733483762,-0.3072240728840825,-1000.0,-0.0057300244924363,-0.0802595320337786,-0.0802595320337786,0.0,-0.0015419698758023,-0.12039700790001,0.0,1000.0,2.000008974819252,-3.0098172596080985,-0.1337658867229265,-0.0106550118415498,21.905026651623643,-128.34024146719946,0.0,-0.0052581172764121, Amensalism,Healthy
SRR12328904.bin.7.fbc2XSRR12328904.bin.28.fbc2 ,-0.0864438729238372,-0.0864438729238372,988.3514029055756,-0.001660785262743,84.4321504948191,0.0,164.24906760031035,-72.2283848352547,-3.24173657783399,-0.1440731215398045,-0.0114760261652691,980.046380473771,-164.23907718637315,0.0,-0.0056632777458389,-0.0895853956907331,-0.0895853956907331,11.648597094424645,-0.0017211411276321,-84.92330766448072,1000.0,835.7509323996896,-282.51905083402244,-3.359547001162923,-0.1493089928178506,-0.0118930851915592,19.953619526228977,-566.5398649934133,-1000.0,-0.0058690912450174, Neutralism,Healthy
SRR12328904.bin.5.fbc2XSRR12328904.bin.20.fbc2 ,-0.0751343717819281,-0.0751343717819281,1000.0,-0.0014435037805924,-1000.0,999.8872912248082,161.22675778271878,-1000.0,-2.8176183345296977,-0.1252239529698045,-0.0099746111242211,137.9248464235909,0.0,-999.8872912248082,-0.0049223478919202,-0.0656337820450971,-0.0656337820450971,0.0,-0.0012609756396386,0.0,-0.0984569779459434,838.7732422172812,0.0,-2.4613361803528733,-0.1093896367418665,-0.008713341670159,-5.500533362221972,-1000.0,0.0984569779459434,-0.0042999269312531, Amensalism,Healthy
SRR12328904.bin.30.fbc2XSRR12328904.bin.20.fbc2 ,-0.2397345739859702,-0.2397345739859702,1000.0,-0.0046058515655431,-1000.0,999.6403751097632,968.401998647877,-190.765273368422,-8.99029984631045,-0.3995576233099882,-0.0318264343178498,-6.429814843999452,-318.28584674781234,-999.6403751097632,-0.0157059538385055,-0.06546560926256,-0.06546560926256,0.0,-0.0012577446543673,725.9622957110264,0.3596248902367733,-1000.0,-106.8894893381006,-2.4550295233023007,-0.1091093487709713,-0.0086910155620216,-2.1081812799528734,-681.7141532521877,-0.3596248902367733,-0.0042889092716222, Amensalism,Healthy
SRR12328904.bin.10.fbc2XSRR12328904.bin.28.fbc2 ,-0.1066801592917272,-0.1066801592917272,37.2242840779054,-0.0020495707836971,1000.0,-1000.0,-11.174307178520737,517.4452747974306,-4.000618699833353,-0.177800265486212,-0.0141625341153712,159.4316084828863,-643.7592390617065,1000.0,-0.0069890363723743,-0.0895853956907331,-0.0895853956907331,472.6305859032898,-0.0017211411276321,-1000.0,1000.0,834.3075121201039,-24.980900496908248,-3.359547001162923,-0.1493089928178506,-0.0118930851915592,-493.8735120993123,-333.3669300081437,-1000.0,-0.0058690912450174, Neutralism,Healthy
SRR12328904.bin.26.fbc2XSRR12328904.bin.28.fbc2 ,-0.1595841531158157,-0.1595841531158157,988.3514029055752,-0.0030659779657753,-1000.0,999.7606084404364,0.0,-21.808594363345943,-5.984574370631094,-0.2659735885263217,-0.0211859077431881,1000.0,-0.0068371308635732,-999.7606084404364,-0.010454984863145,-0.0895853956907331,-0.0895853956907331,11.648597094424758,-0.0017211411276321,899.9346509403117,0.2393915595635007,1000.0,-978.191405636654,-3.359547001162923,-0.1493089928178506,-0.0118930851915592,0.0,-725.0771072997793,-0.2393915595635007,-0.0058690912450174, Neutralism,Healthy
SRR12328904.bin.23.fbc2XSRR12328904.bin.29.fbc2 ,-0.1271447622973482,-0.1271447622973482,999.9539247826656,-0.0024427427914588,-1000.0,999.80927064284,611.4286077797831,11.832304098008535,-4.768062937002355,-0.2119079371622092,-0.0168793526892159,-14.924083649204816,-225.81723822935876,-999.80927064284,-0.0083297529190531,-0.178173481593717,-0.178173481593717,0.0460752173343053,-0.0034231216444595,999.7632569070696,-1000.0,388.5713922202169,-122.54313014802052,-6.681693831456528,-0.2969558026562708,-0.0236537705632144,1000.0,-533.1890233141909,1000.0,-0.0116728448075491, Amensalism,Healthy
SRR12328904.bin.11.fbc2XSRR12328904.bin.29.fbc2 ,-0.1053534005924348,-0.1053534005924348,999.9532654787836,-0.0020240807029949,-1000.0,1000.0,189.38667846022827,-1000.0,-3.950863846654215,-0.1755890009873155,-0.0139863976578453,955.4909713606716,-292.9839995224136,-1000.0,-0.0069021151973629,-0.1807230185224853,-0.1807230185224853,0.0467345212164218,-0.0034721041022294,999.759869280288,-1000.0,-358.2691728815349,12.336916784614004,-6.777304160318863,-0.3012050308708467,-0.0239922393466258,44.509028639328335,-707.0160004775864,1000.0,-0.0118398749887091, Neutralism,Healthy
SRR12328904.bin.7.fbc2XSRR12328904.bin.5.fbc2 ,-0.072039873291942,-0.072039873291942,823.6640426326048,-0.0013840513601053,-953.807756434902,1000.0,159.54465008628836,-26.793213616099138,-2.7015713712745537,-0.1200664554866079,-0.0095637948980993,802.8566435411335,-59.272655829756445,-1000.0,-0.0047196151379012,-0.0278128112068998,-0.0278128112068998,176.33595736739517,-0.0005343479579096,588.3930706971992,0.0,-77.7784251536981,-973.2067863839007,-1.043009809394789,-0.0463546853447951,-0.0036923443888099,197.1433564588665,-147.1086981464373,0.0,-0.0018221265363536, Competition,Healthy
SRR12328904.bin.11.fbc2XSRR12328904.bin.23.fbc2 ,-0.0788671738550874,-0.0788671738550874,528.2289101129411,-0.0015152194785059,-1000.0,1000.0,802.1375347418252,-1000.0,-2.957602356638404,-0.131445289758517,-0.010470166596292,978.6531940300443,-247.86602786281207,-1000.0,-0.0051668984216348,-0.1289223445846801,-0.1289223445846801,471.7710898870589,-0.0024768942283799,0.0,-0.1933959013481399,197.8624652581748,975.3875205601508,-4.834724151107025,-0.2148705743077243,-0.0171153391178222,-11.82684281414663,-500.00061922355707,0.1933959013481399,-0.008446209318663, Competition,Healthy
SRR12328904.bin.10.fbc2XSRR12328904.bin.29.fbc2 ,-0.0589085770671999,-0.0589085770671999,441.7477046839256,-0.001131769011863,-1000.0,1000.0,92.67086512064223,-366.477140207664,-2.2091338873165114,-0.0981809617786666,-0.0078205238719419,199.7927927360779,-500.0220921311115,-1000.0,-0.0038593323304212,-0.171442569556234,-0.171442569556234,558.2522953160744,-0.0032938053709585,999.7722004205476,-1000.0,0.0,-630.5803682172303,-6.429277517653532,-0.2857376159270188,-0.0227601951130509,800.2072072639221,-499.9779078688885,1000.0,-0.0112318763148095, Amensalism,Healthy
SRR12328905.bin.2.fbc2XSRR12328905.bin.10.fbc2 ,-0.0902372845307581,-0.0902372845307581,55.28902857762978,-0.0017336654088921,-1000.0,999.8646354048768,364.606588715968,-15.169081122254852,-3.383993521500429,-0.1503954742179303,-0.0119796279751653,0.0,-399.2368744173321,-999.8646354048768,-0.0059117990441563,-0.0452054158849932,-0.0452054158849932,503.9039805353211,-0.0008684998248327,1000.0,-1000.0,-558.8459742570915,-249.77551233651505,-1.695250863178103,-0.07534235980836,-0.0060013337898681,1000.0,-0.0169531165817033,1000.0,-0.0029615844028967, Neutralism,Healthy
SRR12328906.bin.2.fbc2XSRR12328906.bin.8.fbc2 ,-0.0874745936092722,-0.0874745936092722,77.03978390973589,-0.0016805877734213,0.0,0.0,-448.9086153846599,241.89696622227711,-3.280389692676181,-0.1457909893488249,-0.0116128615146635,793.8167989693509,-407.0881882485194,0.0,-0.0057308043075181,-0.0748215903973914,-0.0748215903973914,46.45125581103571,-0.0014374945321833,-1000.0,1000.0,-68.37691083632512,632.9656205070212,-2.8058887021009014,-0.1247026506622432,-0.0099330872170639,206.18320103064912,-0.0280598932671409,-1000.0,-0.0049018563545359, Neutralism,Healthy
SRR12328906.bin.1.fbc2XSRR12328906.bin.27.fbc2 ,-0.0055243084688072,-0.0055243084688072,80.7204298799893,-0.0001061346488313,-1000.0,999.9917130066236,-412.90215063673975,-4.2925964117631565,-0.2071674049871035,-0.0092071807813454,-0.000733390423079,-0.001877286082049,-40.506870736328096,-999.9917130066236,-0.000361919152283,-0.0823497606339742,-0.0823497606339742,919.2795701200108,-0.0015821279661167,1000.0,-1000.0,1000.0,-498.6721397746769,-3.088203040810413,-0.13724960105651,-0.0109325042454884,9.759340537421169,-456.8299890773841,1000.0,-0.0053950563642501, Amensalism,Healthy
SRR12328906.bin.7.fbc2XSRR12328906.bin.37.fbc2 ,-0.0982424465940994,-0.0982424465940994,20.780967089358,-0.00188746295089,999.852626892794,-1000.0,0.0,-1000.0,-3.684195557741191,-0.1637374109901657,-0.013042368990682,-0.6616123881768772,-293.2993578534165,1000.0,-0.0064362486625668,-0.2659179864726866,-0.2659179864726866,979.219032910642,-0.0051088950331177,-756.3621518769987,1000.0,1000.0,354.3881126334304,-9.97220548195287,-0.4431966441211443,-0.0353024646786934,511.6674722504793,-349.90750091180394,-1000.0,-0.017421332062895, Neutralism,Healthy
SRR12328906.bin.40.fbc2XSRR12328906.bin.28.fbc2 ,-0.1109768912735944,-0.1109768912735944,653.4796039705107,-0.00213212086976,-1000.0,999.8335240024852,-755.6415017443812,436.87538446486656,-4.161750689406745,-0.1849614854559149,-0.0147329552104338,239.7634417474094,-483.16249849786186,-999.8335240024852,-0.0072705321661032,-0.1380142445519823,-0.1380142445519823,346.52039602948935,-0.0026515705005749,0.0,-0.2070346246805456,-244.3584982556188,410.2222583887146,-5.175680007077517,-0.2300237409200463,-0.0183223521586342,760.2365582525906,-516.8375015021381,0.2070346246805456,-0.0090418554067355, Competition,Healthy
SRR12328906.bin.46.fbc2XSRR12328906.bin.7.fbc2 ,-0.0867441306312457,-0.0867441306312457,979.219032910642,-0.0016665539026234,-1000.0,999.7579663767228,-382.3651090455098,-993.4312814523556,-3.2529965591380687,-0.1445735510521899,-0.0115158874671124,-10.524487881503887,-244.0543835373054,-999.7579663767228,-0.0056829488079301,-0.0982424465940994,-0.0982424465940994,20.780967089358,-0.00188746295089,0.0,-0.1473731072059081,-617.6348909544902,-6.568718547644494,-3.684195557741191,-0.1637374109901657,-0.013042368990682,-12.772681631806336,-386.3498516837751,0.1473731072059081,-0.0064362486625668, Neutralism,Healthy
SRR12328906.bin.7.fbc2XSRR12328906.bin.41.fbc2 ,-0.0982424465940994,-0.0982424465940994,20.780967089357887,-0.00188746295089,-1000.0,999.852626892794,489.6983676737004,-1000.0,-3.684195557741191,-0.1637374109901657,-0.013042368990682,446.18741018776245,-141.8179701004235,-999.852626892794,-0.0064362486625668,-0.1678537526619266,-0.1678537526619266,979.219032910642,-0.0032248559589334,1000.0,-1000.0,-1000.0,1000.0,-6.294693091899717,-0.2797562544365064,-0.0222837546762093,553.8125898122375,-858.1820298995765,1000.0,-0.0109967588199424, Neutralism,Healthy
SRR12328906.bin.46.fbc2XSRR12328906.bin.47.fbc2 ,-0.0873176960005821,-0.0873176960005821,985.6937779119096,-0.0016775734102338,-1000.0,999.7563660136376,-384.8896242438735,-1000.0,-3.2745058665581155,-0.1455294933342656,-0.0115920322643887,-10.59407739417827,-245.6681081961783,-999.7563660136376,-0.0057205253287975,-0.1297948562089459,-0.1297948562089459,14.306222088090408,-0.0024936571797979,999.8052952474006,-1000.0,140.684541816717,0.0,-4.867444258980299,-0.2163247603482432,-0.0172311711124848,-42.2388648023624,-754.3318918038217,1000.0,-0.008503370983135, Neutralism,Healthy
SRR12328906.bin.30.fbc2XSRR12328906.bin.26.fbc2 ,-0.086077586996339,-0.086077586996339,0.0,-0.0016537480690885,-1000.0,1000.0,920.8057035128982,183.94669711947813,-3.2280004685068207,-0.1434626449938605,-0.0114273991574691,3.7695864236544594,-499.2651032986857,-1000.0,-0.0056392809156022,-0.0882683397550181,-0.0882683397550181,1000.0,-0.0016958374592377,999.86758901118,-1000.0,79.19429648710184,-1000.0,-3.3101560118739144,-0.1471138995917726,-0.0117182368435351,991.0967501753844,-3.8484974935227,1000.0,-0.0057828057360893, Neutralism,Healthy
SRR12328906.bin.41.fbc2XSRR12328906.bin.42.fbc2 ,-0.1073391340453326,-0.1073391340453326,266.1562641801045,-0.0020622312016485,-1000.0,1000.0,192.19300858478252,569.7878318469411,-4.025330949415661,-0.1788985567421832,-0.0142500176033308,218.64743758268835,-550.7456332367686,-1000.0,-0.0070322083976179,-0.2174245787934978,-0.2174245787934978,733.8437358198955,-0.0041772253370027,1000.0,-1000.0,807.8069914152175,-986.442752510222,-8.153651452149461,-0.3623742979891631,-0.028864627078974,11.972930350068282,-449.25436676323136,1000.0,-0.014244338399294, Competition,Healthy
SRR12328906.bin.5.fbc2XSRR12328906.bin.9.fbc2 ,-0.0895002471272619,-0.0895002471272619,16.22847648019524,-0.0017195052281522,-1000.0,999.75027625571,871.6032563295039,-51.485545907831806,-3.356353840060933,-0.1491670785454744,-0.0118817811268172,38.04495967536718,-0.1491842735977115,-999.75027625571,-0.0058635128281139,-0.0835127484907616,-0.0835127484907616,983.7715235198048,-0.0016044716328451,1000.0,-975.193648948518,128.3967436704961,-948.5144540921682,-3.131816314342359,-0.1391879141511935,-0.0110868989830805,18.49789750773391,-10.517640522357624,975.193648948518,-0.0054712482681225, Neutralism,Healthy
SRR12328906.bin.28.fbc2XSRR12328906.bin.37.fbc2 ,-0.0994882778373948,-0.0994882778373948,11.764445847811317,-0.0019113982293674,-0.1492419737472801,0.0,0.0,532.1456122785953,-3.730915545804805,-0.165813796395696,-0.013207761764761,994.3365079324694,-567.1185576836159,0.0,-0.0065178679620885,-0.2667227796574707,-0.2667227796574707,988.2355541521888,-0.0051243569578218,-740.4924318200644,1000.0,1000.0,467.8543877214047,-10.00238607678648,-0.4445379660957087,-0.0354093065789129,-28.523962739962485,-427.5920328087385,-1000.0,-0.017474057226309, Amensalism,Healthy
SRR12328906.bin.12.fbc2XSRR12328906.bin.10.fbc2 ,-0.0872670221997395,-0.0872670221997395,948.7517783728568,-0.0016765998501568,-1000.0,1000.0,684.7896670334117,-395.064527268893,-3.272605545481383,-0.1454450369994901,-0.0115853049644556,1000.0,-100.98902998580536,-1000.0,-0.0057172054889633,-0.2566509854299283,-0.2566509854299283,51.24822162714327,-0.0049308546672364,999.2838919766764,-1000.0,315.21033296658834,929.0978717479506,-9.62468315062938,-0.4277516423832139,-0.03407220575059,-68.3564629062464,-899.0109700141946,1000.0,-0.0168142144152625, Neutralism,Healthy
SRR12328906.bin.30.fbc2XSRR12328906.bin.44.fbc2 ,-0.0861064276438128,-0.0861064276438128,496.23673386046926,-0.0016543021641837,-1000.0,1000.0,195.5512791230683,0.0,-3.229082023262549,-0.1435107127397259,-0.01143122795429,3.7708494389986527,-293.68803095052704,-1000.0,-0.0056411703797039,-0.1286723366729347,-0.1286723366729347,503.76326613953074,-0.0024720910023461,999.8069791345356,-1000.0,-1000.0,-1000.0,-4.825348590238718,-0.2144538944547775,-0.0170821488262618,996.2291505610016,493.292443578838,1000.0,-0.0084298303180503, Neutralism,Healthy
SRR12328906.bin.46.fbc2XSRR12328906.bin.40.fbc2 ,-0.0835482475199569,-0.0835482475199569,943.1420148250196,-0.0016051536507575,-1000.0,999.766883535306,-427.3377276493005,-1000.0,-3.133147565447985,-0.1392470791998903,-0.0110916117264423,94.94140042123875,-258.0700741595599,-999.766883535306,-0.0054735739489615,-0.084664809342712,-0.084664809342712,56.857985174980286,-0.0016266053668232,0.0,-0.1270053470408356,-572.6622723506995,1000.0,-3.1750198136460317,-0.1411080155711488,-0.0112398430846951,24.843859473717885,-500.1411242816248,0.1270053470408356,-0.0055467243008706, Amensalism,Healthy
SRR12328906.bin.10.fbc2XSRR12328906.bin.27.fbc2 ,-0.2569972058779513,-0.2569972058779513,51.317355132405964,-0.0049375063568959,-1000.0,999.282925951784,0.0,933.0492050176822,-9.637666783272948,-0.4283286764632521,-0.0341181689263976,-57.5340706362839,-510.6050120564852,-999.282925951784,-0.0168368966770913,-0.08246742602023,-0.08246742602023,923.4295811639444,-0.0015843885882986,1000.0,-1000.0,1000.0,-865.4213836480787,-3.092615617132992,-0.1374457100338304,-0.0109481251450915,11.19506795042605,-489.3949879435148,1000.0,-0.0054027650860462, Neutralism,Healthy
SRR12328906.bin.40.fbc2XSRR12328906.bin.37.fbc2 ,-0.0796840653517847,-0.0796840653517847,52.67796113919576,-0.0015309138395878,-1000.0,999.8804662474032,-523.9354750531438,894.0115806687722,-2.9882366509550597,-0.1328067755863458,-0.0105786146317541,131.52580205605295,-500.1328220847248,-999.8804662474032,-0.0052204161930831,-0.2546152459186714,-0.2546152459186714,947.3220388608042,-0.0048917434373834,543.1520002731963,0.119533752596908,1000.0,105.98841933122752,-9.548340767839932,-0.4243587431977857,-0.0338019471527104,6.057397472835419,-499.8671779152752,-0.119533752596908,-0.0166808451216411, Amensalism,Healthy
SRR12328906.bin.40.fbc2XSRR12328906.bin.42.fbc2 ,-0.0830419783276283,-0.0830419783276283,43.78832500807812,-0.0015954270571683,-1000.0,999.8754290553734,-547.0527904650086,1000.0,-3.1141619357745185,-0.138403297212676,-0.0110244009653115,22.906567333640623,-500.1384192514833,-999.8754290553732,-0.0054404062650519,-0.2566096507017619,-0.2566096507017619,956.211674991922,-0.0049300605321604,1000.0,-1000.0,-423.9741795873053,-1000.0,-9.623133054644768,-0.4276827511695273,-0.034066718277586,133.0368300847772,-499.8615807485167,1000.0,-0.0168115064147968, Amensalism,Healthy
SRR12328906.bin.37.fbc2XSRR12328906.bin.8.fbc2 ,-0.2604183351079427,-0.2604183351079427,954.0328751598554,-0.0050032341039241,-850.2224572643046,1000.0,1000.0,781.7435938301796,-9.765962744425453,-0.4340305585133137,-0.0345723476578996,-62.33050217099685,-458.2165997918208,-1000.0,-0.0170610282942789,-0.0740417740378234,-0.0740417740378234,45.967124840144606,-0.001422512469503,1000.0,-1000.0,-28.66095444743678,218.2564061698204,-2.776644764604612,-0.1234029567297056,-0.0098295611643379,649.7273138453111,-0.0277674434047412,1000.0,-0.0048507675210203, Neutralism,Healthy
SRR12328906.bin.9.fbc2XSRR12328906.bin.18.fbc2 ,-0.002771165893364,-0.002771165893364,31.47771630739203,-5.324045901033969e-05,-999.6260975801686,1000.0,3.477639366023027,-32.10880448450996,-0.1039216492249579,-0.0046186098221596,-0.0003678915719547,0.040944308826738,-0.2160886483421791,-1000.0,-0.0001815499653048,-0.1154476892213551,-0.1154476892213551,968.522283692608,-0.0022180151627253,1000.0,-1000.0,-814.730187097068,-299.5467725099659,-4.329410336636215,-0.1924128153690389,-0.0153264847746186,268.12075813601746,-0.2357306514976471,1000.0,-0.0075634317049662, Amensalism,Healthy
SRR12328906.bin.46.fbc2XSRR12328906.bin.2.fbc2 ,-0.0873176960005821,-0.0873176960005821,985.6946092427328,-0.0016775734102338,-1000.0,999.7563660136376,-1000.0,-1000.0,-3.2745058665581155,-0.1455294933342656,-0.0115920322643887,-10.59407739417827,-245.6694591087661,-999.7563660136376,-0.0057205253287975,-0.0874745936092722,-0.0874745936092722,14.305390757267332,-0.0016805877734213,1000.0,-1000.0,548.2553186555836,818.2394363317871,-3.280389692676181,-0.1457909893488249,-0.0116128615146635,-716.6022521377499,-367.5002171778169,1000.0,-0.0057308043075181, Neutralism,Healthy
SRR12328906.bin.40.fbc2XSRR12328906.bin.9.fbc2 ,-0.084664809342712,-0.084664809342712,56.857985174980286,-0.0016266053668232,-1000.0,999.8729946529592,-523.5172648618826,1000.0,-3.1750198136460317,-0.1411080155711488,-0.0112398430846951,-25.79079321002712,-500.1411242816248,-999.8729946529592,-0.0055467243008706,-0.0830302604713324,-0.0830302604713324,943.1420148250196,-0.0015952019302858,1000.0,-983.5790551377304,108.11126947673164,-964.6598133027692,-3.1137225037798544,-0.1383837674521828,-0.0110228453382887,2.531282374994362,-6.474493930502831,983.5790551377304,-0.0054396385822883, Amensalism,Healthy
SRR12328906.bin.1.fbc2XSRR12328906.bin.42.fbc2 ,0.0,0.0,0.0,0.0,-1000.0,1000.0,-111.94849770034956,0.0,0.0,0.0,0.0,0.0,0.0,-1000.0,0.0,-0.2643259099367014,-0.2643259099367014,1000.0,-0.0050783075876097,1000.0,-1000.0,-888.0515022996505,-1000.0,-9.91250092954192,-0.44054318322776,-0.0350911054306379,876.8144398031159,-1000.0,1000.0,-0.0173170288738901, Amensalism,Healthy
SRR12328906.bin.28.fbc2XSRR12328906.bin.8.fbc2 ,-0.1683495952529483,-0.1683495952529483,975.1592813784288,-0.0032343822334723,-1000.0,999.7474594352092,-846.5533236203192,882.0538375659964,-6.3132877130094585,-0.2805826587549518,-0.0223495812333567,648.8861672312926,-990.1181051453702,-999.7474594352094,-0.0110292434161465,-0.0400123105700913,-0.0400123105700913,24.84071862157134,-0.000768728349044,1000.0,-1000.0,-15.48843238141069,117.94616243400355,-1.5005039264358402,-0.0666871842834098,-0.0053119128922389,351.1138327687074,-0.0150055773741542,1000.0,-0.0026213636704142, Competition,Healthy
SRR12328906.bin.30.fbc2XSRR12328906.bin.12.fbc2 ,-0.0861064276438128,-0.0861064276438128,5.5317713776249775,-0.0016543021641837,0.0,0.0,761.6429244725609,-1.7137577839259848,-3.229082023262549,-0.1435107127397259,-0.01143122795429,4.636578847540022,-334.34254017163016,0.0,-0.0056411703797039,-0.0872670221997395,-0.0872670221997395,994.4682286223752,-0.0016765998501568,-1000.0,1000.0,149.00863035440648,-994.5981926961446,-3.272605545481383,-0.1454450369994901,-0.0115853049644556,40.68585316219128,-23.06516172434829,-1000.0,-0.0057172054889633, Neutralism,Healthy
SRR12328906.bin.47.fbc2XSRR12328906.bin.44.fbc2 ,-0.13660734206303,-0.13660734206303,185.7804736703072,-0.0026245406736506,-1000.0,999.795075864202,288.7816308841425,-102.04673315428226,-5.122919677100754,-0.2276789034383455,-0.018135576054874,-52.93626801289463,-905.418962910006,-999.795075864202,-0.0089496836970965,-0.1288342748906643,-0.1288342748906643,814.2195263296928,-0.0024752022072789,999.8067362116532,-1000.0,-1000.0,-897.9532668457177,-4.831421444519947,-0.2147237914844026,-0.0171036472524974,1000.0,311.3290342392834,1000.0,-0.0084404395269075, Neutralism,Healthy
SRR12328906.bin.31.fbc2XSRR12328906.bin.26.fbc2 ,-0.0245383937757424,-0.0245383937757424,0.0,-0.0004714388813908,-678.186161492459,1000.0,-1000.0,-324.6910630013142,-0.9202156957289844,-0.0408973229596085,-0.0032576426702917,332.6316890637477,-80.50356415119813,-1000.0,-0.0016076065854804,-0.0882683397550181,-0.0882683397550181,1000.0,-0.0016958374592377,999.86758901118,-1000.0,80.9980556290825,-675.3089369986858,-3.3101560118739144,-0.1471138995917726,-0.0117182368435351,667.3683109362523,-166.67534087527088,1000.0,-0.0057828057360893, Amensalism,Healthy
SRR12328906.bin.46.fbc2XSRR12328906.bin.28.fbc2 ,-0.0469604597075203,-0.0469604597075203,530.1174339423808,-0.0009022182460967,0.0,-0.131029155875467,-669.8981288797529,-707.3216558530015,-1.761066861035033,-0.0782674328457915,-0.0062343280802679,0.0,-173.7865783375967,0.131029155875467,-0.0030765642190999,-0.158664628628685,-0.158664628628685,469.8825660576192,-0.0030483117892572,-1000.0,999.761987815498,-330.1018711202471,595.2826943267678,-5.950091230722023,-0.2644410477143992,-0.0210638344634617,1000.0,-826.2134216624033,-999.761987815498,-0.0103947432012319, Competition,Healthy
SRR12328906.bin.47.fbc2XSRR12328906.bin.1.fbc2 ,-0.1316457435564189,-0.1316457435564189,35.915943318228074,-0.0025292169751764,-1000.0,999.8025187385806,264.41468216452085,-151.9996371587495,-4.936854490300334,-0.2194095725940315,-0.0174768892982228,-54.9048153856902,-516.2063888779612,-999.8025187385804,-0.0086246298852756,-0.0659795509874356,-0.0659795509874356,964.084056681772,-0.0012676186548787,999.9010243354256,-1000.0,546.9410923039516,-51.979009989538326,-2.4743028810569285,-0.1099659183124686,-0.0087592449053772,-2.715375779915121,-483.7936111220388,1000.0,-0.0043225796132446, Neutralism,Healthy
SRR12328906.bin.30.fbc2XSRR12328906.bin.40.fbc2 ,-0.086077586996339,-0.086077586996339,0.0,-0.0016537480690885,1000.0,-1000.0,573.5582941812095,195.1074477607217,-3.2280004685068207,-0.1434626449938605,-0.0114273991574691,3.7695864236544594,-335.01925910704426,1000.0,-0.0056392809156022,-0.1352249863580255,-0.1352249863580255,1000.0,-0.0025979824467867,-1000.0,999.7971495305504,-63.93564786047386,804.8925522392783,-5.071079877461671,-0.2253749772634137,-0.0179520587076922,-20.9510397451794,-493.5418144274613,-999.7971495305508,-0.0088591201437111, Neutralism,Healthy
SRR12328906.bin.44.fbc2XSRR12328906.bin.37.fbc2 ,-0.0857612980171325,-0.0857612980171325,0.0,-0.0016476714316695,-1000.0,999.8713498146172,-1000.0,-1000.0,-3.2161392975699528,-0.142935496695145,-0.0113854095926626,335.809728572714,670.5567585021604,-999.8713498146172,-0.005618559581876,-0.2677728460396338,-0.2677728460396338,1000.0,-0.0051445311438556,280.00286872440256,0.128650185382753,1000.0,199.3209150296343,-10.041764675701188,-0.4462880767327988,-0.0355487102043525,-16.82549777797601,-320.5796404974194,-0.128650185382753,-0.0175428512006874, Amensalism,Healthy
SRR12328906.bin.24.fbc2XSRR12328906.bin.9.fbc2 ,-0.0848227507622141,-0.0848227507622141,0.0,-0.0016296397841415,-14.073464448915388,1000.0,0.0,0.0,-3.180942783770888,-0.1413712512703568,-0.0112608109080838,19.577453843642505,-301.46317538489484,-1000.0,-0.0055570716638158,-0.0869682754539553,-0.0869682754539553,1000.0,-0.0016708602393009,13.5941328305222,0.0,115.35149162465903,-1000.0,-3.2614022268350027,-0.1449471257565164,-0.0115456442533741,7.024652896068233,-7.893172314165781,0.0,-0.0056976334159344, Neutralism,Healthy
SRR12328906.bin.30.fbc2XSRR12328906.bin.1.fbc2 ,-0.086077586996339,-0.086077586996339,0.0,-0.0016537480690885,-1000.0,1000.0,-63.84071735685302,1000.0,-3.2280004685068207,-0.1434626449938605,-0.0114273991574691,3.7695864236544594,-418.35259244037775,-1000.0,-0.0056392809156022,-0.0684375501598424,-0.0684375501598424,1000.0,-0.0013148424621931,999.897337100548,-1000.0,571.6783081186898,-57.21996731041622,-2.566480447330605,-0.1140625835997752,-0.0090855614141673,13.31359951536865,-501.816836165906,1000.0,-0.0044836127962071, Neutralism,Healthy
SRR12328906.bin.46.fbc2XSRR12328906.bin.37.fbc2 ,0.0,0.0,0.0,0.0,-1000.0,1000.0,-1000.0,0.0,0.0,0.0,0.0,0.0,0.0,-1000.0,0.0,-0.2677728460396338,-0.2677728460396338,1000.0,-0.0051445311439692,280.2138314080901,0.0,1000.0,1000.0,-10.041764675701074,-0.4462880767327988,-0.0355487102043525,-16.825497777974988,-414.1164082557241,0.0,-0.0175428512006874, Amensalism,Healthy
SRR12328906.bin.46.fbc2XSRR12328906.bin.41.fbc2 ,-0.0745545184012144,-0.0745545184012144,841.6154831066317,-0.0014323634659376,-1000.0,999.7919778538444,-1000.0,-1000.0,-2.795873220034764,-0.1242575306686148,-0.0098976315495065,-9.045547170905706,-246.30129833936644,-999.7919778538444,-0.0048843594188383,-0.0982403589258638,-0.0982403589258638,158.3845168933683,-0.0018874228419463,1000.0,-1000.0,171.9057646653614,1000.0,-3.6841172679756937,-0.1637339315431063,-0.0130420918382014,114.90285273996142,-657.8838024876151,1000.0,-0.006436111891162, Competition,Healthy
SRR12328906.bin.24.fbc2XSRR12328906.bin.41.fbc2 ,-0.0848227507622141,-0.0848227507622141,0.0,-0.0016296397841415,-1000.0,1000.0,-753.7977659272567,413.897224534024,-3.180942783770888,-0.1413712512703568,-0.0112608109080838,1.576823158693628,32.240203164837794,-1000.0,-0.0055570716638158,-0.1696161464403758,-0.1696161464403758,1000.0,-0.0032587155895953,1000.0,-1000.0,-246.2022340727433,586.102775465976,-6.360784720873198,-0.2826935774006642,-0.0225177247243664,701.5437480775611,-1000.0,1000.0,-0.0111122201606121, Neutralism,Healthy
SRR12328906.bin.10.fbc2XSRR12328906.bin.22.fbc2 ,-0.2566772110542388,-0.2566772110542388,51.25345837541818,-0.0049313585217305,0.0,-0.7161811981056871,0.0,929.3971786846917,-9.62566663925179,-0.4277953517570267,-0.0340756873848704,-68.3634478430472,-996.4026116784128,0.7161811981056871,-0.016815932558984,-0.0438727650571308,-0.0438727650571308,948.7465416245818,-0.0008428965428493,-1000.0,999.9341866379314,-1000.0,-1000.0,-1.645275048954204,-0.0731212750953318,-0.0058244151113058,1000.0,-3.5973883215873457,-999.9341866379316,-0.0028742772112764, Neutralism,Healthy
SRR12328906.bin.24.fbc2XSRR12328906.bin.37.fbc2 ,-0.0848227507622141,-0.0848227507622141,0.0,-0.0016296397841415,9.735180167162524,0.0,-390.002473358622,477.3588712662902,-3.180942783770888,-0.1413712512703568,-0.0112608109080838,5.861749117802674,-252.6069931580444,0.0,-0.0055570716638158,-0.2677728460396338,-0.2677728460396338,1000.0,-0.0051445311438556,-867.4736981384666,1000.0,969.3039066610206,522.6411287337098,-10.041764675701074,-0.4462880767327988,-0.0355487102043525,266.2889706041667,-533.6783362353564,-1000.0,-0.0175428512006874, Neutralism,Healthy
SRR12328906.bin.40.fbc2XSRR12328906.bin.26.fbc2 ,-0.084664809342712,-0.084664809342712,56.85798517498051,-0.0016266053668232,-1000.0,999.8729946529592,-523.5172648618832,1000.0,-3.175019813646145,-0.1411080155711488,-0.0112398430846951,-24.30114801509842,-500.1411242816248,-999.8729946529592,-0.0055467243008706,-0.0832495798018726,-0.0832495798018726,943.1420148250196,-0.0015994155581893,999.8751176332194,-1000.0,-200.64292880874564,-1000.0,-3.1219472104239685,-0.1387492996697119,-0.0110519615068369,718.242257991828,160.68406414427864,1000.0,-0.0054540070533448, Amensalism,Healthy
SRR12328906.bin.46.fbc2XSRR12328906.bin.8.fbc2 ,-0.0844701277745798,-0.0844701277745798,953.5487441889644,-0.0016228650869152,-1000.0,999.7643113034256,-369.6909960641558,-969.2426006054474,-3.167719049125367,-0.1407835462908906,-0.0112139977507013,-9.823948889108806,-236.8355507629585,-999.7643113034256,-0.0055339699464411,-0.0748215903973914,-0.0748215903973914,46.45125581103571,-0.0014374945321833,1000.0,-1000.0,-29.470165880797595,224.44479847398043,-2.8058887021009014,-0.1247026506622432,-0.0099330872170639,653.6107680192176,-0.0280598932671409,1000.0,-0.0049018563545359, Neutralism,Healthy
SRR12328906.bin.30.fbc2XSRR12328906.bin.37.fbc2 ,-0.086077586996339,-0.086077586996339,0.0,-0.0016537480690885,1000.0,-1000.0,0.0,800.8025537178219,-3.2280004685068207,-0.1434626449938605,-0.0114273991574691,3.7695864236544594,-351.0876649949885,1000.0,-0.0056392809156022,-0.2677728460396338,-0.2677728460396338,1000.0,-0.0051445311438556,-677.7202634438972,1000.0,1000.0,199.1974462821781,-10.041764675701188,-0.4462880767327988,-0.0355487102043525,-37.8584503519819,-331.11669490899874,-1000.0,-0.0175428512006874, Neutralism,Healthy
SRR12328906.bin.7.fbc2XSRR12328906.bin.27.fbc2 ,-0.09983886525049,-0.09983886525049,77.98513525042017,-0.0019181338184353,-1000.0,999.8502321114552,-1000.0,-499.89737519016506,-3.744062944251823,-0.1663981087507409,-0.0132543046854607,930.0040405121764,-467.9220705866773,-999.8502321114552,-0.0065408363209371,-0.08246742602023,-0.08246742602023,922.0148647495798,-0.0015843885882986,1000.0,-1000.0,1000.0,-500.1026248098349,-3.092615617132992,-0.1374457100338304,-0.0109481251450915,11.195067950425935,-457.4809636305264,1000.0,-0.0054027650860462, Neutralism,Healthy
SRR12328906.bin.22.fbc2XSRR12328906.bin.26.fbc2 ,0.0,0.0,0.0,0.0,-1000.0,1000.0,0.0,0.0,0.0,0.0,0.0,0.0,0.0,-1000.0,0.0,-0.0882683397550181,-0.0882683397550181,1000.0,-0.0016958374592377,999.86758901118,-1000.0,80.99805562908182,-998.0747524756356,-3.3101560118739144,-0.1471138995917726,-0.0117182368435351,990.134126413202,-5.292433136796035,1000.0,-0.0057828057360893, Amensalism,Healthy
SRR12328906.bin.1.fbc2XSRR12328906.bin.18.fbc2 ,-0.0011260832503694,-0.0011260832503694,16.45417242098847,-2.1634644554069386e-05,-1000.0,999.9983107669512,-482.1784628731979,-0.7425154250894366,-0.042229311795495,-0.0018768054172824,-0.0001494953939982,0.1081369488139216,-8.256980746028717,-999.9983107669512,-7.377413805897959e-05,-0.1167386491456454,-0.1167386491456454,983.5458275790116,-0.002242817466822,1000.0,-1000.0,-517.8215371268021,-524.8102010111703,-4.377822697922852,-0.1945644152427803,-0.0154978686954336,508.4083086653322,-117.829703447273,1000.0,-0.00764800756167, Amensalism,Healthy
SRR12328906.bin.30.fbc2XSRR12328906.bin.31.fbc2 ,-0.0861064276438128,-0.0861064276438128,0.6701081776263891,-0.0016543021641837,1000.0,-1000.0,767.3865418465125,1.805472295911386,-3.229082023262549,-0.1435107127397259,-0.01143122795429,3.77084943899888,-334.9360604611652,1000.0,-0.0056411703797039,-0.0840507354768078,-0.0840507354768078,999.3298918223736,-0.0016148075980026,-504.598146789957,1000.0,-1000.0,-1000.0,-3.1519913947967098,-0.1400845591278994,-0.011158320502318,-18.02815609634752,-124.02208505402793,-1000.0,-0.0055064939092517, Neutralism,Healthy
SRR12328906.bin.24.fbc2XSRR12328906.bin.31.fbc2 ,-0.0848227507622141,-0.0848227507622141,0.0,-0.0016296397841415,-730.2615412873056,1000.0,0.0,217.35722236054264,-3.180942783770888,-0.1413712512703568,-0.0112608109080838,9.46414934253653,-317.60781279442733,-1000.0,-0.0055570716638158,-0.0840542558170227,-0.0840542558170227,1000.0,-0.0016148752317803,495.0665925014364,0.0,-1000.0,-1000.0,-3.152123411276307,-0.1400904263616667,-0.0111587878519685,353.8217255217696,-123.93827706499847,0.0,-0.0055067245405098, Neutralism,Healthy
SRR12328906.bin.28.fbc2XSRR12328906.bin.1.fbc2 ,-0.1610230668637768,-0.1610230668637768,542.6860989977868,-0.0030936228023392,-1000.0,999.7584499315903,-1000.0,1000.0,-6.038535156645594,-0.2683717781062569,-0.0213769335643974,769.4187725650281,-770.5121850643809,-999.7584499315903,-0.0105492537561531,-0.0312974430386248,-0.0312974430386248,457.3139010022133,-0.0006012957355778,999.9530508289632,-1000.0,498.09221843119735,-252.05399221836728,-1.1736871852145896,-0.0521624050644504,-0.0041549535330887,230.58122743497188,-229.4878149356191,1000.0,-0.0020504184584524, Competition,Healthy
SRR12328906.bin.31.fbc2XSRR12328906.bin.27.fbc2 ,-0.032402955393195,-0.032402955393195,80.7204298799893,-0.0006225351660305,-291.595972675281,1000.0,-1000.0,-501.32786022532304,-1.2151450666775645,-0.0540049256552492,-0.004301717997464,-3.72622781388327,-177.16716986862798,-1000.0,-0.0021228449162435,-0.0823497606339742,-0.0823497606339742,919.2795701200108,-0.0015821279661167,1000.0,-1000.0,1000.0,-498.67213977467696,-3.088203040810413,-0.13724960105651,-0.0109325042454884,9.759340537421169,-670.0461724270299,1000.0,-0.0053950563642501, Amensalism,Healthy
SRR12328906.bin.10.fbc2XSRR12328906.bin.42.fbc2 ,-0.2516336785294015,-0.2516336785294015,0.126687042187541,-0.0048344606825594,-1000.0,999.2978912750656,-175.37007249415024,956.443021979442,-9.436528840191045,-0.4193894642156692,-0.0334061233168085,-34.14876899453668,-491.3147595053045,-999.2978912750656,-0.0164855109276231,-0.2624885349691794,-0.2624885349691794,999.8733129578123,-0.0050430073961251,1000.0,-1000.0,-196.8789777500823,-1000.0,-9.843597426750309,-0.4374808916152233,-0.0348471811073523,4.926337420033292,-508.6852404946955,1000.0,-0.0171966552208004, Neutralism,Healthy
SRR12328906.bin.30.fbc2XSRR12328906.bin.7.fbc2 ,-0.0861064276438128,-0.0861064276438128,640.3520879879748,-0.0016543021641837,1000.0,-1000.0,150.02284298174027,0.0,-3.229082023262549,-0.1435107127397259,-0.01143122795429,643.0199645450718,-665.9740205938607,1000.0,-0.0056411703797039,-0.09983886525049,-0.09983886525049,359.64791201202524,-0.0019181338184353,-1000.0,999.8502321114552,-1000.0,-1000.0,-3.744062944251823,-0.1663981087507409,-0.0132543046854607,-34.14433565684533,-334.0259794061393,-999.8502321114552,-0.0065408363209371, Neutralism,Healthy
SRR12328906.bin.5.fbc2XSRR12328906.bin.41.fbc2 ,-0.0895002471272619,-0.0895002471272619,3.758700868405185,-0.0017195052281522,-1000.0,999.75027625571,-99.88983171184212,-207.0138249225596,-3.356353840060933,-0.1491670785454744,-0.0118817811268172,355.2706344357398,-0.1491842735977115,-999.75027625571,-0.0058635128281139,-0.1692973782619447,-0.1692973782619447,996.2412991315948,-0.0032525913210292,1000.0,-1000.0,-900.1101682881579,1000.0,-6.348830577346234,-0.2821622971032411,-0.0224754060286613,588.3481143731487,-915.558756706686,1000.0,-0.0110913364048883, Neutralism,Healthy
SRR12328906.bin.31.fbc2XSRR12328906.bin.42.fbc2 ,-0.0122690787521833,-0.0122690787521833,0.0,-0.0002357171709945,-0.7717558157017947,1000.0,-1000.0,-784.567861286489,-0.4601034176494067,-0.0204484645869342,-0.001628805651876,-3.011882045770335,-265.6126641655684,-1000.0,-0.0008037955532245,-0.2643259099367014,-0.2643259099367014,1000.0,-0.0050783075876097,1000.0,-1000.0,724.945856522477,-215.432138713511,-9.91250092954192,-0.44054318322776,-0.0350911054306379,223.3404120983857,-734.3873358344316,1000.0,-0.0173170288738901, Amensalism,Healthy
SRR12328906.bin.30.fbc2XSRR12328906.bin.10.fbc2 ,-0.0861064276438128,-0.0861064276438128,578.00114464948,-0.0016543021641837,-1000.0,1000.0,661.8940167395481,-575.5255641759414,-3.229082023262549,-0.1435107127397259,-0.01143122795429,10.921984119063154,-286.61700413757285,-1000.0,-0.0056411703797039,-0.2569972058779513,-0.2569972058779513,51.31735513240483,-0.0049375063568959,1000.0,-538.4602591991916,338.1059832604519,470.7923901686577,-9.637666783272834,-0.4283286764632521,-0.0341181689263976,-57.534070636283104,-713.3829958624272,538.4602591991916,-0.0168368966770913, Neutralism,Healthy
SRR12328906.bin.37.fbc2XSRR12328906.bin.22.fbc2 ,-0.2677728460396338,-0.2677728460396338,1000.0,-0.0051445311438556,-1000.0,1000.0,1000.0,1000.0,-10.041764675701074,-0.4462880767327988,-0.0355487102043525,-16.8254977779751,-440.7876640728164,-1000.0,-0.0175428512006874,0.0,0.0,0.0,0.0,0.0,0.0,0.0,0.0,0.0,0.0,0.0,0.0,0.0,0.0,0.0, Amensalism,Healthy
SRR12328906.bin.5.fbc2XSRR12328906.bin.28.fbc2 ,-0.0895002471272619,-0.0895002471272619,3.758700868405072,-0.0017195052281522,-1000.0,999.75027625571,832.7399693350312,-268.37414280944813,-3.356353840060933,-0.1491670785454744,-0.0118817811268172,477.9912702095162,-0.1491842735977115,-999.75027625571,-0.0058635128281139,-0.1887248540610926,-0.1887248540610926,996.241299131595,-0.0036258377341482,999.7168945897196,-1000.0,167.26003066496878,1000.0,-7.077381448367873,-0.3145414234352301,-0.0250545387427791,398.50207446286913,-999.8508157264024,1000.0,-0.0123641066733171, Neutralism,Healthy
SRR12328906.bin.28.fbc2XSRR12328906.bin.26.fbc2 ,-0.158664628628685,-0.158664628628685,469.8825660576194,-0.0030483117892572,-1000.0,999.761987815498,-868.9235865756384,1000.0,-5.950091230722023,-0.2644410477143992,-0.0210638344634617,637.4591876515292,-1000.0,-999.761987815498,-0.0103947432012319,-0.0467925857692534,-0.0467925857692534,530.1174339423806,-0.000898993002238,999.9298066263808,-1000.0,-131.0764134243616,-540.3192709602207,-1.754771410963599,-0.0779876429488695,-0.006212041645881,362.5408123484708,173.56899429963642,1000.0,-0.0030655661378204, Competition,Healthy
SRR12328906.bin.46.fbc2XSRR12328906.bin.30.fbc2 ,-0.0873176960005821,-0.0873176960005821,985.6937779119094,-0.0016775734102338,-1000.0,999.7563660136376,-384.8896242438734,-1000.0,-3.2745058665581155,-0.1455294933342656,-0.0115920322643887,-10.59407739417827,-245.6681081961783,-999.7563660136376,-0.0057205253287975,-0.0861064276438128,-0.0861064276438128,14.306222088090635,-0.0016543021641837,1000.0,-1000.0,1000.0,186.7233710424653,-3.229082023262549,-0.1435107127397259,-0.01143122795429,5.8478258060847566,-453.17459261858,1000.0,-0.0056411703797039, Neutralism,Healthy
SRR12328906.bin.44.fbc2XSRR12328906.bin.2.fbc2 ,-0.1288342748906643,-0.1288342748906643,521.1393740871272,-0.0024752022072789,-1000.0,999.8067362116532,-1000.0,-984.272122688151,-4.831421444519947,-0.2147237914844026,-0.0171036472524974,1000.0,392.6915210628597,-999.8067362116532,-0.0084404395269075,-0.0874745936092722,-0.0874745936092722,478.8606259128728,-0.0016805877734213,1000.0,-1000.0,1000.0,-15.727877311849056,-3.280389692676181,-0.1457909893488249,-0.0116128615146635,-905.8044165729052,-493.94960285770304,1000.0,-0.0057308043075181, Neutralism,Healthy
SRR12328906.bin.37.fbc2XSRR12328906.bin.1.fbc2 ,-0.2677728460396338,-0.2677728460396338,1000.0,-0.0051445311438556,-719.8684810902124,1000.0,1000.0,964.3620251192258,-10.041764675701074,-0.4462880767327988,-0.0355487102043525,-16.825497777973055,-388.338583996491,-1000.0,-0.0175428512006874,0.0,0.0,0.0,0.0,1000.0,-1000.0,-500.0,0.0,0.0,0.0,0.0,0.0,0.0,1000.0,0.0, Amensalism,Healthy
SRR12328906.bin.24.fbc2XSRR12328906.bin.27.fbc2 ,-0.0848227507622141,-0.0848227507622141,77.98513525042199,-0.0016296397841415,-1000.0,1000.0,-882.2813762873193,-172.93938135104372,-3.180942783770888,-0.1413712512703568,-0.0112608109080838,7.808239765120675,687.3268018837462,-1000.0,-0.0055570716638158,-0.08246742602023,-0.08246742602023,922.014864749578,-0.0015843885882986,1000.0,-1000.0,1000.0,-500.1026248098345,-3.092615617132992,-0.1374457100338304,-0.0109481251450915,11.19506795042605,-457.4809636305263,1000.0,-0.0054027650860462, Neutralism,Healthy
SRR12328906.bin.28.fbc2XSRR12328906.bin.22.fbc2 ,-0.1719539525990967,-0.1719539525990967,675.2347842736817,-0.0033036302132813,-1000.0,999.7420525529504,34.64556424735065,557.5165040389106,-6.448454922127439,-0.2865899209984945,-0.0228280847734367,362.5834246468576,-978.5624503837136,-999.7420525529504,-0.0112653790271224,-0.0275543339691921,-0.0275543339691921,324.7652157263183,-0.0005293820166798,0.0,-0.0413341478639495,-1000.0,-237.56377372140787,-1.0333166398570484,-0.0459238899487672,-0.0036580297354475,637.4165753531424,-0.5360442893801292,0.0413341478639495,-0.0018051926768976, Amensalism,Healthy
SRR12328906.bin.47.fbc2XSRR12328906.bin.18.fbc2 ,-0.1299789622374874,-0.1299789622374874,16.454172420988698,-0.0024971942792717,-1000.0,999.8050190706722,1000.0,-632.1373532928678,-4.874348429592601,-0.2166316037291835,-0.0172556124699667,434.7766113215166,-966.7744613295366,-999.8050190706724,-0.0085154324924587,-0.1167386491456454,-0.1167386491456454,983.5458275790112,-0.002242817466822,1000.0,-1000.0,0.0,-367.86264670713217,-4.377822697922852,-0.1945644152427803,-0.0154978686954336,351.4607543612942,-0.2383666403688948,1000.0,-0.00764800756167, Neutralism,Healthy
SRR12328906.bin.40.fbc2XSRR12328906.bin.18.fbc2 ,-0.084664809342712,-0.084664809342712,56.85798517498051,-0.0016266053668232,-1000.0,999.8729946529592,-145.43573419169468,1000.0,-3.1750198136460317,-0.1411080155711488,-0.0112398430846951,60.94337263628972,-500.1411242816248,-999.8729946529592,-0.0055467243008706,-0.1124223655484684,-0.1124223655484684,943.1420148250196,-0.0021598917492156,1000.0,-1000.0,219.17563426055767,-263.6403640596682,-4.215957502114975,-0.1873706092475231,-0.0149248519873026,233.03787301365676,-49.32993038934501,1000.0,-0.0073652308649343, Amensalism,Healthy
SRR12328906.bin.47.fbc2XSRR12328906.bin.37.fbc2 ,-0.1280557596038534,-0.1280557596038534,0.10579054107518,-0.0024602451412647,-1000.0,999.8079040593684,34.573191710297806,-156.22222849103684,-4.802226298627033,-0.2134262660064223,-0.0170002939262303,-31.718825295447232,-544.1943212883912,-999.8079040593684,-0.0083894359318037,-0.2677634034282619,-0.2677634034282619,999.8942094589248,-0.0051443497296759,0.0,0.192095940631475,965.4268082897022,984.9091924546076,-10.04141056779497,-0.446272339047141,-0.0355474566318889,-16.930694992878443,-455.8056787116088,-0.192095940631475,-0.01754223257808, Neutralism,Healthy
SRR12328906.bin.10.fbc2XSRR12328906.bin.8.fbc2 ,-0.2569972058779513,-0.2569972058779513,51.317355132405964,-0.0049375063568959,-1000.0,999.282925951784,908.6065863492984,933.0492050176812,-9.637666783272834,-0.4283286764632521,-0.0341181689263976,-57.5340706362839,-510.6050120564851,-999.2829259517838,-0.0168368966770913,-0.0748215903973914,-0.0748215903973914,165.6413021626638,-0.0014374945321833,1000.0,-1000.0,-183.97363666251613,66.95079498231894,-2.8058887021009014,-0.1247026506622432,-0.0099330872170639,825.1271299051882,-0.0280598932671409,1000.0,-0.0049018563545359, Neutralism,Healthy
SRR12328906.bin.46.fbc2XSRR12328906.bin.9.fbc2 ,-0.0864536909224398,-0.0864536909224398,975.940377758678,-0.0016609738889883,-1000.0,999.7587767621004,-1000.0,-990.1050403565572,-3.2421047631562487,-0.144089484870733,-0.0114773295730401,-10.48924942590338,-243.23723217989615,-999.7587767621004,-0.0056639209615241,-0.00127117300201,-0.00127117300201,24.059622241321904,-2.442215179598861e-05,1000.0,-995.0797469700098,8.756156897143228,-9.894959643442917,-0.047670330795313,-0.0021186216700925,-0.0001687570691046,4.824230135588778,-1.2957592122163533,995.0797469700096,-8.32795376481954e-05, Amensalism,Healthy
SRR12328906.bin.12.fbc2XSRR12328906.bin.8.fbc2 ,-0.0872670221997395,-0.0872670221997395,953.5487441889644,-0.0016765998501568,-1000.0,1000.0,97.12172616992392,-947.8533198690964,-3.272605545481383,-0.1454450369994901,-0.0115853049644556,23.886338618083077,-0.0327272290746805,-1000.0,-0.0057172054889633,-0.0748215903973914,-0.0748215903973914,46.45125581103571,-0.0014374945321833,0.0,0.0,-29.47016588079805,224.44479847398,-2.8058887021009014,-0.1247026506622432,-0.0099330872170639,653.6107680192176,-0.0280598932671409,0.0,-0.0049018563545359, Neutralism,Healthy
SRR12328906.bin.1.fbc2XSRR12328906.bin.8.fbc2 ,-0.0652585889552028,-0.0652585889552028,953.5494593647004,-0.0012537673189854,-1000.0,999.9021058477306,528.8572775691246,-54.72816659506248,-2.447266043022182,-0.1087643149253381,-0.0086635321744097,0.0254250081549116,-478.5071728261041,-999.9021058477306,-0.0042753465578471,-0.0748204384244672,-0.0748204384244672,46.4505406352996,-0.0014374724000845,1000.0,-1000.0,-29.464278175320487,224.39968238742563,-2.805845501901331,-0.1247007307075591,-0.0099329342846203,653.6324030440098,-0.0280594612496543,1000.0,-0.0049017808843245, Neutralism,Healthy
SRR12328906.bin.44.fbc2XSRR12328906.bin.27.fbc2 ,-0.1012616688188927,-0.1012616688188927,180.73852845291253,-0.0019454691415603,-1000.0,999.8480977694256,-1000.0,-559.0735626883621,-3.797419581512372,-0.1687694480315258,-0.0134431917682604,376.0724041364695,106.0466088638516,-999.848097769426,-0.0066340497727424,-0.0733900635577811,-0.0733900635577811,819.2614715470875,-0.0014099916149916,1000.0,-1000.0,901.1517330052038,-440.9264373116378,-2.7522049329566016,-0.1223167725963776,-0.0097430420593127,3.0534919412376667,-601.5272987119496,1000.0,-0.0048080714069556, Competition,Healthy
SRR12328906.bin.27.fbc2XSRR12328906.bin.8.fbc2 ,-0.08246742602023,-0.08246742602023,924.8475733017178,-0.0015843885882986,-1000.0,1000.0,1000.0,-928.8948305749504,-3.092615617132992,-0.1374457100338304,-0.0109481251449778,11.81503920502189,-457.87997407211446,-1000.0,-0.0054027650860462,-0.0748215903973914,-0.0748215903973914,46.45125581103571,-0.0014374945321833,0.0,0.0,-29.470165880797936,224.44479847398043,-2.8058887021009014,-0.1247026506622432,-0.0099330872170639,653.6107680192176,-0.0280598932671409,0.0,-0.0049018563545359, Neutralism,Healthy
SRR12328906.bin.31.fbc2XSRR12328906.bin.18.fbc2 ,-0.0084843306730135,-0.0084843306730135,0.0,-0.0001630034711297,0.0,999.651720191536,-1000.0,-770.7126106447274,-0.3181713654281566,-0.0141405511216134,-0.001126353985569,-1.8171879618398636,-269.7869384127657,-999.651720191536,-0.0005558418365581,-0.1163381166901444,-0.1163381166901444,1000.0,-0.0022351223187797,1000.0,-1000.0,236.9425976897021,-229.28738935527255,-4.362802307608604,-0.1938968611502787,-0.0154446952224134,271.8974706737363,-49.448997766256525,1000.0,-0.0076217671069116, Amensalism,Healthy
SRR12328906.bin.31.fbc2XSRR12328906.bin.9.fbc2 ,-0.0161969649902857,-0.0161969649902857,0.0,-0.0003111808836138,-399.0895790461841,1000.0,-152.89578658397352,-105.93153943228856,-0.6074033020825027,-0.0269949416504005,-0.0021502599055338,-1.860452480934896,-150.26067754276073,-1000.0,-0.001061126813056,-0.0755217418096663,-0.0755217418096663,1000.0,-0.0014509460481804,1000.0,-985.9988240553604,139.9865038422513,-894.0684605677114,-2.8321451198930845,-0.1258695696826635,-0.0100260371931426,42.43786483160011,-26.01501372082714,985.9988240553604,-0.0049477260243975, Competition,Healthy
SRR12328906.bin.41.fbc2XSRR12328906.bin.9.fbc2 ,-0.0982403589258638,-0.0982403589258638,158.3845168933683,-0.0018874228419463,-1000.0,1000.0,171.90576466535867,1000.0,-3.6841172679756937,-0.1637339315431063,-0.0130420918382014,114.90285273996165,-657.8838024876152,-1000.0,-0.006436111891162,-0.0740922911720645,-0.0740922911720645,841.6154831066317,-0.0014234830196073,1000.0,-990.0030211013972,93.69291925869584,-858.4888031366245,-2.7785392105183746,-0.1234871519534408,-0.0098362676657188,1.094722498836063,-5.777533236287809,990.0030211013972,-0.0048540770969793, Competition,Healthy
SRR12328906.bin.41.fbc2XSRR12328906.bin.1.fbc2 ,-0.1696161464403758,-0.1696161464403758,1000.0,-0.0032587155895953,-1000.0,1000.0,-500.0,521.7399507810121,-6.360784720873198,-0.2826935774006642,-0.0225177247243664,912.907768105584,-1000.0,-1000.0,-0.0111122201606121,0.0,0.0,0.0,0.0,1000.0,-1000.0,-500.0,0.0,0.0,0.0,0.0,0.0,0.0,1000.0,0.0, Amensalism,Healthy
SRR12328906.bin.37.fbc2XSRR12328906.bin.27.fbc2 ,-0.2604809693868901,-0.2604809693868901,918.305271494497,-0.0050044374521576,-1000.0,999.6092535237324,911.1317915018636,1000.0,-9.768311596068544,-0.4341349489781123,-0.034580662794724,-118.52223358310356,-500.4341849933527,-999.6092535237324,-0.0170651317120018,-0.0073182756977985,-0.0073182756977985,81.69472850550301,-0.0001406008780122,1000.0,-1000.0,88.86820849813626,-44.3791851946354,-0.2744430717152681,-0.0121971261629596,-0.0009715520667441,0.8672951096838233,-59.45117469723334,1000.0,-0.0004794489938149, Amensalism,Healthy
SRR12328906.bin.5.fbc2XSRR12328906.bin.18.fbc2 ,-0.0895002471272619,-0.0895002471272619,3.758700868405185,-0.0017195052281522,-1000.0,999.75027625571,833.3254436701775,-268.3741428094479,-3.356353840060933,-0.1491670785454744,-0.0118817811268172,477.9912702095162,-0.1491842735977115,-999.75027625571,-0.0058635128281139,-0.117280821215445,-0.117280821215445,996.2412991315948,-0.0022532338369956,1000.0,-1000.0,-1000.0,-513.6905306905006,-4.3981547234418485,-0.1954680353591129,-0.0155698458136157,522.0087297904838,-118.18065055203569,1000.0,-0.0076835273841879, Neutralism,Healthy
SRR12328906.bin.27.fbc2XSRR12328906.bin.26.fbc2 ,-0.0823497606339742,-0.0823497606339742,919.2795701200104,-0.0015821279661167,-1000.0,1000.0,1000.0,-498.6721397746771,-3.088203040810413,-0.13724960105651,-0.0109325042454884,9.759340537421169,-456.8299890773844,-1000.0,-0.0053950563642501,-0.0071250583298478,-0.0071250583298478,80.72042987998952,-0.0001368887287753,1000.0,-688.3813686848266,0.0,-501.3278602253229,-0.2671972162482916,-0.0118750972163752,-0.0009459011154149,26.840505844445943,64.175971804538,688.3813686848266,-0.0004667905649284, Amensalism,Healthy
SRR12328906.bin.46.fbc2XSRR12328906.bin.42.fbc2 ,0.0,0.0,0.0,0.0,-1000.0,1000.0,-1000.0,0.0,0.0,0.0,0.0,0.0,0.0,-1000.0,0.0,-0.2643259099367014,-0.2643259099367014,1000.0,-0.0050783075876097,1000.0,-1000.0,1000.0,-1000.0,-9.91250092954192,-0.44054318322776,-0.0350911054306379,842.6150280539539,-1000.0,1000.0,-0.0173170288738901, Amensalism,Healthy
SRR12328906.bin.30.fbc2XSRR12328906.bin.42.fbc2 ,-0.086077586996339,-0.086077586996339,0.0,-0.0016537480690885,-1000.0,1000.0,-231.3342580580661,1000.0,-3.2280004685068207,-0.1434626449938605,-0.0114273991574691,3.7695864236544594,-335.0192591070445,-1000.0,-0.0056392809156022,-0.2643259099367014,-0.2643259099367014,1000.0,-0.0050783075876097,1000.0,-1000.0,1000.0,-1000.0,-9.91250092954192,-0.44054318322776,-0.0350911054306379,122.42573147931444,-664.9807408929555,1000.0,-0.0173170288738901, Neutralism,Healthy
SRR12328906.bin.30.fbc2XSRR12328906.bin.27.fbc2 ,-0.0861064276438128,-0.0861064276438128,77.98513525042335,-0.0016543021641837,-1000.0,1000.0,0.0,998.286242216074,-3.229082023262549,-0.1435107127397259,-0.01143122795429,81.08587651179141,-528.9713921517377,-1000.0,-0.0056411703797039,-0.08246742602023,-0.08246742602023,922.0148647495766,-0.0015843885882986,0.0,0.0,1000.0,-500.1026248098324,-3.092615617132992,-0.1374457100338304,-0.0109481251450915,11.19506795042605,-457.4809636305261,0.0,-0.0054027650860462, Neutralism,Healthy
SRR12328906.bin.42.fbc2XSRR12328906.bin.8.fbc2 ,-0.2561403962967006,-0.2561403962967006,953.5487441889644,-0.0049210450777081,-1000.0,1000.0,-17.60051803726526,-1000.0,-9.605535518605052,-0.4269006604944252,-0.034004421487225,196.7886825606245,-999.9719401067327,-1000.0,-0.0167807637151327,-0.0748215903973914,-0.0748215903973914,46.45125581103571,-0.0014374945321833,1000.0,-1000.0,-151.91839682789782,470.4941309829494,-2.8058887021009014,-0.1247026506622432,-0.0099330872170639,288.5718164074533,-0.0280598932671409,1000.0,-0.0049018563545359, Neutralism,Healthy
SRR12328906.bin.27.fbc2XSRR12328906.bin.9.fbc2 ,-0.0815323528669296,-0.0815323528669296,910.154755974781,-0.0015664236861994,-1000.0,1000.0,990.0739509047964,-908.3534731014976,-3.0575493858113987,-0.1358872547781402,-0.0108239876716424,9.66246884410998,-456.0796724891484,-1000.0,-0.0053415047699445,-0.0079095978084069,-0.0079095978084069,89.84524402521902,-0.0001519615333336,1000.0,-998.932789347762,9.926049095203552,-91.64652689850244,-0.2966182757013484,-0.0131826630140494,-0.0010500541951614,0.1168652573794588,-0.6167708340655054,998.932789347762,-0.0005181888285505, Amensalism,Healthy
SRR12328906.bin.30.fbc2XSRR12328906.bin.5.fbc2 ,-0.0861064276438128,-0.0861064276438128,866.0367515421935,-0.0016543021641837,-1000.0,1000.0,-27.75384537942944,-27.13537695121488,-3.229082023262549,-0.1435107127397259,-0.01143122795429,311.03464231823546,-510.38486747962304,-1000.0,-0.0056411703797039,-0.0895002471272619,-0.0895002471272619,133.96324845780646,-0.0017195052281522,999.75027625571,-1000.0,-972.2461546205706,-289.4284278468891,-3.356353840060933,-0.1491670785454744,-0.0118817811268172,688.9653576817645,-0.1491842735977115,1000.0,-0.0058635128281139, Neutralism,Healthy
SRR12328906.bin.31.fbc2XSRR12328906.bin.2.fbc2 ,-0.0840519629374512,-0.0840519629374512,999.5635429522904,-0.0016148311804045,-744.0163297392972,1000.0,-1000.0,-521.3974293182648,-3.152037425871413,-0.1400866048958278,-0.0111584834562563,234.1682507435976,-64.16754182302384,-1000.0,-0.0055065743250679,-0.0874745936092722,-0.0874745936092722,0.4364570477096094,-0.0016805877734213,1000.0,-1000.0,1000.0,840.6107571919301,-3.280389692676181,-0.1457909893488249,-0.0116128615146635,-582.1405781477956,-500.0328050733382,1000.0,-0.0057308043075181, Neutralism,Healthy
SRR12328906.bin.31.fbc2XSRR12328906.bin.1.fbc2 ,-0.0367321578012251,-0.0367321578012251,0.0,-0.0007057090836042,-10.671298546010007,1000.0,-1000.0,-982.9643948448016,-1.377494731544175,-0.0612202630019282,-0.0048764497676074,-7.872213055880138,-247.4071781249021,-1000.0,-0.0024064679751063,-0.0684375501598424,-0.0684375501598424,1000.0,-0.0013148424621931,999.897337100548,-1000.0,603.2145383200457,-17.035605155198255,-2.566480447330605,-0.1140625835997752,-0.0090855614141673,-4.943693705029091,-508.8395023435818,1000.0,-0.0044836127962071, Amensalism,Healthy
SRR12328906.bin.24.fbc2XSRR12328906.bin.10.fbc2 ,-0.0848227507622141,-0.0848227507622141,855.3161772119083,-0.0016296397841415,-703.0853268157854,1000.0,-760.0309134642717,-553.4406796614796,-3.180942783770888,-0.1413712512703568,-0.0112608109080838,-1.7578924351046226,435.27799418024006,-1000.0,-0.0055570716638158,-0.2569972058779513,-0.2569972058779513,51.3173551324071,-0.0049375063568959,1000.0,-297.868419818275,-239.96908653572825,230.20055078773748,-9.637666783272834,-0.4283286764632521,-0.0341181689263976,-57.53407063628447,-708.678915552886,297.868419818275,-0.0168368966770913, Neutralism,Healthy
SRR12328906.bin.40.fbc2XSRR12328906.bin.22.fbc2 ,-0.1084597418434896,-0.1084597418434896,486.3810499587416,-0.00208376065018,-1000.0,999.8372999684316,-74.99259291186229,911.1577784138004,-4.067354925965447,-0.180766236405816,-0.014398786093011,-16.80417519952539,-492.3146325879522,-999.8372999684316,-0.0071056238172104,-0.0435009280453186,-0.0435009280453186,513.6189500412584,-0.0008357527001408,0.0,-0.0652555708314821,-925.0074070881376,-1000.0,-1.6313307680968592,-0.0725015467421599,-0.0057750511583662,1000.0,-0.7737607436605458,0.0652555708314821,-0.0028499167076461, Amensalism,Healthy
SRR12328906.bin.10.fbc2XSRR12328906.bin.9.fbc2 ,-0.2558675396592207,-0.2558675396592207,17.120790584912243,-0.0049158028753026,-1000.0,999.2860779484204,866.6029620351387,952.2184545585774,-9.59530310638104,-0.4264458994321103,-0.0339681978682619,-51.162303777203874,-841.4462502684116,-999.2860779484204,-0.0167628878048162,-0.0864719535767335,-0.0864719535767335,982.8792094150876,-0.0016613247564691,1000.0,-992.1903781315737,106.13279342161604,-1000.0,-3.2427896319886718,-0.1441199226278513,-0.0114797540675226,1.2776334973757455,-6.421393982009249,992.1903781315737,-0.0056651174197668, Neutralism,Healthy
SRR12328906.bin.28.fbc2XSRR12328906.bin.18.fbc2 ,-0.1280379366788793,-0.1280379366788793,203.70228255452437,-0.0024599027219665,-1000.0,999.807930795468,-809.9467812728424,1000.0,-4.801557920106802,-0.2133965611313897,-0.0169979278088021,969.0678041300808,-955.549498799342,-999.807930795468,-0.0083882682819194,-0.0949185506200365,-0.0949185506200365,796.2977174454757,-0.0018236032780123,1000.0,-1000.0,433.7842658746965,-56.769973622409225,-3.559545946433218,-0.1581975843668033,-0.0126010986509754,30.93219586991927,-0.1938125563862058,1000.0,-0.0062184871779891, Competition,Healthy
SRR12328906.bin.47.fbc2XSRR12328906.bin.22.fbc2 ,-0.1366074806968527,-0.1366074806968527,193.62298700772223,-0.0026245433371059,-1000.0,999.7950756562382,1000.0,-324.05636020833776,-5.122924876013485,-0.2276791344946787,-0.0181355944594088,0.0,-642.0295036392629,-999.7950756562382,-0.008949692779538,-0.0438727650571308,-0.0438727650571308,806.3770129922777,-0.0008428965428493,0.0,0.2049243437618315,-908.2342374982568,-675.9436397916622,-1.645275048954204,-0.0731212750953318,-0.0058244151113058,1000.0,-3.7327571745025807,-0.2049243437618315,-0.0028742772112764, Neutralism,Healthy
SRR12328906.bin.46.fbc2XSRR12328906.bin.5.fbc2 ,-0.0873176960005821,-0.0873176960005821,985.9095688395888,-0.0016775734102338,-1000.0,999.7563660136376,-1000.0,-1000.0,-3.2745058665581155,-0.1455294933342656,-0.0115920322643887,-10.59407739417827,-245.72319900798004,-999.7563660136376,-0.0057205253287975,-0.0851179053061059,-0.0851179053061059,14.0904311604113,-0.0016353103804931,999.762503873437,-1000.0,587.9849601334781,0.0,-3.1920113910488226,-0.1418631755101387,-0.0112999947293701,12.37335112224821,-0.1418795286139129,1000.0,-0.0055764083975873, Neutralism,Healthy
SRR12328906.bin.7.fbc2XSRR12328906.bin.1.fbc2 ,-0.0991533753328894,-0.0991533753328894,32.56396867151102,-0.0019049639832928,999.8512604121806,-1000.0,-1000.0,-300.5768958684488,-3.71835634800334,-0.1652556255548916,-0.013163301124905,998.705433726253,-497.86736424618977,1000.0,-0.0064959271832094,-0.0662089519205437,-0.0662089519205437,967.436031328489,-0.0012720259735488,-1000.0,999.9006802119897,551.6596143697298,-43.65677942772652,-2.482905658447635,-0.1103482532008683,-0.0087896994768925,1.2945662737469092,-485.4756884341626,-999.9006802119897,-0.0043376085695854, Neutralism,Healthy
SRR12328906.bin.24.fbc2XSRR12328906.bin.2.fbc2 ,-0.0848227507622141,-0.0848227507622141,172.37755459752293,-0.0016296397841415,-1000.0,999.8727577256576,-186.4490745009493,358.6246542596973,-3.180942783770888,-0.1413712512703568,-0.0112608109080838,1.576823158693628,-250.14138754766816,-999.8727577256576,-0.0055570716638158,-0.0874745936092722,-0.0874745936092722,827.6224454024771,-0.0016805877734213,1000.0,-1000.0,1000.0,-13.205218430068271,-3.280389692676181,-0.1457909893488249,-0.0116128615146635,-1000.0,-432.0340205362593,1000.0,-0.0057308043075181, Neutralism,Healthy
SRR12328906.bin.30.fbc2XSRR12328906.bin.18.fbc2 ,-0.0861064276438128,-0.0861064276438128,0.6701081776310502,-0.0016543021641837,-1000.0,1000.0,1000.0,98.02761854154367,-3.229082023262549,-0.1435107127397259,-0.01143122795429,3.77084943899888,-499.7674382017643,-1000.0,-0.0056411703797039,-0.1174127224753647,-0.1174127224753647,999.3298918223692,-0.0022557679629926,0.0,0.0,-1000.0,-521.5476337643167,-4.403101160062647,-0.1956878707921987,-0.0155873566244508,539.1536478993053,-120.9066125439299,0.0,-0.0076921687539197, Neutralism,Healthy
SRR12328906.bin.12.fbc2XSRR12328906.bin.18.fbc2 ,-0.0872670221997395,-0.0872670221997395,4.010426841531967,-0.0016765998501568,0.0,0.0,-611.6772303543648,966.3979344843063,-3.272605545481383,-0.1454450369994901,-0.0115853049644556,242.4896343612079,-127.63862069529728,0.0,-0.0057172054889633,-0.1172700710206982,-0.1172700710206982,995.989573158468,-0.0022530273010943,-1000.0,1000.0,215.6908465302649,-271.7934806864107,-4.3977515797785145,-0.1954501183678303,-0.0155684186504458,292.8728696205303,-57.644309225797656,-1000.0,-0.0076828230966157, Neutralism,Healthy
SRR12328906.bin.46.fbc2XSRR12328906.bin.31.fbc2 ,-0.0873176960005821,-0.0873176960005821,985.6937779119094,-0.0016775734102338,-1000.0,999.7563660136376,-384.8896242438735,-1000.0,-3.2745058665581155,-0.1455294933342656,-0.0115920322643887,-10.59407739417827,-245.6681081961782,-999.7563660136376,-0.0057205253287975,-0.0011368795859425,-0.0011368795859425,14.306222088090747,-2.184206698530033e-05,999.7531938902512,0.2436339863622834,-615.1103757561265,0.0,-0.0426341857875058,-0.00189479930998,-0.0001509286828422,11.605256660551843,-337.3979161273214,-0.2436339863622834,-7.448144833688275e-05, Amensalism,Healthy
SRR12328906.bin.1.fbc2XSRR12328906.bin.22.fbc2 ,-0.0335684604610833,-0.0335684604610833,490.49769289982646,-0.0006449271942301,-1000.0,999.9496440846722,33.52354244761091,-25.118620922351624,-1.2588527382881691,-0.0559474341018813,-0.004456446912286,0.0,-246.1400003976671,-999.9496440846722,-0.0021992017324237,-0.0432281415869511,-0.0432281415869511,509.5023071001736,-0.0008305118460611,0.0,-0.0648463649396262,-1000.0,-941.5305807442612,-1.6211009876619755,-0.0720469026449563,-0.0057388368562669,1000.0,-0.8409638376333533,0.0648463649396262,-0.0028320453950527, Amensalism,Healthy
SRR12328906.bin.47.fbc2XSRR12328906.bin.2.fbc2 ,-0.1366074806968527,-0.1366074806968527,185.78066220663595,-0.0026245433371059,-1000.0,999.7950756562382,296.4089631126617,-266.49906191968194,-5.122924876013485,-0.2276791344946787,-0.0181355944594088,-52.921204364794,-499.9671949266618,-999.7950756562382,-0.008949692779538,-0.0874745936092722,-0.0874745936092722,765.3406886763034,-0.0016805877734213,1000.0,-1000.0,703.5910368873383,507.0725046315984,-3.280389692676181,-0.1457909893488249,-0.0116128615146635,48.89875428000278,-500.0328050733382,1000.0,-0.0057308043075181, Neutralism,Healthy
SRR12328906.bin.28.fbc2XSRR12328906.bin.9.fbc2 ,-0.158664628628685,-0.158664628628685,469.882566057619,-0.0030483117892572,-1000.0,999.761987815498,145.36364835539416,594.1714876366805,-5.950091230722023,-0.2644410477143992,-0.0210638344634617,635.9353580511538,-881.913860425801,-999.761987815498,-0.0103947432012319,-0.0466693116505894,-0.0466693116505894,530.117433942381,-0.0008966246234649,1000.0,-532.9822527261347,289.6607079801797,-1000.0,-1.7501485012505782,-0.0777821860842777,-0.0061956761480814,1.4227729187365412,-118.08613957419902,532.9822527261347,-0.0030574899659541, Competition,Healthy
SRR12328906.bin.7.fbc2XSRR12328906.bin.44.fbc2 ,-0.0204399546897775,-0.0204399546897775,10.399420904863746,-0.0003926984570625,999.9693381044732,-1000.0,0.0,-3.414752630170483,-0.7665198992834803,-0.0340665911496671,-0.0027135463382137,0.0,-978.9997431516476,1000.0,-0.0013391017386084,-0.12832651355086,-0.12832651355086,505.6335092904151,-0.0024654469461893,-1000.0,999.8074979024392,-1000.0,-996.5852473698296,-4.81237985774078,-0.2138775225848803,-0.0170362383984183,1000.0,17.587879654673998,-999.807497902439,-0.008407174086642, Amensalism,Healthy
SRR12328906.bin.9.fbc2XSRR12328906.bin.26.fbc2 ,0.0,0.0,0.0,0.0,-675.3144993455522,1000.0,162.34275032722394,-324.68550065444776,0.0,0.0,0.0,0.0,-81.17137516361197,-1000.0,0.0,-0.0882683397550181,-0.0882683397550181,1000.0,-0.0016958374592377,999.86758901118,-1000.0,80.14857672898529,-675.3144993455522,-3.3101560118739144,-0.1471138995917726,-0.0117182368435351,667.3745685764775,-85.98206186096797,1000.0,-0.0057828057360893, Amensalism,Healthy
SRR12328906.bin.10.fbc2XSRR12328906.bin.18.fbc2 ,-0.2558308606218133,-0.2558308606218133,16.012480599356536,-0.0049150981867569,-1000.0,999.2861802903344,865.7824535491134,952.8396683958032,-9.593927603716564,-0.4263847677029844,-0.0339633284705769,-50.60204172996646,-718.5209846976883,-999.2861802903344,-0.0167604848169276,-0.1167575120108495,-0.1167575120108495,983.9875194006436,-0.0022431798656725,1000.0,-1000.0,134.21754645088663,-683.2717568571604,-4.378530075301569,-0.1945958533515295,-0.0155003728721112,666.8672142606354,-157.55401922730198,1000.0,-0.0076492433421435, Neutralism,Healthy
SRR12328906.bin.40.fbc2XSRR12328906.bin.41.fbc2 ,-0.1015905210805385,-0.1015905210805385,354.8020141524969,-0.0019517871485277,-1000.0,999.8476044594432,-361.1686104085664,939.7319183032578,-3.809751888814617,-0.1693175351342688,-0.0134868491962834,-13.03417753234146,-490.0474536975837,-999.8476044594432,-0.0066555941764363,-0.139526071245541,-0.139526071245541,645.1979858475031,-0.0026806161622516,1000.0,-1000.0,-638.8313895914337,60.26808169674223,-5.232375105595111,-0.232543452075788,-0.01852305768125,1000.0,-509.9525463024163,1000.0,-0.0091409011132554, Competition,Healthy
SRR12328906.bin.7.fbc2XSRR12328906.bin.26.fbc2 ,-0.0982424465940994,-0.0982424465940994,20.780967089358,-0.00188746295089,999.852626892794,-1000.0,-590.8732733253236,-19.301932246406977,-3.684195557741191,-0.1637374109901657,-0.013042368990682,11.306280568453303,-765.4658815433464,1000.0,-0.0064362486625668,-0.0864340382915997,-0.0864340382915997,979.219032910642,-0.0016605963168103,-1000.0,1000.0,-409.1267266746764,-980.698067753593,-3.2413677687305835,-0.1440567304858859,-0.0114747205493586,485.933713710283,483.7207685364665,-1000.0,-0.0056626334404654, Neutralism,Healthy
SRR12328906.bin.44.fbc2XSRR12328906.bin.28.fbc2 ,-0.1136123286017891,-0.1136123286017891,324.7505719789033,-0.0021827536714909,-1000.0,999.829570593329,-552.183977356555,-1000.0,-4.260582374019691,-0.1893538810030577,-0.0150828278700601,653.1935882924386,583.3173470400222,-999.829570593329,-0.0074431900197851,-0.1718109385150228,-0.1718109385150228,675.2494280210967,-0.0033008825843126,0.0,-0.2577329121854745,-447.24775216129433,1000.0,-6.443091742856495,-0.2863515641917047,-0.0228090986578308,346.80641170756144,-1000.0,0.2577329121854745,-0.0112560096125662, Amensalism,Healthy
SRR12328906.bin.30.fbc2XSRR12328906.bin.2.fbc2 ,-0.0861064276438128,-0.0861064276438128,970.0039936223844,-0.0016543021641837,0.0,0.0,0.0,54.98779579744496,-3.229082023262549,-0.1435107127397259,-0.01143122795429,77.66354865832022,-499.9671949266618,0.0,-0.0056411703797039,-0.0874745936092722,-0.0874745936092722,4.258315315121649,-0.0016805877734213,-1000.0,1000.0,1000.0,945.012204202555,-3.280389692676181,-0.1457909893488249,-0.0116128615146635,73.32167993553003,-500.0328050733382,-1000.0,-0.0057308043075181, Neutralism,Healthy
SRR12328906.bin.5.fbc2XSRR12328906.bin.40.fbc2 ,-0.0895002471272619,-0.0895002471272619,3.758700868405185,-0.0017195052281522,999.75027625571,-1000.0,-608.7091753349221,-355.21630997479497,-3.356353840060933,-0.1491670785454744,-0.0118817811268172,651.6756045402092,-0.1491842735977115,1000.0,-0.0058635128281139,-0.1350289938517335,-0.1350289938517335,996.2412991315948,-0.0025942169808104,-1000.0,999.7974435381376,-65.91309259750028,805.6591375651456,-5.063729951375876,-0.2250483230862983,-0.0179260393374534,-20.92067370929169,-493.5346891883949,-999.7974435381374,-0.0088462799045601, Neutralism,Healthy
SRR12328906.bin.1.fbc2XSRR12328906.bin.26.fbc2 ,0.0,0.0,0.0,0.0,-1000.0,1000.0,0.0,0.0,0.0,0.0,0.0,0.0,0.0,-1000.0,0.0,-0.0882683397550181,-0.0882683397550181,1000.0,-0.0016958374592377,999.86758901118,-1000.0,79.3157848694857,-1000.0,-3.3101560118739144,-0.1471138995917726,-0.0117182368435351,992.0593739375668,-3.5494181860076424,1000.0,-0.0057828057360893, Amensalism,Healthy
SRR12328906.bin.2.fbc2XSRR12328906.bin.18.fbc2 ,-0.0874669424740659,-0.0874669424740659,0.1740180447243347,-0.0016804407775907,-1000.0,1000.0,1000.0,1000.0,-3.2801027670196845,-0.1457782374567386,-0.0116118457732454,-257.6508489942246,-500.0328022039788,-1000.0,-0.005730303051564,-0.1174339084716393,-0.1174339084716393,999.8259819552756,-0.0022561749946135,0.0,0.0,0.0,-813.1764366403457,-4.4038956573131145,-0.1957231807861035,-0.0155901692130555,832.2742607536766,-0.2397862784317794,0.0,-0.0076935567317377, Neutralism,Healthy
SRR12328906.bin.44.fbc2XSRR12328906.bin.22.fbc2 ,-0.1009236175254955,-0.1009236175254955,182.36260407144687,-0.0019389744001045,-1000.0,999.8486048788398,-383.090910851574,-881.0530056961293,-3.784742300799394,-0.1682060292091591,-0.0133983131047443,350.07999877068346,514.9097764934195,-999.8486048788398,-0.0066119027043214,-0.0285137875198415,-0.0285137875198415,817.6373959285531,-0.0005478153221929,0.0,-0.0427734203564114,-616.909089148426,-118.94699430387072,-1.0692971618389038,-0.0475229791998117,-0.0037854038763498,649.9200012293165,-2.338014622388414,0.0427734203564114,-0.0018680502486176, Competition,Healthy
SRR12328906.bin.40.fbc2XSRR12328906.bin.8.fbc2 ,-0.1166700802210698,-0.1166700802210698,953.615421766552,-0.0022415001003537,-1000.0,999.824983672168,-894.8929468577286,620.5892148629509,-4.375251290794381,-0.1944501337017072,-0.015488765693135,292.1664228377099,-526.933965196625,-999.824983672168,-0.0076435153420106,-0.0747141891589535,-0.0747141891589535,46.38457823344811,-0.0014354311077795,1000.0,-1000.0,-44.08050449753921,379.41078513704906,-2.801861042172732,-0.1245236485982559,-0.0099188289545963,481.2963209642808,-0.0280196152234566,1000.0,-0.0048948200774248, Amensalism,Healthy
SRR12328906.bin.9.fbc2XSRR12328906.bin.8.fbc2 ,-0.0839464252017023,-0.0839464252017023,953.5487441889644,-0.0016128035581459,-961.3396256331245,1000.0,119.8208077327622,-1000.0,-3.148079649259444,-0.1399107086695039,-0.0111444725868068,1.240318512377371,-13.379388250155785,-1000.0,-0.0054996601332959,-0.0748215903973914,-0.0748215903973914,46.45125581103571,-0.0014374945321833,1000.0,-1000.0,-69.71424074945662,634.9024431398323,-2.8058887021009014,-0.1247026506622432,-0.0099330872170639,206.3676603290121,-0.0280598932671409,1000.0,-0.0049018563545359, Neutralism,Healthy
SRR12328906.bin.47.fbc2XSRR12328906.bin.9.fbc2 ,-0.1302532852309923,-0.1302532852309923,19.654676879120075,-0.002502464653844,-1000.0,999.8046075598302,0.0,0.0,-4.884635831719947,-0.2170888087183584,-0.0172920307578579,-42.85262180935979,-715.7181602730193,-999.8046075598302,-0.0085334044695173,-0.08630548342785,-0.08630548342785,980.34532312088,-0.0016581264827664,1000.0,-988.3551435242048,109.13703116030706,-1000.0,-3.23654682549909,-0.1438424723796743,-0.0114576539958761,1.275173880936336,-6.72988769938388,988.3551435242048,-0.0056542113062505, Neutralism,Healthy
SRR12328906.bin.46.fbc2XSRR12328906.bin.24.fbc2 ,-0.0873176960005821,-0.0873176960005821,985.6937779119094,-0.0016775734102338,-1000.0,999.7563660136376,-1000.0,-1000.0,-3.2745058665581155,-0.1455294933342656,-0.0115920322643887,-10.59407739417827,-245.6681081961783,-999.7563660136376,-0.0057205253287975,-0.0848227507622141,-0.0848227507622141,14.306222088090747,-0.0016296397841415,405.1112816948721,0.2436339863622834,0.0,0.0,-3.180942783770888,-0.1413712512703568,-0.0112608109080838,3.060970126101552,-165.27769540375618,-0.2436339863622834,-0.0055570716638158, Neutralism,Healthy
SRR12328906.bin.12.fbc2XSRR12328906.bin.40.fbc2 ,-0.0872670221997395,-0.0872670221997395,4.010426841532308,-0.0016765998501568,1000.0,-1000.0,-169.0464116339333,433.3927870456673,-3.272605545481383,-0.1454450369994901,-0.0115853049644556,275.54872859432953,-82.80255311081157,1000.0,-0.0057172054889633,-0.1283532910209714,-0.1283532910209714,995.9895731584676,-0.0024659614028905,-1000.0,999.8074577336616,174.4603480985461,566.6072129543327,-4.813384041163545,-0.2139221517015812,-0.0170397932940886,724.4512714056705,-566.5185155760839,-999.8074577336616,-0.0084089283839148, Neutralism,Healthy
SRR12328906.bin.47.fbc2XSRR12328906.bin.31.fbc2 ,-0.1316471097337626,-0.1316471097337626,35.91631604236272,-0.0025292432225114,0.0,-0.1974833108166649,1000.0,-477.1088279687867,-4.936905723391874,-0.2194118495561952,-0.0174770706678373,280.110496480982,-734.1902263918421,0.1974833108166649,-0.0086247193888766,-0.0830454936938167,-0.0830454936938167,964.0836839576372,-0.001595494595449,-1000.0,1000.0,-1000.0,-522.8911720312133,-3.1142937657192533,-0.1384091561562854,-0.0110248676546689,87.79961845867206,-0.1695691656057079,-1000.0,-0.0054406365704835, Neutralism,Healthy
SRR12328906.bin.5.fbc2XSRR12328906.bin.8.fbc2 ,-0.0895002471272619,-0.0895002471272619,196.56236968437,-0.0017195052281522,-1000.0,999.75027625571,227.93184923076117,-162.95131678115263,-3.356353840060933,-0.1491670785454744,-0.0118817811268172,170.809554819921,-0.1491842735977115,-999.75027625571,-0.0058635128281139,-0.0748215582333386,-0.0748215582333386,335.9016261143845,-0.0014374939141816,1000.0,-1000.0,-361.0658228822044,10.177644940767095,-2.8058874959157265,-0.1247025970556023,-0.0099330829469863,829.190445180079,-67.26103947851061,1000.0,-0.0049018542473504, Neutralism,Healthy
SRR12328906.bin.5.fbc2XSRR12328906.bin.26.fbc2 ,-0.0895002471272619,-0.0895002471272619,3.758700868405185,-0.0017195052281522,-1000.0,999.75027625571,-470.5001312301948,-193.31131884280364,-3.356353840060933,-0.1491670785454744,-0.0118817811268172,403.9784915710368,-0.1491842735977115,-999.75027625571,-0.0058635128281139,-0.0879365654697039,-0.0879365654697039,996.2412991315948,-0.0016894633135962,999.8680867044789,-1000.0,-122.90075874034324,-806.6886811571964,-3.2977141255975084,-0.1465609424495824,-0.0116741914965814,596.0215084289632,150.57520092021423,1000.0,-0.005761069899222, Neutralism,Healthy
SRR12328906.bin.7.fbc2XSRR12328906.bin.40.fbc2 ,-0.0991533753328894,-0.0991533753328894,32.56396867151079,-0.0019049639832928,999.8512604121806,-1000.0,-918.8770761601588,-7.26408485983643,-3.71835634800334,-0.1652556255548916,-0.013163301124905,-12.112027701041484,-388.17803840250417,1000.0,-0.0064959271832094,-0.1335280423808171,-0.1335280423808171,967.4360313284892,-0.0025653802571241,-1000.0,999.7996951095274,-81.12292383984129,811.62987666187,-5.007442685195656,-0.2225467373013998,-0.0177267775763994,-20.68812427615603,-493.4640098391109,-999.7996951095274,-0.0087479466766353, Neutralism,Healthy
SRR12328906.bin.46.fbc2XSRR12328906.bin.12.fbc2 ,-0.0873175270585306,-0.0873175270585306,985.6964431046448,-0.0016775701644746,-1000.0,999.75636648502,-908.724842667466,-1000.0,-3.2744995310520157,-0.145529211764142,-0.0115920098362494,-10.590315915316182,-245.6698868800272,-999.75636648502,-0.0057205142607017,-0.0011935676340044,-0.0011935676340044,14.303556895354973,-2.2931174498808105e-05,1000.0,-1000.0,-91.27515733253392,125.12084856735646,-0.0447600474897171,-0.0019892793900453,-0.0001584544160095,768.1661856398937,-23.253526857640736,1000.0,-7.8195305150075e-05, Amensalism,Healthy
SRR12328906.bin.47.fbc2XSRR12328906.bin.27.fbc2 ,-0.1335890918530822,-0.1335890918530822,80.70039989877114,-0.002566553157635,-1000.0,999.7996035294544,0.0,-75.98789800582801,-5.009732104916111,-0.2226484864219173,-0.0177348823190186,-21.92767199869718,-543.1653278787753,-999.7996035294544,-0.0087519462674663,-0.0823509228180228,-0.0823509228180228,919.2996001012287,-0.0015821502943254,1000.0,-1000.0,1000.0,-924.012101994172,-3.088246623942496,-0.1372515380300001,-0.0109326585336475,9.766534659165814,-456.8346721212247,1000.0,-0.0053951325035086, Neutralism,Healthy
SRR12328906.bin.31.fbc2XSRR12328906.bin.41.fbc2 ,-0.0454646021275948,-0.0454646021275948,175.9955251593551,-0.0008734793876783,-267.5037402544747,1000.0,-774.7961482495625,-913.8226907513172,-1.7049706211521425,-0.0757743368793626,-0.0060357425687698,-6.651493128255652,-183.2168983257017,-1000.0,-0.0029785647119524,-0.154690305056306,-0.154690305056306,824.0044748406449,-0.0029719559088334,1000.0,-1000.0,-225.20385175043748,11.410111442660307,-5.801049897185408,-0.2578171750938054,-0.020536215330253,850.1881071028843,-816.7831016742983,1000.0,-0.0101343696492222, Amensalism,Healthy
SRR12328906.bin.30.fbc2XSRR12328906.bin.9.fbc2 ,-0.0861064276438128,-0.0861064276438128,0.6701081776309366,-0.0016543021641837,-1000.0,1000.0,750.0134256983704,18.35948081542313,-3.229082023262549,-0.1435107127397259,-0.01143122795429,3.77084943899888,-334.94008218788986,-1000.0,-0.0056411703797039,-0.0869488494030292,-0.0869488494030292,999.3298918223692,-0.001670487020192,1000.0,-986.6322730752144,114.1554280331152,-1000.0,-3.2606737294006507,-0.1449147490051245,-0.0115430653097519,6.799714411074319,-7.835566872924801,986.6322730752144,-0.0056963607389661, Neutralism,Healthy
SRR12328906.bin.12.fbc2XSRR12328906.bin.37.fbc2 ,-0.0870931120241493,-0.0870931120241493,0.0167325863639007,-0.0016732586364014,1000.0,-1000.0,-174.9078642441989,565.8393593113722,-3.2660837301299352,-0.1451551867069156,-0.0115622171774703,130.1037141318766,-140.8609765779296,1000.0,-0.0057058119500652,-0.2677713525289391,-0.2677713525289391,999.983267413636,-0.0051445024500935,-677.749948612343,1000.0,1000.0,434.16064068862784,-10.041708667469493,-0.4462855875482319,-0.0355485119303011,108.18098242383483,-352.73252587900686,-1000.0,-0.0175427533549736, Neutralism,Healthy
SRR12328906.bin.24.fbc2XSRR12328906.bin.44.fbc2 ,-0.0848227507622141,-0.0848227507622141,259.2533523954912,-0.0016296397841415,-1000.0,999.8727577256576,0.0,-104.00262556249083,-3.180942783770888,-0.1413712512703568,-0.0112608109080838,0.0,144.7742008120306,-999.8727577256576,-0.0055570716638158,-0.1288342748906643,-0.1288342748906643,505.6557999156762,-0.0024752022072789,999.8067362116532,-1000.0,-1000.0,-895.9973744375092,-4.831421444519947,-0.2147237914844026,-0.0171036472524974,1000.0,-7.486119127901361,1000.0,-0.0084404395269075, Neutralism,Healthy
SRR12328906.bin.30.fbc2XSRR12328906.bin.24.fbc2 ,-0.0861064276438128,-0.0861064276438128,590.4451980809065,-0.0016543021641837,1000.0,-1000.0,1000.0,1000.0,-3.229082023262549,-0.1435107127397259,-0.01143122795429,3.77084943899888,-813.4249384574796,1000.0,-0.0056411703797039,-0.0848227507622141,-0.0848227507622141,409.5548019190935,-0.0016296397841415,-0.3477589761666877,1000.0,0.0,-893.4036203586282,-3.180942783770888,-0.1413712512703568,-0.0112608109080838,4.473524171322424,155.1812598388492,-1000.0,-0.0055570716638158, Neutralism,Healthy
SRR12328906.bin.46.fbc2XSRR12328906.bin.1.fbc2 ,-0.0873176960005821,-0.0873176960005821,985.6937779119093,-0.0016775734102338,-1000.0,999.7563660136376,-1000.0,-1000.0,-3.2745058665581155,-0.1455294933342656,-0.0115920322643887,-10.59407739417827,-245.6681081961782,-999.7563660136376,-0.0057205253287975,-0.0009790827917868,-0.0009790827917868,14.306222088090864,-1.8810428286997197e-05,999.9985312817604,-1000.0,0.0,0.0,-0.0367166392642275,-0.0016318046529022,-0.0001299800593415,0.1519224866705144,-7.369299186490821,1000.0,-6.414356039385893e-05, Amensalism,Healthy
SRR12328906.bin.5.fbc2XSRR12328906.bin.10.fbc2 ,-0.0895002471272619,-0.0895002471272619,948.7535475482376,-0.0017195052281522,-1000.0,999.75027625571,-1000.0,-302.4538912971035,-3.356353840060933,-0.1491670785454744,-0.0118817811268172,84.54006737460509,-0.1491842735977115,-999.75027625571,-0.0058635128281139,-0.2566421254033457,-0.2566421254033457,51.24645245176248,-0.0049306844457532,999.283916697938,-1000.0,403.8970812782004,928.99675433002,-9.624350890270987,-0.4277368756722808,-0.0340710295204189,-57.45457862376816,-981.906724263334,1000.0,-0.0168136339601687, Neutralism,Healthy
SRR12328906.bin.1.fbc2XSRR12328906.bin.9.fbc2 ,-0.0013451179347612,-0.0013451179347612,19.65467687912019,-2.584280377959658e-05,-1000.0,999.9979821938836,-478.3588644978996,0.0,-0.0504433439089098,-0.0022418632246399,-0.0001785737738373,0.2087194905680007,-10.138631334674756,-999.9979821938838,-8.812396072244155e-05,-0.08630548342785,-0.08630548342785,980.3453231208798,-0.0016581264827664,1000.0,-988.3551435242052,108.307967918925,-1000.0,-3.23654682549909,-0.1438424723796743,-0.0114576539958761,1.275173880936336,-6.729887699383767,988.3551435242052,-0.0056542113062505, Amensalism,Healthy
SRR12328906.bin.9.fbc2XSRR12328906.bin.42.fbc2 ,0.0,0.0,0.0,0.0,-1000.0,1000.0,0.0,0.0,0.0,0.0,0.0,0.0,0.0,-1000.0,0.0,-0.2643259099367014,-0.2643259099367014,1000.0,-0.0050783075876097,1000.0,-1000.0,1000.0,-231.2432451149732,-9.91250092954192,-0.44054318322776,-0.0350911054306379,240.5905166446346,-1000.0,1000.0,-0.0173170288738901, Amensalism,Healthy
SRR12328906.bin.5.fbc2XSRR12328906.bin.27.fbc2 ,-0.0895002471272619,-0.0895002471272619,77.98513525042063,-0.0017195052281522,-1000.0,999.75027625571,0.0,-193.5088609815916,-3.356353840060933,-0.1491670785454744,-0.0118817811268172,297.1678253664975,-0.1491842735977115,-999.75027625571,-0.0058635128281139,-0.08246742602023,-0.08246742602023,922.0148647495794,-0.0015843885882986,1000.0,-1000.0,1000.0,-806.4911390184084,-3.092615617132992,-0.1374457100338304,-0.0109481251450915,11.195067950425935,-518.1576895575248,1000.0,-0.0054027650860462, Neutralism,Healthy
SRR12328906.bin.44.fbc2XSRR12328906.bin.41.fbc2 ,-0.1222792898558964,-0.1222792898558964,425.8096913538284,-0.0023492658954182,-1000.0,999.8165693188866,-1000.0,-1000.0,-4.585602579219199,-0.2037988164264561,-0.0162334273372835,853.8414828401442,275.39548238274347,-999.8165693188868,-0.0080109967033195,-0.1335040469582509,-0.1335040469582509,574.1903086461716,-0.0025649192499486,1000.0,-1000.0,255.3194106304502,863.8340411596141,-5.006542831491629,-0.2225067449303424,-0.0177235920169778,146.15851715985582,-1000.0,1000.0,-0.0087463746422145, Amensalism,Healthy
SRR12328906.bin.31.fbc2XSRR12328906.bin.40.fbc2 ,-0.0441700298192699,-0.0441700298192699,148.67914702092662,-0.0008486076814051,-153.8582591033321,1000.0,-996.901462210426,-1000.0,-1.6564227916458094,-0.0736167163654499,-0.0058638790787881,258.6165313652539,-211.6256252485512,-1000.0,-0.0028937521936995,-0.1274771536039907,-0.1274771536039907,851.3208529790734,-0.002449128791568,-0.1912279760499586,0.0,-3.0985377895740385,835.653534061199,-4.78052796223335,-0.2124619226733557,-0.0169234799501509,-19.75063177072775,-493.1865776334844,0.0,-0.0083515291794356, Amensalism,Healthy
SRR12328906.bin.44.fbc2XSRR12328906.bin.9.fbc2 ,-0.0961103920235473,-0.0961103920235473,228.34680006576536,-0.0018465012876731,-1000.0,999.8558251794582,-1000.0,-214.90535913009512,-3.604241258454977,-0.160183986705988,-0.0127593238978533,456.86947937918217,-92.68451227023002,-999.8558251794582,-0.0062965693909973,-0.0678886673385932,-0.0678886673385932,771.6531999342346,-0.0013042971630738,1000.0,-993.868707723878,83.32428733586357,-785.0946408699049,-2.545896761542849,-0.113147778897769,-0.0090126933969258,1.0030632117856155,-5.041402002189784,993.8687077238778,-0.0044476533261104, Competition,Healthy
SRR12328906.bin.2.fbc2XSRR12328906.bin.22.fbc2 ,-0.0874745936092722,-0.0874745936092722,180.38275188538276,-0.0016805877734213,1000.0,-1000.0,1000.0,1000.0,-3.280389692676181,-0.1457909893488249,-0.0116128615146635,-717.9480444926685,-500.0328050733382,1000.0,-0.0057308043075181,-0.0438727650571308,-0.0438727650571308,819.6172481146173,-0.0008428965428493,-1000.0,999.9341866379314,-570.741719958894,-1000.0,-1.645275048954204,-0.0731212750953318,-0.0058244151113058,1000.0,-3.524258617526698,-999.9341866379316,-0.0028742772112764, Neutralism,Healthy
SRR12328906.bin.10.fbc2XSRR12328906.bin.40.fbc2 ,-0.2368019153489058,-0.2368019153489058,19.66058707266916,-0.0045495084600588,1000.0,-968.2870699623898,492.3837068377527,195.4564244126784,-8.880322048549488,-0.3946698589148809,-0.0314371034594387,288.80534532807815,-509.6637979530519,968.2870699623898,-0.0155138238490053,-0.1339839822377371,-0.1339839822377371,980.3394129273308,-0.0025741399084608,-1000.0,999.7990111559438,-42.58681876980677,804.5435755873216,-5.024540911608028,-0.2233066370628194,-0.0177873067677865,-4.890840084760271,-490.3362020469481,-999.799011155944,-0.0087778170880028, Neutralism,Healthy
SRR12328906.bin.12.fbc2XSRR12328906.bin.27.fbc2 ,-0.0872670221997395,-0.0872670221997395,77.98513525042199,-0.0016765998501568,-1000.0,1000.0,-197.8055451282071,542.0236461798929,-3.272605545481383,-0.1454450369994901,-0.0115853049644556,988.804932049574,-159.37467336061536,-1000.0,-0.0057172054889633,-0.08246742602023,-0.08246742602023,922.014864749578,-0.0015843885882986,0.0,0.0,1000.0,-927.038192534567,-3.092615617132992,-0.1374457100338304,-0.0109481251449778,11.195067950425935,-457.6768772404388,0.0,-0.0054027650860462, Neutralism,Healthy
SRR12328906.bin.40.fbc2XSRR12328906.bin.2.fbc2 ,-0.135216015736205,-0.135216015736205,999.8278558080152,-0.0025978101006103,-1000.0,999.7971629873452,-543.7903436309588,804.9281680231047,-5.070743469662375,-0.2253600262270083,-0.0179508677950934,637.7312747242602,-493.5414031259955,-999.7971629873452,-0.0088585324430141,-0.0874668605310944,-0.0874668605310944,0.1721441919846711,-0.0016804392032554,1000.0,-1000.0,-432.4656001981673,195.07183197689528,-3.2800996940723053,-0.1457781008851952,-0.0116118348946656,-157.00654604073793,-500.0323337508202,1000.0,-0.0057302976831579, Neutralism,Healthy
SRR12328906.bin.5.fbc2XSRR12328906.bin.1.fbc2 ,-0.0895002471272619,-0.0895002471272619,3.758700868405185,-0.0017195052281522,-1000.0,999.75027625571,-166.674126453515,-268.3737129331413,-3.356353840060933,-0.1491670785454744,-0.0118817811268172,477.9904104569023,-0.1491842735977115,-999.75027625571,-0.0058635128281139,-0.0681803138807026,-0.0681803138807026,996.2412991315948,-0.0013099003626848,999.8977229796772,-1000.0,567.6501899313123,-57.00489456959633,-2.556833815044456,-0.1136338564677998,-0.0090514115065616,13.263557677309336,-499.9306567880288,1000.0,-0.0044667602369372, Neutralism,Healthy
SRR12328906.bin.12.fbc2XSRR12328906.bin.7.fbc2 ,-0.0872670221997395,-0.0872670221997395,317.8389108978454,-0.0016765998501568,1000.0,-1000.0,0.0,0.0,-3.272605545481383,-0.1454450369994901,-0.0115853049644556,265.7020265873716,-107.54360743310052,1000.0,-0.0057172054889633,-0.09983886525049,-0.09983886525049,682.1610891021546,-0.0019181338184353,-1000.0,999.8502321114552,-1000.0,-1000.0,-3.744062944251823,-0.1663981087507409,-0.0132543046854607,603.7323184452441,-497.8526204182353,-999.8502321114552,-0.0065408363209371, Neutralism,Healthy
SRR12328906.bin.47.fbc2XSRR12328906.bin.41.fbc2 ,-0.1316471097337626,-0.1316471097337626,35.916316042362496,-0.0025292432225114,-1000.0,999.8025166891834,542.3988798743733,-456.75414958924046,-4.936905723391874,-0.2194118495561952,-0.0174770706678373,243.75058176006223,-80.1380931932099,-999.8025166891832,-0.0086247193888766,-0.1665701528796717,-0.1665701528796717,964.0836839576376,-0.003200195060117,1000.0,-1000.0,206.29018647868247,12.286380886548727,-6.246556743717065,-0.2776169214661195,-0.0221133478654564,756.2494182399378,-919.86190680679,1000.0,-0.0109126651550468, Neutralism,Healthy
SRR12328906.bin.8.fbc2XSRR12328906.bin.26.fbc2 ,-0.0748215903973914,-0.0748215903973914,46.45125581103571,-0.0014374945321833,-1000.0,1000.0,-266.0684794013701,634.902443139832,-2.8058887021009014,-0.1247026506622432,-0.0099330872170639,402.7218989809253,-164.43637205014977,-1000.0,-0.0049018563545359,-0.0841681645250673,-0.0841681645250673,953.5487441889644,-0.0016170636796459,999.873739667894,-1000.0,0.0,-680.4813420856412,-3.1563951081919868,-0.1402802742084077,-0.0111739100262866,597.2781010190747,3.980073276959729,1000.0,-0.0055141871475825, Neutralism,Healthy
SRR12328906.bin.46.fbc2XSRR12328906.bin.26.fbc2 ,-0.0873066307925682,-0.0873066307925682,985.5688673018872,-0.0016773608221001,-1000.0,999.7563968878004,-1000.0,-999.8732764547964,-3.274090909565871,-0.1455110513209092,-0.0115905632810608,-10.592734875132692,-245.6369762625642,-999.7563968878002,-0.0057198004035399,-0.0012738121240545,-0.0012738121240545,14.43113269811272,-2.4472855443491422e-05,999.9980891594496,-1000.0,1.1688936890725472,-0.1267235452036175,-0.0477693006588424,-0.0021230202067954,-0.0001691074309064,0.0121313167908283,-3.645532217495088,1000.0,-8.345243691110227e-05, Amensalism,Healthy
SRR12328906.bin.46.fbc2XSRR12328906.bin.44.fbc2 ,-0.059182313696624,-0.059182313696624,668.0849477851561,-0.0011370281209792,-1000.0,999.834869405991,-251.60766166672624,-680.8998714831164,-2.219399300172085,-0.0986371894944113,-0.0078568643159542,-7.180469027323056,-169.48984530081486,-999.834869405991,-0.0038772658924699,-0.0968950920055249,-0.0968950920055249,331.91505221484385,-0.0018615771758732,999.8546480541058,-1000.0,-748.3923383332738,-319.1001285168836,-3.633668336950791,-0.1614918200091324,-0.0128634982854691,664.007419655692,-249.72644502603885,1000.0,-0.0063479781698561, Competition,Healthy
SRR12328906.bin.5.fbc2XSRR12328906.bin.37.fbc2 ,-0.0895002471272619,-0.0895002471272619,3.758700868405185,-0.0017195052281522,0.0,-0.2497237442900086,0.0,-283.9367695760036,-3.356353840060933,-0.1491670785454744,-0.0118817811268172,509.1165237426266,-0.1491842735977115,0.2497237442900086,-0.0058635128281139,-0.2674373533633343,-0.2674373533633343,996.2412991315948,-0.0051380855593379,-1000.0,999.5988182795272,876.0349392675414,523.4157048197976,-10.029183345832166,-0.4457289222723375,-0.0355041712150523,-33.59777308825221,-250.4457803031279,-999.5988182795272,-0.0175208717573696, Neutralism,Healthy
SRR12328906.bin.24.fbc2XSRR12328906.bin.7.fbc2 ,-0.0848227507622141,-0.0848227507622141,235.42254969725516,-0.0016296397841415,999.484756839702,0.1497678885447158,0.0,482.2362419046426,-3.180942783770888,-0.1413712512703568,-0.0112608109080838,-1.7578924351046226,-548.7287918472261,-0.1497678885447158,-0.0055570716638158,-0.09983886525049,-0.09983886525049,56.65495952871902,-0.0019181338184353,-1000.0,999.8502321114552,-1000.0,-576.9972604802883,-3.744062944251823,-0.1663981087507409,-0.0132543046854607,574.7188377989185,-451.27120815277385,-999.8502321114552,-0.0065408363209371, Neutralism,Healthy
SRR12328906.bin.8.fbc2XSRR12328906.bin.18.fbc2 ,-0.0748215903973914,-0.0748215903973914,46.45125581103571,-0.0014374945321833,-1000.0,1000.0,-141.12310242607668,224.44749601566943,-2.8058887021009014,-0.1247026506622432,-0.0099330872170639,765.2604932053428,-0.0280598932671409,-1000.0,-0.0049018563545359,-0.1136628458942823,-0.1136628458942823,953.5487441889644,-0.0021837242246647,0.0,0.0,226.25958601712227,-265.6796689836915,-4.262476825869726,-0.1894380764905463,-0.015089534392473,234.73950679465725,-49.65680936349133,0.0,-0.0074464996060896, Neutralism,Healthy
SRR12328906.bin.42.fbc2XSRR12328906.bin.18.fbc2 ,-0.2643259099367014,-0.2643259099367014,1000.0,-0.0050783075876097,-1000.0,1000.0,1000.0,-1000.0,-9.91250092954192,-0.44054318322776,-0.0350911054306379,237.78341272900457,-1000.0,-1000.0,-0.0173170288738901,0.0,0.0,0.0,0.0,1000.0,-1000.0,-1000.0,0.0,0.0,0.0,0.0,0.0,0.0,1000.0,0.0, Amensalism,Healthy
SRR12328906.bin.30.fbc2XSRR12328906.bin.47.fbc2 ,-0.0861064276438128,-0.0861064276438128,91.82125555473816,-0.0016543021641837,-1000.0,1000.0,0.0,994.6543376158407,-3.229082023262549,-0.1435107127397259,-0.01143122795429,90.9260630246531,-537.086633662288,-1000.0,-0.0056411703797039,-0.1366074806968527,-0.1366074806968527,186.11615726174023,-0.0026245433371059,999.7950756562382,-1000.0,1000.0,-189.88339554353763,-5.122924876013485,-0.2276791344946787,-0.0181355944594088,865.4127784472159,-462.913366337712,1000.0,-0.008949692779538, Neutralism,Healthy
SRR12328906.bin.12.fbc2XSRR12328906.bin.22.fbc2 ,-0.0872670221997395,-0.0872670221997395,460.0963420247229,-0.0016765998501568,1000.0,-1000.0,36.32722011054421,-2.39956289897259,-3.272605545481383,-0.1454450369994901,-0.0115853049644556,12.755342491505758,-190.4766299912532,1000.0,-0.0057172054889633,-0.0433131529127877,-0.0433131529127877,539.9036579752772,-0.0008321451088022,-1000.0,999.9350261099052,-866.1932264882566,-997.6004371010274,-1.6242890022120946,-0.0721885881880552,-0.0057501227017837,987.244657508494,-3.551502401470543,-999.9350261099052,-0.0028376148210327, Neutralism,Healthy
SRR12328906.bin.44.fbc2XSRR12328906.bin.1.fbc2 ,-0.1285417819361782,-0.1285417819361782,498.83204788395824,-0.00246958274613,-1000.0,999.807174979182,-1000.0,-1000.0,-4.820452649656886,-0.2142363032269258,-0.0170648167758145,1000.0,16.35730601483067,-999.807174979182,-0.0084212771643024,-0.0342987068614775,-0.0342987068614775,501.16795211604176,-0.0006589569042034,999.9485486449234,-1000.0,676.0192545646205,239.60680025276477,-1.2862377499345712,-0.0571645114357579,-0.0045533922077538,0.0,-317.050176245642,1000.0,-0.0022470430432122, Amensalism,Healthy
SRR12328906.bin.12.fbc2XSRR12328906.bin.44.fbc2 ,-0.0870931120241493,-0.0870931120241493,495.70834936447113,-0.0016732586364014,-1000.0,1000.0,53.00122713131714,-70.24911879953595,-3.2660837301299352,-0.1451551867069156,-0.0115622171774703,2.718050062086604,-184.6170915992874,-1000.0,-0.0057058119500652,-0.128717548887721,-0.128717548887721,504.29165063552887,-0.0024729596327688,999.8069113118704,-1000.0,-1000.0,-891.367982227503,-4.827044096067539,-0.2145292481461638,-0.0170881510626941,997.2819499379134,361.6989890648331,1000.0,-0.0084327923478895, Neutralism,Healthy
SRR12328906.bin.24.fbc2XSRR12328906.bin.40.fbc2 ,-0.0848227507622141,-0.0848227507622141,0.0,-0.0016296397841415,999.3860225839272,0.2028503831455737,0.0,-12.226475690701022,-3.180942783770888,-0.1413712512703568,-0.0112608109080838,1.576823158693628,-178.93582961314098,-0.2028503831455737,-0.0055570716638158,-0.1352249288258917,-0.1352249288258917,1000.0,-0.0025979813415233,-1000.0,999.7971496168544,-28.6711720363719,804.887352513043,-5.071077719944356,-0.2253748813765241,-0.0179520510698694,-20.951030831450566,-493.54268581288056,-999.7971496168544,-0.0088591163745377, Neutralism,Healthy
SRR12328906.bin.5.fbc2XSRR12328906.bin.22.fbc2 ,-0.0895002471272619,-0.0895002471272619,459.2165106998336,-0.0017195052281522,-1000.0,999.75027625571,760.4632386733367,-51.50016170227161,-3.356353840060933,-0.1491670785454744,-0.0118817811268172,11.146520691219166,-0.1491842735977115,-999.75027625571,-0.0058635128281139,-0.0433837363736984,-0.0433837363736984,540.7834893001664,-0.0008335011791587,1000.0,-953.1699913019684,-1000.0,-869.75239998171,-1.626935956578336,-0.0723062272894594,-0.0057594931478206,988.8534793087808,-27.004834193275546,953.1699913019684,-0.0028422390208788, Neutralism,Healthy
SRR12328906.bin.46.fbc2XSRR12328906.bin.27.fbc2 ,-0.0071506203196349,-0.0071506203196349,80.7204298799893,-0.0001373798331769,-1000.0,999.98004832682,-1000.0,-412.3812710060981,-0.2681558178778687,-0.0119177005327628,-0.0009492946476257,990.2406594625786,-102.74057048981524,-999.98004832682,-0.0004684652312789,-0.0823497606339742,-0.0823497606339742,919.2795701200108,-0.0015821279661167,1000.0,-1000.0,1000.0,-587.6187289939019,-3.088203040810413,-0.13724960105651,-0.0109325042454884,9.75934053742128,-456.8299890773842,1000.0,-0.0053950563642501, Amensalism,Healthy
SRR12328906.bin.28.fbc2XSRR12328906.bin.2.fbc2 ,-0.1796477730714514,-0.1796477730714514,999.8278558080152,-0.0034514461684693,-1000.0,999.730511083162,-560.8154119991299,494.6396239038413,-6.736981319718552,-0.2994129551191236,-0.0238494930244996,919.4705292356628,-715.1790173982231,-999.730511083162,-0.0117694314346863,-0.0874668605310944,-0.0874668605310944,0.1721441919846711,-0.0016804392032554,1000.0,-1000.0,-326.0598144999205,0.1132607178681155,-3.2800996940723053,-0.1457781008851952,-0.0116118348946656,-2.745219654542211,-284.8209826017769,1000.0,-0.0057302976831579, Neutralism,Healthy
SRR12328906.bin.47.fbc2XSRR12328906.bin.7.fbc2 ,-0.1366074806968527,-0.1366074806968527,216.734657551729,-0.0026245433371059,999.7950756562382,-1000.0,381.325867965134,-291.0816283748171,-5.122924876013485,-0.2276791344946787,-0.0181355944594088,-56.97573013913507,-502.1473795817647,1000.0,-0.008949692779538,-0.09983886525049,-0.09983886525049,705.7769203768648,-0.0019181338184353,-1000.0,999.8502321114552,-480.2702940910556,-708.9183716251829,-3.744062944251823,-0.1663981087507409,-0.0132543046854607,123.37764989357402,-497.8526204182353,-999.8502321114552,-0.0065408363209371, Neutralism,Healthy
SRR12328906.bin.47.fbc2XSRR12328906.bin.8.fbc2 ,-0.0912023808828053,-0.0912023808828053,244.98080340562345,-0.0017522071254916,-1000.0,999.8631876676402,1000.0,-264.9731534735182,-3.420185654495413,-0.152003968137933,-0.0121077512372949,-35.34153878490929,-599.9815022255922,-999.8631876676402,-0.0059750262979605,-0.0747141891589535,-0.0747141891589535,755.0191965943766,-0.0014354311077795,1000.0,-1000.0,-862.3915212414662,-248.9692922816505,-2.801861042172959,-0.1245236485982559,-0.0099188289545963,1000.0,-172.0644172461191,1000.0,-0.0048948200774248, Amensalism,Healthy
SRR12328906.bin.5.fbc2XSRR12328906.bin.42.fbc2 ,-0.0895002471272619,-0.0895002471272619,3.758700868405072,-0.0017195052281522,-1000.0,999.75027625571,715.3443045490685,-326.6840143946365,-3.356353840060933,-0.1491670785454744,-0.0118817811268172,594.6110133798934,-0.1491842735977115,-999.75027625571,-0.0058635128281139,-0.2636635619185199,-0.2636635619185199,996.241299131595,-0.005065582361567,1000.0,-1000.0,284.6556954509315,16.09555869096107,-9.887662178973985,-0.439439269864124,-0.0350031741182874,405.3889866201066,-888.1931816818545,1000.0,-0.0172736358529164, Neutralism,Healthy
SRR12328906.bin.24.fbc2XSRR12328906.bin.22.fbc2 ,-0.0848227507622141,-0.0848227507622141,453.120709371241,-0.0016296397841415,-999.9341866379316,1000.0,0.0,0.0,-3.180942783770888,-0.1413712512703568,-0.0112608109080838,0.0,-110.8597156669149,-1000.0,-0.0055570716638158,-0.0438727650571308,-0.0438727650571308,546.879290628759,-0.0008428965428493,-0.0658133620685248,0.0,-867.1825275301296,-1000.0,-1.645275048954204,-0.0731212750953318,-0.0058244151113058,1000.0,-3.524258617526698,0.0,-0.0028742772112764, Neutralism,Healthy
SRR12328906.bin.44.fbc2XSRR12328906.bin.10.fbc2 ,-0.1269408668625828,-0.1269408668625828,955.5605037316064,-0.0024388254920495,-1000.0,999.8095765055788,-1000.0,-1000.0,-4.760416642749647,-0.2115681114377139,-0.0168522841502181,1000.0,-19.27992764829446,-999.8095765055788,-0.0083163949279878,-0.1734967970727439,-0.1734967970727439,44.43949626839367,-0.0033332717977145,0.0,0.1904234944213385,290.1015053477349,947.5022145641389,-6.506313220177731,-0.289161328454611,-0.0230329081224454,-55.00883448100035,-980.7200723517057,-0.1904234944213385,-0.0113664568302738, Amensalism,Healthy
SRR12328906.bin.47.fbc2XSRR12328906.bin.42.fbc2 ,-0.1285777397674792,-0.1285777397674792,0.1062217638808533,-0.0024702735786377,-1000.0,999.8071210389808,730.5113822830319,-481.67778736256105,-4.821801106329076,-0.2142962329459123,-0.0170695904282638,304.2197081522179,-370.4319781003577,-999.8071210389808,-0.0084236329031455,-0.2643071918270152,-0.2643071918270152,999.893778236119,-0.0050779479697666,1000.0,-1000.0,269.48861771696806,-518.322212637439,-9.911798980653089,-0.4405119863783966,-0.0350886204711287,141.3424963391667,-629.5680218996423,1000.0,-0.0173158025769453, Neutralism,Healthy
SRR12328906.bin.46.fbc2XSRR12328906.bin.10.fbc2 ,-0.0873176960005821,-0.0873176960005821,985.693777911908,-0.0016775734102338,-1000.0,999.7563660136376,-1000.0,-1000.0,-3.2745058665581155,-0.1455294933342656,-0.0115920322643887,-10.59407739417827,-245.6681081961783,-999.7563660136376,-0.0057205253287975,-0.2557221673381491,-0.2557221673381491,14.306222088092,-0.0049130099392868,999.286483566522,-1000.0,0.0,954.5591605028636,-9.589851490729076,-0.4262036122303243,-0.0339488986802507,-46.38463962426761,-503.728101119905,1000.0,-0.0167533638928034, Neutralism,Healthy
SRR12328906.bin.41.fbc2XSRR12328906.bin.22.fbc2 ,-0.1324719793797157,-0.1324719793797157,562.0208589783042,-0.0025450908622133,1000.0,-1000.0,253.3200961261532,886.6821965065044,-4.967839206737267,-0.2207866322995642,-0.0175865778580828,138.80214158945228,-999.2763013926676,1000.0,-0.0086787598402224,-0.0371636444024261,-0.0371636444024261,437.9791410216958,-0.0007139989318147,-1000.0,999.9442509634018,-806.5264393558882,-868.255258345165,-1.3936759350325474,-0.0619394073373769,-0.0049337326190652,861.1978584105477,-0.7236986073322669,-999.9442509634016,-0.0024347363575998, Competition,Healthy
SRR12328906.bin.7.fbc2XSRR12328906.bin.9.fbc2 ,-0.0982424465940994,-0.0982424465940994,20.780967089358,-0.00188746295089,999.852626892794,-1000.0,204.18007580770652,-1.1488708964844818,-3.684195557741191,-0.1637374109901657,-0.013042368990682,289.299390545076,-497.8869569145284,1000.0,-0.0064362486625668,-0.0862063295696771,-0.0862063295696771,979.219032910642,-0.0016562215095063,-988.3685219609038,1000.0,109.01164680147758,-998.8511291035156,-3.232828451046202,-0.1436772159494239,-0.0114444906306516,1.2737088707765452,-6.722155927269341,-1000.0,-0.0056477153474361, Neutralism,Healthy
SRR12328906.bin.24.fbc2XSRR12328906.bin.8.fbc2 ,-0.0848227507622141,-0.0848227507622141,263.2492104585372,-0.0016296397841415,-1000.0,1000.0,-122.84011481312018,487.5019176786159,-3.180942783770888,-0.1413712512703568,-0.0112608109080838,1.576823158693628,-260.5870363393701,-1000.0,-0.0055570716638158,-0.0748213184884889,-0.0748213184884889,327.7392102956378,-0.0014374893081594,1000.0,-1000.0,-293.00357419338434,-102.61982750074117,-2.8058785052298845,-0.1247021974808149,-0.0099330511192192,998.4231768413064,-65.220489080363,1000.0,-0.004901838540718, Neutralism,Healthy
SRR12328906.bin.37.fbc2XSRR12328906.bin.26.fbc2 ,-0.2677728460396338,-0.2677728460396338,1000.0,-0.0051445311438556,-719.7861685919111,1000.0,1000.0,199.19744628217995,-10.041764675701188,-0.4462880767327988,-0.0355487102043525,-16.82549777797476,-320.6002186219953,-1000.0,-0.0175428512006874,0.0,0.0,0.0,0.0,1000.0,-1000.0,0.0,0.0,0.0,0.0,0.0,0.0,0.0,1000.0,0.0, Amensalism,Healthy
SRR12328906.bin.31.fbc2XSRR12328906.bin.8.fbc2 ,-0.0825432268411532,-0.0825432268411532,953.5487441889644,-0.0015858448961125,-481.6136332994515,1000.0,-970.5298341192022,-1000.0,-3.095458228011694,-0.1375720447351796,-0.0109581882319389,-9.492185634648877,-129.76513527069278,-1000.0,-0.0054077310956017,-0.0748215903973914,-0.0748215903973914,46.45125581103571,-0.0014374945321833,1000.0,-1000.0,-29.470165880797826,224.44479847398,-2.8058887021009014,-0.1247026506622432,-0.0099330872170639,653.6107680192176,-0.0280598932671409,1000.0,-0.0049018563545359, Neutralism,Healthy
SRR12328906.bin.10.fbc2XSRR12328906.bin.2.fbc2 ,-0.2569972058779513,-0.2569972058779513,51.31735513240688,-0.0049375063568959,-1000.0,999.282925951784,0.0,933.04920501768,-9.637666783272834,-0.4283286764632521,-0.0341181689263976,-68.44867531358523,-510.60501205648535,-999.282925951784,-0.0168368966770913,-0.0874745936092722,-0.0874745936092722,351.34882372823427,-0.0016805877734213,1000.0,-1000.0,1000.0,-564.3069084713821,-3.280389692676181,-0.1457909893488249,-0.0116128615146635,-360.5057751060488,-489.39498794351465,1000.0,-0.0057308043075181, Neutralism,Healthy
SRR12328906.bin.5.fbc2XSRR12328906.bin.24.fbc2 ,-0.0895002471272619,-0.0895002471272619,42.22127781971085,-0.0017195052281522,-0.2497237442900086,0.0,0.0,-446.5593203385205,-3.356353840060933,-0.1491670785454744,-0.0118817811268172,838.8736484429567,-0.1491842735977115,0.0,-0.0058635128281139,-0.0848227507622141,-0.0848227507622141,933.9247091183493,-0.0016296397841415,-0.2366725858443032,1000.0,259.57002396962935,-553.4406796614795,-3.180942783770888,-0.1413712512703568,-0.0112608109080838,161.12635155704334,-520.4745604688111,-1000.0,-0.0055570716638158, Neutralism,Healthy
SRR12328906.bin.44.fbc2XSRR12328906.bin.8.fbc2 ,-0.1199798094505695,-0.1199798094505695,953.5488100396058,-0.0023050875975059,-1000.0,999.820018760386,-931.6234129173774,-1000.0,-4.499369634216237,-0.1999663490843204,-0.0159281552988659,793.8173180812289,-55.75664768761192,-999.820018760386,-0.0078603487074815,-0.0748214843281402,-0.0748214843281402,46.45118996039423,-0.0014374924943467,1000.0,-1000.0,-68.37658708262256,632.9637592090521,-2.805884724392058,-0.1247024738802338,-0.0099330731355848,206.1826819187711,-0.0280598534886848,1000.0,-0.0049018494055417, Neutralism,Healthy
SRR12328906.bin.7.fbc2XSRR12328906.bin.22.fbc2 ,-0.09983886525049,-0.09983886525049,50.37220811306929,-0.0019181338184353,999.8502321114552,-1000.0,1000.0,-559.2705096065037,-3.744062944251823,-0.1663981087507409,-0.0132543046854607,0.0,-763.0178059511311,1000.0,-0.0065408363209371,-0.0438727650571308,-0.0438727650571308,949.6277918869308,-0.0008428965428493,-1000.0,999.9341866379314,-1000.0,-440.7294903934964,-1.645275048954204,-0.0731212750953318,-0.0058244151113058,1000.0,-3.524258617526698,-999.9341866379316,-0.0028742772112764, Neutralism,Healthy
SRR12328906.bin.12.fbc2XSRR12328906.bin.9.fbc2 ,-0.0530857197963996,-0.0530857197963996,10.488412363649786,-0.0010198985551141,-1000.0,1000.0,-203.9180459446113,408.73515210291725,-1.990770586786084,-0.0884761996607039,-0.0070474990161528,109.02804527409056,-82.22316453116923,-1000.0,-0.0034778540731394,-0.0522990852699649,-0.0522990852699649,989.5115876363502,-0.0010047854999584,1000.0,-200.72687808433204,661.1803220954785,-1000.0,-1.9612709608262548,-0.0871651421166461,-0.0069430678042863,198.8389012017965,-201.44542258156912,200.72687808433196,-0.003426318554716, Competition,Healthy
SRR12328906.bin.5.fbc2XSRR12328906.bin.7.fbc2 ,-0.0895002471272619,-0.0895002471272619,71.51916983907722,-0.0017195052281522,999.75027625571,-1000.0,-607.1663425819631,-287.9141264033816,-3.356353840060933,-0.1491670785454744,-0.0118817811268172,692.2698950843501,-0.1491842735977115,1000.0,-0.0058635128281139,-0.09983886525049,-0.09983886525049,399.0740337611537,-0.0019181338184353,-1000.0,999.8502321114552,-392.83365741803686,-712.0858735966184,-3.744062944251823,-0.1663981087507409,-0.0132543046854607,307.7301049156499,-254.84420027618103,-999.8502321114552,-0.0065408363209371, Neutralism,Healthy
SRR12328906.bin.7.fbc2XSRR12328906.bin.10.fbc2 ,-0.0205499050174466,-0.0205499050174466,934.2275697373112,-0.0003948108552549,999.9691731684196,-1000.0,-1000.0,-1000.0,-0.7706431527531095,-0.0342498416957823,-0.0027281430100174,920.1058352810282,-489.4743688987664,1000.0,-0.0013463050165682,-0.2567829733566213,-0.2567829733566213,65.77243026268889,-0.0049333904582908,-1000.0,1000.0,427.858063835002,922.587218506223,-9.62963283734848,-0.4279716222609977,-0.0340897280671015,-62.111311869649626,-510.5256311012336,-1000.0,-0.0168228614629697, Amensalism,Healthy
SRR12328906.bin.28.fbc2XSRR12328906.bin.27.fbc2 ,-0.1515148983338576,-0.1515148983338576,428.1848519378191,-0.0029109490553764,-1000.0,999.772713097754,-1000.0,1000.0,-5.681968789716734,-0.2525248305563536,-0.0201146579728401,993.9294432990976,-715.8401901508297,-999.772713097754,-0.0099263362789088,-0.0512236343548693,-0.0512236343548693,571.8151480621809,-0.0009841236187639,1000.0,-1000.0,622.0252974702037,-467.64312181861897,-1.9209404151084757,-0.0853727239248201,-0.0068002942053908,6.070556700902444,-284.1598098491703,1000.0,-0.0033558615398305, Competition,Healthy
SRR12328906.bin.24.fbc2XSRR12328906.bin.26.fbc2 ,-0.0848227507622141,-0.0848227507622141,0.0,-0.0016296397841415,-1000.0,1000.0,-389.11831826910657,487.41969257366986,-3.180942783770888,-0.1413712512703568,-0.0112608109080838,1.576823158693628,-250.17319811625373,-1000.0,-0.0055570716638158,-0.0882683397550181,-0.0882683397550181,1000.0,-0.0016958374592377,999.86758901118,-1000.0,79.31578486948638,-1000.0,-3.3101560118739144,-0.1471138995917726,-0.0117182368435351,992.0593739375668,-3.549418186008097,1000.0,-0.0057828057360893, Neutralism,Healthy
SRR12328906.bin.41.fbc2XSRR12328906.bin.18.fbc2 ,-0.0982403589258638,-0.0982403589258638,158.38451689336853,-0.0018874228419463,0.0,0.0,171.9057646653598,1000.0,-3.6841172679756937,-0.1637339315431063,-0.0130420918382014,114.90285273996165,-657.8838024876152,0.0,-0.006436111891162,-0.1003204204730536,-0.1003204204730536,841.6154831066315,-0.0019273855998562,-1000.0,1000.0,-1000.0,-557.0266619362378,-3.762121773949161,-0.1672007007884985,-0.0133182344950455,529.7184412429483,-124.46131157602122,-1000.0,-0.0065723848955485, Competition,Healthy
SRR12328906.bin.40.fbc2XSRR12328906.bin.27.fbc2 ,-0.0865764278947835,-0.0865764278947835,80.7204298799902,-0.0016633319480661,-1000.0,999.870127041498,-181.45693538977628,942.7678515164324,-3.246707529311948,-0.1442940464913817,-0.0114936237608844,111.7015176773798,-500.1443106798108,-999.870127041498,-0.0056719619427667,-0.0823497606339742,-0.0823497606339742,919.2795701200098,-0.0015821279661167,1000.0,-1000.0,1000.0,-923.9884773620224,-3.088203040810413,-0.13724960105651,-0.0109325042456021,9.75934053742128,-456.8299890773853,1000.0,-0.0053950563642501, Amensalism,Healthy
SRR12328906.bin.31.fbc2XSRR12328906.bin.37.fbc2 ,-0.0370477229915877,-0.0370477229915877,0.0,-0.0007117718154177,-2.1719966067059886,1000.0,-1000.0,-1000.0,-1.3893287596340542,-0.0617462049859796,-0.0049183432444124,265.97457272855945,-249.53264795686425,-1000.0,-0.0024271418905073,-0.2677728460396338,-0.2677728460396338,1000.0,-0.0051445311438556,-0.4016849917152285,0.0,870.0224603370366,1000.0,-10.041764675701074,-0.4462880767327988,-0.0355487102043525,734.0254272714405,-384.679856708835,0.0,-0.0175428512006874, Amensalism,Healthy
SRR12328906.bin.12.fbc2XSRR12328906.bin.42.fbc2 ,-0.0870931120241493,-0.0870931120241493,0.0167325863639007,-0.0016732586364014,-1000.0,1000.0,-617.3473870223241,979.54904294806,-3.2660837301299352,-0.1451551867069156,-0.0115622171774703,239.27710286933572,-126.4960570072111,-1000.0,-0.0057058119500652,-0.2643229613659059,-0.2643229613659059,999.983267413636,-0.0050782509388227,1000.0,-1000.0,1000.0,-1000.0,-9.912390355023264,-0.4405382689432144,-0.0350907139873015,115.98620883047352,-873.5039429927889,1000.0,-0.0173168357014219, Neutralism,Healthy
SRR12328906.bin.30.fbc2XSRR12328906.bin.28.fbc2 ,-0.0861064276438128,-0.0861064276438128,0.6701081776312776,-0.0016543021641837,1000.0,-1000.0,766.5593907644402,1.8054722959033145,-3.229082023262549,-0.1435107127397259,-0.01143122795429,3.77084943899888,-334.9360604611645,1000.0,-0.0056411703797039,-0.177528254648223,-0.177528254648223,999.3298918223686,-0.003410725353433,-1000.0,999.7336905644008,-1000.0,998.1945277040968,-6.657497139204224,-0.2958804244137809,-0.0235681121924926,927.5493799467567,-665.0639395388355,-999.7336905644008,-0.0116305734553634, Neutralism,Healthy
SRR12328906.bin.24.fbc2XSRR12328906.bin.28.fbc2 ,-0.0848227507622141,-0.0848227507622141,0.0,-0.0016296397841415,-435.5040495618956,1000.0,-360.56403500428746,-309.29812184888215,-3.180942783770888,-0.1413712512703568,-0.0112608109080838,1.5768231586937418,0.0,-1000.0,-0.0055570716638158,-0.188911932952692,-0.188911932952692,1000.0,-0.0036294319490934,-0.2833860465887028,0.0,-639.4359649957125,1000.0,-7.084397104481013,-0.3148532215877822,-0.025079374768552,998.4231768413064,-1000.0,0.0,-0.0123763629466111, Neutralism,Healthy
SRR12328906.bin.24.fbc2XSRR12328906.bin.42.fbc2 ,-0.0848227507622141,-0.0848227507622141,0.0,-0.0016296397841415,-1000.0,1000.0,-807.7091410439219,463.20219415569727,-3.180942783770888,-0.1413712512703568,-0.0112608109080838,1.8445077896291195,0.0,-1000.0,-0.0055570716638158,-0.2643259099367014,-0.2643259099367014,1000.0,-0.0050783075876097,1000.0,-1000.0,173.0279331970271,-1000.0,-9.91250092954192,-0.44054318322776,-0.0350911054306379,500.0071667615839,-1000.0,1000.0,-0.0173170288738901, Neutralism,Healthy
SRR12328906.bin.24.fbc2XSRR12328906.bin.1.fbc2 ,-0.0848227507622141,-0.0848227507622141,0.0,-0.0016296397841415,-839.8810627856752,1000.0,-1000.0,-22.59790253843653,-3.180942783770888,-0.1413712512703568,-0.0112608109080838,9.46414934253653,227.1782785414257,-1000.0,-0.0055570716638158,-0.0684375501598424,-0.0684375501598424,1000.0,-0.0013148424621931,999.897337100548,-1000.0,571.6783081186895,-60.1264923153326,-2.566480447330605,-0.1140625835997752,-0.0090855614141673,13.313599515368765,-501.816836165906,1000.0,-0.0044836127962071, Neutralism,Healthy
SRR12328906.bin.10.fbc2XSRR12328906.bin.31.fbc2 ,-0.2558499528930724,-0.2558499528930724,16.589381096352668,-0.0049154649931324,-0.7138729809541928,0.0,903.4910892564048,952.516312497085,-9.594643584066034,-0.4264165881551207,-0.033965863102594,-48.39597561192477,-934.8252540046524,0.0,-0.0167617356265736,-0.0839669302657739,-0.0839669302657739,983.4106189036474,-0.0016131975074813,-739.9868185430007,1000.0,-1000.0,-513.2824391297885,-3.1488486108289635,-0.139944883776252,-0.0111471947768677,232.0511332532019,-65.17474599534762,-1000.0,-0.0055010035006262, Neutralism,Healthy
SRR12328906.bin.1.fbc2XSRR12328906.bin.2.fbc2 ,-0.0684257690330696,-0.0684257690330696,999.8278558080152,-0.001314616119771,-1000.0,999.89735477337,1000.0,-60.11614188889564,-2.566038642627745,-0.1140429483884872,-0.0090839973875063,13.31130765653802,-501.7304513121199,-999.8973547733698,-0.0044828409683077,-0.0874668605310944,-0.0874668605310944,0.1721441919847848,-0.0016804392032554,1000.0,-1000.0,0.0,841.0620469869364,-3.2800996940723053,-0.1457781008851952,-0.0116118348946656,-27.464740047076248,-367.8446478464193,1000.0,-0.0057302976831579, Neutralism,Healthy
SRR12328906.bin.24.fbc2XSRR12328906.bin.12.fbc2 ,-0.0848227507622141,-0.0848227507622141,370.0110336772809,-0.0016296397841415,-1000.0,999.8727577256576,-864.4911330002869,-581.9343634792103,-3.180942783770888,-0.1413712512703568,-0.0112608109080838,5.861749117802674,562.3762838587406,-999.8727577256576,-0.0055570716638158,-0.0872670221997395,-0.0872670221997395,629.9889663227191,-0.0016765998501568,1000.0,-1000.0,-21.284645265594463,-418.06563652078967,-3.272605545481383,-0.1454450369994901,-0.0115853049644556,62.5059110627335,-53.86701212634239,1000.0,-0.0057172054889633, Neutralism,Healthy
SRR12328906.bin.27.fbc2XSRR12328906.bin.22.fbc2 ,-0.0823497606339742,-0.0823497606339742,919.2795701200112,-0.0015821279661167,1000.0,-1000.0,1000.0,-839.9788228825474,-3.088203040810413,-0.13724960105651,-0.0109325042456021,9.759340537421169,-499.39283087309536,1000.0,-0.0053950563642501,-0.0068493338405914,-0.0068493338405914,80.72042987998884,-0.0001315914282713,-1000.0,999.989725341282,-148.64443256935556,-160.02117711745257,-0.2568572565505747,-0.0114155564009479,-0.0009092967692367,158.72048422320063,-0.1333790978061415,-999.989725341282,-0.0004487267704007, Amensalism,Healthy
SRR12328906.bin.37.fbc2XSRR12328906.bin.2.fbc2 ,-0.2677574808595864,-0.2677574808595864,999.8278558080152,-0.0051442359434759,-678.0256632921529,1000.0,1000.0,537.7006074759256,-10.041188465212372,-0.4462624680993485,-0.0355466703696265,33.07691119137121,-499.9676662491797,-1000.0,-0.017541844567404,-0.0874668605310944,-0.0874668605310944,0.1721441919847848,-0.0016804392032554,1000.0,-1000.0,0.0,462.2993925240744,-3.2800996940723053,-0.1457781008851952,-0.0116118348946656,-291.5868370207778,-500.0323337508202,1000.0,-0.0057302976831579, Neutralism,Healthy
SRR12328906.bin.5.fbc2XSRR12328906.bin.44.fbc2 ,-0.0895002471272619,-0.0895002471272619,81.32952033431229,-0.0017195052281522,-1000.0,999.75027625571,1000.0,-51.485545907831806,-3.356353840060933,-0.1491670785454744,-0.0118817811268172,11.14652069121894,-0.1491842735977115,-999.75027625571,-0.0058635128281139,-0.1283555902537045,-0.1283555902537045,516.5938733914822,-0.0024660055764798,999.8074542845916,-1000.0,-933.004517268418,-948.5144540921682,-4.8134702648201255,-0.2139259837560985,-0.0170400985332435,988.8534793087812,437.6150405158101,1000.0,-0.0084090790156778, Neutralism,Healthy
SRR12328906.bin.24.fbc2XSRR12328906.bin.47.fbc2 ,-0.0848227507622141,-0.0848227507622141,755.6593324861517,-0.0016296397841415,-1000.0,1000.0,-1000.0,-512.6283801703214,-3.180942783770888,-0.1413712512703568,-0.0112608109080838,346.99459697670363,509.3139197953283,-1000.0,-0.0055570716638158,-0.1366071497335497,-0.1366071497335497,244.3406675138483,-0.002624536978601,999.7950761527148,-1000.0,0.0,179.70266201412664,-5.122912464543788,-0.2276785828893253,-0.0181355505218334,443.8179817462351,-1000.0,1000.0,-0.0089496710968433, Neutralism,Healthy
SRR12328906.bin.46.fbc2XSRR12328906.bin.22.fbc2 ,-0.0801082413778431,-0.0801082413778431,904.3133864368197,-0.0015390632348726,-1000.0,999.7764818463918,-742.5308455125379,-917.4359842351736,-3.0041437001483478,-0.1335137356297764,-0.0106349269533438,-9.715936905129524,-225.38639446672155,-999.7764818463918,-0.0052482056311191,-0.0078126784113692,-0.0078126784113692,95.68661356318034,-0.000150099489133,0.0,-0.0117197681145171,-257.4691544874621,-82.56401576482642,-0.292983695898215,-0.0130211306856153,-0.0010371874701604,182.34633916077064,-1.188557551521285,0.0117197681145171,-0.0005118392580243, Amensalism,Healthy
SRR12328906.bin.47.fbc2XSRR12328906.bin.28.fbc2 ,-0.1113166242536181,-0.1113166242536181,30.369698700928893,-0.0021386479203329,-1000.0,999.83301437038,812.1852956178666,-552.1832197414694,-4.1744910351457065,-0.1855277070893635,-0.014778057129547,-37.182162044027,-12.567358160762636,-999.83301437038,-0.007292789408325,-0.1678783413307201,-0.1678783413307201,969.6303012990712,-0.0032253283636691,999.748166361362,-1000.0,-702.3241541093436,1000.0,-6.295615192960327,-0.2797972355510865,-0.0222870189932109,1000.0,-987.4326418392374,1000.0,-0.0109983697202551, Competition,Healthy
SRR12328906.bin.37.fbc2XSRR12328906.bin.42.fbc2 ,-0.259987503617026,-0.259987503617026,912.7767149897109,-0.0049949568418696,-1000.0,999.6099937697904,1000.0,710.3055267895829,-9.74980610826276,-0.4333125060283009,-0.0345151517769863,-103.55959105888668,-253.29335501117143,-999.6099937697904,-0.017032802830613,-0.103478886097605,-0.103478886097605,87.22328501028915,-0.0019880669759686,1000.0,-1000.0,-1000.0,-1000.0,-3.880567572342102,-0.1724648101626371,-0.0137375428037103,596.9766714087734,-746.7066449888285,1000.0,-0.0067793083879905, Amensalism,Healthy
SRR12328906.bin.40.fbc2XSRR12328906.bin.1.fbc2 ,-0.0867630177062892,-0.0867630177062892,83.04960222135992,-0.0016669167666805,-1000.0,999.8698471388568,-1000.0,938.7844487050576,-3.2537048444072525,-0.1446050295104441,-0.0115183948578305,114.51820081823372,-500.1446216986781,-999.8698471388568,-0.0056841861744487,-0.0627538388421271,-0.0627538388421271,916.95039777864,-0.0012056453188051,999.9058632135102,-1000.0,493.1502563206009,-41.378551103804966,-2.353335267070861,-0.1045897314035073,-0.0083310091526982,6.026205128542301,-460.141147534346,1000.0,-0.0041112505369937, Amensalism,Healthy
SRR12328906.bin.30.fbc2XSRR12328906.bin.41.fbc2 ,-0.0861064276438128,-0.0861064276438128,0.6701081776307092,-0.0016543021641837,-1000.0,1000.0,-230.8079858575824,1000.0,-3.229082023262549,-0.1435107127397259,-0.01143122795429,3.77084943899888,-334.9360604611645,-1000.0,-0.0056411703797039,-0.1560593409582225,-0.1560593409582225,999.3298918223692,-0.0029982582316279,0.0,0.0,-594.2778640183428,0.0,-5.852390190136816,-0.2600989015970754,-0.0207179643807648,996.229150561001,-665.0639395388355,0.0,-0.0102240605699535, Neutralism,Healthy
SRR12328906.bin.41.fbc2XSRR12328906.bin.2.fbc2 ,-0.1592996057582922,-0.1592996057582922,999.56354295229,-0.0030605111577415,-1000.0,1000.0,-674.0928257621997,634.5128596862983,-5.97390354404854,-0.2654993429304113,-0.0211481320997108,480.8977422036787,-715.1460937551336,-1000.0,-0.010436343047786,-0.0874745936092722,-0.0874745936092722,0.4364570477099505,-0.0016805877734213,0.0,0.0,-325.9071742378003,0.401452615692051,-3.280389692676181,-0.1457909893488249,-0.0116128615146635,519.1022577963213,-284.8539062448664,0.0,-0.0057308043075181, Neutralism,Healthy
SRR12328906.bin.12.fbc2XSRR12328906.bin.1.fbc2 ,-0.0870931120241493,-0.0870931120241493,0.0167325863639007,-0.0016732586364014,-1000.0,1000.0,-13.621172241480508,437.67343617613824,-3.2660837301299352,-0.1451551867069156,-0.0115622171774703,420.95791763401576,-157.77175810271763,-1000.0,-0.0057058119500652,-0.0684364050226804,-0.0684364050226804,999.983267413636,-0.0013148204615163,999.8973388183636,-1000.0,581.0988236174094,-53.17767251617454,-2.566437503474845,-0.1140606750377628,-0.0090854093891721,-3.5409488285937414,-501.808439472356,1000.0,-0.0044835377738081, Neutralism,Healthy
SRR12328906.bin.22.fbc2XSRR12328906.bin.18.fbc2 ,-0.0013961783919285,-0.0013961783919285,16.45417242098847,-2.6823792381946987e-05,-1000.0,999.9979055982932,-30.381004105435977,-32.70005662612016,-0.0523581650041933,-0.0023269639864338,-0.0001853524051966,32.4349214530223,-0.0271881935703959,-999.9979055982932,-9.146913191671048e-05,-0.1167386491456454,-0.1167386491456454,983.5458275790116,-0.002242817466822,1000.0,-1000.0,87.55938195639146,-967.2999433738798,-4.377822697922852,-0.1945644152427803,-0.0154978686954336,494.4705062328776,-0.2383666403688948,1000.0,-0.00764800756167, Amensalism,Healthy
SRR12328906.bin.44.fbc2XSRR12328906.bin.40.fbc2 ,-0.1285417819361782,-0.1285417819361782,498.83204788395824,-0.00246958274613,999.807174979182,-1000.0,-985.800683416824,-1000.0,-4.820452649656886,-0.2142363032269258,-0.0170648167758145,1000.0,393.3247370677116,1000.0,-0.0084212771643024,-0.1091710597543169,-0.1091710597543169,501.16795211604176,-0.0020974267004021,-1000.0,999.836232923235,-14.199316583176142,902.7440274855514,-4.094030099255747,-0.181951766257157,-0.0144932184995241,-16.914383011139535,-493.2472711307173,-999.836232923235,-0.0071522250482303, Amensalism,Healthy
SRR12328906.bin.9.fbc2XSRR12328906.bin.22.fbc2 ,-0.0867182107823509,-0.0867182107823509,991.373934798576,-0.001666055922783,-989.3203101953364,1000.0,109.87375456659628,-1000.0,-3.2520245374159917,-0.1445303513039562,-0.01151244642665,4.129099457627262,-7.151637874371204,-1000.0,-0.0056812506967389,-0.0007243628382411,-0.0007243628382411,8.626065201424012,-1.391667319694534e-05,999.9989133861592,-1000.0,-31.65086245883799,0.0,-0.0271643718523364,-0.0012072713971065,-9.616421152713885e-05,16.780482116507642,-0.0818335869660131,1000.0,-4.745585545151698e-05, Amensalism,Healthy
SRR12328906.bin.46.fbc2XSRR12328906.bin.18.fbc2 ,-0.0027884539041451,-0.0027884539041451,31.4777163073918,-5.357260147320631e-05,-1000.0,999.9922196510952,71.02533908543523,-198.61012662286385,-0.1045699678988967,-0.0046474231735373,-0.0003701866758092,-0.3242995998202787,-49.51069006082548,-999.9922196510952,-0.0001826825708803,-0.1154476892213551,-0.1154476892213551,968.5222836926082,-0.0022180151627253,1000.0,-1000.0,-741.31107985278,-606.8781013144975,-4.329410336636215,-0.1924128153690389,-0.0153264847746186,306.5371742365853,-0.2357306514976471,1000.0,-0.0075634317049662, Amensalism,Healthy
SRR12328906.bin.41.fbc2XSRR12328906.bin.8.fbc2 ,-0.1656767049364589,-0.1656767049364589,953.5487441889644,-0.0031830298738668,-1000.0,1000.0,-153.6237795356103,491.64283592799256,-6.213051501759196,-0.2761278415607648,-0.0219947364286099,657.340870492907,-956.5392325857904,-1000.0,-0.010854131870019,-0.0748215903973914,-0.0748215903973914,46.45125581103571,-0.0014374945321833,0.0,0.0,-56.50943879489512,508.3571640720074,-2.8058887021009014,-0.1247026506622432,-0.0099330872170639,342.659129507093,-43.46076741420961,0.0,-0.0049018563545359, Neutralism,Healthy
SRR12328906.bin.47.fbc2XSRR12328906.bin.26.fbc2 ,-0.1294530739189667,-0.1294530739189667,10.318675405538784,-0.0024870907573131,-1000.0,999.8058079536676,-889.6055955115311,0.0,-4.854627061953579,-0.2157551231982779,-0.0171857971331519,-49.8530638592199,-1000.0,-999.8058079536676,-0.0084809794824423,-0.0873575274084714,-0.0873575274084714,989.6813245944612,-0.0016783386629413,999.868955317194,-1000.0,76.54571012543738,-1000.0,-3.275999586445778,-0.1455958790141949,-0.011597320161286,990.1986153200496,1.0106895130223847,1000.0,-0.005723134840764, Neutralism,Healthy
SRR12328906.bin.12.fbc2XSRR12328906.bin.47.fbc2 ,-0.0872670221997395,-0.0872670221997395,697.1266364619069,-0.0016765998501568,-1000.0,1000.0,549.5606080637572,-943.3128164769904,-3.272605545481383,-0.1454450369994901,-0.0115853049644556,1000.0,-100.31136600851562,-1000.0,-0.0057172054889633,-0.1366074806968527,-0.1366074806968527,185.7806622066364,-0.0026245433371059,999.7950756562382,-1000.0,0.0,-56.68718352300971,-5.122924876013485,-0.2276791344946787,-0.0181355944594088,-52.93632173441597,-899.6886339914844,1000.0,-0.008949692779538, Neutralism,Healthy
SRR12328906.bin.41.fbc2XSRR12328906.bin.27.fbc2 ,-0.1025936658764976,-0.1025936658764976,209.7157968691552,-0.0019710598631945,0.0,0.0,129.43344227398256,846.2509972283644,-3.8473708786622174,-0.1709894431274961,-0.0136200236543118,164.30733773194083,-607.2734175554868,0.0,-0.0067213141333013,-0.0707942578906113,-0.0707942578906113,790.2842031308448,-0.0013601202284689,-1000.0,1000.0,870.5665577260174,-425.9751498667223,-2.6548594775085803,-0.1179904298176097,-0.0093984307785603,2.9454899679227537,-392.7265824445132,-1000.0,-0.0046380099789757, Competition,Healthy
SRR12328906.bin.7.fbc2XSRR12328906.bin.8.fbc2 ,-0.09983886525049,-0.09983886525049,50.07267233597986,-0.0019181338184353,-1000.0,999.8502321114552,0.0,-1000.0,-3.744062944251823,-0.1663981087507409,-0.0132543046854607,5.0897297245873006,-734.3923800906456,-999.8502321114552,-0.0065408363209371,-0.0748215903973914,-0.0748215903973914,644.8375165692198,-0.0014374945321833,1000.0,-1000.0,-1000.0,0.0,-2.8058887021009014,-0.1247026506622432,-0.0099330872170639,994.9102702754126,-0.0280598932671409,1000.0,-0.0049018563545359, Neutralism,Healthy
SRR12328906.bin.24.fbc2XSRR12328906.bin.18.fbc2 ,-0.0848227507622141,-0.0848227507622141,0.0,-0.0016296397841415,-452.3014375486752,1000.0,-1000.0,-187.4734246277519,-3.180942783770888,-0.1413712512703568,-0.0112608109080838,10.228543199176896,548.7481484704833,-1000.0,-0.0055570716638158,-0.1174413400761977,-0.1174413400761977,1000.0,-0.0022563177728898,1000.0,-1000.0,181.898650976731,-812.5265753722481,-4.404174350334642,-0.1957355667937008,-0.0155911558102843,842.4302091478164,-0.2398014528971543,1000.0,-0.0076940436053973, Neutralism,Healthy
SRR12328906.bin.31.fbc2XSRR12328906.bin.28.fbc2 ,-0.050509073285184,-0.050509073285184,281.63922741148326,-0.000970395260083,-425.3809244361241,1000.0,-1000.0,-862.1806931750696,-1.894143619935676,-0.084181788808678,-0.0067054312469281,-5.808368756655227,-143.75790249920635,-1000.0,-0.0033090478367512,-0.1716775642888706,-0.1716775642888706,718.3607725885167,-0.0032983201592742,-0.2575328380341943,0.0,248.5701649961186,1000.0,-6.43809006844333,-0.2861292738148222,-0.0227913923004052,134.21094753215905,-856.2420975007936,0.0,-0.0112472717430591, Amensalism,Healthy
SRR12328906.bin.10.fbc2XSRR12328906.bin.1.fbc2 ,-0.2555143349354694,-0.2555143349354694,11.043685577313,-0.004909017001637,-1000.0,999.2870634608516,440.1569701561989,957.847000969155,-9.58205755601398,-0.425857224892411,-0.0339213074813642,-34.73882338185604,-503.72507119011226,-999.2870634608516,-0.0167397479756346,-0.0676817473741948,-0.0676817473741948,988.956314422687,-0.0013003217554796,999.8984708773298,-1000.0,559.8430298438011,-1000.0,-2.5381370442298703,-0.1128029122903626,-0.0089852233305691,956.5785203257232,-496.2749288098877,1000.0,-0.0044340971862766, Neutralism,Healthy
SRR12328906.bin.7.fbc2XSRR12328906.bin.31.fbc2 ,-0.0991533753328894,-0.0991533753328894,32.56396867151079,-0.0019049639832928,999.8512604121806,-1000.0,1000.0,-7.265989823819723,-3.71835634800334,-0.1652556255548916,-0.013163301124905,-7.862262600245231,-800.8964411368211,1000.0,-0.0064959271832094,-0.0832053211820493,-0.0832053211820493,967.4360313284892,-0.0015985652484005,-492.22908838159947,1000.0,-1000.0,-992.7340101761804,-3.120287465417505,-0.1386755353034914,-0.0110460858668375,-17.857828160934673,-127.112623419206,-1000.0,-0.0054511074972651, Neutralism,Healthy
SRR12328906.bin.2.fbc2XSRR12328906.bin.42.fbc2 ,-0.0874668605310944,-0.0874668605310944,0.1721441919846711,-0.0016804392032554,-1000.0,1000.0,1000.0,766.938929803001,-3.2800996940723053,-0.1457781008851952,-0.0116118348946656,2.966911055832611,-373.1396915566181,-1000.0,-0.0057302976831579,-0.2642955751565523,-0.2642955751565523,999.8278558080152,-0.0050777247868154,1000.0,-1000.0,0.0,-136.15695301710048,-9.91136334323312,-0.4404926252608447,-0.035087078277229,14.553977893115302,-626.8603084433819,1000.0,-0.0173150415232612, Neutralism,Healthy
SRR12328906.bin.10.fbc2XSRR12328906.bin.26.fbc2 ,-0.2548118705345814,-0.2548118705345814,0.1282871290559342,-0.0048955210477288,-928.6121544823296,1000.0,921.4575762491392,896.6652297985511,-9.555714398706414,-0.4246864508910448,-0.0338280504398653,-32.092514795614306,-1000.0,-1000.0,-0.0166937267728144,-0.088257016063153,-0.088257016063153,999.871712870944,-0.0016956199051492,999.8676059978056,-1000.0,0.0,-1000.0,-3.309731361462468,-0.1470950267719217,-0.011716733544631,912.7638205966256,75.78081066874847,1000.0,-0.0057820638766088, Neutralism,Healthy
SRR12328906.bin.10.fbc2XSRR12328906.bin.41.fbc2 ,-0.25692168049477,-0.25692168049477,51.22329729345074,-0.0049360553408632,-1000.0,999.2831366828386,406.6640162121416,931.3648552435592,-9.634834501596517,-0.4282028008245788,-0.0341081424057847,-65.76392911672451,-507.5161945394329,-999.2831366828386,-0.016831948712479,-0.0998526078907389,-0.0998526078907389,948.7767027065491,-0.0019183978461114,1000.0,-1000.0,337.2936241811519,68.63514475644092,-3.7445783077832857,-0.1664210131511936,-0.0132561291167121,-65.45859292251464,-492.4838054605671,1000.0,-0.0065417366553219, Amensalism,Healthy
SRR12328906.bin.42.fbc2XSRR12328906.bin.22.fbc2 ,-0.2643259099367014,-0.2643259099367014,1000.0,-0.0050783075876097,1000.0,-1000.0,1000.0,-6.83563053680507,-9.91250092954192,-0.44054318322776,-0.0350911054306379,261.490631563554,-1000.0,1000.0,-0.0173170288738901,0.0,0.0,0.0,0.0,-1000.0,1000.0,-1000.0,1000.0,0.0,0.0,0.0,0.0,0.0,-1000.0,0.0, Amensalism,Healthy
SRR12328906.bin.47.fbc2XSRR12328906.bin.10.fbc2 ,-0.1366074806968527,-0.1366074806968527,185.7806622066364,-0.0026245433371059,-1000.0,999.7950756562382,1000.0,-854.1525023980888,-5.122924876013485,-0.2276791344946787,-0.0181355944594088,540.5995661064139,-462.756801978663,-999.7950756562382,-0.008949692779538,-0.2569972058779513,-0.2569972058779513,51.317355132405964,-0.0049375063568959,999.282925951784,-1000.0,0.0,933.0492050176812,-9.637666783272834,-0.4283286764632521,-0.0341181689263976,-68.44867531358466,-537.243198021337,1000.0,-0.0168368966770913, Neutralism,Healthy
SRR12328906.bin.7.fbc2XSRR12328906.bin.18.fbc2 ,-0.0982424465940994,-0.0982424465940994,20.780967089358,-0.00188746295089,-1000.0,999.852626892794,-1000.0,4.28648498537143,-3.684195557741191,-0.1637374109901657,-0.013042368990682,127.05817456171508,-422.0398214106126,-999.852626892794,-0.0064362486625668,-0.1163668514819846,-0.1163668514819846,979.219032910642,-0.0022356743800173,1000.0,-1000.0,0.0,-804.5373745624731,-4.3638798926645,-0.1939447524699744,-0.0154485099661769,783.8085210429147,-0.2376074731124617,1000.0,-0.0076236496360024, Neutralism,Healthy
SRR12328906.bin.44.fbc2XSRR12328906.bin.26.fbc2 ,-0.1039453149310247,-0.1039453149310247,212.03057013317493,-0.0019970281447285,-1000.0,999.8440720424628,-1000.0,-538.5540586402319,-3.898059146461492,-0.1732421915517079,-0.0137994644798027,439.0432947391344,64.68691175986464,-999.8440720424628,-0.0068098659734232,-0.0695527533520135,-0.0695527533520135,787.9694298668251,-0.0013362680758746,0.0,-0.1043358113685144,63.82399171436828,-461.4459413597681,-2.6083017454465107,-0.115921255586727,-0.0092336124046141,455.1889707685666,-166.67350167787504,0.1043358113685144,-0.0045566741389393, Competition,Healthy
SRR12328906.bin.27.fbc2XSRR12328906.bin.42.fbc2 ,0.0,0.0,0.0,0.0,-1000.0,1000.0,0.0,0.0,0.0,0.0,0.0,0.0,0.0,-1000.0,0.0,-0.2643259099367014,-0.2643259099367014,1000.0,-0.0050783075876097,1000.0,-1000.0,1000.0,-1000.0,-9.91250092954192,-0.44054318322776,-0.0350911054306379,224.20677639546463,-1000.0,1000.0,-0.0173170288738901, Amensalism,Healthy
SRR12328906.bin.47.fbc2XSRR12328906.bin.40.fbc2 ,-0.1291666699942197,-0.1291666699942197,35.23959584857994,-0.002481588280375,999.8062375870672,-1000.0,1000.0,-102.06202419448664,-4.843886612136657,-0.2152777833235859,-0.0171477750175199,-43.144463700848064,-393.2575446740516,1000.0,-0.0084622160361504,-0.1203746648835704,-0.1203746648835704,964.76040415142,-0.0023126736768972,-1000.0,999.8194264393064,-849.770571834453,494.3550396792716,-4.514177130185772,-0.2006244414726552,-0.0159805751075055,245.0380226238756,-528.1744868493258,-999.8194264393064,-0.0078862172382514, Amensalism,Healthy
SRR12328906.bin.7.fbc2XSRR12328906.bin.42.fbc2 ,-0.0982424465940994,-0.0982424465940994,20.780967089357887,-0.00188746295089,-1000.0,999.852626892794,0.0,-677.4676052821253,-3.684195557741191,-0.1637374109901657,-0.013042368990682,-16.490971422897587,-391.62583671939456,-999.852626892794,-0.0064362486625668,-0.2606639445798464,-0.2606639445798464,979.219032910642,-0.0050079528257356,1000.0,-1000.0,1000.0,-322.5323947178747,-9.77517335914854,-0.4344399076330774,-0.0346049540258945,14.353994707251786,-608.3741632806054,1000.0,-0.0170771191358198, Neutralism,Healthy
SRR12328906.bin.2.fbc2XSRR12328906.bin.27.fbc2 ,-0.0874745936092722,-0.0874745936092722,77.98513525042335,-0.0016805877734213,-1000.0,1000.0,0.0,710.8538401622002,-3.280389692676181,-0.1457909893488249,-0.0116128615146635,-470.6851639634016,-425.4659422160353,-1000.0,-0.0057308043075181,-0.08246742602023,-0.08246742602023,922.0148647495766,-0.0015843885882986,0.0,0.0,1000.0,-927.0381925345664,-3.092615617132992,-0.1374457100338304,-0.0109481251449778,11.19506795042605,-457.6768772404386,0.0,-0.0054027650860462, Neutralism,Healthy
SRR12328906.bin.31.fbc2XSRR12328906.bin.22.fbc2 ,-0.0755249646136917,-0.0755249646136917,818.129707798837,-0.0014510079656702,426.63717261012766,0.0230034096700819,-681.0446033369622,-645.7619205545716,-2.8322659784508915,-0.1258749410227437,-0.0100264650428698,-18.553516494289624,-106.81925713154192,-0.0230034096700819,-0.0049479371630241,-0.0153346244022714,-0.0153346244022714,181.870292201163,-0.0002946133411114,-1000.0,999.97699659033,-318.95539666303785,-354.2380794454284,-0.5750646188184874,-0.0255577073370432,-0.0020357781867232,351.44315338597926,-0.5121504308569911,-999.97699659033,-0.0010046314930605, Competition,Healthy
SRR12328906.bin.12.fbc2XSRR12328906.bin.41.fbc2 ,-0.0870931120241493,-0.0870931120241493,0.0167325863639007,-0.0016732586364014,0.0,0.0,-408.05518554229616,517.3300514707753,-3.2660837301299352,-0.1451551867069156,-0.0115622171774703,516.3381102859494,-0.0326620085822924,0.0,-0.0057058119500652,-0.1508622548490166,-0.1508622548490166,999.983267413636,-0.0028984102756339,-1000.0,1000.0,515.0868494133954,13.089176843987843,-5.657493969405323,-0.2514370914151413,-0.020028015004982,200.1583753682912,-999.9673379914176,-1000.0,-0.0098835790400926, Amensalism,Healthy
SRR12328906.bin.10.fbc2XSRR12328906.bin.37.fbc2 ,-0.252676025980918,-0.252676025980918,0.1272118205731658,-0.0048544865702524,198.5217706780488,0.0,0.0,744.6529503343666,-9.475617971046743,-0.4211267099682345,-0.0335445022003568,-31.823513893903737,-651.6205776167631,0.0,-0.0165537992045301,-0.2677614914159676,-0.2677614914159676,999.8727881794268,-0.0051443129955259,-720.0100704634135,1000.0,1000.0,255.34704966563345,-10.041338865312357,-0.446269152359946,-0.0355472027989662,468.7091444821292,-348.37942238323694,-1000.0,-0.0175421073146253, Neutralism,Healthy
SRR12328906.bin.44.fbc2XSRR12328906.bin.42.fbc2 ,-0.0857612980171325,-0.0857612980171325,0.0,-0.0016476714316695,-1000.0,999.8713498146172,-1000.0,-683.1783775243202,-3.2161392975699528,-0.142935496695145,-0.0113854095926626,14.532882183320226,354.86487292806373,-999.8713498146172,-0.005618559581876,-0.2643259099367014,-0.2643259099367014,1000.0,-0.0050783075876097,1000.0,-1000.0,626.8478846377238,-316.82162247567976,-9.91250092954192,-0.44054318322776,-0.0350911054306379,29.15243943425048,-614.2234511312796,1000.0,-0.0173170288738901, Amensalism,Healthy
SRR12328906.bin.12.fbc2XSRR12328906.bin.28.fbc2 ,-0.0869597120415619,-0.0869597120415619,8.912020645821485,-0.0016706957164842,1000.0,-1000.0,-157.44251436467573,415.23394092737817,-3.261081089822937,-0.1449328534025653,-0.0115445074006856,275.9865903418004,-78.05639004451598,1000.0,-0.0056970723931044,-0.1865749521070938,-0.1865749521070938,991.0879793541784,-0.0035845331816517,-1000.0,999.7201196491736,-288.96327177906426,584.7660590726218,-6.996757853339773,-0.3109582535117852,-0.0247691242855125,724.0134096581996,-921.943609955484,-999.7201196491736,-0.0122232581495609, Neutralism,Healthy
SRR12328906.bin.10.fbc2XSRR12328906.bin.28.fbc2 ,-0.2490290023341685,-0.2490290023341685,20.675746548745902,-0.0047844188728731,-1000.0,999.3051588470894,805.142119882787,868.6771210037073,-9.338850730570812,-0.4150483372236522,-0.0330603344117435,-46.825562028820514,-501.65146975848313,-999.3051588470894,-0.0163148683565168,-0.1538126755942812,-0.1538126755942812,979.3242534512542,-0.0029550946319432,0.0,-0.2307337888646543,-837.0600667319497,131.32287899629273,-5.768137864991331,-0.2563544593238021,-0.0204197039068958,1000.0,-498.34853024151687,0.2307337888646543,-0.0100768726949809, Amensalism,Healthy
SRR12328906.bin.5.fbc2XSRR12328906.bin.2.fbc2 ,-0.0895002471272619,-0.0895002471272619,545.3137837864269,-0.0017195052281522,-1000.0,999.75027625571,0.0,-292.24595077553204,-3.356353840060933,-0.1491670785454744,-0.0118817811268172,260.977680686374,-0.1491842735977115,-999.75027625571,-0.0058635128281139,-0.0874745936092722,-0.0874745936092722,454.68621621357306,-0.0016805877734213,1000.0,-1000.0,1000.0,-16.48560812274411,-3.280389692676181,-0.1457909893488249,-0.0116128615146635,-1000.0,-500.0328050733382,1000.0,-0.0057308043075181, Neutralism,Healthy
SRR12328906.bin.2.fbc2XSRR12328906.bin.26.fbc2 ,-0.0874668605310944,-0.0874668605310944,0.1721441919847848,-0.0016804392032554,-1000.0,1000.0,1000.0,841.0620469869368,-3.2800996940723053,-0.1457781008851952,-0.0116118348946656,-681.9929777050378,-367.8446478464193,-1000.0,-0.0057302976831579,-0.0882531448729651,-0.0882531448729651,999.8278558080152,-0.0016955455306515,1000.0,-888.3838226529576,0.0,-1000.0,-3.309586187741957,-0.147088574788313,-0.011716219617142,746.3773472614505,-21.927992633523672,888.3838226529576,-0.0057818102596911, Neutralism,Healthy
SRR12328906.bin.42.fbc2XSRR12328906.bin.26.fbc2 ,-0.2643259099367014,-0.2643259099367014,1000.0,-0.0050783075876097,1000.0,-1000.0,1000.0,-66.16121255585358,-9.91250092954192,-0.44054318322776,-0.0350911054306379,520.2967916808129,-1000.0,1000.0,-0.0173170288738901,0.0,0.0,0.0,0.0,-1000.0,1000.0,0.0,0.0,0.0,0.0,0.0,0.0,0.0,-1000.0,0.0, Amensalism,Healthy
SRR12328906.bin.7.fbc2XSRR12328906.bin.28.fbc2 ,-0.0963854989660149,-0.0963854989660149,31.65494223650694,-0.0018517867237051,999.8554124926172,-1000.0,-1000.0,-1000.0,-3.6145580594962894,-0.1606424982767293,-0.0127958462604738,0.0,0.0,1000.0,-0.0063145927276764,-0.1873688838148837,-0.1873688838148837,968.3450577634932,-0.0035997864325736,-1000.0,999.7189286753456,38.404943759258686,507.7416132671508,-7.026531131312254,-0.3122814730247683,-0.0248745242489576,1000.0,-1000.0,-999.7189286753456,-0.0122752717350067, Neutralism,Healthy
SRR12328906.bin.7.fbc2XSRR12328906.bin.2.fbc2 ,-0.09983886525049,-0.09983886525049,494.5854571026068,-0.0019181338184353,-1000.0,999.8502321114552,0.0,-496.7168874016715,-3.744062944251823,-0.1663981087507409,-0.0132543046854607,671.0390467459029,-462.997998620978,-999.8502321114552,-0.0065408363209371,-0.0874745936092722,-0.0874745936092722,505.4145428973932,-0.0016805877734213,1000.0,-1000.0,1000.0,-7.221268530675275,-3.280389692676181,-0.1457909893488249,-0.0116128615146635,-535.5847408248933,-424.76823647037406,1000.0,-0.0057308043075181, Neutralism,Healthy
SRR12328906.bin.37.fbc2XSRR12328906.bin.9.fbc2 ,-0.2677728460396338,-0.2677728460396338,1000.0,-0.0051445311438556,0.0,-0.4016849917152285,859.6922418000977,523.9653398387734,-10.041764675701074,-0.4462880767327988,-0.0355487102043525,411.0757972041283,-316.67490525723133,0.4016849917152285,-0.0175428512006874,0.0,0.0,0.0,0.0,1000.0,-719.3844836001952,140.3077581999023,-280.61551639980485,0.0,0.0,0.0,0.0,-70.15387909995115,719.3844836001952,0.0, Amensalism,Healthy
SRR12328906.bin.2.fbc2XSRR12328906.bin.9.fbc2 ,-0.0874745936092722,-0.0874745936092722,0.4364570477099505,-0.0016805877734213,-1000.0,1000.0,884.8835188896892,57.32942864933352,-3.280389692676181,-0.1457909893488249,-0.0116128615146635,-275.9557617660696,-419.0893277567386,-1000.0,-0.0057308043075181,-0.0869556228150258,-0.0869556228150258,999.56354295229,-0.0016706171530813,1000.0,-986.5533306037412,115.1164811103108,-1000.0,-3.26092773950586,-0.1449260380250052,-0.0115439645273909,6.878145227077084,-7.855652549961633,986.5533306037412,-0.0056968044917766, Neutralism,Healthy
SRR12328906.bin.12.fbc2XSRR12328906.bin.26.fbc2 ,-0.0870931120241493,-0.0870931120241493,0.0167325863639007,-0.0016732586364014,-1000.0,1000.0,-175.6086584262922,565.8393593113722,-3.2660837301299352,-0.1451551867069156,-0.0115622171774703,130.80450831396956,-140.8609765779296,-1000.0,-0.0057058119500652,-0.088266862797468,-0.088266862797468,999.983267413636,-0.0016958090835714,999.8675912267586,-1000.0,-406.960575498127,-1000.0,-3.310100624402594,-0.1471114379957043,-0.0117180407671639,505.2688176219649,357.1440365445542,1000.0,-0.0057827089748343, Neutralism,Healthy
SRR12328906.bin.37.fbc2XSRR12328906.bin.18.fbc2 ,-0.259987503617026,-0.259987503617026,912.7767149897104,-0.0049949568418696,-832.4625042326019,1000.0,1000.0,954.6813843327704,-9.74980610826276,-0.4333125060283009,-0.0345151517769863,-123.98102256057166,-542.4152379549987,-1000.0,-0.017032802830613,-0.0103970005339988,-0.0103970005339988,87.2232850102896,-0.0001997502504309,1000.0,-1000.0,-951.751032403524,-6.218357130520303,-0.3898985062885458,-0.0173283342232934,-0.0013802742303141,3.388189715037015,-0.0212294566139235,1000.0,-0.0006811483539195, Amensalism,Healthy
SRR12328906.bin.8.fbc2XSRR12328906.bin.22.fbc2 ,-0.0748215903973914,-0.0748215903973914,46.45125581103571,-0.0014374945321833,1000.0,-1000.0,-68.3769108363249,632.965620507021,-2.8058887021009014,-0.1247026506622432,-0.0099330872170639,206.18320103064912,-165.38172595426,1000.0,-0.0049018563545359,-0.0348269379196608,-0.0348269379196608,764.7130402670186,-0.0006691054355769,-1000.0,999.9477562475934,-931.6230891636752,-201.1115851946447,-1.3060469727849977,-0.0580448965326922,-0.0046235185595833,793.8167989693509,-2.855667282092213,-999.9477562475934,-0.0022816495351207, Amensalism,Healthy
SRR12328906.bin.12.fbc2XSRR12328906.bin.2.fbc2 ,-0.0872670221997395,-0.0872670221997395,486.6204752075364,-0.0016765998501568,0.0,0.0,75.40850025405962,-13.205570038082897,-3.272605545481383,-0.1454450369994901,-0.0115853049644556,1000.0,-222.69037948741996,0.0,-0.0057172054889633,-0.0874745936092722,-0.0874745936092722,513.3795247924636,-0.0016805877734213,-1000.0,1000.0,89.72907269712596,-16.485608122744566,-3.280389692676181,-0.1457909893488249,-0.0116128615146635,-501.5611946165764,-500.0328050733382,-1000.0,-0.0057308043075181, Neutralism,Healthy
SRR12328906.bin.12.fbc2XSRR12328906.bin.31.fbc2 ,-0.0872670221997395,-0.0872670221997395,14.916592746709398,-0.0016765998501568,1000.0,-1000.0,-365.9995393196312,756.768382570305,-3.272605545481383,-0.1454450369994901,-0.0115853049644556,688.2434938571732,-151.1157732082529,1000.0,-0.0057172054889633,-0.0839758931231244,-0.0839758931231244,985.0834072532908,-0.0016133697046143,-497.47051177331934,1000.0,-634.0004606803689,-1000.0,-3.1491847274504607,-0.139959821871912,-0.0111483846586679,-20.61487173444596,-125.80384098887237,-1000.0,-0.0055015906925746, Neutralism,Healthy
SRR12328906.bin.28.fbc2XSRR12328906.bin.42.fbc2 ,-0.0985537311278221,-0.0985537311278221,0.6002846857227269,-0.0018934434414177,-1000.0,999.8521599360912,-1000.0,576.4239731611624,-3.6958690566805217,-0.1642562185462566,-0.0130836941804091,974.0164208169004,-440.21512260261136,-999.8521599360912,-0.0064566421353902,-0.2642201294061124,-0.2642201294061124,999.3997153142772,-0.0050762753007802,1000.0,-1000.0,1000.0,-592.3400359151975,-9.90853404787174,-0.4403668823435964,-0.0350770623284688,14.549823318137328,-559.7848773973886,1000.0,-0.0173100987757379, Amensalism,Healthy
SRR12328906.bin.44.fbc2XSRR12328906.bin.18.fbc2 ,-0.0871724292017006,-0.0871724292017006,16.45417242098881,-0.0016747825014817,-1000.0,999.8692329822848,-552.2279576796487,-945.5551462164472,-3.269058208102137,-0.1452873820028344,-0.0115727470852107,39.80069450506858,593.8489762177887,-999.8692329822848,-0.0057110083300813,-0.1167386491456454,-0.1167386491456454,983.5458275790112,-0.002242817466822,1000.0,-1000.0,-447.77204232035126,-54.44485378355273,-4.377822697922852,-0.1945644152427803,-0.0154978686954336,38.04296143771444,-0.2383666403688948,1000.0,-0.00764800756167, Amensalism,Healthy
SRR12328906.bin.5.fbc2XSRR12328906.bin.31.fbc2 ,-0.0895002471272619,-0.0895002471272619,3.758700868405185,-0.0017195052281522,-0.2497237442900086,0.0,0.0,-207.01382492255948,-3.356353840060933,-0.1491670785454744,-0.0118817811268172,355.27063443573775,-0.1491842735977115,0.0,-0.0058635128281139,-0.0840345098918078,-0.0840345098918078,996.2412991315948,-0.0016144958673294,-999.75027625571,1000.0,-1000.0,-792.9861750774405,-3.1513829182136988,-0.1400575164863085,-0.0111561664429018,-17.998650175261446,-0.234019556846647,-1000.0,-0.0055054309074193, Neutralism,Healthy
SRR12328906.bin.41.fbc2XSRR12328906.bin.28.fbc2 ,-0.1307300680292655,-0.1307300680292655,541.4814069624172,-0.0025116247460346,1000.0,-1000.0,-523.7610885639255,503.7782952964087,-4.902515690458358,-0.2178834467154047,-0.0173553269949024,469.42331997590463,-414.6655778218691,1000.0,-0.0085646403838381,-0.147945295145405,-0.147945295145405,458.5185930375828,-0.002842368782808,-1000.0,999.7780678454378,-476.23891143607455,494.5819524990968,-5.548104898236375,-0.2465754919090841,-0.019640768289264,530.5766800240954,-585.3344221781309,-999.778067845438,-0.0096924775493789, Competition,Healthy
SRR12328906.bin.44.fbc2XSRR12328906.bin.31.fbc2 ,-0.1149595688605131,-0.1149595688605131,350.6343764368719,-0.0022086372499643,-0.1724503964770747,0.0,-533.409837159685,-1000.0,-4.311105307319394,-0.1915992814342644,-0.0152616833972842,701.459247836553,161.3088626218591,0.0,-0.0075314530223522,-0.0547638874739959,-0.0547638874739959,649.3656235631281,-0.001052140009051,-827.8922807081415,1000.0,-466.590162840315,0.0,-2.053703647974544,-0.0912731457899553,-0.0072702874629158,-8.014329313163103,-73.40567428325869,-1000.0,-0.0035877974310096, Competition,Healthy
SRR12328906.bin.30.fbc2XSRR12328906.bin.8.fbc2 ,-0.0861064276438128,-0.0861064276438128,491.49296994745214,-0.0016543021641837,-1000.0,1000.0,1000.0,643.8865296056601,-3.229082023262549,-0.1435107127397259,-0.01143122795429,490.5977774173671,-946.6774776627776,-1000.0,-0.0056411703797039,-0.0748215903973914,-0.0748215903973914,46.45125581103571,-0.0014374945321833,0.0,0.0,-42.01003939702275,356.11347039433986,-2.8058887021009014,-0.1247026506622432,-0.0099330872170639,509.4022225826329,-53.32252233722238,0.0,-0.0049018563545359, Neutralism,Healthy
SRR12328906.bin.41.fbc2XSRR12328906.bin.37.fbc2 ,-0.1018073100741503,-0.1018073100741503,200.90370148916577,-0.0019559521628025,1000.0,-1000.0,0.0,829.0245817939758,-3.817881705148352,-0.169678850123546,-0.0135156294450098,338.1314470771681,-615.1271406306705,1000.0,-0.0066697968751441,-0.2366034708188635,-0.2366034708188635,799.0962985108342,-0.0045456958850991,-462.4410287573511,1000.0,1000.0,170.9754182060242,-8.872880168980714,-0.3943391180314393,-0.0314107585659257,493.4392548543135,-384.8728593693295,-1000.0,-0.0155008229681925, Competition,Healthy
SRR12328906.bin.30.fbc2XSRR12328906.bin.22.fbc2 ,-0.0861064276438128,-0.0861064276438128,180.8524598857425,-0.0016543021641837,1000.0,-1000.0,883.3623118651321,1000.0,-3.229082023262549,-0.1435107127397259,-0.01143122795429,3.77084943899888,-721.7467130576147,1000.0,-0.0056411703797039,-0.043707327465654,-0.043707327465654,819.1475401142575,-0.0008397181069312,-935.9684589729366,1000.0,-626.293170966126,-1000.0,-1.6390709644588242,-0.0728455457760901,-0.0058024521189281,996.229150561001,-35.55952227732212,-1000.0,-0.0028634387446118, Neutralism,Healthy
SRR12328906.bin.41.fbc2XSRR12328906.bin.26.fbc2 ,-0.0982403589258638,-0.0982403589258638,158.3845168933683,-0.0018874228419463,-1000.0,1000.0,-420.1043648953331,1000.0,-3.6841172679756937,-0.1637339315431063,-0.0130420918382014,706.9129823006544,-657.8838024876152,-1000.0,-0.006436111891162,-0.0742880014059892,-0.0742880014059892,841.6154831066317,-0.0014272430626078,999.8885608616756,-1000.0,-579.8956351046669,-947.1269118036574,-2.785878551091628,-0.1238133356765729,-0.0098622495622748,293.08701769934555,647.356940264608,1000.0,-0.0048668988432609, Competition,Healthy
SRR12328906.bin.5.fbc2XSRR12328906.bin.47.fbc2 ,-0.0895002471272619,-0.0895002471272619,286.4643889242518,-0.0017195052281522,-1000.0,999.75027625571,695.2521181222048,-159.70506314571287,-3.356353840060933,-0.1491670785454744,-0.0118817811268172,119.36603792909956,-0.1491842735977115,-999.75027625571,-0.0058635128281139,-0.1366074415471985,-0.1366074415471985,713.5356110757482,-0.0026245425849538,999.795075714966,-1000.0,304.7478818777952,-840.2949368542871,-5.12292340786405,-0.2276790692453687,-0.0181355892621013,232.4492636183095,-807.3278470090187,1000.0,-0.0089496902147629, Neutralism,Healthy
SRR12328906.bin.5.fbc2XSRR12328906.bin.12.fbc2 ,-0.0895002471272619,-0.0895002471272619,223.93855469241544,-0.0017195052281522,-1000.0,999.75027625571,669.1833825453682,-247.71988404384047,-3.356353840060933,-0.1491670785454744,-0.0118817811268172,334.1656699417101,-0.1491842735977115,-999.75027625571,-0.0058635128281139,-0.0872670221997395,-0.0872670221997395,671.4826279027393,-0.0016765998501568,1000.0,-1000.0,330.8166174546318,-752.2801159561595,-3.272605545481383,-0.1454450369994901,-0.0115853049644556,665.8343300582899,-83.55723455878024,1000.0,-0.0057172054889633, Neutralism,Healthy
SRR12328906.bin.26.fbc2XSRR12328906.bin.18.fbc2 ,-0.0027784857577444,-0.0027784857577444,31.47771630739203,-5.33810904244092e-05,-999.915072879656,1000.0,2.514890763482072,-31.905016455898817,-0.1041961518749303,-0.0046308095962785,-0.0003688633349838,31.57902741892167,-0.0222737789714528,-1000.0,-0.0001820295184415,-0.1154476892213551,-0.1154476892213551,968.522283692608,-0.0022180151627253,1000.0,-1000.0,535.7537299453616,-69.04827590656907,-4.329410336636215,-0.1924128153690389,-0.0153264847746186,37.62226153262145,-0.2357306514976471,1000.0,-0.0075634317049662, Amensalism,Healthy
SRR12328906.bin.27.fbc2XSRR12328906.bin.18.fbc2 ,-0.0028197976845376,-0.0028197976845376,31.4777163073918,-5.417478735125769e-05,0.0,0.0,34.62410913561689,-16.941303586406207,-0.1057453927813867,-0.0046996628075248,-0.0003743477809621,0.1173214613543223,-23.11192008608714,0.0,-0.0001847360250621,-0.1154476892213551,-0.1154476892213551,968.5222836926082,-0.0022180151627253,-1000.0,1000.0,535.7537299453625,-69.0482759065685,-4.329410336636215,-0.1924128153690389,-0.0153264847746186,37.62226153262077,-0.2357306514976471,-1000.0,-0.0075634317049662, Amensalism,Healthy
SRR13077663.bin.36.fbc2XSRR13077663.bin.7.fbc2 ,-0.0815286012827982,-0.0815286012827982,1000.0,-0.0015663516096537,1000.0,-1000.0,-863.5540931539997,-1000.0,-3.057408697442952,-0.1358810021379213,-0.0108234896227941,-43.65074989239929,-0.1664718490745826,1000.0,-0.0053412589888921,-0.0773785347663533,-0.0773785347663533,0.0,-0.0014866193038187,-1000.0,999.883924764754,1000.0,886.8049269305197,-2.90177681779835,-0.1289642246105131,-0.0102725393896889,-22.213377828443758,-499.8623192308711,-999.883924764754,-0.0050693718261527, Neutralism,Healthy
SRR13077663.bin.36.fbc2XSRR13077663.bin.53.fbc2 ,-0.0756103907334591,-0.0756103907334591,931.6330008912478,-0.0014526491975175,-1000.0,1000.0,-809.9882805619558,-909.8388396108976,-2.835469548211904,-0.1260173178891364,-0.0100378059552213,-66.49556418327757,-0.1543875567176655,-1000.0,-0.0049535337636825,-0.0792778525690209,-0.0792778525690209,32.56499624664457,-0.0015231095594572,999.8810756055988,-1000.0,-190.01171943804425,-90.16116038910228,-2.9730032423651664,-0.1321297542817774,-0.0105246870557493,48.10985345033146,-9.868622844121774,1000.0,-0.005193803597649, Neutralism,Healthy
SRR13077663.bin.22.fbc2XSRR13077663.bin.56.fbc2 ,-0.0872842882218947,-0.0872842882218947,9.318759042801048,-0.0016769315700457,1000.0,-1000.0,613.6319729340562,1000.0,-3.2732530395579715,-0.1454738137032336,-0.0115875971491732,-3.599449768567069,-415.0592058237793,1000.0,-0.0057183366538993,-0.1000939054827085,-0.1000939054827085,990.681240957199,-0.0019230337268254,-1000.0,999.8498495266072,65.50011323249964,-291.0385751575294,-3.753627222457908,-0.1668231758045522,-0.0132881630526071,943.4417638568376,-584.9407941762207,-999.8498495266072,-0.0065575450086043, Amensalism,Healthy
SRR13077663.bin.35.fbc2XSRR13077663.bin.34.fbc2 ,-0.1559619562793841,-0.1559619562793841,776.424420634979,-0.0029963872484586,1000.0,-1000.0,955.615749202148,259.0743783743096,-5.8487381617765095,-0.2599365937990114,-0.0207050358865217,432.3848749752792,-500.3184560367603,1000.0,-0.0102176805170302,-0.0190370287658652,-0.0190370287658652,223.57557936502096,-0.0003657450291711,-1000.0,999.9485140722504,-854.379338342294,-444.6222769028283,-0.7139086946954194,-0.0317283812763662,-0.0025272981512216,441.17413334814273,-0.4775596850635111,-999.9485140722504,-0.001247190549293, Amensalism,Healthy
SRR13077663.bin.51.fbc2XSRR13077663.bin.22.fbc2 ,-0.2045434909932737,-0.2045434909932737,853.1958614393138,-0.0039297500670727,-1000.0,1000.0,0.0,840.1003230181639,-7.670597048501463,-0.340905818322085,-0.0271545729638091,-17.009554540160252,-999.8965974371084,-1000.0,-0.0134004477288272,-0.0506407922329117,-0.0506407922329117,146.80413856068617,-0.0009729258833885,1000.0,-1000.0,540.6414351836092,159.89967698183614,-1.899083219655722,-0.0844013203881104,-0.0067229178545176,1000.0,-0.1034025628915742,1000.0,-0.0033176772625438, Amensalism,Healthy
SRR13077663.bin.44.fbc2XSRR13077663.bin.35.fbc2 ,-0.0240634359145133,-0.0240634359145133,213.00708330718408,-0.0004623138504484,-0.5028985690144054,1000.0,-1000.0,607.7340297396718,-0.9024042740577444,-0.0401057265243025,-0.0031945887063784,554.7961073149029,-249.88329972410668,-1000.0,-0.0015764902299224,-0.1561739153021335,-0.1561739153021335,786.9929166928159,-0.0030004594678985,1000.0,-1000.0,974.5820326831196,248.55412671480872,-5.856686849098878,-0.2602898588368134,-0.0207331749229524,445.2038926850971,-500.3188888322441,1000.0,-0.0102315667853645, Amensalism,Healthy
SRR13077663.bin.24.fbc2XSRR13077663.bin.26.fbc2 ,-0.0838311913686311,-0.0838311913686311,20.81262036469343,-0.0016105896517046,1000.0,-1000.0,1000.0,-28.345202138688364,-3.1437582587556108,-0.1397186522810898,-0.0111291744929076,53.72007122534456,-498.9279142195549,1000.0,-0.0054921107121117,-0.085493424263177,-0.085493424263177,979.1873796353066,-0.0016425249618805,-1000.0,999.8717516509804,0.0,44.279059989984944,-3.2060937487424326,-0.1424890404385905,-0.0113498474862581,-24.300488850105356,-501.0720857804451,-999.8717516509804,-0.0056010101197898, Neutralism,Healthy
SRR13077663.bin.31.fbc2XSRR13077663.bin.34.fbc2 ,-0.0854619911734744,-0.0854619911734744,1000.0,-0.0016419210600133,-1000.0,999.8717988036344,164.0190666769554,-33.58440340498646,-3.204914974664007,-0.1424366519557907,-0.0113456745247049,997.1983162088582,-1000.0,-999.8717988036344,-0.0055989508146012,0.0,0.0,0.0,0.0,1000.0,-1000.0,0.0,0.0,0.0,0.0,0.0,0.0,0.0,1000.0,0.0, Amensalism,Healthy
SRR13077663.bin.51.fbc2XSRR13077663.bin.59.fbc2 ,-0.1873153026455156,-0.1873153026455156,663.7699204757528,-0.003598757015311,-1000.0,1000.0,274.1939913362103,657.8759482112598,-7.02452178084161,-0.3121921710758215,-0.0248674109756166,-21.614242596500844,-1000.0,-1000.0,-0.0122717614220846,-0.0577003228148669,-0.0577003228148669,336.23007952424723,-0.0011085556736816,1000.0,-329.73890501248945,725.8060086637897,-677.9211962166834,-2.1638230761183195,-0.096167204691369,-0.0076601197050649,-2.3165414009095,0.0,329.73890501248934,-0.0037801748471792, Amensalism,Healthy
SRR13077663.bin.24.fbc2XSRR13077663.bin.23.fbc2 ,-0.0838387690939725,-0.0838387690939725,20.920845992820432,-0.0016107352371363,1000.0,-1000.0,1000.0,-28.36903320119632,-3.1440424314640723,-0.1397312818234013,-0.0111301804887489,53.76214763803364,-498.9597206067875,1000.0,-0.0054926071586578,-0.1776225597371876,-0.1776225597371876,979.0791540071796,-0.0034125371707887,-1000.0,999.7335490977084,-281.33905117766847,1000.0,-6.661033679688785,-0.2960375995619415,-0.0235806318498816,889.181413304414,-149.8006577340892,-999.7335490977084,-0.0116367517522348, Neutralism,Healthy
SRR13077663.bin.36.fbc2XSRR13077663.bin.34.fbc2 ,-0.0803585940722086,-0.0803585940722086,985.649119546016,-0.0015438730849837,-1000.0,1000.0,-973.1686815701908,-971.4605630850532,-3.0135321907270054,-0.1339309901203478,-0.0106681630170442,-57.21287965992951,-0.1640828314696136,-1000.0,-0.0052646072197148,-0.0012219497531305,-0.0012219497531305,14.350880453984018,-2.347646022826666e-05,999.9966952186984,-1000.0,-26.83131842980913,-28.53943691494669,-0.0458244069487818,-0.0020365829219599,-0.0001622223398953,28.31810730425309,-0.0306536249148621,1000.0,-8.005472921013279e-05, Amensalism,Healthy
SRR13077663.bin.4.fbc2XSRR13077663.bin.26.fbc2 ,-0.0920311785012018,-0.0920311785012018,309.0722423238988,-0.0017681302305163,-1000.0,1000.0,-110.96819952948806,-313.758255989424,-3.451266440958989,-0.1533852975020408,-0.0122177798932625,1000.0,-402.8289346968211,-1000.0,-0.0060293240862847,-0.060325307648668,-0.060325307648668,690.9277576761012,-0.0011589876589823,999.9095062435886,-1000.0,-713.2995099369195,519.3990225504051,-2.2622627811471148,-0.1005421794144467,-0.0080086047233862,-17.146751092614863,-597.1710653031789,1000.0,-0.0039521479170616, Amensalism,Healthy
SRR13077663.bin.53.fbc2XSRR13077663.bin.26.fbc2 ,-0.0862229309090025,-0.0862229309090025,16.123562100662184,-0.0016565404592938,-1000.0,999.8706573209342,-1000.0,-1000.0,-3.2334510188117065,-0.1437048848482618,-0.0114466945740332,996.659527963549,-0.1437214502528832,-999.8706573209342,-0.0056488029663341,-0.0859028286896546,-0.0859028286896546,983.8764378993378,-0.001650390560826,1000.0,-1000.0,111.74693538289102,21.39950038826896,-3.221446847342804,-0.1431713811493864,-0.0114041987751534,-24.41685718821145,-493.38452771502233,1000.0,-0.0056278318123759, Neutralism,Healthy
SRR13077663.bin.36.fbc2XSRR13077663.bin.12.fbc2 ,-0.0532070342734414,-0.0532070342734414,655.0090386842799,-0.0010222292847856,0.0,0.0,-694.947415236656,-640.8324722692055,-1.9953200078642797,-0.0886783904556978,-0.0070636043578815,-45.05485187634088,-0.1086425283876906,0.0,-0.0034858018611885,-0.0296692624525576,-0.0296692624525576,344.99096131572014,-0.0005700146484741,-1000.0,1000.0,-305.05258476334404,-359.1675277307945,-1.112628692777207,-0.0494487707543385,-0.0039388012208974,345.44359284762595,-167.06263399239333,-1000.0,-0.0019437499512378, Competition,Healthy
SRR13077663.bin.53.fbc2XSRR13077663.bin.23.fbc2 ,-0.0858858020299067,-0.0858858020299067,4.775572355236477,-0.0016500634395697,1000.0,-226.7551276806647,998.8582677744248,-852.9204173969902,-3.2208083296126238,-0.1431430033832157,-0.0114019383674985,78.75650924371394,-193.48658682219207,226.75512768066483,-0.0056267163289476,-0.1736690010476422,-0.1736690010476422,995.2244276447636,-0.0033365802314619,-1000.0,999.7394798155274,1.1417322255753106,1000.0,-6.51277105119857,-0.289448335079328,-0.0230557693994342,921.243490756286,-193.6607358733144,-999.7394798155274,-0.0113777385893172, Neutralism,Healthy
SRR13077663.bin.51.fbc2XSRR13077663.bin.53.fbc2 ,-0.1720346461980852,-0.1720346461980852,864.8557255985481,-0.0033051805224886,-1000.0,1000.0,384.52939661307846,708.3724010544915,-6.4514810173564,-0.2867244103300663,-0.0228387974107135,-13.242734592429656,-999.8554192412892,-1000.0,-0.0112706655818328,-0.0867384565571001,-0.0867384565571001,35.82336584039604,-0.0016664448905885,999.86988398294,-1000.0,-415.2425839661171,-442.9776970514818,-3.252783775359262,-0.1445640942617956,-0.0115151341942691,417.484852224246,-0.144580758710731,1000.0,-0.0056825770769819, Amensalism,Healthy
SRR13077663.bin.36.fbc2XSRR13077663.bin.26.fbc2 ,-0.0001433178667799,-0.0001433178667799,1.765931493454218,-2.753465259942303e-06,-1000.0,1000.0,-1.4787638959556944,-1.7811478446142246,-0.0053745714448391,-0.0002388631112999,-1.902644494620131e-05,-0.0694812268941277,-0.0002926382878266,-1000.0,-9.389316536403252e-06,-0.0859028286896523,-0.0859028286896523,998.2340685065458,-0.0016503905608002,1000.0,-998.599769603928,112.02894917357264,-998.2188521553858,-3.221446847342807,-0.1431713811494205,-0.0114041987751296,-13.063721051810369,-3.589154585988632,998.599769603928,-0.0056278318123288, Amensalism,Healthy
SRR13077663.bin.31.fbc2XSRR13077663.bin.46.fbc2 ,-0.0790155914921797,-0.0790155914921797,924.5699802594886,-0.0015180709220885,-1000.0,999.8814690224071,-545.2769501873786,-30.68333676536008,-2.963168174858424,-0.1316926524870041,-0.0104898700712965,906.6546028994107,-574.1958359546785,-999.881469022407,-0.0051766218441571,-0.0925885004969586,-0.0925885004969586,75.4300197405114,-0.0017788376655971,999.8611083550664,-1000.0,-454.7230498126214,-99.44819778713725,-3.472166604705876,-0.1543141674948174,-0.0122917682696197,93.34539710058924,-0.1543319558714984,1000.0,-0.0060658364398022, Amensalism,Healthy
SRR13077663.bin.44.fbc2XSRR13077663.bin.36.fbc2 ,-0.0870082920907862,-0.0870082920907862,2.321825886310989,-0.0016716290507474,-0.2427706870385009,1000.0,0.0,-10.916334340780054,-3.262902893004025,-0.1450138201513482,-0.0115509567406206,-4.601376273928622,-851.8793670063637,-1000.0,-0.0057002550630613,-0.0813393060658427,-0.0813393060658427,997.678174113689,-0.0015627148139856,1000.0,-1000.0,-1000.0,-989.08366565922,-3.05030992678428,-0.1355655101096999,-0.0107983593643439,-52.143908905811486,-0.1660853304260854,1000.0,-0.0053288575155647, Neutralism,Healthy
SRR13077663.bin.44.fbc2XSRR13077663.bin.26.fbc2 ,-0.0871924033556297,-0.0871924033556297,6.558778421865213,-0.001675166250834,-0.2432843946077127,1000.0,-47.61722188725844,291.8663461347724,-3.269807259977938,-0.1453206722593449,-0.0115753987931839,1000.0,-921.9449242748772,-1000.0,-0.0057123169153783,-0.0859028286896546,-0.0859028286896546,993.4412215781348,-0.001650390560826,1000.0,-1000.0,0.0,-960.5811792167748,-3.221446847342804,-0.1431713811493864,-0.0114041987751534,-14.85207350941448,-16.741363430696538,1000.0,-0.0056278318123759, Neutralism,Healthy
SRR13077663.bin.51.fbc2XSRR13077663.bin.24.fbc2 ,-0.1293708354921818,-0.1293708354921818,455.4121673333575,-0.0024855107683379,-1000.0,1000.0,-676.2409983822041,447.1294263938298,-4.851543034048063,-0.2156180591535985,-0.0171748794092536,-15.950044557706178,-532.8851914182758,-1000.0,-0.0084755917200709,-0.0855578149476059,-0.0855578149476059,544.5878326666425,-0.0016437620547549,1000.0,-1000.0,222.6914305349378,-290.2869083702294,-3.208508467447814,-0.1425963582460099,-0.0113583957980836,289.43919014297853,-467.1148085817242,1000.0,-0.0056052286065551, Amensalism,Healthy
SRR13077663.bin.36.fbc2XSRR13077663.bin.59.fbc2 ,0.0,0.0,0.0,0.0,-1000.0,1000.0,-672.2309074023162,0.0,0.0,0.0,0.0,0.0,0.0,-1000.0,0.0,-0.1560948259423185,-0.1560948259423185,1000.0,-0.0029989399796477,1000.0,-0.4355360532489385,-327.76909259768377,-1000.0,-5.853720914536893,-0.2601580432371975,-0.0207226752595488,107.51522379808648,-839.3513449268655,0.4355360532489385,-0.0102263853307249, Amensalism,Healthy
SRR13077663.bin.44.fbc2XSRR13077663.bin.56.fbc2 ,-0.0824728209097429,-0.0824728209097429,889.1475179054744,-0.0015844922364749,-1000.0,999.876282846174,-1000.0,-26.606330849987103,-3.0928179311887334,-0.1374547015162761,-0.0109488413542067,122.86351369378735,0.0,-999.876282846174,-0.0054031185264875,-0.1453816523992372,-0.1453816523992372,110.8524820945256,-0.0027931153198323,0.0,-0.2180864441753556,0.0,922.0417969693316,-5.451965586312099,-0.2423027539986151,-0.0193004268602408,877.1364863062126,-1000.0,0.2180864441753556,-0.0095245232407705, Neutralism,Healthy
SRR13077663.bin.46.fbc2XSRR13077663.bin.4.fbc2 ,-0.1176287627275769,-0.1176287627275769,376.4582442460712,-0.0022599185922445,-1000.0,999.8235455563158,-138.10761580167616,-371.7722305805463,-4.411202897806334,-0.196047937879257,-0.0156160374725686,628.9390268600605,-500.1960705370652,-999.8235455563156,-0.0077063223995992,-0.0920311785012018,-0.0920311785012018,623.5417557539288,-0.0017681302305163,1000.0,-1000.0,517.9708273305723,-628.2277694194537,-3.451266440958989,-0.1533852975020408,-0.0122177798932625,371.0609731399395,-402.8289346968211,1000.0,-0.0060293240862847, Amensalism,Healthy
SRR13077663.bin.46.fbc2XSRR13077663.bin.40.fbc2 ,-0.1339095425472578,-0.1339095425472578,566.9712878750333,-0.0025727097511207,-1000.0,999.7991228226304,-1000.0,-469.5414446535507,-5.021749344557634,-0.2231825709120585,-0.0177774243804833,992.8056226073234,-414.6945528664224,-999.7991228226304,-0.0087729402514469,-0.0795295651272454,-0.0795295651272454,4.356814459082898,-0.0015279455355994,1000.0,-1000.0,1000.0,-14.278375999862646,-2.982442729278091,-0.1325492752121135,-0.010558103650851,7.194377392676643,-446.2653973045218,1000.0,-0.0052102942763667, Neutralism,Healthy
SRR13077663.bin.36.fbc2XSRR13077663.bin.46.fbc2 ,-0.0423661506176813,-0.0423661506176813,519.647705849176,-0.0008139510205182,-1000.0,1000.0,-456.2243045411451,-512.1673046921732,-1.588775415469513,-0.0706102510295068,-0.0056244015516995,-30.163413197184585,-0.0865067144601425,-1000.0,-0.0027755729799991,-0.1274500400832039,-0.1274500400832039,480.352294150824,-0.0024486078785912,999.808812696836,-1000.0,-543.7756954588549,-487.8326953078269,-4.779511176552887,-0.2124167334719686,-0.0169198804413781,1000.0,-500.2124412195508,1000.0,-0.0083497528661382, Amensalism,Healthy
SRR13077663.bin.7.fbc2XSRR13077663.bin.59.fbc2 ,-0.0773785347663533,-0.0773785347663533,0.0,-0.0014866193038187,-1000.0,999.883924764754,-590.9072637305549,718.6850231924209,-2.90177681779835,-0.1289642246105131,-0.0102725393896889,915.8486336447172,-463.6231792359912,-999.883924764754,-0.0050693718261527,-0.1560932677025448,-0.1560932677025448,1000.0,-0.0029989100422653,999.3485665730536,0.1160752352459439,348.22487435504127,-929.7718904509352,-5.853662478897945,-0.2601554461708701,-0.0207224683923641,84.15136635528279,-536.3768207640088,-0.1160752352459439,-0.0102262832442647, Neutralism,Healthy
SRR13077663.bin.35.fbc2XSRR13077663.bin.27.fbc2 ,-0.12874007569701,-0.12874007569701,473.0859690630168,-0.0024733924245765,-1000.0,1000.0,208.82859660527583,0.0,-4.827888875222925,-0.2145667928284638,-0.0170911416535091,-22.655384187469508,-12.697481552364366,-1000.0,-0.0084342681676616,-0.1087739883848826,-0.1087739883848826,526.9140309369832,-0.0020897980477911,1000.0,-1000.0,-702.0175691492055,1000.0,-4.079139503323631,-0.1812899806413952,-0.0144405045099347,-6.918631702708922,-155.6195310548137,1000.0,-0.0071262113427792, Competition,Healthy
SRR13077663.bin.35.fbc2XSRR13077663.bin.12.fbc2 ,-0.1559619562793841,-0.1559619562793841,776.4244206349795,-0.0029963872484586,-1000.0,1000.0,955.6157492021466,259.0743783743078,-5.8487381617765095,-0.2599365937990114,-0.0207050358865217,432.3848749752806,-500.3184560367603,-1000.0,-0.0102176805170302,-0.0192275915784421,-0.0192275915785558,223.57557936502053,-0.0003694061782653,1000.0,-1000.0,-197.6914066642314,-448.78359295291807,-0.7210550015335002,-0.0320459859641459,-0.0025525966917712,223.8689137289925,-0.2566123114679612,1000.0,-0.0012596750678994, Amensalism,Healthy
SRR13077663.bin.44.fbc2XSRR13077663.bin.40.fbc2 ,-0.0871924033556297,-0.0871924033556297,995.6431855409172,-0.001675166250834,-0.4651879247410306,1000.0,502.4621607739307,-378.3224302946463,-3.269807259977938,-0.1453206722593449,-0.0115753987931839,385.406428901832,-500.85500012307614,-1000.0,-0.0057123169153783,-0.0795295651272454,-0.0795295651272454,4.356814459082671,-0.0015279455355994,1000.0,-1000.0,497.5378392260693,-621.6775697053537,-2.982442729278091,-0.1325492752121135,-0.010558103650851,614.593571098168,-499.1449998769239,1000.0,-0.0052102942763667, Neutralism,Healthy
SRR13077663.bin.23.fbc2XSRR13077663.bin.40.fbc2 ,-0.1786959500856255,-0.1786959500856255,995.6431855409172,-0.0034331594637251,-1000.0,999.7319389090742,-258.44749150565576,1000.0,-6.701286951981729,-0.2978265834760805,-0.0237231318941439,913.5064475129566,-443.14394266130375,-999.7319389090742,-0.0117070737712765,-0.0795295651272454,-0.0795295651272454,4.356814459082784,-0.0015279455355994,1000.0,-1000.0,533.7839294762343,-93.57755109422942,-2.982442729278091,-0.1325492752121135,-0.010558103650851,86.49355248704364,-252.04221284926095,1000.0,-0.0052102942763667, Neutralism,Healthy
SRR13077663.bin.34.fbc2XSRR13077663.bin.56.fbc2 ,-0.0258191256925783,-0.0258191256925783,303.85238071264007,-0.0004960446818813,999.93017179013,-1000.0,-571.2066283267596,-604.9226390218565,-0.9682444959277065,-0.0430318761542594,-0.0034276687518968,599.5983719513254,0.0,1000.0,-0.0016915123652552,-0.1368461072735272,-0.1368461072735272,696.1476192873599,-0.002629127901514,-1000.0,999.7947176934504,875.3643153416651,1000.0,-5.13187362479016,-0.2280768454558028,-0.0181672737994631,400.4016280486746,-1000.0,-999.7947176934504,-0.0089653261441071, Amensalism,Healthy
SRR13077663.bin.27.fbc2XSRR13077663.bin.56.fbc2 ,-0.1438384245095676,-0.1438384245095676,698.8984304805495,-0.0027634663690605,1000.0,-1000.0,-325.028169933905,1000.0,-5.3940929097607295,-0.2397307075160597,-0.0190955526102243,-8.425836593929716,-171.94699227751346,1000.0,-0.0094234203185123,-0.0909973488667219,-0.0909973488667219,301.1015695194505,-0.0017482679897966,-1000.0,999.86349523536,270.3751671653222,0.0,-3.412496737239735,-0.1516622481111653,-0.012080531809147,370.8248150017564,-828.0530077224865,-999.86349523536,-0.005961593845086, Competition,Healthy
SRR13077663.bin.51.fbc2XSRR13077663.bin.23.fbc2 ,-0.18740223567886,-0.18740223567886,663.8519006886208,-0.0036004271984211,1000.0,-1000.0,310.401871158263,654.2662913354247,-7.027781861454628,-0.3123370594648804,-0.0248789519412184,-13.403634370087389,-1000.0,1000.0,-0.0122774567466876,-0.1208474707095774,-0.1208474707095774,336.1480993113792,-0.0023217573623242,-1000.0,999.8187171851488,-1000.0,345.73370866457526,-4.531907848262563,-0.2014124511825912,-0.0160433433737807,631.9031321606076,999.7985643312438,-999.8187171851488,-0.0079171926055323, Amensalism,Healthy
SRR13077663.bin.12.fbc2XSRR13077663.bin.59.fbc2 ,0.0,0.0,0.0,0.0,-1000.0,1000.0,-742.3499077898434,0.0,0.0,0.0,0.0,0.0,0.0,-1000.0,0.0,-0.1560948259423185,-0.1560948259423185,1000.0,-0.0029989399796477,1000.0,-0.4355360532489385,-257.6500922101566,-929.880999612472,-5.853720914536893,-0.2601580432371975,-0.0207226752595488,84.1422236689109,-839.3513449268655,0.4355360532489385,-0.0102263853307249, Amensalism,Healthy
SRR13077663.bin.53.fbc2XSRR13077663.bin.4.fbc2 ,-0.0867384565571001,-0.0867384565571001,44.68012048729861,-0.0016664448905885,-530.8234820352495,1000.0,-1000.0,-494.2574495552153,-3.252783775359262,-0.1445640942617956,-0.0115151341942691,25.49816217513944,-129.66088368231738,-1000.0,-0.0056825770769819,-0.0920311785012018,-0.0920311785012018,561.8847873275574,-0.0017681302305163,1000.0,-1000.0,160.08253600449507,-505.7425504447847,-3.451266440958989,-0.1533852975020408,-0.0122177798932625,928.1083829847294,-251.6011568522473,1000.0,-0.0060293240862847, Neutralism,Healthy
SRR13077663.bin.35.fbc2XSRR13077663.bin.40.fbc2 ,-0.1585021322417787,-0.1585021322417787,995.6431855409168,-0.0030451898605861,-1000.0,1000.0,464.2204060525965,-679.8167183764359,-5.943997444509819,-0.2641702204030025,-0.0210422619363725,863.7004474130449,215.2530454931048,-1000.0,-0.0103840974244349,-0.0795295651272454,-0.0795295651272454,4.356814459083012,-0.0015279455355994,1000.0,-1000.0,535.7795939474036,-143.38355119414098,-2.982442729278091,-0.1325492752121135,-0.010558103650851,136.2995525869551,-279.88360472254567,1000.0,-0.0052102942763667, Neutralism,Healthy
SRR13077663.bin.24.fbc2XSRR13077663.bin.56.fbc2 ,-0.0855578149476059,-0.0855578149476059,324.1754146073988,-0.0016437620547549,1000.0,-1000.0,604.4460530590518,-176.41198681070193,-3.208508467447814,-0.1425963582460099,-0.0113583957980836,163.90314112779788,-481.3491737766648,1000.0,-0.0056052286065551,-0.0917909717309157,-0.0917909717309157,675.8245853926012,-0.0017635153070614,-1000.0,999.862304724827,-1000.0,14.576145722722003,-3.442258433251368,-0.1529849528848217,-0.0121858907715477,836.0968588722021,-518.6508262233352,-999.8623047248273,-0.0060135871970032, Amensalism,Healthy
SRR13077663.bin.31.fbc2XSRR13077663.bin.12.fbc2 ,-0.0290135312969823,-0.0290135312969823,339.4904670323308,-0.0005574165475081,-1000.0,999.9564769159716,41.21269091580302,-7.491565521452571,-1.0880380815476656,-0.0483558854949706,-0.0038517483432087,337.1661793834228,-335.3345072148202,-999.9564769159716,-0.0019007904269301,-0.0568040909015508,-0.0568040909015508,660.5095329676692,-0.0010913370009575,1000.0,-1000.0,-1000.0,-992.5084344785474,-2.1302134323414066,-0.0946734848358801,-0.0075411386768564,658.7454085323095,-167.424776646669,1000.0,-0.0037214591733345, Amensalism,Healthy
SRR13077663.bin.34.fbc2XSRR13077663.bin.40.fbc2 ,-0.0422048374226733,-0.0422048374226733,495.66406054509207,-0.000810851823644,-1000.0,999.8858563887802,-926.7250386024436,-985.7216240001374,-1.58272600020166,-0.0703413957045313,-0.0056029861016213,978.0771359907056,-1.0587434160898963,-999.88585638878,-0.0027650047187535,-0.0795295651272454,-0.0795295651272454,4.356814459082671,-0.0015279455355994,1000.0,-1000.0,609.2019853951131,-14.278375999862646,-2.982442729278091,-0.1325492752121135,-0.010558103650851,7.194377392676756,-252.04221284926095,1000.0,-0.0052102942763667, Neutralism,Healthy
SRR13077663.bin.44.fbc2XSRR13077663.bin.27.fbc2 ,-0.0006626914165508,-0.0006626914165508,0.0498489088058704,-1.2731823517242448e-05,-0.4678888132283418,1000.0,-173.71382430524125,-1000.0,-0.0248516283721755,-0.0011044856943271,-8.797690088613308e-05,1000.0,-249.88327632188884,-1000.0,-4.341551834841084e-05,-0.1670272674662101,-0.1670272674662101,989.010022967773,-0.0032089772807921,1000.0,-1000.0,-796.588481700158,1000.0,-6.263699023731192,-0.2783787791103123,-0.0221740330104012,-10.623864814258695,-184.15244440278025,1000.0,-0.0109426125275149, Amensalism,Healthy
SRR13077663.bin.24.fbc2XSRR13077663.bin.4.fbc2 ,-0.0855589634959415,-0.0855589634959415,546.5707846809325,-0.0016437841209153,-1000.0,1000.0,288.5575376179995,-291.2805436677045,-3.208551539225823,-0.1425982724932737,-0.0113585482757798,288.7139459903376,-500.2067880424168,-1000.0,-0.0056053038524623,-0.0920311785012018,-0.0920311785012018,453.42921531906745,-0.0017681302305163,1000.0,-1000.0,177.74574646084966,-458.1152289845928,-3.451266440958989,-0.1533852975020408,-0.0122177798932625,711.2860540096624,-402.8289346968211,1000.0,-0.0060293240862847, Neutralism,Healthy
SRR13077663.bin.35.fbc2XSRR13077663.bin.59.fbc2 ,-0.1278814604461331,-0.1278814604461331,456.5843793078607,-0.002456896454305,1000.0,-1000.0,592.4535786613233,431.5790453856596,-4.795689896032968,-0.2131357674101082,-0.016977154499159,-11.43520687412149,-435.3187857546,1000.0,-0.0083780169090914,-0.0918892431894846,-0.0918892431894846,543.4156206921393,-0.0017654033273402,0.0,997.8804048799244,53.05813930119939,-1000.0,-3.4459437167878377,-0.1531487386490653,-0.0121989369921493,4.272331168050641,-528.580823627505,-997.8804048799244,-0.006020025346288, Competition,Healthy
SRR13077663.bin.23.fbc2XSRR13077663.bin.59.fbc2 ,-0.0962180840361952,-0.0962180840361952,7.226486467949826,-0.0018485702985344,-1000.0,999.855663631094,-678.3372319807302,1000.0,-3.608279822723489,-0.1603634733936587,-0.012773620762573,-6.16866676224538,991.460686478392,-999.8556636310942,-0.006303624717816,-0.1550796105096878,-0.1550796105096878,992.7735135320502,-0.0029794353604302,999.4229602337008,0.1443363689057832,-321.66276801926983,-1000.0,-5.815649263058504,-0.2584660175161843,-0.0205878983405227,151.81263677949255,-834.4343263895892,-0.1443363689057832,-0.010159874579017, Amensalism,Healthy
SRR13077663.bin.7.fbc2XSRR13077663.bin.24.fbc2 ,-0.0794651854091625,-0.0794651854091625,79.39179652417943,-0.0015267086533867,-1000.0,999.8807945883432,1000.0,1000.0,-2.980028421818929,-0.1324419756818997,-0.0105495567948992,11.005607570349524,-500.13245724276845,-999.8807945883432,-0.0052060765081023,-0.0855589634959415,-0.0855589634959415,711.231769539369,-0.0016437841209153,1000.0,-1000.0,0.0,-371.3495973528725,-3.208551539225823,-0.1425982724932737,-0.0113585482757798,347.05968295020466,-459.85155595489687,1000.0,-0.0056053038524623, Neutralism,Healthy
SRR13077663.bin.26.fbc2XSRR13077663.bin.40.fbc2 ,-0.0859028286896546,-0.0859028286896546,995.6431855409172,-0.001650390560826,-1000.0,1000.0,0.0,11.433504890181098,-3.221446847342804,-0.1431713811493864,-0.0114041987751534,-12.650109546632052,-505.81638275260434,-1000.0,-0.0056278318123759,-0.0795295651272454,-0.0795295651272454,4.356814459082784,-0.0015279455355994,1000.0,-1000.0,0.0,-627.361480570464,-2.982442729278091,-0.1325492752121135,-0.010558103650851,620.2774819632782,-252.04221284926095,1000.0,-0.0052102942763667, Neutralism,Healthy
SRR13077663.bin.12.fbc2XSRR13077663.bin.23.fbc2 ,-0.0263347272033342,-0.0263347272033342,306.2162969224576,-0.0005059505706412,1000.0,-1000.0,-269.54488319171946,-318.8027078408595,-0.9875800974064076,-0.0438912120055192,-0.0034961184433086,305.3984379439821,-148.28432464936554,1000.0,-0.0017252914459504,-0.1591347065318586,-0.1591347065318586,693.7837030775424,-0.0030573430649383,-1000.0,999.7612826534868,-730.4551168082805,1000.0,-5.967719648813841,-0.265224510886469,-0.0211262405789511,613.2429733088661,164.71608511416207,-999.7612826534868,-0.0104255398515533, Competition,Healthy
SRR13077663.bin.44.fbc2XSRR13077663.bin.12.fbc2 ,-0.0871924033556297,-0.0871924033556297,331.9396636832398,-0.001675166250834,0.0,999.5969883561402,-1.6751662508276013,0.0,-3.269807259977938,-0.1453206722593449,-0.0115753987931839,-3.050444239432068,-733.3242471235787,-999.5969883561404,-0.0057123169153783,-0.0572457710085245,-0.0572457710085245,668.0603363167602,-0.0010998226898664,1000.0,-1000.0,-998.3248337491724,-1000.0,-2.14677690306803,-0.095409618347503,-0.0075997747870815,666.0108167341587,-167.63192238436886,1000.0,-0.003750395372549, Neutralism,Healthy
SRR13077663.bin.4.fbc2XSRR13077663.bin.40.fbc2 ,-0.0920311785012018,-0.0920311785012018,773.036254620497,-0.0017681302305163,0.0,0.0,613.2815307011447,-763.2381079038802,-3.451266440958989,-0.1533852975020408,-0.0122177798932625,770.3221065110661,-500.1879168809051,0.0,-0.0060293240862847,-0.0795295651272454,-0.0795295651272454,4.356814459082557,-0.0015279455355994,-1000.0,1000.0,386.7184692988553,-236.76189209611985,-2.982442729278091,-0.1325492752121135,-0.010558103650851,229.67789348893396,-252.04221284926095,-1000.0,-0.0052102942763667, Neutralism,Healthy
SRR13077663.bin.31.fbc2XSRR13077663.bin.26.fbc2 ,-0.0013779517219063,-0.0013779517219063,16.123562100662184,-2.6473616230759944e-05,-1000.0,999.9979329400488,1.8005003306653862,-0.4147042997693688,-0.0516746456213468,-0.0022965862032151,-0.0001829326877214,16.129259619967115,-15.925320051575907,-999.997932940049,-9.027503119796164e-05,-0.0859028286896546,-0.0859028286896546,983.8764378993378,-0.001650390560826,1000.0,-1000.0,111.29448716027832,22.30447554837769,-3.221446847342804,-0.1431713811493864,-0.0114041987751534,-24.41685718821145,-493.1582839249951,1000.0,-0.0056278318123759, Amensalism,Healthy
SRR13077663.bin.27.fbc2XSRR13077663.bin.40.fbc2 ,-0.1676366402598432,-0.1676366402598432,995.6431855409168,-0.0032206847312181,-1000.0,1000.0,0.0,1000.0,-6.286551147406044,-0.2793944004331479,-0.0222549314927391,-16.559986941506054,-184.81751770126868,-1000.0,-0.0109825349334187,-0.0795295651272454,-0.0795295651272454,4.356814459083012,-0.0015279455355994,0.0,0.0,1000.0,-120.03758114466656,-2.982442729278091,-0.1325492752121135,-0.010558103650851,112.95358253748076,-499.1449998769239,0.0,-0.0052102942763667, Neutralism,Healthy
SRR13077663.bin.24.fbc2XSRR13077663.bin.34.fbc2 ,-0.0855589634959415,-0.0855589634959415,66.28658727043967,-0.0016437841209153,1000.0,-1000.0,1000.0,-51.13844496245815,-3.208551539225823,-0.1425982724932737,-0.0113585482757798,50.25619588869654,-497.0242335812886,1000.0,-0.0056053038524623,-0.0406266299652315,-0.0406266299652315,477.1292014031869,-0.0007805308350725,-1000.0,999.8901246743476,-1000.0,-948.8615550375418,-1.5235415528933345,-0.0677110499420905,-0.0053934680703378,941.5029249705048,-1.01915277063722,-999.8901246743476,-0.0026616101475838, Neutralism,Healthy
SRR13077663.bin.40.fbc2XSRR13077663.bin.59.fbc2 ,-0.0792733703873409,-0.0792733703873409,2.329418670629366,-0.0015230234464524,-1000.0,1000.0,609.9720788934469,-13.42703562478232,-2.972835155816142,-0.1321222839790152,-0.0105240920149753,7.171201588281974,-250.8276176040249,-1000.0,-0.0051935099523916,-0.1557641241195142,-0.1557641241195142,997.6705813293706,-0.0029925864383812,1000.0,-0.6558020235779622,0.0,-930.0191877257143,-5.84131924673602,-0.2596068735325616,-0.0206787722894432,83.75313732037262,-709.6534498721453,0.6558020235779622,-0.0102047197550518, Neutralism,Healthy
SRR13077663.bin.36.fbc2XSRR13077663.bin.24.fbc2 ,-0.0798317774554107,-0.0798317774554107,979.1873796353088,-0.0015337517282887,-1000.0,1000.0,-1000.0,-971.6547978613116,-2.9937760109233977,-0.1330529624257224,-0.0105982244422193,-50.274845180251646,-0.163007133678434,-1000.0,-0.0052300933933793,-0.0838311913686311,-0.0838311913686311,20.81262036469127,-0.0016105896517046,1000.0,-1000.0,1000.0,-28.34520213868825,-3.1437582587556108,-0.1397186522810898,-0.0111291744929076,53.720071225347056,-498.9279142195549,1000.0,-0.0054921107121117, Neutralism,Healthy
SRR13077663.bin.34.fbc2XSRR13077663.bin.23.fbc2 ,-0.0085125689481628,-0.0085125689481628,99.97371742675092,-0.0001635459932458,999.9769776305316,-1000.0,-186.91721776166264,-198.81662388605025,-0.319230330587402,-0.0141876149136805,-0.0011301028132493,197.2747572369226,-0.2135448654299807,1000.0,-0.0005576918370024,-0.1723192733198857,-0.1723192733198857,900.0262825732491,-0.003310648863021,-1000.0,999.7415045367756,-408.7313353150811,1000.0,-6.462154835184947,-0.2871987888665899,-0.0228765836434376,802.7252427630774,16.805349135814822,-999.7415045367758,-0.0112893126229209, Amensalism,Healthy
SRR13077663.bin.56.fbc2XSRR13077663.bin.59.fbc2 ,-0.1448277325457638,-0.1448277325457638,42.20552252268181,-0.0027824732477483,-1000.0,999.7827444888152,-623.2572013593611,1000.0,-5.431193006496073,-0.2413795542430534,-0.019226890142022,934.9914024637376,-1000.0,-999.7827444888152,-0.0094882337748458,-0.1303627413603862,-0.1303627413603862,957.7944774773182,-0.0025045675573664,1000.0,-292.8746633306391,56.881624308867,-1000.0,-4.888740552230388,-0.2172712356006059,-0.0173065618213286,-16.335616116371284,0.0,292.8746633306391,-0.0085405753706027, Amensalism,Healthy
SRR13077663.bin.7.fbc2XSRR13077663.bin.53.fbc2 ,-0.0794651854091625,-0.0794651854091625,521.9580780460178,-0.0015267086533867,-1000.0,999.8807945883432,-1000.0,1000.0,-2.980028421818929,-0.1324419756818997,-0.0105495567948992,986.1846342810944,-706.6156003487109,-999.8807945883432,-0.0052060765081023,-0.0867384565571001,-0.0867384565571001,34.15692094977044,-0.0016664448905885,1000.0,-38.35874107136874,0.0,-1000.0,-3.252783775359262,-0.1445640942617956,-0.0115151341942691,13.815365718905356,-242.25386938575932,38.35874107136874,-0.0056825770769819, Neutralism,Healthy
SRR13077663.bin.12.fbc2XSRR13077663.bin.56.fbc2 ,-0.0428488757348759,-0.0428488757348759,498.34204006801247,-0.0008232252782818,1000.0,-1000.0,-438.36945289352207,-1000.0,-1.606878117448673,-0.0714147928914599,-0.005688486672966,496.8079597619228,-0.5803360900343932,1000.0,-0.0028071981989796,-0.1391618828045011,-0.1391618828045011,501.65795993198753,-0.0026736192661473,-1000.0,999.7912438076968,738.4358702640184,1000.0,-5.218717654227248,-0.2319364713407594,-0.0184747091292365,503.1920402380772,-999.4196639099656,-999.791243807697,-0.0091170416976638, Amensalism,Healthy
SRR13077663.bin.7.fbc2XSRR13077663.bin.23.fbc2 ,-0.0783868495390152,-0.0783868495390152,13.03093649589914,-0.0015059913456525,-1000.0,999.8824121957348,1000.0,-1000.0,-2.939589687236321,-0.130644749231692,-0.0104064001981214,97.98798811554616,-471.8904470929005,-999.8824121957348,-0.005135430488508,-0.1781332651050888,-0.1781332651050888,986.9690635041007,-0.0034223489933538,0.0,-0.2672170094026569,-271.7273984566866,1000.0,-6.680185670636547,-0.2968887751751481,-0.0236484315441884,902.0120118844538,-165.4395520599062,0.2672170094026569,-0.0116702100674501, Neutralism,Healthy
SRR13077663.bin.51.fbc2XSRR13077663.bin.26.fbc2 ,-0.2043776413011073,-0.2043776413011073,852.3052991190552,-0.0039265637137759,-1000.0,1000.0,0.0,839.2729163561785,-7.664377509794576,-0.3406294021684743,-0.0271325552620282,-18.5745140107789,-998.8748272075952,-1000.0,-0.013389582263926,-0.0128953109348231,-0.0128953109348231,147.69470088094477,-0.0002477485289773,999.980655794855,-1000.0,17.152380928276216,-142.76622714361406,-0.4835877862244615,-0.0214921848913718,-0.0017119423354188,-3.665338735588648,-1.1251727924048964,1000.0,-0.0008448224839412, Amensalism,Healthy
SRR13077663.bin.31.fbc2XSRR13077663.bin.40.fbc2 ,-0.085089649134602,-0.085089649134602,995.6431855409168,-0.001634767514588,-1000.0,999.8723573524604,-881.1208276351053,-36.19397334837743,-3.1909517547622954,-0.1418160818910792,-0.0112962435258623,992.8056226073232,-476.6643337482776,-999.8723573524604,-0.0055745572248042,-0.0795295651272454,-0.0795295651272454,4.356814459083012,-0.0015279455355994,1000.0,-1000.0,1000.0,-14.27837599986276,-2.982442729278091,-0.1325492752121135,-0.010558103650851,7.194377392676756,-446.2653973045216,1000.0,-0.0052102942763667, Neutralism,Healthy
SRR13077663.bin.51.fbc2XSRR13077663.bin.31.fbc2 ,-0.2045587539130338,-0.2045587539130338,853.2636633081393,-0.0039300433028301,-1000.0,1000.0,-1.1752345119255097,840.2197316847,-7.67116942412008,-0.3409312565216851,-0.0271565992226214,-15.772639289468543,-1000.0,-1000.0,-0.0134014476626589,-0.0125403795111651,-0.0125403795111651,146.73633669186074,-0.0002409294814924,999.9811882260858,-1000.0,-265.87769736739585,-7.396080327131358,-0.4702774827910616,-0.0209006325186464,-0.001664822717089,144.99445659526486,0.0,1000.0,-0.0008215695318085, Amensalism,Healthy
SRR13077663.bin.31.fbc2XSRR13077663.bin.24.fbc2 ,-0.0833569374015041,-0.0833569374015041,975.368538188238,-0.0016014781441526,-1000.0,999.8749565865068,-782.4638459035618,-34.47879549323466,-3.1259732338556887,-0.1389282290025448,-0.0110662139759369,956.4688380034175,-501.0751091809891,-999.874956586507,-0.0054610404714594,-0.0840676046055932,-0.0840676046055932,24.631461811761937,-0.001615131692688,1000.0,-1000.0,1000.0,-28.4251387455638,-3.152624004951804,-0.1401126743426175,-0.0111605599965969,43.53116199658234,-498.9248908190109,1000.0,-0.0055075990721888, Neutralism,Healthy
SRR13077663.bin.7.fbc2XSRR13077663.bin.22.fbc2 ,-0.0794651854091625,-0.0794651854091625,991.54225727952,-0.0015267086533867,-1000.0,999.8807945883432,-796.9033295103528,117.9602014855168,-2.980028421818929,-0.1324419756818997,-0.0105495567948992,1000.0,-500.13245724276845,-999.8807945883432,-0.0052060765081023,-0.0872842882218947,-0.0872842882218947,8.457742720479814,-0.0016769315700457,1000.0,-1000.0,779.749785770144,882.0397985144832,-3.2732530395579715,-0.1454738137032336,-0.0115875971491732,0.0,-499.8675427572316,1000.0,-0.0057183366538993, Neutralism,Healthy
SRR13077663.bin.4.fbc2XSRR13077663.bin.12.fbc2 ,-0.0920311785012018,-0.0920311785012018,538.7841325484619,-0.0017681302305163,0.0,0.0,313.49970991393275,-482.6418956656895,-3.451266440958989,-0.1533852975020408,-0.0122177798932625,575.0727256076627,-401.3150194529687,0.0,-0.0060293240862847,-0.0365238654297854,-0.0365238654297854,426.2349059625258,-0.0007017073089627,-1000.0,1000.0,-378.02330535625504,-517.3581043343105,-1.3696835475169564,-0.0608731090495666,-0.0048487975046782,424.92727439233727,-167.28251774732348,-1000.0,-0.0023928219234221, Amensalism,Healthy
SRR13077663.bin.12.fbc2XSRR13077663.bin.40.fbc2 ,-0.0566327385263321,-0.0566327385263321,660.9062238123661,-0.0010880449284513,0.0,0.0,-1000.0,-985.7216240001376,-2.12378753721066,-0.0943878975439247,-0.0075183904556297,661.5014387904805,-167.62158567131394,0.0,-0.0037102332061067,-0.0795295651272454,-0.0795295651272454,4.356814459082671,-0.0015279455355994,-1000.0,1000.0,609.2019853951124,-14.278375999862533,-2.982442729278091,-0.1325492752121135,-0.010558103650851,7.194377392676756,-252.04221284926095,-1000.0,-0.0052102942763667, Neutralism,Healthy
SRR13077663.bin.40.fbc2XSRR13077663.bin.56.fbc2 ,-0.0794304654032203,-0.0794304654032203,13.772739107179063,-0.0015260416023465,1000.0,-1000.0,580.271175670593,-63.54757132726832,-2.978726384906736,-0.1323841090053292,-0.01054494747234,56.104593359631735,-250.1705570859125,1000.0,-0.0052038018640132,-0.1211147634174949,-0.1211147634174949,731.5969977303421,-0.0023268926689752,-1000.0,999.8183162204105,-1000.0,186.25107929075853,-4.5419316072520814,-0.2018579390290824,-0.0160788283423016,943.8954066403684,-749.8294429140875,-999.8183162204105,-0.0079347040010588, Amensalism,Healthy
SRR13077663.bin.24.fbc2XSRR13077663.bin.40.fbc2 ,-0.0855589634959415,-0.0855589634959415,833.3550994250129,-0.0016437841209153,-1000.0,1000.0,-222.10821855677383,-436.0800240752643,-3.208551539225823,-0.1425982724932737,-0.0113585482757798,419.615430279094,-451.3693515043476,-1000.0,-0.0056053038524623,-0.0795295651272454,-0.0795295651272454,15.493734437779151,-0.0015279455355994,1000.0,-1000.0,80.39422843707553,-563.9199759247357,-2.982442729278091,-0.1325492752121135,-0.010558103650851,556.8359773175498,-253.12221059217984,1000.0,-0.0052102942763667, Neutralism,Healthy
SRR13077663.bin.24.fbc2XSRR13077663.bin.27.fbc2 ,-0.0841475054872944,-0.0841475054872944,25.907889045025517,-0.0016166667720654,-1000.0,1000.0,1000.0,-28.473502208627224,-3.15562037244672,-0.1402458424788619,-0.0111711673951049,40.520735983586974,-498.95588977635725,-1000.0,-0.0055128336928191,-0.1666180811832873,-0.1666180811832873,974.0921109549744,-0.0032011158729119,1000.0,-1000.0,-291.1712399327332,1000.0,-6.248354105744852,-0.2776968019720698,-0.0221197106816362,-9.760234307560609,-184.2228047698856,1000.0,-0.0109158051265012, Neutralism,Healthy
SRR13077663.bin.34.fbc2XSRR13077663.bin.26.fbc2 ,-0.0013728901716376,-0.0013728901716376,16.12356210066207,-2.637637214775168e-05,-1000.0,999.9962869980892,-30.14563673168709,-32.064749259919154,-0.0514848321350882,-0.002288150285949,-0.0001822607316626,31.81608007657701,-0.0344400907324597,-999.9962869980892,-8.994342908863473e-05,-0.0859028286896546,-0.0859028286896546,983.8764378993378,-0.001650390560826,585.9598059885041,0.0037130019107962,1000.0,-967.9352507400808,-3.221446847342804,-0.1431713811493864,-0.0114041987751534,-24.41685718821145,-437.5110600235769,-0.0037130019107962,-0.0056278318123759, Amensalism,Healthy
SRR13077663.bin.51.fbc2XSRR13077663.bin.12.fbc2 ,-0.2045316179620613,-0.2045316179620613,853.1200724044488,-0.0039295219589803,-1000.0,1000.0,-870.1249055036648,840.0778711371145,-7.6701517972858255,-0.3408860299367688,-0.027152996736163,-15.770546953854478,-999.8314163029988,-1000.0,-0.0133996698799592,-0.0126317340511832,-0.0126317340511832,146.87992759555118,-0.000242684611976,0.0,0.0,-129.87509449633524,-294.832297097064,-0.4737033745744838,-0.0210528900853432,-0.001676950668525,147.07263616535056,-0.1685836970011678,0.0,-0.0008275545267224, Amensalism,Healthy
SRR13077663.bin.44.fbc2XSRR13077663.bin.59.fbc2 ,-0.0870079701919621,-0.0870079701919621,2.321817296403424,-0.0016716228662971,-121.25864058511364,1000.0,-1000.0,0.0,-3.2628908214553576,-0.1450132836532702,-0.0115509140063068,1000.0,-623.3986233842032,-1000.0,-0.0057002339741529,-0.08635245872847,-0.08635245872847,997.6781827035966,-0.0016590289861824,1000.0,-999.1635943063328,97.05556723375366,-1000.0,-3.2383084489101748,-0.1439207645473743,-0.0114638902941806,-10.980084261268416,498.3657267955864,999.1635943063328,-0.0056572888427126, Amensalism,Healthy
SRR13077663.bin.44.fbc2XSRR13077663.bin.53.fbc2 ,-0.087125572933246,-0.087125572933246,960.8343304277536,-0.0016738822849902,-1000.0,1000.0,-801.9342710157465,-536.8778004575515,-3.2673010485240184,-0.1452092882221904,-0.011566526589263,861.0552256738433,-631.0082422564321,-1000.0,-0.0057079385917404,-0.0863028866594959,-0.0863028866594959,39.16566957224632,-0.0016580765928893,1000.0,-577.4808949915079,-198.0657289842535,-463.12219954244847,-3.2364494439439118,-0.1438381444324932,-0.0114573092567979,28.338724623384,-112.64434584243452,577.4808949915077,-0.0056540411817422, Neutralism,Healthy
SRR13077663.bin.34.fbc2XSRR13077663.bin.22.fbc2 ,-0.0428161829821647,-0.0428161829821647,502.8438541640664,-0.0008225971754427,-1000.0,999.8842029956118,-940.1488371957583,-1000.0,-1.6056521046772332,-0.0713603049703124,-0.0056841464822809,992.2447800440756,-1.0740795274363109,-999.884202995612,-0.0028050563682882,-0.0872842882218947,-0.0872842882218947,16.02291223663451,-0.0016769315700457,1000.0,-1000.0,1000.0,187.95598144811788,-3.2732530395579715,-0.1454738137032336,-0.0115875971491732,7.755219955924531,-487.1167681300899,1000.0,-0.0057183366538993, Neutralism,Healthy
SRR13077663.bin.24.fbc2XSRR13077663.bin.22.fbc2 ,-0.0855589634959415,-0.0855589634959415,992.302070781588,-0.0016437841209153,-1000.0,1000.0,81.4234108602966,-989.554981498279,-3.208551539225823,-0.1425982724932737,-0.0113585482757798,1000.0,-500.2067880424168,-1000.0,-0.0056053038524623,-0.0872842882218947,-0.0872842882218947,7.697929218412014,-0.0016769315700457,1000.0,-1000.0,710.1918518831039,1000.0,-3.2732530395579715,-0.1454738137032336,-0.0115875971491732,-3.599449768567069,-394.1152220565991,1000.0,-0.0057183366538993, Neutralism,Healthy
SRR13077663.bin.4.fbc2XSRR13077663.bin.22.fbc2 ,-0.0920311785012018,-0.0920311785012018,834.4145032462534,-0.0017681302305163,-1000.0,1000.0,583.2044887500274,-839.1005169117778,-3.451266440958989,-0.1533852975020408,-0.0122177798932625,444.4391576861651,-251.6011568522472,-1000.0,-0.0060293240862847,-0.0872842882218947,-0.0872842882218947,165.5854967537466,-0.0016769315700457,1000.0,-1000.0,416.7955112499726,1000.0,-3.2732530395579715,-0.1454738137032336,-0.0115875971491732,555.5608423138349,-478.1299987078176,1000.0,-0.0057183366538993, Neutralism,Healthy
SRR13077663.bin.27.fbc2XSRR13077663.bin.23.fbc2 ,-0.1256920749731307,-0.1256920749731307,484.5690198831676,-0.0024148333328639,1000.0,-1000.0,0.0,1000.0,-4.713585627327348,-0.2094867916219982,-0.0166864983298182,-7.362850980095345,-161.72342309602334,1000.0,-0.0082345816649649,-0.1281379100049662,-0.1281379100049662,515.4309801168324,-0.0024618234391482,-1000.0,999.8077808258754,-1000.0,0.0,-4.80530702547469,-0.2135631833415345,-0.0170111999641449,1000.0,746.5930297112793,-999.8077808258754,-0.0083948179272965, Competition,Healthy
SRR13077663.bin.36.fbc2XSRR13077663.bin.56.fbc2 ,-0.0764036431388603,-0.0764036431388603,937.1391381264708,-0.0014678893975315,1000.0,-1000.0,-1000.0,-945.2543426420953,-2.86521735162205,-0.127339405231396,-0.0101431157365823,-32.79162161711315,-0.156007285164037,1000.0,-0.0050055028453925,-0.1447171274675156,-0.1447171274675156,62.86086187352908,-0.0027803482702211,-1000.0,999.7829104070574,346.7189570204923,1000.0,-5.4270451991855,-0.2411952124458594,-0.0192122065475359,944.8214343979608,-999.843992714836,-999.7829104070574,-0.0094809876015915, Neutralism,Healthy
SRR13077663.bin.31.fbc2XSRR13077663.bin.22.fbc2 ,-0.0853320833359703,-0.0853320833359703,998.4799343454492,-0.001639425232156,-1000.0,999.8719936778698,-791.0291866485851,-37.08626608730549,-3.2000432934853507,-0.142220138893208,-0.0113284283545453,992.0229187172906,-515.6996526231707,-999.87199367787,-0.0055904400418285,-0.0870716732359824,-0.0870716732359824,1.5200656545507627,-0.0016728467480788,1000.0,-1000.0,1000.0,235.2806867873926,-3.265279752921856,-0.1451194553933419,-0.0115593710290795,-3.6104147201283463,-484.3003473768293,1000.0,-0.0057044074108034, Neutralism,Healthy
SRR13077663.bin.35.fbc2XSRR13077663.bin.56.fbc2 ,-0.1506663427359171,-0.1506663427359171,762.2489995597218,-0.0028946463542069,1000.0,-1000.0,472.7807617410831,-53.368661942216704,-5.650147058146104,-0.2511105712264907,-0.0200020063075498,149.35515089562318,0.0,1000.0,-0.0098707440678253,-0.14940008905603,-0.14940008905603,237.75100044027815,-0.0028703187138034,-1000.0,999.7758855148222,462.135567966176,927.0359958910108,-5.602661207132201,-0.2490001484268305,-0.0198339023127118,850.6448491043768,-1000.0,-999.7758855148224,-0.0097877868142859, Neutralism,Healthy
SRR13077663.bin.46.fbc2XSRR13077663.bin.34.fbc2 ,-0.134231446441845,-0.134231446441845,580.2936923873947,-0.0025788942640474,-888.266272655178,1000.0,0.0,-1000.0,-5.033821080751636,-0.2237190774029613,-0.0178201593643052,999.9999999999998,-528.2075167185847,-1000.0,-0.0087940294403097,0.0,0.0,0.0,0.0,1000.0,-1000.0,0.0,0.0,0.0,0.0,0.0,0.0,0.0,1000.0,0.0, Amensalism,Healthy
SRR13077663.bin.4.fbc2XSRR13077663.bin.23.fbc2 ,-0.0920311785012018,-0.0920311785012018,513.1387382807109,-0.0017681302305163,1000.0,-1000.0,296.2807272688501,-517.8247519462354,-3.451266440958989,-0.1533852975020408,-0.0122177798932625,591.8670080863762,-402.8289346968211,1000.0,-0.0060293240862847,-0.1445772313405768,-0.1445772313405768,486.86126171928913,-0.0027776605444387,-1000.0,999.7831202646864,-950.688465459322,1000.0,-5.421798946600575,-0.2409620522342948,-0.0191936343624092,408.13299191362375,548.7840301401623,-999.7831202646864,-0.0094718224567031, Amensalism,Healthy
SRR13077663.bin.36.fbc2XSRR13077663.bin.35.fbc2 ,-0.0182278042666439,-0.0182278042666439,223.57557936502053,-0.0003501979686006,-1000.0,1000.0,-196.03628426723844,-225.51164358156095,-0.6835619208865182,-0.030379673777702,-0.0024198679631126,1.98230610730684,-0.0372190401047873,-1000.0,-0.0011941750730102,-0.1559619562793841,-0.1559619562793841,776.4244206349795,-0.0029963872484586,1000.0,-1000.0,955.6157492021488,259.0743783743071,-5.8487381617765095,-0.2599365937990114,-0.0207050358865217,432.3848749752815,-500.3184560367603,1000.0,-0.0102176805170302, Amensalism,Healthy
SRR13077663.bin.7.fbc2XSRR13077663.bin.4.fbc2 ,-0.0794651854091625,-0.0794651854091625,231.30583254630935,-0.0015267086533867,-1000.0,999.8807945883432,191.72434926990377,-226.61981888078435,-2.980028421818929,-0.1324419756818997,-0.0105495567948992,919.2438502595846,-597.1710653031789,-999.8807945883432,-0.0052060765081023,-0.0920311785012018,-0.0920311785012018,768.6941674536906,-0.0017681302305163,1000.0,-1000.0,808.2756507300962,-773.3801811192156,-3.451266440958989,-0.1533852975020408,-0.0122177798932625,80.7561497404156,-402.8289346968211,1000.0,-0.0060293240862847, Neutralism,Healthy
SRR13077663.bin.7.fbc2XSRR13077663.bin.56.fbc2 ,-0.0794599228879633,-0.0794599228879633,66.87271288745819,-0.0015266075482713,-1000.0,999.8808024826304,690.5267685221786,-856.5211682532599,-2.9798310717151253,-0.1324332048133101,-0.0105488581585859,71.55615921393769,-400.3110020163433,-999.8808024826304,-0.0052057317396929,-0.1030662270910625,-0.1030662270910625,933.1272871125418,-0.001980138849035,0.0,-0.1546092413308315,57.087257062206845,-143.47883174674007,-3.865092423550095,-0.1717770451516571,-0.013682759446624,928.4438407860624,-599.6889979836567,0.1546092413308315,-0.0067522734751719, Amensalism,Healthy
SRR13077663.bin.31.fbc2XSRR13077663.bin.56.fbc2 ,-0.0481598166921912,-0.0481598166921912,955.0520886171566,-0.00092526064725,999.9277556486586,-1000.0,-242.4966221643116,-416.66837803926273,-1.8060440152937645,-0.08026636115369,-0.006393551072847,164.20162211479465,0.0,1000.0,-0.0031551388073012,-0.143117623820558,-0.143117623820558,44.94791138284336,-0.0027496181329524,-1000.0,999.7853098161786,-445.53756981685217,927.7771826372496,-5.367062122266361,-0.2385293730342255,-0.0189998612987665,835.7983778852054,-1000.0,-999.7853098161786,-0.0093761978333759, Amensalism,Healthy
SRR13077663.bin.7.fbc2XSRR13077663.bin.46.fbc2 ,-0.0794651854091625,-0.0794651854091625,85.9902491783123,-0.0015267086533867,-1000.0,999.8807945883432,0.0,0.0,-2.980028421818929,-0.1324419756818997,-0.0105495567948992,0.0,-500.13245724276845,-999.8807945883432,-0.0052060765081023,-0.134231446441845,-0.134231446441845,656.0537918144278,-0.0025788942640474,999.798639935866,-1000.0,-1000.0,-1000.0,-5.033821080751636,-0.2237190774029613,-0.0178201593643052,1000.0,-198.41751139351172,1000.0,-0.0087940294403097, Neutralism,Healthy
SRR13077663.bin.44.fbc2XSRR13077663.bin.24.fbc2 ,-0.0871924033556297,-0.0871924033556297,928.3471077123204,-0.001675166250834,-1000.0,1000.0,-1000.0,-892.1585531785526,-3.269807259977938,-0.1453206722593449,-0.0115753987931839,948.7450002062878,-499.7932119575832,-1000.0,-0.0057123169153783,-0.0855589634959415,-0.0855589634959415,71.6528922876796,-0.0016437841209153,1000.0,-1000.0,1000.0,-53.82159747107869,-3.208551539225823,-0.1425982724932737,-0.0113585482757798,51.25499979371193,-500.2067880424168,1000.0,-0.0056053038524623, Neutralism,Healthy
SRR13077663.bin.35.fbc2XSRR13077663.bin.46.fbc2 ,-0.1559619562793841,-0.1559619562793841,776.4244206349795,-0.0029963872484586,1000.0,-1000.0,955.6157492021472,259.07437837430734,-5.8487381617765095,-0.2599365937990114,-0.0207050358865217,432.3848749752815,-500.3184560367603,1000.0,-0.0102176805170302,-0.1053430033182394,-0.1053430033182394,223.57557936502053,-0.0020238809474903,-1000.0,1000.0,-1000.0,-202.8490110994062,-3.9504739378858176,-0.1755716721970657,-0.013985017347295,567.6151250247185,-0.2150980671020761,-1000.0,-0.0069014340310786, Amensalism,Healthy
SRR13077663.bin.46.fbc2XSRR13077663.bin.26.fbc2 ,-0.087482546709225,-0.087482546709225,16.123562100662184,-0.001680740570805,-975.2056969101382,1000.0,877.1234757027164,-1000.0,-3.280687942328427,-0.1458042445153751,-0.0116139173441069,1000.0,-229.47356639900372,-1000.0,-0.0057313253463462,-0.0859028286896546,-0.0859028286896546,983.8764378993378,-0.001650390560826,1000.0,-978.5552018921404,122.8765242972836,0.0,-3.221446847342804,-0.1431713811493864,-0.0114041987751534,-24.41685718821145,-498.51948345196007,978.5552018921404,-0.0056278318123759, Amensalism,Healthy
SRR13077663.bin.12.fbc2XSRR13077663.bin.26.fbc2 ,-0.001386632957633,-0.001386632957633,16.123562100662298,-2.664040266608936e-05,-1000.0,1000.0,-1000.0,-32.36485018303745,-0.0520002011321594,-0.0023110549293505,-0.0001840851822407,16.144716445189374,-0.0185060665011178,-1000.0,-9.08437730231526e-05,-0.0859028286896546,-0.0859028286896546,983.8764378993378,-0.001650390560826,999.8711375050128,-1000.0,0.0,23.32911502674881,-3.221446847342804,-0.1431713811493864,-0.0114041987751534,-24.41685718821145,-492.6872046952733,1000.0,-0.0056278318123759, Amensalism,Healthy
SRR13077663.bin.31.fbc2XSRR13077663.bin.7.fbc2 ,-0.0854619911734744,-0.0854619911734744,1000.0,-0.0016419210600133,-1000.0,999.8717988036344,-833.3341607477843,-40.5132815446068,-3.204914974664007,-0.1424366519557907,-0.0113456745247049,992.7386410553332,-499.8710209091964,-999.8717988036344,-0.0055989508146012,-0.0773785347663533,-0.0773785347663533,0.0,-0.0014866193038187,0.0,-0.1160752352459439,1000.0,-959.4867184553932,-2.90177681779835,-0.1289642246105131,-0.0102725393896889,7.261358944666767,-500.1289790908036,0.1160752352459439,-0.0050693718261527, Neutralism,Healthy
SRR13077663.bin.22.fbc2XSRR13077663.bin.23.fbc2 ,-0.0870716732359824,-0.0870716732359824,1.52006565455099,-0.0016728467480788,1000.0,-1000.0,1000.0,222.9806979079808,-3.265279752921856,-0.1451194553933419,-0.0115593710290795,-3.870281507821801,-484.79976644574026,1000.0,-0.0057044074108034,-0.1781916973729949,-0.1781916973729949,998.479934345449,-0.0034234716114269,-1000.0,999.7326953365824,-1000.0,777.0193020920192,-6.682376942427368,-0.2969861622883627,-0.0236561888347068,922.5723824053644,24.02740704832877,-999.7326953365824,-0.0116740381948829, Neutralism,Healthy
SRR13077663.bin.27.fbc2XSRR13077663.bin.26.fbc2 ,-0.0860308124708808,-0.0860308124708808,16.123562100662184,-0.0016528494230669,-1000.0,1000.0,-1000.0,1000.0,-3.226246374374228,-0.1433846874514301,-0.0114211895133848,-10.643738730288192,-183.2669749592513,-1000.0,-0.0056362165327072,-0.0859028286896546,-0.0859028286896546,983.8764378993378,-0.001650390560826,1000.0,-554.8737965471598,0.0,0.0,-3.221446847342804,-0.1431713811493864,-0.0114041987751534,-24.41685718821145,-816.7330250407487,554.8737965471598,-0.0056278318123759, Amensalism,Healthy
SRR13077663.bin.35.fbc2XSRR13077663.bin.23.fbc2 ,-0.1316613195785976,-0.1316613195785976,499.63740473664393,-0.0025295162263319,1000.0,-1000.0,165.62958589764844,0.0,-4.937438607591048,-0.219435532630996,-0.0174789571236715,-11.77320325752953,-3.8502778286959938,1000.0,-0.0086256503316235,-0.1461821326093968,-0.1461821326093968,500.36259526335607,-0.0028084943825206,-1000.0,999.780712758614,-1000.0,1000.0,-5.481984440041401,-0.2436368876822143,-0.0194066961830685,452.5831033042996,506.2924317487216,-999.780712758614,-0.0095769658443032, Competition,Healthy
SRR13077663.bin.44.fbc2XSRR13077663.bin.22.fbc2 ,-0.0871924033556297,-0.0871924033556297,144.3682793929877,-0.001675166250834,-0.2432843946077127,1000.0,-1000.0,0.0,-3.269807259977938,-0.1453206722593449,-0.0115753987931839,0.0,-554.0438581668438,-1000.0,-0.0057123169153783,-0.0871717952600192,-0.0871717952600192,855.6317206070123,-0.0016747703219834,1000.0,-1000.0,449.92022231571127,1000.0,-3.269034434617652,-0.1452863254332896,-0.0115726629250048,1000.0,-377.7394153300621,1000.0,-0.0057109667980057, Neutralism,Healthy
SRR13077663.bin.31.fbc2XSRR13077663.bin.35.fbc2 ,-0.019107214190285,-0.019107214190285,223.57557936502096,-0.0003670934522688,-1000.0,999.9713373432472,44.38425079785179,-6.820359567773721,-0.716540722276136,-0.0318453569838084,-0.0025366157551616,222.94122903123932,-228.72777520868817,-999.9713373432472,-0.0012517886722207,-0.1559619562793841,-0.1559619562793841,776.424420634979,-0.0029963872484586,1000.0,-1000.0,955.6157492021482,259.0743783743092,-5.8487381617765095,-0.2599365937990114,-0.0207050358865217,432.3848749752794,-500.3184560367603,1000.0,-0.0102176805170302, Amensalism,Healthy
SRR13077663.bin.34.fbc2XSRR13077663.bin.12.fbc2 ,0.0,0.0,0.0,0.0,-1000.0,1000.0,0.0,0.0,0.0,0.0,0.0,0.0,0.0,-1000.0,0.0,-0.0572457710085245,-0.0572457710085245,668.0603363167597,-0.0010998226898664,1000.0,-1000.0,-1000.0,-1000.0,-2.14677690306803,-0.095409618347503,-0.0075997747870815,666.0108167341584,-167.63192238436886,1000.0,-0.003750395372549, Amensalism,Healthy
SRR13077663.bin.36.fbc2XSRR13077663.bin.4.fbc2 ,-0.0563303736707894,-0.0563303736707894,690.9277576761015,-0.0010822358053701,-1000.0,1000.0,-889.0318004705116,-680.9817562991116,-2.1124485356236846,-0.0938839561180202,-0.0074782494152714,-40.10551612102563,-0.1150200213972993,-1000.0,-0.0036904240963622,-0.0920311785012018,-0.0920311785012018,309.07224232389854,-0.0017681302305163,0.0,0.0,-110.9681995294884,-313.7582559894239,-3.451266440958989,-0.1533852975020408,-0.0122177798932625,1000.0,-402.8289346968211,0.0,-0.0060293240862847, Amensalism,Healthy
SRR13077663.bin.44.fbc2XSRR13077663.bin.4.fbc2 ,-0.0871924033556297,-0.0871924033556297,174.38874924805896,-0.001675166250834,-952.9324017899952,1000.0,-654.5014195402285,-228.38780011575116,-3.269807259977938,-0.1453206722593449,-0.0115753987931839,997.7242363932636,-14.741324747470683,-1000.0,-0.0057123169153783,-0.0920311785012018,-0.0920311785012018,825.611250751941,-0.0017681302305163,1000.0,-1000.0,885.6537161103354,-771.6121998842489,-3.451266440958989,-0.1533852975020408,-0.0122177798932625,2.2757636067365183,-400.9935415507068,1000.0,-0.0060293240862847, Neutralism,Healthy
SRR13077663.bin.51.fbc2XSRR13077663.bin.4.fbc2 ,-0.2045442176525966,-0.2045442176525966,853.1867441400411,-0.0039297640279301,0.0,0.0,-1.306910939966656,840.1437394384943,-7.67062429899363,-0.3409070294210323,-0.027154669432889,-15.771518461402934,-999.9096926240107,0.0,-0.0134004953351904,-0.0442275020722036,-0.0442275020722036,146.81325585995887,-0.0008497118553805,-1000.0,1000.0,-314.7605109741371,-149.0652174503407,-1.65857806185943,-0.0737125034536347,-0.0058715089206771,1000.0,-0.0903073759891412,-1000.0,-0.0028975174268452, Amensalism,Healthy
SRR13077663.bin.35.fbc2XSRR13077663.bin.4.fbc2 ,-0.1484557394904868,-0.1484557394904868,690.9277576761015,-0.0028521755906467,-1000.0,1000.0,732.0042669562802,480.5612300226385,-5.567247100550617,-0.2474262324841447,-0.0197085333310269,0.0,-504.40717204800256,-1000.0,-0.0097259187639338,-0.0920311785012018,-0.0920311785012018,309.07224232389854,-0.0017681302305163,1000.0,-1000.0,-110.96819952948827,-313.7582559894231,-3.451266440958989,-0.1533852975020408,-0.0122177798932625,1000.0,-402.8289346968211,1000.0,-0.0060293240862847, Neutralism,Healthy
SRR13077663.bin.31.fbc2XSRR13077663.bin.4.fbc2 ,-0.039621288303465,-0.039621288303465,463.6129788157507,-0.0007612159135987,-1000.0,999.9405642614652,347.08064996215376,-16.889864400325905,-1.4858401782552164,-0.066035480505775,-0.0052600019630517,454.6295577207,-597.1710653031789,-999.9405642614652,-0.002595746265456,-0.0920311785012018,-0.0920311785012018,536.3870211842493,-0.0017681302305163,1000.0,-1000.0,343.6613581912118,-541.0730348497738,-3.451266440958989,-0.1533852975020408,-0.0122177798932625,545.3704422793,-402.8289346968211,1000.0,-0.0060293240862847, Amensalism,Healthy
SRR13077663.bin.44.fbc2XSRR13077663.bin.31.fbc2 ,-0.0870082920907862,-0.0870082920907862,2.321825886310876,-0.0016716290507474,-0.2427706870385009,1000.0,-126.06145094033673,-99.12393055002552,-3.262902893004025,-0.1450138201513482,-0.0115509567406206,71.49111667569741,-583.8170256835356,-1000.0,-0.0057002550630613,-0.082962350040475,-0.082962350040475,997.6781741136892,-0.0015938972150024,999.8755485054533,-1000.0,-873.9385490596633,-75.43257202471148,-3.1111757908643085,-0.1382705834007538,-0.0110138297555977,928.5088833243026,-416.1829743164644,1000.0,-0.0054351895031459, Neutralism,Healthy
SRR13077663.bin.51.fbc2XSRR13077663.bin.35.fbc2 ,-0.1876437108627442,-0.1876437108627442,664.2262769899455,-0.0036050664911044,-1000.0,1000.0,328.0307826921735,664.9964633951072,-7.036837436008796,-0.3127395181045358,-0.0249110094536035,-28.785590715622675,-1000.0,-1000.0,-0.012293276734681,-0.1033271756829208,-0.1033271756829208,335.7737230100545,-0.0019851522705494,1000.0,-1000.0,27.24827124621379,-89.7472733652063,-3.8748782714836807,-0.1722119594714968,-0.0137174021896271,151.12257181579548,0.0,1000.0,-0.0067693692426473, Amensalism,Healthy
SRR13077663.bin.36.fbc2XSRR13077663.bin.22.fbc2 ,-0.0814046724560739,-0.0814046724560739,998.479934345449,-0.0015639706523415,-1000.0,1000.0,-860.7213685815989,-1000.0,-3.0527612354900384,-0.1356744540935324,-0.0108070372078827,-42.06433223214151,-0.1662188009344163,-1000.0,-0.0053331399245735,-0.0870716732359824,-0.0870716732359824,1.52006565455099,-0.0016728467480788,1000.0,-1000.0,1000.0,330.645775386967,-3.265279752921856,-0.1451194553933419,-0.0115593710290795,-3.870281507821801,-500.18049179988094,1000.0,-0.0057044074108034, Neutralism,Healthy
SRR13077663.bin.51.fbc2XSRR13077663.bin.27.fbc2 ,-0.1778905449331205,-0.1778905449331205,621.489735960376,-0.0034176857816419,0.0,0.0,199.74858766743975,605.0681659020015,-6.671083407710967,-0.2964842415552766,-0.0236162087509228,-15.604435564847336,-928.1478719903382,0.0,-0.0116543085152898,-0.0646527536638359,-0.0646527536638359,378.510264039624,-0.0012421278321426,-1000.0,1000.0,-901.7169931106828,394.9318340979985,-2.4245465794236907,-0.1077545894396507,-0.0085831033202339,-4.112275350089703,-71.85212800966178,-1000.0,-0.0042356559076779, Competition,Healthy
SRR13077663.bin.53.fbc2XSRR13077663.bin.59.fbc2 ,-0.0855168723556971,-0.0855168723556971,0.4594745153312942,-0.0016429754534783,-578.7317164351866,1000.0,-1000.0,-441.5550297705504,-3.2069730769884472,-0.1425281205928286,-0.0113529603838742,1.8412415163734293,-105.49168632240344,-1000.0,-0.0056025462964726,-0.1507245517094588,-0.1507245517094588,999.5405254846688,-0.0028957646821936,1000.0,-340.3245023248213,598.4640673356835,-558.4449702294496,-5.652329956164067,-0.2512075861825451,-0.0200097339541116,115.19184875046584,-285.0160309437508,340.3245023248214,-0.009874557566377, Neutralism,Healthy
SRR13077663.bin.24.fbc2XSRR13077663.bin.46.fbc2 ,-0.0855589634959415,-0.0855589634959415,97.47140759145896,-0.0016437841209153,1000.0,-1000.0,1000.0,-64.46941637891643,-3.208551539225823,-0.1425982724932737,-0.0113585482757798,37.54009014160397,-498.2115785766411,1000.0,-0.0056053038524623,-0.1325517595753353,-0.1325517595753353,685.859359997725,-0.0025466236229476,-1000.0,1000.0,0.0,-935.5305836210836,-4.970831048375658,-0.2209195992923014,-0.0175971692347047,962.459909858396,-500.2706551586488,-1000.0,-0.0086839865542742, Neutralism,Healthy
SRR13077663.bin.46.fbc2XSRR13077663.bin.56.fbc2 ,-0.1335337091543351,-0.1335337091543351,562.6290381239842,-0.0025654891287558,0.0,-0.2003133911770191,-1000.0,-930.3589302233946,-5.007655195187795,-0.2225561819237782,-0.0177275298800623,984.5172411036974,0.0,0.2003133911770191,-0.0087483179291893,-0.1192664653758583,-0.1192664653758583,437.3709618760158,-0.0022913826201147,-1000.0,999.821088845023,287.3282191916669,1000.0,-4.472618477636956,-0.1987774422930215,-0.015833453904861,15.482758896302585,-1000.0,-999.8210888450232,-0.0078136147344594, Amensalism,Healthy
SRR13077663.bin.53.fbc2XSRR13077663.bin.12.fbc2 ,-0.0807509824777525,-0.0807509824777525,41.595893791326944,-0.0015514117670818,-1000.0,999.8788657692246,-408.85040157369474,-86.02745935961877,-3.028247170561144,-0.1345849707961406,-0.0107202553107299,46.69692084197072,-11.482805222447496,-999.8788657692246,-0.0052903141257729,-0.0535522398292869,-0.0535522398292869,624.9566862425622,-0.0010288614760156,1000.0,-1000.0,-591.1495984263053,-913.9725406403812,-2.008265580980833,-0.0892537330488494,-0.0071094327996661,623.0394028819101,-167.56964351159922,1000.0,-0.0035084176333839, Neutralism,Healthy
SRR13077663.bin.12.fbc2XSRR13077663.bin.27.fbc2 ,-0.057125057987605,-0.057125057987605,664.241690577953,-0.0010975035156661,-1000.0,1000.0,-587.3399704401149,-1000.0,-2.14225003722936,-0.0952084299793796,-0.0075837492928485,665.1131851945954,-167.4290602879945,-1000.0,-0.0037424869882443,-0.1130929120339487,-0.1130929120339487,335.758309422047,-0.0021727744866666,0.0,0.0,-412.66002955988506,1000.0,-4.241103703868475,-0.1884881867231342,-0.0150138717032177,-30.22794284771317,-178.51079143682523,0.0,-0.007409160999714, Amensalism,Healthy
SRR13077663.bin.24.fbc2XSRR13077663.bin.53.fbc2 ,-0.0855589634959415,-0.0855589634959415,681.671202655054,-0.0016437841209153,1000.0,-1000.0,0.0,-358.8307526547658,-3.208551539225823,-0.1425982724932737,-0.0113585482757798,357.9485035810044,-458.56269511975006,1000.0,-0.0056053038524623,-0.0867384565571001,-0.0867384565571001,34.15692094977044,-0.0016664448905885,-1000.0,1000.0,-1000.0,-641.1692473452342,-3.252783775359262,-0.1445640942617956,-0.0115151341942691,618.8394190732135,-1.8435546536014729,-1000.0,-0.0056825770769819, Neutralism,Healthy
SRR13077663.bin.51.fbc2XSRR13077663.bin.7.fbc2 ,-0.1401239337513971,-0.1401239337513971,513.7585273446966,-0.0026921024735884,1000.0,-1000.0,-580.487370688478,503.3420829276556,-5.254795581313033,-0.2335398895856997,-0.0186024280926631,-10.78633929691307,-599.6889979836567,1000.0,-0.0091800694350467,-0.0794599228879633,-0.0794599228879633,486.24147265530337,-0.0015266075482713,-1000.0,999.8808024826304,-419.512629311522,496.6579170723444,-2.9798310717151253,-0.1324332048133101,-0.0105488581585859,1000.0,-400.3110020163433,-999.8808024826304,-0.0052057317395792, Amensalism,Healthy
SRR13077663.bin.4.fbc2XSRR13077663.bin.56.fbc2 ,-0.0765312552008481,-0.0765312552008481,901.9911279141623,-0.0014703411181926,1000.0,-1000.0,862.0602950201978,-905.887921517714,-2.870002938793164,-0.1275520920014514,-0.0101600571265407,208.40642428730985,-85.24163679758328,1000.0,-0.0050138632129801,-0.1380782524736332,-0.1380782524736332,98.00887208583754,-0.0026528002396162,-1000.0,999.7928693572884,137.93970497980217,969.2450863690829,-5.178080371772353,-0.2301304207893508,-0.0183308496559675,791.5935757126902,-914.7583632024168,-999.7928693572884,-0.0090460488171402, Amensalism,Healthy
SRR13077663.bin.34.fbc2XSRR13077663.bin.4.fbc2 ,-0.0208861129531214,-0.0208861129531214,245.29168189142,-0.0004012701816691,-1000.0,999.9435131965338,-458.61292246950177,-487.8088493279806,-0.783251305603585,-0.0348101882552782,-0.0027727769549983,484.0257844049957,-0.5239454983654923,-999.9435131965338,-0.0013683313193268,-0.0920311785012018,-0.0920311785012018,568.3333875547912,-0.0017681302305163,1000.0,-1000.0,372.5982199265911,-512.1911506720194,-3.451266440958989,-0.1533852975020408,-0.0122177798932625,515.9742155950044,-401.3150194529687,1000.0,-0.0060293240862847, Amensalism,Healthy
SRR13077663.bin.44.fbc2XSRR13077663.bin.34.fbc2 ,-0.0871924033556297,-0.0871924033556297,222.43357371400384,-0.001675166250834,0.1157970043881277,999.6409186010042,-59.851162804242,0.0,-3.269807259977938,-0.1453206722593449,-0.0115753987931839,-2.279499227476208,-810.9429436025989,-999.6409186010042,-0.0057123169153783,-0.0428161829821647,-0.0428161829821647,502.8438541640664,-0.0008225971754427,999.8842029956118,-1000.0,-940.148837195758,-1000.0,-1.6056521046772332,-0.0713603049703124,-0.0056841464822809,992.2447800440752,-1.0740795274363109,1000.0,-0.0028050563682882, Neutralism,Healthy
SRR13077663.bin.4.fbc2XSRR13077663.bin.59.fbc2 ,-0.0589963421225547,-0.0589963421225547,18.12456039507549,-0.0011334551800246,-1000.0,1000.0,-430.4195724188132,-21.128516987876992,-2.2124251696290003,-0.0983272368708867,-0.0078321752943111,1000.0,-259.5875204943429,-1000.0,-0.0038650821639976,-0.1526486036740379,-0.1526486036740379,981.8754396049244,-0.0029327301377861,1000.0,-0.5905320937181386,28.8644378981885,-898.5653561514985,-5.72448393793502,-0.25441433945673,-0.0202651652524537,0.0,-740.4124795056571,0.5905320937181386,-0.0100006097700315, Amensalism,Healthy
SRR13077663.bin.51.fbc2XSRR13077663.bin.34.fbc2 ,-0.2045587539130338,-0.2045587539130338,853.2636633081393,-0.0039300433028301,-1000.0,1000.0,8.298331371744553,840.2197316847,-7.67116942412008,-0.3409312565216851,-0.0271565992226214,-25.246205173138836,-1000.0,-1000.0,-0.0134014476626589,-0.0124686957277617,-0.0124686957277617,146.73633669186074,-0.0002395522714095,999.9662782267516,-1000.0,-275.82116764430134,-292.14873425568,-0.4675892651640652,-0.0207811595462317,-0.0016553061955164,289.621274135397,0.0,1000.0,-0.000816873245526, Amensalism,Healthy
SRR13077663.bin.35.fbc2XSRR13077663.bin.26.fbc2 ,-0.1559619562793841,-0.1559619562793841,776.4244206349792,-0.0029963872484586,1000.0,-1000.0,955.6157492021476,259.0743783743092,-5.8487381617765095,-0.2599365937990114,-0.0207050358865217,432.3848749752792,-500.3184560367603,1000.0,-0.0102176805170302,-0.0195205149281036,-0.0195205149281036,223.5755793650208,-0.0003750339083126,-179.1505134804446,1000.0,-1000.0,-1000.0,-0.73203993666732,-0.0325341915468015,-0.0025914843064356,-5.548474159806915,-225.41983359816663,-1000.0,-0.0012788656273414, Amensalism,Healthy
SRR13077663.bin.44.fbc2XSRR13077663.bin.7.fbc2 ,-0.0871924033556297,-0.0871924033556297,910.5983992581904,-0.001675166250834,-0.3458028806830953,1000.0,-1000.0,-1000.0,-3.269807259977938,-0.1453206722593449,-0.0115753987931839,1000.0,-499.8675427572316,-1000.0,-0.0057123169153783,-0.0794651854091625,-0.0794651854091625,89.40160074180949,-0.0015267086533867,-0.1192054116569352,0.0,0.0,0.0,-2.980028421818929,-0.1324419756818997,-0.0105495567948992,0.0,-500.13245724276845,0.0,-0.0052060765081023, Neutralism,Healthy
SRR13077663.bin.35.fbc2XSRR13077663.bin.53.fbc2 ,-0.1581998632573231,-0.1581998632573231,965.8430790502296,-0.0030393825793453,1000.0,-1000.0,533.1912548315195,-552.5093239576097,-5.932662038189619,-0.2636664387621295,-0.0210021336235968,801.233608649912,122.35139262139931,1000.0,-0.0103642945957744,-0.0867384565571001,-0.0867384565571001,34.15692094977044,-0.0016664448905885,-763.3346968819576,1000.0,-1000.0,-447.4906760423903,-3.252783775359262,-0.1445640942617956,-0.0115151341942691,178.42524317494735,-60.01265481388669,-1000.0,-0.0056825770769819, Neutralism,Healthy
SRR13077663.bin.44.fbc2XSRR13077663.bin.51.fbc2 ,-0.0287114601214852,-0.0287114601214852,328.20364861947746,-0.0005516130667047,-1000.0,999.9569300517524,-1000.0,-679.5280300122095,-1.0767100932758922,-0.0478524335359225,-0.0038116462908419,1000.0,0.0,-999.9569300517524,-0.0018810005574323,-0.1887842552731626,-0.1887842552731626,671.7963513805225,-0.0036269789677589,1000.0,-1000.0,0.0,661.0842140783316,-7.079609056586037,-0.3146404254551953,-0.0250624246673396,-14.070320858671607,-1000.0,1000.0,-0.0123679982801832, Amensalism,Healthy
SRR13077663.bin.36.fbc2XSRR13077663.bin.27.fbc2 ,-0.0035918272941444,-0.0035918272941444,44.056039692529794,-6.900724872593855e-05,-1000.0,1000.0,-212.9782441327104,-43.42184686038729,-0.1346973189308755,-0.0059863788236498,-0.0004768400884813,-2.5572720020110182,-0.0073340903904863,-1000.0,-0.0002353147179974,-0.1656013641734262,-0.1656013641734262,955.9439603074702,-0.0031815824048635,0.0,0.0,-787.0217558672896,1000.0,-6.210226143536715,-0.2760022736224528,-0.0219847344176287,-21.23362644350584,-184.2081315661144,0.0,-0.0108491960005494, Amensalism,Healthy
SRR13077663.bin.46.fbc2XSRR13077663.bin.59.fbc2 ,-0.086095680006565,-0.086095680006565,0.0148868610962153,-0.0016540956773951,-976.4772707818296,1000.0,-373.5868626428195,-12.877101766334476,-3.2286789755094105,-0.1434928000110176,-0.0114298011305891,-16.845095345796608,-6.056479593132394,-1000.0,-0.0056404662598197,-0.1560927345565232,-0.1560927345565232,999.9851131389036,-0.0029988997993086,1000.0,-0.4355302178606735,-314.8794115500891,-987.1228982336656,-5.853642485359842,-0.2601545575942054,-0.0207223976135537,103.21943112004692,-839.3412156652532,0.4355302178606735,-0.0102262483158028, Amensalism,Healthy
SRR13077663.bin.53.fbc2XSRR13077663.bin.22.fbc2 ,-0.0867384565571001,-0.0867384565571001,35.39917229348703,-0.0016664448905885,0.0,958.9343929256517,-1000.0,-1000.0,-3.252783775359262,-0.1445640942617956,-0.0115151341942691,9.87918802250465,-242.8194042287312,-958.9343929256517,-0.0056825770769819,-0.0872842882218947,-0.0872842882218947,847.0935383999649,-0.0016769315700457,1000.0,-1000.0,456.2947434374999,1000.0,-3.2732530395579715,-0.1454738137032336,-0.0115875971491732,990.1208119774954,-378.19115189856393,1000.0,-0.0057183366538993, Neutralism,Healthy
SRR13077663.bin.31.fbc2XSRR13077663.bin.53.fbc2 ,-0.0850538612510263,-0.0850538612510263,995.2244276447636,-0.0016340799471663,-1000.0,999.872411037724,-868.117241290798,-51.174985755843295,-3.1896096713101088,-0.1417564354184151,-0.0112914924350207,980.3360872830622,-468.3333523210016,-999.8724110377236,-0.0055722126198816,-0.0858858020299067,-0.0858858020299067,4.775572355236477,-0.0016500634395697,1000.0,-572.1128294806284,-131.882758709202,-466.5648550040389,-3.2208083296126238,-0.1431430033832157,-0.0114019383674985,19.66391271693783,-107.14716137220104,572.1128294806285,-0.0056267163289476, Neutralism,Healthy
SRR13077663.bin.35.fbc2XSRR13077663.bin.22.fbc2 ,-0.1583024231558738,-0.1583024231558738,992.302070781588,-0.0030413529905217,-1000.0,1000.0,393.4092193115498,-736.1629125104914,-5.936508142761568,-0.2638373719265701,-0.0210157491644622,863.653739120145,278.2477991531573,-1000.0,-0.010371013697636,-0.0872842882218947,-0.0872842882218947,7.697929218412014,-0.0016769315700457,1000.0,-1000.0,606.5907806884502,1000.0,-3.2732530395579715,-0.1454738137032336,-0.0115875971491732,-1.0130846694236195,-411.2333671494241,1000.0,-0.0057183366538993, Neutralism,Healthy
SRR13077663.bin.51.fbc2XSRR13077663.bin.46.fbc2 ,-0.1720595226944397,-0.1720595226944397,670.136968952701,-0.0033056584571795,-1000.0,1000.0,-117.86295615760582,653.000997472795,-6.452413912255338,-0.2867658711572858,-0.0228420999388845,-15.092942327048718,-1000.0,-1000.0,-0.0112722953388129,-0.1144896499985179,-0.1144896499985179,329.86303104729905,-0.0021996090297307,0.0,-0.1717454730429608,-149.19314142947678,-1000.0,-4.293482853443038,-0.1908160833309011,-0.0151992983956006,974.3331141692724,0.0,0.1717454730429608,-0.0075006667914294, Competition,Healthy
SRR13077663.bin.34.fbc2XSRR13077663.bin.27.fbc2 ,-0.0428161829821647,-0.0428161829821647,502.8438541640662,-0.0008225971754427,-1000.0,999.8842029956118,-1000.0,-1000.0,-1.6056521046772332,-0.0713603049703124,-0.0056841464822809,992.2447800440752,-1.0740795274363109,-999.884202995612,-0.0028050563682882,-0.126757772800488,-0.126757772800488,497.1561458359338,-0.0024353078347303,1000.0,-1000.0,0.0,1000.0,-4.753550421948376,-0.2112629546674043,-0.016827977138405,-19.61124175656892,-183.9528331894313,1000.0,-0.0083043997166214, Amensalism,Healthy
SRR13077663.bin.31.fbc2XSRR13077663.bin.36.fbc2 ,-0.0854619911734744,-0.0854619911734744,1000.0,-0.0016419210600133,-1000.0,999.8717988036344,-812.9047138724461,-43.6007047530195,-3.204914974664007,-0.1424366519557907,-0.0113456745247049,991.442256125198,-506.2385591111572,-999.8717988036344,-0.0055989508146012,0.0,0.0,0.0,0.0,1000.0,-1000.0,-187.0952861275539,0.0,0.0,0.0,0.0,0.0,0.0,1000.0,0.0, Amensalism,Healthy
SRR13077663.bin.44.fbc2XSRR13077663.bin.23.fbc2 ,-0.0870082920907862,-0.0870082920907862,2.321825886310876,-0.0016716290507474,-0.2427706870385009,1000.0,-750.45454407971,-119.37779764090658,-3.262902893004025,-0.1450138201513482,-0.0115509567406206,92.82957012727798,-813.3972894589555,-1000.0,-0.0057002550630613,-0.178827822395192,-0.178827822395192,997.6781741136892,-0.0034356930335661,-0.2682589120578313,0.0,-249.54545592029,1000.0,-6.706232302934836,-0.2980463706585396,-0.0237406388616818,907.170429872722,-186.60271054104453,0.0,-0.0117157132443708, Neutralism,Healthy
SRR13077663.bin.44.fbc2XSRR13077663.bin.46.fbc2 ,-0.087125572933246,-0.087125572933246,426.869468379934,-0.0016738822849902,-364.0314282089694,1000.0,0.0,-83.1690980984647,-3.2673010485240184,-0.1452092882221904,-0.011566526589263,0.0,-650.5795620987201,-1000.0,-0.0057079385917404,-0.1340067588015472,-0.1340067588015472,573.130531620066,-0.0025745774985352,-0.2010230110897737,0.0,-1000.0,-916.8309019015352,-5.025395056818866,-0.2233445980025408,-0.017790330515254,1000.0,-194.8141319433298,0.0,-0.0087793092701531, Neutralism,Healthy
SRR13077663.bin.53.fbc2XSRR13077663.bin.56.fbc2 ,-0.0826077815146391,-0.0826077815146391,32.84896844845048,-0.0015870851395902,999.8760803923024,-1000.0,-1000.0,-199.22469812882517,-3.0978790964820746,-0.1376796358578076,-0.0109667583144528,141.18143193136075,-0.1376955067091785,1000.0,-0.0054119603258868,-0.149594993505616,-0.149594993505616,219.44875203669997,-0.0028740632758399,-1000.0,999.7755931394254,452.7994516698354,929.5116881183262,-5.609970329939415,-0.2493249891759887,-0.0198597772357516,858.8185680686393,-999.8623044932908,-999.7755931394252,-0.0098005557705391, Neutralism,Healthy
SRR13077663.bin.46.fbc2XSRR13077663.bin.53.fbc2 ,-0.132549646739676,-0.132549646739676,588.6454857282868,-0.0025465830304938,-1000.0,1000.0,-976.6269369298584,-508.0288160470324,-4.970751814805453,-0.2209160778994601,-0.0175968887410817,1000.0,-443.5695800319604,-1000.0,-0.0086838481341828,-0.0032600380552594,-0.0032600380552594,1.4770869158251116,-6.263281568408274e-05,1000.0,-981.0627203146622,-23.37306307014171,-19.49812867800472,-0.1222548718787948,-0.0054333967588036,-0.0004327927562144,0.0,-4.92642541455416,981.0627203146624,-0.0002135779013769, Amensalism,Healthy
SRR13077663.bin.51.fbc2XSRR13077663.bin.36.fbc2 ,-0.2045548214057362,-0.2045548214057362,853.2428542983193,-0.0039299677503095,0.0,0.0,8.262526709439726,840.1991734358708,-7.671021950942872,-0.3409247023429316,-0.0271560771549275,-25.24571983148053,-999.9755690665902,0.0,-0.0134011900287305,-0.0119649048173187,-0.0119649048173187,146.75714570168066,-0.0002298732913459,-1000.0,1000.0,-628.8453234384635,-147.94537970946806,-0.4486965736801949,-0.0199415080288645,-0.0015884244435255,1.383821697774124,-0.0244309334098034,-1000.0,-0.0007838679237011, Amensalism,Healthy
SRR13077663.bin.46.fbc2XSRR13077663.bin.12.fbc2 ,-0.1086819448055393,-0.1086819448055393,271.76513175369473,-0.0020880296792711,-0.1630333573566531,0.0,-14.823560433452258,-190.1737224931397,-4.075687771839171,-0.181136574675861,-0.0144282850836816,428.98250044511474,-500.1811574549727,0.0,-0.0071201812062327,-0.0490807899813034,-0.0490807899813034,572.7746955612272,-0.0009429546586261,1000.0,-1000.0,-507.9879207722944,-809.8262775068603,-1.8405814868040125,-0.0818013166355058,-0.006515816691035,571.0174995548853,-167.4942476796241,1000.0,-0.0032154753859003, Competition,Healthy
SRR13077663.bin.31.fbc2XSRR13077663.bin.27.fbc2 ,-0.0849422314172443,-0.0849422314172443,993.9182348887334,-0.0016319352818072,-1000.0,999.8725784931976,-84.3353557052144,-48.78466533004337,-3.185423434586596,-0.1415703856953314,-0.0112766727971802,978.6409013071132,-859.792985348617,-999.8725784931976,-0.0055648993109116,-0.0851806167014501,-0.0851806167014501,6.081765111266464,-0.0016365152104071,1000.0,-1000.0,-915.6646442947856,1000.0,-3.194363134640753,-0.1419676945024548,-0.0113083201039216,-14.57851935337169,-140.20701465138302,1000.0,-0.0055805168674396, Amensalism,Healthy
SRR13077663.bin.24.fbc2XSRR13077663.bin.35.fbc2 ,-0.0855589634959415,-0.0855589634959415,100.00180567363896,-0.0016437841209153,-1000.0,1000.0,921.3098660254432,-99.86659292320098,-3.208551539225823,-0.1425982724932737,-0.0113585482757798,162.72542136772518,-498.9008497759814,-1000.0,-0.0056053038524623,-0.1555273053764949,-0.1555273053764949,899.998194326361,-0.0029880366066663,1000.0,-1000.0,78.6901339745566,-864.5983270399632,-5.8324382936338,-0.2592121756275674,-0.0206473329519667,679.8681437926919,499.6824314694445,1000.0,-0.0101892048287481, Neutralism,Healthy
SRR13077663.bin.4.fbc2XSRR13077663.bin.27.fbc2 ,-0.0920311785012018,-0.0920311785012018,309.072242323899,-0.0017681302305163,0.0,0.0,-110.9681995294884,-313.7582559894238,-3.451266440958989,-0.1533852975020408,-0.0122177798932625,1000.0,-402.8289346968211,0.0,-0.0060293240862847,-0.1431635819187704,-0.1431635819187704,690.927757676101,-0.0027505010934874,-1000.0,1000.0,-889.0318004705116,1000.0,-5.368785599512421,-0.2386059698645795,-0.0190059625563208,-8.386305339212413,-183.8843107309933,-1000.0,-0.0093792087290012, Amensalism,Healthy
SRR13077663.bin.53.fbc2XSRR13077663.bin.27.fbc2 ,-0.0859240344537966,-0.0859240344537966,5.668006583613419,-0.0016507979721609,-16.89874011016161,1000.0,-711.3430678063131,-1000.0,-3.2222420859073964,-0.1432067240897367,-0.0114070139879913,5.131835656227622,-247.60155975316263,-1000.0,-0.0056292210852006,-0.1675854035604516,-0.1675854035604516,994.3319934163864,-0.003219700356567,1000.0,-1000.0,-288.6569321936869,1000.0,-6.284629717038683,-0.2793090059341239,-0.0222481294640601,-15.763726498938697,-184.7773858325636,1000.0,-0.0109791782159618, Neutralism,Healthy
SRR13077663.bin.26.fbc2XSRR13077663.bin.59.fbc2 ,0.0,0.0,0.0,0.0,-1000.0,1000.0,-1000.0,578.9474023564253,0.0,0.0,0.0,0.0,-289.47370117821254,-1000.0,0.0,-0.1560948259423185,-0.1560948259423185,1000.0,-0.0029989399796477,1000.0,-0.4355360532489385,0.0,-929.8809996124724,-5.853720914536893,-0.2601580432371975,-0.0207226752595488,84.1422236689109,-710.5262988217875,0.4355360532489385,-0.0102263853307249, Amensalism,Healthy
SRR13077663.bin.36.fbc2XSRR13077663.bin.40.fbc2 ,-0.0811733962939342,-0.0811733962939342,995.6431855409172,-0.0015595273063127,-1000.0,1000.0,-874.1241706287326,-985.7216240001376,-3.044088135022662,-0.1352889938231101,-0.0107763336866355,-44.56041142848585,-0.1657465621156006,-1000.0,-0.0053179881145979,-0.0795295651272454,-0.0795295651272454,4.356814459082784,-0.0015279455355994,0.0,0.0,613.0831045706013,-14.278375999862533,-2.982442729278091,-0.1325492752121135,-0.010558103650851,7.194377392676756,-252.04221284926095,0.0,-0.0052102942763667, Neutralism,Healthy
SRR13077663.bin.27.fbc2XSRR13077663.bin.22.fbc2 ,-0.1634849776357896,-0.1634849776357896,930.9469834604474,-0.0031409217605187,-1000.0,1000.0,0.0,1000.0,-6.130859412037694,-0.2724749627262781,-0.021703769365331,-11.65706313537737,-183.77226421506725,-1000.0,-0.0107105432034586,-0.0866271576371673,-0.0866271576371673,69.05301653955257,-0.0016643065828247,1000.0,-1000.0,1000.0,0.0,-3.2486099482578084,-0.1443785960619834,-0.0115003584875239,1000.0,-507.208794665514,1000.0,-0.0056752854475234, Neutralism,Healthy
SRR13077663.bin.22.fbc2XSRR13077663.bin.40.fbc2 ,-0.0872842882218947,-0.0872842882218947,456.6509581141131,-0.0016769315700457,-1000.0,1000.0,390.7980146048876,1000.0,-3.2732530395579715,-0.1454738137032336,-0.0115875971491732,992.8056226073234,-747.957787150739,-1000.0,-0.0057183366538993,-0.0795295651272454,-0.0795295651272454,4.356814459082898,-0.0015279455355994,1000.0,-1000.0,609.2019853951124,-14.278375999862646,-2.982442729278091,-0.1325492752121135,-0.010558103650851,7.194377392676643,-252.04221284926095,1000.0,-0.0052102942763667, Neutralism,Healthy
SRR13077663.bin.31.fbc2XSRR13077663.bin.23.fbc2 ,-0.0426911614381424,-0.0426911614381424,499.5338963201593,-0.0008201952246054,999.9359591568666,-1000.0,10.752127843614062,-16.740967819639536,-1.600963664668711,-0.0711519357303132,-0.0056675490017141,496.303487711649,-464.54580679969786,1000.0,-0.0027968657157089,-0.1461890982751583,-0.1461890982751583,500.4661036798407,-0.0028086282089816,-1000.0,999.7807023094464,-999.9610911372122,1000.0,-5.4822456598682265,-0.2436484971251502,-0.0194076209237437,450.2474568203054,506.0246969832665,-999.7807023094464,-0.0095774221924784, Competition,Healthy
SRR13077663.bin.22.fbc2XSRR13077663.bin.59.fbc2 ,-0.087069724381422,-0.087069724381422,1.505110173144658,-0.0016728093061146,1000.0,-1000.0,710.48860239232,1000.0,-3.265206668814926,-0.1451162073024079,-0.011559112305008,815.4450795836319,-396.2056284578365,1000.0,-0.0057042797337771,-0.1558795878224828,-0.1558795878224828,998.4948898268552,-0.0029948047612151,-0.6778775909965589,1000.0,289.51139760768,-929.8609609491338,-5.845649257605032,-0.2597993130374334,-0.0206941009001866,83.89998370718308,-565.1695104418594,-1000.0,-0.0102122842358767, Neutralism,Healthy
SRR13077663.bin.24.fbc2XSRR13077663.bin.59.fbc2 ,-0.0819189213004847,-0.0819189213004847,4.876906448087425,-0.0015738505533136,1000.0,-1000.0,1000.0,-27.698620827579475,-3.072046110547604,-0.1365315355008078,-0.0108753073234311,59.2916236961612,-489.063166923783,1000.0,-0.0053668303868334,-0.1523964679531673,-0.1523964679531673,995.1230935519123,-0.0029278860317845,-193.4632688617104,1000.0,0.0,-972.3013791724204,-5.715028581977094,-0.2539941132553167,-0.0202316924794558,185.16915979469516,-510.936833076217,-1000.0,-0.0099840913683237, Neutralism,Healthy
SRR13077663.bin.53.fbc2XSRR13077663.bin.40.fbc2 ,-0.0867384565571001,-0.0867384565571001,46.34656537792444,-0.0016664448905885,-1000.0,999.86988398294,0.0,-985.7216240001374,-3.252783775359262,-0.1445640942617956,-0.0115151341942691,992.8056226073232,-12.334225186864728,-999.86988398294,-0.0056825770769819,-0.0795295651272454,-0.0795295651272454,5.4368122020018745,-0.0015279455355994,1000.0,-1000.0,859.9219838903916,-14.278375999862646,-2.982442729278091,-0.1325492752121135,-0.010558103650851,7.194377392676756,-378.12221059218,1000.0,-0.0052102942763667, Neutralism,Healthy
SRR13077663.bin.34.fbc2XSRR13077663.bin.59.fbc2 ,0.0,0.0,0.0,0.0,-1000.0,1000.0,0.0,0.0,0.0,0.0,0.0,0.0,0.0,-1000.0,0.0,-0.1560948259423185,-0.1560948259423185,1000.0,-0.0029989399796477,999.564463946751,0.0,742.3499077898425,-929.8809996124716,-5.853720914536893,-0.2601580432371975,-0.0207226752595488,84.1422236689109,-339.3513449268655,0.0,-0.0102263853307249, Amensalism,Healthy
SRR13077663.bin.7.fbc2XSRR13077663.bin.12.fbc2 ,-0.0794651854091625,-0.0794651854091625,331.93966368324004,-0.0015267086533867,-1000.0,999.8807945883432,897.1978441133147,0.0,-2.980028421818929,-0.1324419756818997,-0.0105495567948992,331.3380056807382,-403.93358732102047,-999.8807945883432,-0.0052060765081023,-0.0572457710085245,-0.0572457710085245,668.06033631676,-0.0010998226898664,1000.0,-1000.0,-595.14694219542,-1000.0,-2.14677690306803,-0.095409618347503,-0.0075997747870815,668.6619943192618,-167.63192238436886,1000.0,-0.003750395372549, Neutralism,Healthy
SRR13077663.bin.12.fbc2XSRR13077663.bin.22.fbc2 ,-0.0572457710085245,-0.0572457710085245,668.06033631676,-0.0010998226898664,-1000.0,1000.0,-1000.0,-1000.0,-2.14677690306803,-0.095409618347503,-0.0075997747870815,666.0108167341587,-167.63192238436886,-1000.0,-0.003750395372549,-0.0872842882218947,-0.0872842882218947,166.98607740074112,-0.0016769315700457,1000.0,-1000.0,620.5941526184315,1000.0,-3.2732530395579715,-0.1454738137032336,-0.0115875971491732,333.98918326584135,-391.4332459107002,1000.0,-0.0057183366538993, Neutralism,Healthy
SRR13077663.bin.7.fbc2XSRR13077663.bin.34.fbc2 ,-0.0794651854091625,-0.0794651854091625,44.40358836380528,-0.0015267086533867,-1000.0,999.8807945883432,1000.0,1000.0,-2.980028421818929,-0.1324419756818997,-0.0105495567948992,-20.35356068610406,-678.414616726968,-999.8807945883432,-0.0052060765081023,-0.0428161829821647,-0.0428161829821647,502.8438541640666,-0.0008225971754427,999.8842029956118,-1000.0,-940.1488371957588,-1000.0,-1.6056521046772332,-0.0713603049703124,-0.0056841464822809,992.244780044076,-1.0740795274363109,1000.0,-0.0028050563682882, Neutralism,Healthy
SRR13077663.bin.51.fbc2XSRR13077663.bin.40.fbc2 ,-0.1642913433651074,-0.1642913433651074,641.8920802314351,-0.0031564138974999,-1000.0,1000.0,-353.2050751046652,629.6790941943755,-6.161098978956147,-0.2738189056085502,-0.0218108200317601,-20.255370827205525,-749.8294429140873,-1000.0,-0.0107633713904533,-0.0794304654032203,-0.0794304654032203,13.772739107179405,-0.0015260416023465,0.0,0.0,630.0592234109592,-14.260584086624249,-2.978726384906736,-0.1323841090053292,-0.01054494747234,8.431486675985752,-250.17055708591272,0.0,-0.0052038018640132, Amensalism,Healthy
SRR13077663.bin.46.fbc2XSRR13077663.bin.22.fbc2 ,-0.134231446441845,-0.134231446441845,580.2936923873947,-0.0025788942640474,-1000.0,999.798639935866,-1000.0,-1000.0,-5.033821080751636,-0.2237190774029613,-0.0178201593643052,1000.0,-172.9630986191687,-999.798639935866,-0.0087940294403097,-0.0872842882218947,-0.0872842882218947,9.318759042801048,-0.0016769315700457,1000.0,-1000.0,939.74837932594,1000.0,-3.2732530395579715,-0.1454738137032336,-0.0115875971491732,0.0,-827.0369013808313,1000.0,-0.0057183366538993, Neutralism,Healthy
SRR13077663.bin.53.fbc2XSRR13077663.bin.34.fbc2 ,-0.0795151243602276,-0.0795151243602276,40.95928701057778,-0.0015276680952638,-1000.0,999.8807196751192,-153.88213127110976,-100.01710872433762,-2.981901185252241,-0.1325252072670082,-0.0105561865384515,53.63622758549445,-11.307065960699674,-999.8807196751192,-0.0052093482049713,-0.0385338321536892,-0.0385338321536892,452.55086573077415,-0.0007403233843206,999.8957846771896,-1000.0,-846.1178687288902,-899.9828912756624,-1.4450594235502194,-0.0642230535895578,-0.0051156345856497,893.0033259972506,-0.9666531985621988,1000.0,-0.0025245027404707, Amensalism,Healthy
SRR13077663.bin.46.fbc2XSRR13077663.bin.23.fbc2 ,-0.0990672099620724,-0.0990672099620724,152.28872814063698,-0.0019033085487762,1000.0,-0.2764175005339666,0.0,-943.3089509087704,-3.715125055548015,-0.1651120166034161,-0.0131518620718225,235.0009464291834,-622.1695773080507,0.2764175005339666,-0.0064902821511623,-0.1634251964410396,-0.1634251964410396,847.711271859363,-0.0031397732265077,-1000.0,999.7548465064724,-186.37719168722535,1000.0,-6.128617554065272,-0.2723753274017326,-0.0216958329953058,764.9990535708166,108.27058217136346,-999.7548465064724,-0.010706626702472, Amensalism,Healthy
SRR13077663.bin.31.fbc2XSRR13077663.bin.59.fbc2 ,0.0,0.0,0.0,0.0,-1000.0,1000.0,0.0,0.0,0.0,0.0,0.0,0.0,0.0,-1000.0,0.0,-0.1560948259423185,-0.1560948259423185,1000.0,-0.0029989399796477,999.564463946751,0.0,0.0,-929.8809996124724,-5.853720914536893,-0.2601580432371975,-0.0207226752595488,84.1422236689109,-710.5262988217873,0.0,-0.0102263853307249, Amensalism,Healthy
SRR13077663.bin.26.fbc2XSRR13077663.bin.56.fbc2 ,-0.0800377454620502,-0.0800377454620502,916.7049289584724,-0.0015377088465129,999.8799356932628,-1000.0,106.46366923116148,-886.1201639742831,-3.0015000288130977,-0.1333962424367882,-0.0106255681295124,-22.74977704952414,-6.982884517294679,1000.0,-0.0052435871666602,-0.1446659692496723,-0.1446659692496723,83.29507104152754,-0.0027793654033985,-1000.0,999.7829871492986,-674.5638552225812,1000.0,-5.425126711960388,-0.2411099487494539,-0.0192054149378009,939.496027215176,-993.0171154827052,-999.7829871492984,-0.0094776360257355, Neutralism,Healthy
SRR13077663.bin.51.fbc2XSRR13077663.bin.56.fbc2 ,-0.1804368214616261,-0.1804368214616261,725.6329864158017,-0.0034666055996694,1000.0,-1000.0,-219.63996001767416,714.0808352494792,-6.766571468120446,-0.3007280357694526,-0.0239542446935274,-13.889509991884664,-850.1335013040962,1000.0,-0.0118211250947979,-0.0421937129759726,-0.0421937129759726,274.3670135841983,-0.000810638097505,-1000.0,999.9367053773456,-780.3600399823258,165.07975957283043,-1.5823088216951646,-0.0703228549599543,-0.0056015092538928,494.3223515628165,-149.86649869590383,-999.9367053773456,-0.0027642759125683, Competition,Healthy
SRR13077663.bin.7.fbc2XSRR13077663.bin.35.fbc2 ,-0.0794651854091625,-0.0794651854091625,40.72338081936687,-0.0015267086533867,-1000.0,999.8807945883432,450.60314159860127,-476.901613849249,-2.980028421818929,-0.1324419756818997,-0.0105495567948992,211.83797491172209,-440.46217886211207,-999.8807945883432,-0.0052060765081023,-0.1581254808481844,-0.1581254808481844,959.2766191806332,-0.0030379535224938,1000.0,-1000.0,549.3968584013987,-523.098386150751,-5.929872619249863,-0.2635424680802316,-0.0209922588406925,788.1620250882779,99.49013624196778,1000.0,-0.0103594215119073, Neutralism,Healthy
SRR13077663.bin.7.fbc2XSRR13077663.bin.40.fbc2 ,-0.0794651854091625,-0.0794651854091625,84.15950117381772,-0.0015267086533867,-1000.0,999.8807945883432,386.91689542939866,-985.7216240001376,-2.980028421818929,-0.1324419756818997,-0.0105495567948992,-5.254202366220625,-400.4434798563466,-999.8807945883432,-0.0052060765081023,-0.0795295651272454,-0.0795295651272454,4.356814459082557,-0.0015279455355994,1000.0,-1000.0,613.0831045706013,-14.278375999862533,-2.982442729278091,-0.1325492752121135,-0.010558103650851,7.194377392676756,-252.04221284926095,1000.0,-0.0052102942763667, Neutralism,Healthy
SRR13077663.bin.26.fbc2XSRR13077663.bin.23.fbc2 ,-0.0424419799403494,-0.0424419799403494,486.1034808520005,-0.0008154078758479,1000.0,-693.6043536856653,1000.0,0.0,-1.5916190951950284,-0.0707366332338779,-0.0056344684223859,-12.063627924658247,-468.489000917785,693.6043536856653,-0.0027805408567473,-0.1373004401300477,-0.1373004401300477,513.8965191479995,-0.0026378566788025,-1000.0,999.7940361505216,-338.98356810333735,1000.0,-5.148911586993222,-0.228834066883337,-0.0182275896503369,450.0372974829497,45.96520179905974,-999.7940361505216,-0.0089950912746417, Competition,Healthy
SRR13077663.bin.23.fbc2XSRR13077663.bin.56.fbc2 ,-0.1558060662540583,-0.1558060662540583,886.5120811024617,-0.00299339224307,-1000.0,999.7662759336577,-999.9585315394588,0.0,-5.842892121099453,-0.2596767770900214,-0.0206843403999528,533.7038915036308,889.9230913336442,-999.7662759336578,-0.0102074675489802,-0.1291125296389736,-0.1291125296389736,113.4879188975383,-0.00248054811982,0.0,-0.1936811971989982,-0.0414684605412958,1000.0,-4.841856291607996,-0.2151875493982515,-0.0171405875082655,466.2961084963693,-1000.0,0.1936811971989982,-0.0084586690887817, Competition,Healthy
SRR13077663.bin.36.fbc2XSRR13077663.bin.23.fbc2 ,-0.0251253762813803,-0.0251253762813803,308.17867455227565,-0.0004827161629918,1000.0,-1000.0,-266.41842382024606,-307.8892065644216,-0.9422281599426016,-0.0418756271357096,-0.0033355686859977,-13.741698232906629,-0.051303073798067,1000.0,-0.0016460621156966,-0.1590075395916983,-0.1590075395916983,691.8213254477243,-0.0030548998961421,-1000.0,999.761473416113,-733.5815761797539,1000.0,-5.962950754181293,-0.265012565986126,-0.0211093582820467,611.3449569889779,341.2719367086697,-999.7614734161132,-0.0104172086456628, Competition,Healthy
SRR13077663.bin.7.fbc2XSRR13077663.bin.27.fbc2 ,-0.0783868495390152,-0.0783868495390152,13.03093649589914,-0.0015059913456525,-1000.0,999.8824121957348,1000.0,-1000.0,-2.939589687236321,-0.130644749231692,-0.0104064001981214,1000.0,-413.2711981144579,-999.8824121957348,-0.005135430488508,-0.1672764859284825,-0.1672764859284825,986.9690635041007,-0.0032137653396375,1000.0,-1000.0,-1000.0,1000.0,-6.273044979413612,-0.2787941432142133,-0.0222071184969081,-23.697589637201872,-184.4367774546164,1000.0,-0.0109589398082334, Neutralism,Healthy
SRR13077663.bin.46.fbc2XSRR13077663.bin.27.fbc2 ,-0.1326897615058442,-0.1326897615058442,541.2124839456224,-0.0025492749568911,-1000.0,1000.0,-3.3877578125625405,-1000.0,-4.976006266593686,-0.221149602509854,-0.0176154899520497,1000.0,-500.2709369424178,-1000.0,-0.0086930276029306,-0.1235092659095471,-0.1235092659095471,458.7875160543777,-0.0023728965593363,1000.0,-1000.0,-996.6122421874376,1000.0,-4.631727980919095,-0.2058487765159498,-0.0163967152244595,-24.41053267133077,-184.94366743976207,1000.0,-0.0080915772671232, Amensalism,Healthy
SRR13077663.bin.27.fbc2XSRR13077663.bin.59.fbc2 ,-0.0851806167014501,-0.0851806167014501,6.081765111266464,-0.0016365152104071,-1000.0,1000.0,109.55358139816347,1000.0,-3.194363134640753,-0.1419676945024548,-0.0113083201039216,-10.921971593008948,-138.8994553634236,-1000.0,-0.0055805168674396,-0.1222069542330928,-0.1222069542330928,993.9182348887334,-0.0023478761620481,1000.0,-251.25095569855355,0.0,-1000.0,-4.5828899169277975,-0.2036782570551167,-0.0162238242795638,-15.566043293993287,-306.1227664169253,251.25095569855355,-0.008006257712509, Competition,Healthy
SRR13077663.bin.22.fbc2XSRR13077663.bin.26.fbc2 ,-0.0872842882218947,-0.0872842882218947,16.123562100662298,-0.0016769315700457,1000.0,-1000.0,705.4283457976846,1000.0,-3.2732530395579715,-0.1454738137032336,-0.0115875971491732,10.221092506909828,-423.57778884386994,1000.0,-0.0057183366538993,-0.0859028286896546,-0.0859028286896546,983.8764378993378,-0.001650390560826,-977.6955244516232,1000.0,294.57165420231536,0.0,-3.221446847342804,-0.1431713811493864,-0.0114041987751534,-24.41685718821145,-498.7344028120894,-1000.0,-0.0056278318123759, Neutralism,Healthy
SRR13077663.bin.7.fbc2XSRR13077663.bin.26.fbc2 ,-0.078507275496463,-0.078507275496463,16.123562100661957,-0.0015083050047906,-1000.0,999.8822315452304,887.4578184240863,-1000.0,-2.9441057878930224,-0.1308454591608097,-0.0104223875827074,926.4747454761014,-428.2550269806748,-999.8822315452304,-0.0051433200661676,-0.0859028286896546,-0.0859028286896546,983.876437899338,-0.001650390560826,999.8711375050128,-1000.0,112.54218157591367,20.66868544273848,-3.221446847342804,-0.1431713811493864,-0.0114041987751534,-24.416857188211225,-493.3523120912752,1000.0,-0.0056278318123759, Neutralism,Healthy
SRR13077663.bin.24.fbc2XSRR13077663.bin.12.fbc2 ,-0.0855589634959415,-0.0855589634959415,66.28658727044058,-0.0016437841209153,-1000.0,1000.0,1000.0,-51.138444962458266,-3.208551539225823,-0.1425982724932737,-0.0113585482757798,50.256195888696766,-497.0242335812887,-1000.0,-0.0056053038524623,-0.0550501762260182,-0.0550501762260182,642.4376612615081,-0.0010576402733022,1000.0,-1000.0,-1000.0,-948.8615550375416,-2.0644397786898026,-0.0917502937099925,-0.0073082942885775,640.4667486121875,-167.59490112707317,1000.0,-0.0036065533320197, Neutralism,Healthy
SRR13077664.bin.7.fbc2XSRR13077664.bin.17.fbc2 ,-0.171649696376221,-0.171649696376221,454.7075881286157,-0.0032977847527035,-1000.0,999.742508966512,0.0,491.6625466562541,-6.437044992271012,-0.2860828272937397,-0.022787692640918,729.084414252181,-499.9843594631884,-999.742508966512,-0.0112454460065691,-0.0417054273075336,-0.0417054273075336,545.2924118713843,-0.0008012570087885,1000.0,-1000.0,494.586768823463,-251.8891956187796,-1.5639975931682102,-0.0695090455125182,-0.0055366859307923,270.915585747819,-500.0156405368116,1000.0,-0.0027322863999188, Neutralism,Healthy
SRR13077664.bin.4.fbc2XSRR13077664.bin.3.fbc2 ,-0.0905195509186569,-0.0905195509186569,570.6028597122356,-0.0017390883941743,0.0,0.0,-821.0037605798997,-582.1272419923866,-3.394578809312293,-0.1508659181978373,-0.0120171008039733,-7.26412004996746,-284.7782511990456,0.0,-0.0059302914243062,-0.0946928089783796,-0.0946928089783796,429.3971402877644,-0.001819266262828,-1000.0,1000.0,-81.78293940082688,729.053406526893,-3.5510803963339868,-0.1578213482972614,-0.012571129875937,92.96298503341724,-644.4498636003893,-1000.0,-0.0062036979561526, Neutralism,Healthy
SRR13077664.bin.17.fbc2XSRR13077664.bin.24.fbc2 ,-0.0417054273075336,-0.0417054273075336,501.0676088605098,-0.0008012570087885,1000.0,-1000.0,1000.0,0.0,-1.5639975931682102,-0.0695090455125182,-0.0055366859307923,465.18175928323626,-500.0156405368116,1000.0,-0.0027322863999188,-0.0974379664836533,-0.0974379664836533,113.6851155924569,-0.0018720070410154,-1000.0,999.8538336902392,0.0,-1000.0,-3.6540267035252327,-0.1623966108061267,-0.0129355686532335,-11.303908596260952,-91.9766456825596,-999.8538336902392,-0.0063835440097363, Neutralism,Healthy
SRR13077664.bin.18.fbc2XSRR13077664.bin.20.fbc2 ,-0.0828761320115063,-0.0828761320115063,231.60125346669747,-0.001592240768673,-1000.0,999.8756778407788,567.9598206206847,-3.3592618066087425,-3.107942523674865,-0.1381268866858818,-0.0110023837117978,0.0,-346.855980452493,-999.8756778407788,-0.0054295410212716,-0.0560827205582654,-0.0560827205582654,263.0767368390261,-0.0010774778205586,1000.0,-1000.0,108.4778621676362,-133.43500952786644,-2.103161282213705,-0.0934712009303666,-0.0074453717397773,1000.0,-502.83313095606167,1000.0,-0.0036741993679925, Neutralism,Healthy
SRR13077664.bin.9.fbc2XSRR13077664.bin.2.fbc2 ,0.0,0.0,0.0,0.0,1000.0,-1000.0,0.0,0.0,0.0,0.0,0.0,0.0,0.0,1000.0,0.0,-0.0859222141119744,-0.0859222141119744,1000.0,-0.0016507629992474,-1000.0,999.7602596896164,74.75021536421627,-23.64951166726553,-3.22217382116321,-0.143203690186624,-0.0114067723249036,1000.0,-993.003324597475,-999.7602596896162,-0.0056291018274805, Amensalism,Healthy
SRR13077664.bin.20.fbc2XSRR13077664.bin.7.fbc2 ,-0.0008376901809015,-0.0008376901809015,3.9294955218138057,-1.609395155810489e-05,1000.0,-1000.0,1.6203001402761856,-331.37207289977084,-0.0314142669527655,-0.0013961503016162,-0.0001112092055564,344.315685057712,-0.0423175972848639,1000.0,-5.488037493250886e-05,-0.171649696376221,-0.171649696376221,996.0705044781862,-0.0032977847527035,-1000.0,999.742508966512,756.27408815236,-668.6279271002292,-6.437044992271012,-0.2860828272937397,-0.022787692640918,655.684314942288,-493.5198694499354,-999.742508966512,-0.0112454460065691, Amensalism,Healthy
SRR13077664.bin.24.fbc2XSRR13077664.bin.2.fbc2 ,-0.0934012182838159,-0.0934012182838159,35.66692553727967,-0.0017944518402828,-1000.0,999.8598892003153,-191.7807661350109,-986.7610058234764,-3.502644380496008,-0.1556686971397312,-0.012399662216012,-9.405694089380972,-0.1843597390002287,-999.859889200315,-0.0061190807751927,-0.0828576328992767,-0.0828576328992767,964.3330744627204,-0.0015918853582661,0.0,-0.2311895105850681,-808.2192338649891,-13.238994176523647,-3.1072487874156423,-0.1380960548320899,-0.0109999278257646,1000.0,-964.663084236635,0.2311895105850681,-0.0054283290718331, Neutralism,Healthy
SRR13077664.bin.7.fbc2XSRR13077664.bin.27.fbc2 ,-0.171649696376221,-0.171649696376221,767.339481863869,-0.0032977847527035,-1000.0,999.742508966512,642.999787816273,-18.530388199375466,-6.437044992271012,-0.2860828272937397,-0.022787692640918,822.8670022835827,-500.0,-999.742508966512,-0.0112454460065691,-0.0900838189696742,-0.0900838189696742,232.66051813613103,-0.0017307169830473,1000.0,-1000.0,357.00021218372694,296.44090343237417,-3.37823840079534,-0.1501396982827145,-0.011959254353087,177.13299771641732,-442.2976370824948,1000.0,-0.0059017449123075, Neutralism,Healthy
SRR13077664.bin.18.fbc2XSRR13077664.bin.17.fbc2 ,-0.0828761320115063,-0.0828761320115063,500.04396176762407,-0.001592240768673,-1000.0,999.8756778407788,997.0518610149228,1000.0,-3.107942523674865,-0.1381268866858818,-0.0110023837117978,-1.5348564114090095,-285.14472071964985,-999.8756778407788,-0.0054295410212716,-0.0417054273075336,-0.0417054273075336,499.95603823237593,-0.0008012570087885,1000.0,-1000.0,2.948138985077321,-0.8501416988962092,-1.5639975931682102,-0.0695090455125182,-0.0055366859307923,492.80479539121166,-714.8552792803501,1000.0,-0.0027322863999188, Neutralism,Healthy
SRR13077664.bin.20.fbc2XSRR13077664.bin.4.fbc2 ,-0.0560827205582654,-0.0560827205582654,263.0767368390261,-0.0010774778205586,0.0,0.0,108.47786216763645,-133.435009527867,-2.103161282213705,-0.0934712009303666,-0.0074453717397773,1000.0,-255.34611092731143,0.0,-0.0036741993679925,-0.0905195509186569,-0.0905195509186569,577.8697498815743,-0.0017390883941743,-1000.0,1000.0,421.42665222030814,-574.8852828973855,-3.394578809312293,-0.1508659181978373,-0.0120171008039733,0.0,-284.7776971751714,-1000.0,-0.0059302914243062, Neutralism,Healthy
SRR13077664.bin.30.fbc2XSRR13077664.bin.25.fbc2 ,-0.0956564907930896,-0.0956564907930896,2.1996306541367403,-0.0018377808029299,-1000.0,999.8565060749064,-1000.0,650.3702135916287,-3.587219482685555,-0.1594274846552252,-0.0126990653483289,174.95274514221387,-153.64688487423382,-999.8565060749064,-0.0062668325380172,-0.2393944775809586,-0.2393944775809586,997.8003693458631,-0.0045993175327794,999.6408852870408,-1000.0,716.6469449142305,349.6297864083713,-8.977545871749385,-0.3989907959681886,-0.0317812841515205,825.0472548577861,-526.5625874534517,1000.0,-0.0156836727867357, Neutralism,Healthy
SRR13077664.bin.18.fbc2XSRR13077664.bin.26.fbc2 ,-0.0828761320115063,-0.0828761320115063,307.5354288006256,-0.001592240768673,-1000.0,999.8756778407788,-362.786859211896,165.76275391884838,-3.107942523674865,-0.1381268866858818,-0.0110023837117978,-1.5348564114090095,-418.4767395220204,-999.8756778407788,-0.0054295410212716,-0.0835446431407263,-0.0835446431407263,692.4645711993744,-0.0016050844022856,1000.0,-1000.0,-637.213140788104,-35.76852476462386,-3.13301239742043,-0.1392410719012105,-0.0110911332200203,16.076249834147916,-500.16879870117,1000.0,-0.0054733378119635, Neutralism,Healthy
SRR13077664.bin.20.fbc2XSRR13077664.bin.27.fbc2 ,-0.0560827205582654,-0.0560827205582654,263.0767368390259,-0.0010774778205586,0.0,0.0,108.47786216763645,-74.91420178799774,-2.103161282213705,-0.0934712009303666,-0.0074453717397773,941.4791922601316,-269.9763128622785,0.0,-0.0036741993679925,-0.0900838189696742,-0.0900838189696742,610.1518157245605,-0.0017307169830473,-1000.0,1000.0,774.1825326551864,-393.072694939556,-3.37823840079534,-0.1501396982827145,-0.011959254353087,58.52080773986836,-422.9887219709588,-1000.0,-0.0059017449123075, Neutralism,Healthy
SRR13077664.bin.7.fbc2XSRR13077664.bin.3.fbc2 ,-0.1227238324386235,-0.1227238324386235,31.257441818217103,-0.0023578065790843,-1000.0,999.8159024623092,1000.0,301.8034159215374,-4.6022733958084245,-0.2045397207309633,-0.0162924434611113,305.9025458250753,-445.0554523001477,-999.8159024623092,-0.0080401204345434,-0.0675388320701131,-0.0675388320701131,968.7425581817828,-0.0012975760243989,1000.0,-1000.0,-527.4552921912323,-11.88640234256718,-2.532777569312543,-0.1125647201168931,-0.0089662503286263,196.7178638493833,-554.9445476998524,1000.0,-0.0044247342432299, Competition,Healthy
SRR13077664.bin.17.fbc2XSRR13077664.bin.17.fbc2 ,-0.041702818208023,-0.041702818208023,29.33634755509547,-0.000801206881988,0.0,0.0,-399.29795790963067,-16.036388093213986,-1.5638997491811324,-0.0695046970134853,-0.0055363395546237,0.0,-499.9843594631884,0.0,-0.0027321154676656,-0.0417054273075336,-0.0417054273075336,970.6636524449044,-0.0008012570087885,-1000.0,1000.0,1000.0,-479.49247627100726,-1.5639975931682102,-0.0695090455125182,-0.0055366859307923,948.7878537794612,-500.0156405368116,-1000.0,-0.0027322863999188, Neutralism,Healthy
SRR13077664.bin.18.fbc2XSRR13077664.bin.27.fbc2 ,-0.0828761320115063,-0.0828761320115063,231.9358204044888,-0.001592240768673,-1000.0,999.8756778407788,564.9192205934553,-3.359261806608401,-3.107942523674865,-0.1381268866858818,-0.0110023837117978,2.304911814381853,-346.855980452493,-999.8756778407788,-0.0054295410212716,-0.0900838189696742,-0.0900838189696742,289.8771845135907,-0.0017307169830473,1000.0,-1000.0,241.68213229508024,251.7545733059276,-3.37823840079534,-0.1501396982827145,-0.011959254353087,997.6950881856184,-500.1839406009624,1000.0,-0.0059017449123075, Neutralism,Healthy
SRR13077664.bin.21.fbc2XSRR13077664.bin.4.fbc2 ,-0.2104067999633798,-0.2104067999633798,429.39714028776393,-0.0040423976938654,-1000.0,1000.0,-672.7244717893832,108.95558517374616,-7.890477330498356,-0.3506779999388527,-0.0279329680643058,905.1703020401544,-0.4296260268992,-1000.0,-0.0137845761358903,-0.0905195509186569,-0.0905195509186569,570.6028597122361,-0.0017390883941743,1000.0,-1000.0,-327.2755282106168,-582.127241992386,-3.394578809312293,-0.1508659181978373,-0.0120171008039733,-7.26412004996746,-284.7782511990456,1000.0,-0.0059302914243062, Amensalism,Healthy
SRR13077664.bin.4.fbc2XSRR13077664.bin.2.fbc2 ,-0.0905195509186569,-0.0905195509186569,570.6028597122361,-0.0017390883941743,1000.0,-1000.0,435.952676224746,-582.1272419923864,-3.394578809312293,-0.1508659181978373,-0.0120171008039733,-7.26412004996746,-284.7782511990456,1000.0,-0.0059302914243062,-0.0368947530268997,-0.0368947530268997,429.39714028776393,-0.0007088329111866,-1000.0,999.8970561963094,564.047323775254,-5.895044347465728,-1.3835922243175671,-0.061491255044757,-0.004898035416204,427.35919959398507,-430.2541051007212,-999.8970561963094,-0.0024171202271645, Amensalism,Healthy
SRR13077664.bin.33.fbc2XSRR13077664.bin.17.fbc2 ,-0.2039661931944465,-0.2039661931944465,975.3057597747118,-0.0039186588510347,0.0,0.0,-1000.0,-89.11258012686221,-7.648947771028588,-0.3399436553240775,-0.0270779326604042,1000.0,-88.50499398742409,0.0,-0.0133626266818964,-0.0417054273075336,-0.0417054273075336,24.69424022528824,-0.0008012570087885,-1000.0,1000.0,1000.0,-16.037391395471673,-1.5639975931680965,-0.0695090455125182,-0.0055366859307923,0.0,-500.0156405368116,-1000.0,-0.0027322863999188, Neutralism,Healthy
SRR13077664.bin.17.fbc2XSRR13077664.bin.32.fbc2 ,-0.0408593973396591,-0.0408593973396591,3.606220579091541,-0.000785002830753,1000.0,-1000.0,-451.9966667366805,-2.672459711934266,-1.5322705753932269,-0.0680989955660607,-0.0054243695603872,0.0,-500.0153232552559,1000.0,-0.0026768596527517,-0.1231854712186759,-0.1231854712186759,996.3937794209083,-0.002366675719827,-1000.0,999.8152099597936,166.7763116198107,372.388830825949,-4.6195853378631,-0.2053091186977553,-0.0163537292241926,1000.0,-36.8170493238672,-999.8152099597936,-0.008070364204741, Neutralism,Healthy
SRR13077664.bin.10.fbc2XSRR13077664.bin.27.fbc2 ,-0.0870547304288038,-0.0870547304288038,848.9709182460456,-0.0016725212378787,0.0,0.0,276.6867870543829,-703.7768784109838,-3.264644379750166,-0.1450912173813776,-0.0115571217534125,692.4242697670293,-500.17775555715616,0.0,-0.0057032974209505,-0.0900838189696742,-0.0900838189696742,151.02908175395442,-0.0017307169830473,-1000.0,1000.0,270.1870571113893,610.7155230447042,-3.37823840079534,-0.1501396982827145,-0.011959254353087,118.32523109488534,-499.82224444284384,-1000.0,-0.0059017449123075, Neutralism,Healthy
SRR13077664.bin.18.fbc2XSRR13077664.bin.33.fbc2 ,-0.0828761320115063,-0.0828761320115063,190.2622092392835,-0.001592240768673,-1000.0,999.8756778407788,492.0861452267384,-3.3592618066080604,-3.107942523674865,-0.1381268866858818,-0.0110023837117978,0.0,-284.8474141113712,-999.8756778407788,-0.0054295410212716,-0.2031420317214269,-0.2031420317214269,809.7377907607165,-0.0039028248169188,1000.0,-1000.0,-1000.0,-251.29904174729404,-7.618040844916436,-0.3385700528689312,-0.0269685194850808,1000.0,-98.24906600908662,1000.0,-0.0133086326256943, Neutralism,Healthy
SRR13077664.bin.4.fbc2XSRR13077664.bin.24.fbc2 ,-0.0905195509186569,-0.0905195509186569,885.8091242652781,-0.0017390883941743,1000.0,-1000.0,649.3848709208751,-552.6347662712294,-3.394578809312293,-0.1508659181978373,-0.0120171008039733,165.08525008713104,-356.20669840701726,1000.0,-0.0059302914243062,-0.0974379664836533,-0.0974379664836533,114.19087573472189,-0.0018720070410154,-1000.0,999.8538336902392,-989.3638983344724,-447.3652337287706,-3.6540267035252327,-0.1623966108061267,-0.0129355686532335,-10.233869371629453,147.8867753667273,-999.8538336902392,-0.0063835440097363, Neutralism,Healthy
SRR13077664.bin.30.fbc2XSRR13077664.bin.24.fbc2 ,-0.0956564907930896,-0.0956564907930896,2.1996306541367403,-0.0018377808029299,999.8565060749064,-1000.0,-712.2095106387826,650.3702135916296,-3.587219482685555,-0.1594274846552252,-0.0126990653483289,174.95274514221387,-153.64688487423393,1000.0,-0.0062668325380172,-0.0974379664836533,-0.0974379664836533,147.67627306362738,-0.0018720070410154,-1000.0,999.8538336902392,-287.7904893612174,-1000.0,-3.6540267035252327,-0.1623966108061267,-0.0129355686532335,-7.9157817728385,-2.0520379581251973,-999.8538336902392,-0.0063835440097363, Neutralism,Healthy
SRR13077664.bin.4.fbc2XSRR13077664.bin.27.fbc2 ,-0.0905195509186569,-0.0905195509186569,857.5569393544265,-0.0017390883941743,0.0,0.0,-887.9328531719054,-295.17316235019393,-3.394578809312293,-0.1508659181978373,-0.0120171008039733,279.68995959222275,-284.7782511990456,0.0,-0.0059302914243062,-0.0900838189696742,-0.0900838189696742,142.4430606455735,-0.0017307169830473,-1000.0,1000.0,409.9234425086206,471.7923103131057,-3.37823840079534,-0.1501396982827145,-0.011959254353087,212.57391607584464,-460.3394494525912,-1000.0,-0.0059017449123075, Neutralism,Healthy
SRR13077664.bin.18.fbc2XSRR13077664.bin.10.fbc2 ,-0.0828761320115063,-0.0828761320115063,190.46058272560757,-0.001592240768673,-1000.0,999.8756778407788,985.8897893915232,-3.3592618066076056,-3.107942523674865,-0.1381268866858818,-0.0110023837117978,1.3012110010080278,-285.1449743408581,-999.8756778407788,-0.0054295410212716,-0.0870547304288038,-0.0870547304288038,809.5394172743925,-0.0016725212378787,1000.0,-1000.0,14.110210608476793,-624.9138764676763,-3.264644379750166,-0.1450912173813776,-0.0115571217534125,613.561267823723,-500.1777555571562,1000.0,-0.0057032974209505, Neutralism,Healthy
SRR13077664.bin.33.fbc2XSRR13077664.bin.7.fbc2 ,-0.2040194086498559,-0.2040194086498559,985.996352781975,-0.0039196812421096,1000.0,-1000.0,-1000.0,-230.7892505140836,-7.650943406839929,-0.3400323477497977,-0.027084997382758,1000.0,-87.87582695205242,1000.0,-0.0133661130354312,-0.171649696376221,-0.171649696376221,14.003647218025094,-0.0032977847527035,-1000.0,999.742508966512,308.1487008080176,956.7473434530012,-6.437044992271012,-0.2860828272937397,-0.022787692640918,0.0,-500.0,-999.742508966512,-0.0112454460065691, Neutralism,Healthy
SRR13077664.bin.21.fbc2XSRR13077664.bin.3.fbc2 ,-0.258450001509459,-0.258450001509459,971.2637073874926,-0.0049654178964146,-1000.0,1000.0,-1000.0,-496.7419746445661,-9.692148154588152,-0.4307500025157651,-0.034311037664338,858.8910370482035,-0.5277246140331044,-1000.0,-0.0169320750268298,-0.08754408491518,-0.08754408491518,28.73629261250744,-0.0016819228610529,1000.0,-1000.0,106.62286055592811,955.6577296284486,-3.282995690075495,-0.1459068081919667,-0.0116220869695098,25.38320138559629,-501.44175548927007,1000.0,-0.0057353569560518, Amensalism,Healthy
SRR13077664.bin.30.fbc2XSRR13077664.bin.32.fbc2 ,-0.0956564907930896,-0.0956564907930896,2.1996306541366266,-0.0018377808029299,999.8565060749064,-1000.0,-1000.0,650.3702135916296,-3.587219482685555,-0.1594274846552252,-0.0126990653483289,174.95274514221387,-153.64688487423393,1000.0,-0.0062668325380172,-0.0782743263977181,-0.0782743263977181,997.8003693458634,-0.0015038295176736,-1000.0,999.882580991256,1000.0,-697.9302404041164,-2.9353699505365967,-0.1304572106628256,-0.0103914619675151,825.0472548577861,-0.838911296463948,-999.8825809912558,-0.0051280586554867, Amensalism,Healthy
SRR13077664.bin.30.fbc2XSRR13077664.bin.20.fbc2 ,-0.0956564907930896,-0.0956564907930896,2.1996306541367403,-0.0018377808029299,-1000.0,999.8565060749064,-1000.0,650.3702135916301,-3.587219482685555,-0.1594274846552252,-0.0126990653483289,174.95274514221387,-153.64688487423393,-999.8565060749064,-0.0062668325380172,0.0,0.0,0.0,0.0,1000.0,-1000.0,0.0,-825.047254857786,0.0,0.0,0.0,825.0472548577859,0.0,1000.0,0.0, Amensalism,Healthy
SRR13077664.bin.4.fbc2XSRR13077664.bin.25.fbc2 ,-0.0905195509186569,-0.0905195509186569,570.6028597122358,-0.0017390883941743,-1000.0,1000.0,0.0,-582.127241992386,-3.394578809312293,-0.1508659181978373,-0.0120171008039733,-7.26412004996746,-284.7782511990456,-1000.0,-0.0059302914243062,-0.2053987795920875,-0.2053987795920875,429.39714028776416,-0.0039461821247641,999.6918820997012,-1000.0,1000.0,1000.0,-7.702671274721979,-0.3423312993202216,-0.0272681184818566,1000.0,-715.2217488009544,1000.0,-0.0134564810452957, Amensalism,Healthy
SRR13077664.bin.24.fbc2XSRR13077664.bin.26.fbc2 ,-0.0974379664836533,-0.0974379664836533,296.1523815554847,-0.0018720070410154,-1000.0,999.8538336902392,-561.3331489754635,-989.6920275869708,-3.6540267035252327,-0.1623966108061267,-0.0129355686532335,-9.22618670153338,105.41433127578875,-999.8538336902392,-0.0063835440097363,-0.0835446431407263,-0.0835446431407263,703.8476184445153,-0.0016050844022856,1000.0,-1000.0,-230.1588855928956,-10.307972413029349,-3.13301239742043,-0.1392410719012105,-0.0110911332200203,16.072670495930993,-500.16879870117,1000.0,-0.0054733378119635, Neutralism,Healthy
SRR13077664.bin.18.fbc2XSRR13077664.bin.9.fbc2 ,-0.0828761320115063,-0.0828761320115063,190.26220923928304,-0.001592240768673,-1000.0,999.8756778407788,500.9917229926377,-3.3592618066076056,-3.107942523674865,-0.1381268866858818,-0.0110023837117978,-2.5022859800716333,-284.8474141113712,-999.8756778407788,-0.0054295410212716,-0.0280669802747297,-0.0280669802747297,809.737790760717,-0.0005392311292098,1000.0,-1000.0,210.04701585803448,-228.83601453210872,-1.0525414180124244,-0.046778300457845,-0.003726087102791,388.85892206624,-160.64416268314676,1000.0,-0.0018387781506135, Amensalism,Healthy
SRR13077664.bin.20.fbc2XSRR13077664.bin.32.fbc2 ,-0.0214832145755963,-0.0214832145755963,0.1155532789366589,-0.0004127418746975,1000.0,-1000.0,22.269009066228705,365.26024905516783,-0.8056432473878203,-0.0358053576260317,-0.002852046353837,1.4983211073929397,-215.3187517874826,1000.0,-0.0014074497925093,-0.123086724966356,-0.123086724966356,999.8844467210632,-0.0023647785776574,-1000.0,999.8153580886576,977.7309909337714,-449.9491789139436,-4.615882249059382,-0.2051445416105934,-0.0163406199715154,998.5016788926072,-35.25299588199994,-999.8153580886576,-0.0080638949497142, Amensalism,Healthy
SRR13077664.bin.24.fbc2XSRR13077664.bin.27.fbc2 ,-0.0974379664836533,-0.0974379664836533,844.7061555169394,-0.0018720070410154,-1000.0,999.8538336902392,-638.5510806064715,-1000.0,-3.6540267035252327,-0.1623966108061267,-0.0129355686532335,-12.452328755698886,295.7561881181755,-999.8538336902392,-0.0063835440097363,-0.0900838189696742,-0.0900838189696742,155.29384448306064,-0.0017307169830473,1000.0,-1000.0,274.57044881291745,611.7441237503454,-3.37823840079534,-0.1501396982827145,-0.011959254353087,117.6890044159818,-500.1839406009624,1000.0,-0.0059017449123075, Neutralism,Healthy
SRR13077664.bin.20.fbc2XSRR13077664.bin.2.fbc2 ,-0.0361186097914014,-0.0361186097914014,169.42769374434965,-0.0006939214176782,1000.0,-1000.0,69.86233077927477,307.72961391327,-1.3544860328563573,-0.0601976829857449,-0.0047949969963383,250.35891029221784,-262.86522198214107,1000.0,-0.0023662720343509,-0.0642603850330942,-0.0642603850330942,750.7173060928171,-0.0012345895299858,-1000.0,999.8207005625676,-445.98046721526566,-23.35419309133715,-2.4098323411661795,-0.1071006417218995,-0.0085310136518046,749.6410897077822,-737.1347780178589,-999.8207005625676,-0.0042099502970813, Competition,Healthy
SRR13077664.bin.21.fbc2XSRR13077664.bin.24.fbc2 ,-0.1757960583803424,-0.1757960583803424,943.9722684884782,-0.0033774458862581,1000.0,-1000.0,-281.82131274368567,48.01019848163333,-6.592537948784866,-0.2929934306338282,-0.0233381510740855,926.7660809227068,-223.4586357533458,1000.0,-0.0115170904721253,-0.0903873912419612,-0.0903873912419612,56.02773151152178,-0.0017365493033594,-1000.0,999.8644102303906,0.0,-1000.0,-3.3896226817859088,-0.1506456520700112,-0.0119995556865433,-19.858040393890747,453.9706913254586,-999.8644102303904,-0.0059216331245579, Amensalism,Healthy
SRR13077664.bin.9.fbc2XSRR13077664.bin.24.fbc2 ,-0.0311531039565124,-0.0311531039565124,898.7730538252099,-0.0005985226504208,1000.0,-1000.0,418.7418814143732,0.0,-1.1682743171166976,-0.0519218399275587,-0.0041357915147273,602.175654903222,-294.101986665103,1000.0,-0.0020409622380839,-0.0974379664836533,-0.0974379664836533,101.2269461747901,-0.0018720070410154,-1000.0,999.8538336902392,-255.47979517060585,-1000.0,-3.6540267035252327,-0.1623966108061267,-0.0129355686532335,-7.513431299517833,-0.1567993097535236,-999.8538336902392,-0.0063835440097363, Amensalism,Healthy
SRR13077664.bin.20.fbc2XSRR13077664.bin.25.fbc2 ,-0.0502259755476188,-0.0502259755476188,0.2701539912427506,-0.0009649563025959,-1000.0,1000.0,52.06213299835781,140.14022567677875,-1.8835271556323503,-0.0837099592459935,-0.006667848050597,717.2707597383396,-385.5030946374693,-1000.0,-0.0032905009917385,-0.2336708715992017,-0.2336708715992017,999.7298460087572,-0.004489353921258,999.6494712458316,-1000.0,907.3869229323932,724.028706896469,-8.762904599435728,-0.3894514526652983,-0.0310214355955622,282.7292402616604,-614.4969053625307,1000.0,-0.0153086968713296, Amensalism,Healthy
SRR13077664.bin.10.fbc2XSRR13077664.bin.21.fbc2 ,-0.0787958069195156,-0.0787958069195156,555.8773534882259,-0.0015138483557848,-1000.0,1000.0,0.0,-211.33607591607017,-2.9549260211394994,-0.1313263448657835,-0.0104606921386221,197.85648831856724,-454.2210328297874,-1000.0,-0.0051622228933183,-0.2124467315827587,-0.2124467315827587,444.12264651177406,-0.0040815894636807,1000.0,-1000.0,-1000.0,105.46839069968767,-7.966976921774744,-0.3540778859712645,-0.0282037831938168,802.1435116814328,-0.433791328196321,1000.0,-0.013918220070991, Amensalism,Healthy
SRR13077664.bin.10.fbc2XSRR13077664.bin.2.fbc2 ,-0.0870016980135233,-0.0870016980135233,613.7935290868531,-0.0016715023633651,1000.0,-1000.0,-491.78427744926495,-235.81665424822563,-3.262655608138175,-0.1450028300225767,-0.0115500813309381,223.24367723565547,-500.1776472711793,1000.0,-0.0056998230591034,-0.0331837150852152,-0.0331837150852152,386.20647091314686,-0.0006375353522116,-1000.0,999.907410740791,31.568253099257618,-6.813426376893517,-1.2444243801402308,-0.0553061918086541,-0.0044053692840861,776.7563227643445,-385.0776181447456,-999.9074107407912,-0.0021739955511748, Amensalism,Healthy
SRR13077664.bin.10.fbc2XSRR13077664.bin.32.fbc2 ,-0.0867419042272104,-0.0867419042272104,612.0477734615902,-0.0016665111282918,1000.0,-1000.0,-491.7095782913654,-232.9379695868854,-3.252913066634392,-0.1445698403787219,-0.0115155918964546,216.11047016781663,-500.1771168027142,1000.0,-0.00568280294749,-0.0603781850543327,-0.0603781850543327,387.9522265384098,-0.0011600035553556,-1000.0,999.9094269224006,552.5501180929541,-400.0203842578294,-2.2642457397327007,-0.1006303084238879,-0.0080156245672924,783.8895298321834,-3.0132119540371605,-999.9094269224008,-0.0039556121236046, Amensalism,Healthy
SRR13077664.bin.4.fbc2XSRR13077664.bin.26.fbc2 ,-0.0905195509186569,-0.0905195509186569,570.6028597122361,-0.0017390883941743,-1000.0,1000.0,673.5410495542556,-582.1272419923868,-3.394578809312293,-0.1508659181978373,-0.0120171008039733,-7.26412004996746,-284.7782511990456,-1000.0,-0.0059302914243062,-0.0614879047732301,-0.0614879047732301,429.39714028776393,-0.0011813238188551,1000.0,-1000.0,-520.7414494585817,-7.587867340261823,-2.305861401807761,-0.1024798412887548,-0.0081629475885165,9.67492394433441,-428.73824216122966,1000.0,-0.0040283142224097, Amensalism,Healthy
SRR13077664.bin.26.fbc2XSRR13077664.bin.27.fbc2 ,-0.0835446431407263,-0.0835446431407263,768.7219519949087,-0.0016050844022856,-1000.0,1000.0,-732.194794291769,-10.30976208213758,-3.13301239742043,-0.1392410719012105,-0.0110911332200203,49.96181311816713,-500.16879870117,-1000.0,-0.0054733378119635,-0.0900838189696742,-0.0900838189696742,231.27804800509125,-0.0017307169830473,1000.0,-1000.0,355.3873303641799,294.59760992431984,-3.37823840079534,-0.1501396982827145,-0.011959254353087,181.009174017674,-442.0468141923094,1000.0,-0.0059017449123075, Neutralism,Healthy
SRR13077664.bin.20.fbc2XSRR13077664.bin.33.fbc2 ,-0.0302799987998696,-0.0302799987998696,13.18723907770834,-0.0005817482958718,0.0,0.0,23.773917835818903,488.5950311801819,-1.1355319511508242,-0.0504666646663736,-0.0040198807243996,13.446646460318334,-294.73889856635253,0.0,-0.001983761688848,-0.2034879966139442,-0.2034879966139442,986.8127609222915,-0.0039094715967848,-1000.0,1000.0,-1000.0,-69.11216726875273,-7.631014893961378,-0.3391466610232783,-0.0270144487340076,986.5533535396816,-87.43539526758332,-1000.0,-0.0133312981450899, Amensalism,Healthy
SRR13077664.bin.9.fbc2XSRR13077664.bin.7.fbc2 ,-0.0341764216765341,-0.0341764216765341,985.996352781975,-0.000656607525002,1000.0,-1000.0,59.79650453967042,-484.4783701809927,-1.2816519262826205,-0.0569607027941856,-0.0045371579977881,561.0278818164379,-13.870315185977349,1000.0,-0.0022390316602241,-0.171649696376221,-0.171649696376221,14.003647218025094,-0.0032977847527035,-1000.0,999.742508966512,940.2034954603296,262.75847659967417,-6.437044992271012,-0.2860828272937397,-0.022787692640918,438.9721181835621,-486.4309526789839,-999.742508966512,-0.0112454460065691, Neutralism,Healthy
SRR13077664.bin.33.fbc2XSRR13077664.bin.26.fbc2 ,-0.2005595092556404,-0.2005595092556404,390.1636809140682,-0.0038532086311988,-1000.0,1000.0,-1000.0,-286.87202384425325,-7.521193523559759,-0.3342658487592871,-0.0266256716417956,987.5966203087852,-122.57914140224898,-1000.0,-0.0131394414324859,-0.0788283022903897,-0.0788283022903897,609.8363190859318,-0.0015144726664857,1000.0,-1000.0,0.0,-20.912065749671683,-2.956144631884513,-0.1313805038172404,-0.0104650061254005,12.403379691214695,-500.1592695179705,1000.0,-0.0051643517927004, Neutralism,Healthy
SRR13077664.bin.25.fbc2XSRR13077664.bin.3.fbc2 ,-0.2377332921365678,-0.2377332921365678,975.2711838368014,-0.004567402346538,-1000.0,999.6433772247832,893.7924923442317,36.37846705123047,-8.915249662249721,-0.3962221535608705,-0.031560750214453,982.506746250804,-498.5638609171992,-999.6433772247834,-0.0155748420016834,-0.0872030540201649,-0.0872030540201649,24.728816163198644,-0.0016753708745227,1000.0,-1000.0,106.20750765576828,963.6215329487696,-3.270206671154256,-0.1453384233669794,-0.011576812743101,17.493253749195787,-501.4361390828008,1000.0,-0.0057130146822146, Amensalism,Healthy
SRR13077664.bin.4.fbc2XSRR13077664.bin.7.fbc2 ,-0.0905195509186569,-0.0905195509186569,713.4597541281796,-0.0017390883941743,1000.0,-1000.0,-183.6020560298009,-724.98413640833,-3.394578809312293,-0.1508659181978373,-0.0120171008039733,-7.26412004996746,-356.20669840701726,1000.0,-0.0059302914243062,-0.171649696376221,-0.171649696376221,286.5402458718204,-0.0032977847527035,-1000.0,999.742508966512,1000.0,-168.5800681427986,-6.437044992271012,-0.2860828272937397,-0.022787692640918,982.34491608333,-470.69231602033074,-999.742508966512,-0.0112454460065691, Neutralism,Healthy
SRR13077664.bin.3.fbc2XSRR13077664.bin.2.fbc2 ,-0.0874943168134905,-0.0874943168134905,30.141185970443303,-0.0016809667015422,1000.0,-1000.0,101.16157343847205,949.9980190211096,-3.281129333674357,-0.1458238613557796,-0.011615479907391,32.190673835384814,-499.1669683317324,1000.0,-0.0057320964521068,-0.0535943707491242,-0.0535943707491242,969.8588140295568,-0.0010296709077692,-1000.0,999.8504608940652,-1000.0,-171.79680297592083,-2.0098455349925644,-0.0893239512485024,-0.0071150259726664,967.8093261646152,-500.8330316682676,-999.8504608940652,-0.0035111777955307, Competition,Healthy
SRR13077664.bin.7.fbc2XSRR13077664.bin.2.fbc2 ,-0.171649696376221,-0.171649696376221,16.18899063315439,-0.0032977847527035,-1000.0,999.742508966512,336.4964000535001,972.1021738179048,-6.437044992271012,-0.2860828272937397,-0.022787692640918,17.10209381370055,-490.1553055855933,-999.742508966512,-0.0112454460065691,-0.0545209706642708,-0.0545209706642708,983.8110093668456,-0.0010474730195255,0.0,-0.1521245066198844,-1000.0,-173.9061515783494,-2.044594010924357,-0.0908682844403756,-0.0072380385646511,982.8979061862996,-509.8446944144067,0.1521245066198844,-0.0035718829964253, Amensalism,Healthy
SRR13077664.bin.17.fbc2XSRR13077664.bin.4.fbc2 ,-0.0417054273075336,-0.0417054273075336,286.54024587182016,-0.0008012570087885,-1000.0,1000.0,1000.0,-0.8597567830018988,-1.5639975931682102,-0.0695090455125182,-0.0055366859307923,264.6644472063774,-500.0156405368116,-1000.0,-0.0027322863999188,-0.0905195509186569,-0.0905195509186569,713.4597541281798,-0.0017390883941743,0.0,0.0,-183.48316325173076,-724.9841364083295,-3.394578809312293,-0.1508659181978373,-0.0120171008039733,-7.26412004996746,-356.20669840701726,0.0,-0.0059302914243062, Neutralism,Healthy
SRR13077664.bin.30.fbc2XSRR13077664.bin.27.fbc2 ,-0.0956564907930896,-0.0956564907930896,2.1996306541367403,-0.0018377808029299,-1000.0,999.8565060749064,-87.4400399878964,650.3702135916301,-3.587219482685555,-0.1594274846552252,-0.0126990653483289,174.9527451422141,-153.64688487423382,-999.8565060749064,-0.0062668325380172,-0.0900838189696742,-0.0900838189696742,214.2402648231223,-0.0017307169830473,1000.0,-1000.0,379.9411063860218,349.6297864083699,-3.37823840079534,-0.1501396982827145,-0.011959254353087,181.7488965719367,-447.708864909506,1000.0,-0.0059017449123075, Neutralism,Healthy
SRR13077664.bin.30.fbc2XSRR13077664.bin.26.fbc2 ,-0.0956564907930896,-0.0956564907930896,2.1996306541366266,-0.0018377808029299,-1000.0,999.8565060749064,-1000.0,650.3702135916303,-3.587219482685555,-0.1594274846552252,-0.0126990653483289,174.95274514221387,-153.64688487423393,-999.8565060749064,-0.0062668325380172,-0.0835446431407263,-0.0835446431407263,997.8003693458634,-0.0016050844022856,1000.0,-1000.0,531.0750352692944,-646.4401210576023,-3.13301239742043,-0.1392410719012105,-0.0110911332200203,474.07994705388114,-500.16879870117,1000.0,-0.0054733378119635, Neutralism,Healthy
SRR13077664.bin.25.fbc2XSRR13077664.bin.24.fbc2 ,-0.2367269472106272,-0.2367269472106272,932.869174484276,-0.0045480681500293,999.6448868388434,-1000.0,283.80348371804666,1000.0,-8.877510664145461,-0.3945449120176363,-0.0314271509168975,794.9939410462391,-692.2079517602184,1000.0,-0.0155089123917377,-0.09572765131918,-0.09572765131918,67.13082551572393,-0.0018391479600268,-1000.0,999.8563993272816,-353.20312415083106,-46.37427213956937,-3.589888077608748,-0.1595460855320425,-0.0127085124037193,-2.9227923295489973,-26.97970285045801,-999.8563993272812,-0.0062714945436255, Neutralism,Healthy
SRR13077664.bin.20.fbc2XSRR13077664.bin.26.fbc2 ,-0.0560827205582654,-0.0560827205582654,263.0767368390259,-0.0010774778205586,-1000.0,1000.0,108.47786216763689,-74.91420178799945,-2.103161282213705,-0.0934712009303666,-0.0074453717397773,941.4791922601324,-269.9763128622783,-1000.0,-0.0036741993679925,-0.0835446431407263,-0.0835446431407263,736.9232631609741,-0.0016050844022856,1000.0,-1000.0,-251.04637165036388,-10.309762082137697,-3.13301239742043,-0.1392410719012105,-0.0110911332200203,48.45144379484145,-500.16879870117,1000.0,-0.0054733378119635, Neutralism,Healthy
SRR13077664.bin.20.fbc2XSRR13077664.bin.10.fbc2 ,-0.0531771811722592,-0.0531771811722592,306.7679991479863,-0.0010216557382136,0.0,0.0,41.66069967887779,101.87992875815848,-1.994200485025431,-0.0886286352871366,-0.0070596411508176,779.7058805646857,-304.8600520785036,0.0,-0.0034838460671835,-0.0869748182683451,-0.0869748182683451,614.7156680329633,-0.0016709859417005,-1000.0,1000.0,510.42635921578767,-236.0103586256613,-3.2616475892886,-0.1449580304472419,-0.0115465128575351,220.29411943531431,-500.1775923858897,-1000.0,-0.0056980620613558, Neutralism,Healthy
SRR13077664.bin.18.fbc2XSRR13077664.bin.25.fbc2 ,-0.0828757717656571,-0.0828757717656571,190.253516572609,-0.001592233847532,-1000.0,999.8756783811824,-6.3675344140210655,-3.359247204574672,-3.107929014075239,-0.1381262862761332,-0.011002335886701,-1.53484973969762,-284.8474178794873,-999.8756783811822,-0.0054295174202252,-0.2293848184693843,-0.2293848184693843,809.746483427391,-0.0044070090003742,999.6559007372508,-1000.0,-79.53612065029256,1000.0,-8.602173078098758,-0.3823080307823829,-0.0304524321925327,789.7424430374122,-715.1525821205126,1000.0,-0.0150279006912796, Neutralism,Healthy
SRR13077664.bin.9.fbc2XSRR13077664.bin.26.fbc2 ,-0.0109555775970875,-0.0109555775970875,316.07052533359865,-0.0002104817982626,-1000.0,1000.0,64.28245633507095,-126.48154979929768,-0.4108457363884099,-0.018259295995108,-0.0014544292256459,202.50237465985765,-28.30449727999928,-1000.0,-0.0007177429318971,-0.0833478648320351,-0.0833478648320351,683.9294746664013,-0.0016013038392657,1000.0,-1000.0,770.0146082812553,-27.54583681198073,-3.125633002913787,-0.1389131080534298,-0.0110650095291475,13.114518312933114,-500.1684011182529,1000.0,-0.0054604460917744, Amensalism,Healthy
SRR13077664.bin.33.fbc2XSRR13077664.bin.21.fbc2 ,-0.1724864328017474,-0.1724864328017474,643.2814931780943,-0.0033138603804445,-1000.0,1000.0,-429.37091651196886,492.7592440892429,-6.468423492386137,-0.2874773880029124,-0.0228987752287821,262.1949361569059,-91.78685484837274,-1000.0,-0.011300263897283,-0.1832640019888458,-0.1832640019888458,356.7185068219057,-0.0035209222284038,1000.0,-1000.0,-570.6290834880311,198.27741376922427,-6.87259372530275,-0.3054400033146294,-0.0243295725982761,737.8050638430941,-0.3742036144356007,1000.0,-0.0120063447989196, Competition,Healthy
SRR13077664.bin.9.fbc2XSRR13077664.bin.25.fbc2 ,0.0,0.0,0.0,0.0,1000.0,-1000.0,0.0,0.0,0.0,0.0,0.0,0.0,0.0,1000.0,0.0,-0.2408399818384623,-0.2408399818384623,1000.0,-0.0046270889882862,-1000.0,999.6387168917972,1000.0,186.5357667818976,-9.031753808836015,-0.4013999697307326,-0.0319731849087929,1000.0,-539.3554688296404,-999.6387168917972,-0.0157783734499616, Amensalism,Healthy
SRR13077664.bin.33.fbc2XSRR13077664.bin.24.fbc2 ,-0.2025345206357087,-0.2025345206357087,898.7730538252099,-0.0038911531341909,1000.0,-1000.0,-745.7146602290387,-230.3014986105761,-7.595258537260291,-0.3375575343927721,-0.0268878681573596,1000.0,-93.01624171120407,1000.0,-0.0132688321876912,-0.0974379664836533,-0.0974379664836533,101.2269461747901,-0.0018720070410154,-1000.0,999.8538336902392,-254.2853397709613,-769.6985013894239,-3.6540267035252327,-0.1623966108061267,-0.0129355686532335,-7.915781772838386,402.4547211366244,-999.8538336902392,-0.0063835440097363, Neutralism,Healthy
SRR13077664.bin.25.fbc2XSRR13077664.bin.27.fbc2 ,-0.2325823914618467,-0.2325823914618467,905.2859808588807,-0.0044684417188136,-1000.0,999.6511040705986,1000.0,325.7317290798494,-8.722085444112963,-0.3876373191030779,-0.0308769322766693,840.9920745898921,-499.8174825635141,-999.6511040705986,-0.015237386260992,-0.0893868326033953,-0.0893868326033953,94.71401914111924,-0.0017173262748428,1000.0,-1000.0,-165.93797375264512,674.2682709201506,-3.3521006755738654,-0.1489780543390679,-0.0118667245588994,159.00792541010787,-500.1825174364859,1000.0,-0.0058560825971198, Neutralism,Healthy
SRR13077664.bin.32.fbc2XSRR13077664.bin.2.fbc2 ,-0.1233962579092349,-0.1233962579092349,1000.0,-0.0023707254160854,0.0,-0.1851062404909953,169.1530724613042,368.7006742710751,-4.627490061494768,-0.2056604298487627,-0.0163817126253889,1000.0,-36.808750984944936,0.1851062404909953,-0.0080841736689762,0.0,0.0,0.0,0.0,-1000.0,1000.0,830.846927538696,0.0,0.0,0.0,0.0,0.0,0.0,-1000.0,0.0, Amensalism,Healthy
SRR13077664.bin.21.fbc2XSRR13077664.bin.7.fbc2 ,-0.2594066820539638,-0.2594066820539638,985.996352781975,-0.0049837979261155,1000.0,-1000.0,-1000.0,-524.5470332481436,-9.728024685910782,-0.4323444700900154,-0.0344380436694109,881.4771856935936,-0.529678043586955,1000.0,-0.0169947509280063,-0.171649696376221,-0.171649696376221,14.003647218025094,-0.0032977847527035,-1000.0,999.742508966512,220.7879000276107,1000.0,-6.437044992271012,-0.2860828272937397,-0.022787692640918,27.305229040056474,-500.0,-999.742508966512,-0.0112454460065691, Neutralism,Healthy
SRR13077664.bin.18.fbc2XSRR13077664.bin.21.fbc2 ,-0.0828757717656571,-0.0828757717656571,190.2535165726088,-0.001592233847532,-1000.0,999.8756783811824,993.6313788863758,-3.359247204572512,-3.107929014075239,-0.1381262862761332,-0.011002335886701,-1.53484973969762,-284.84741787948724,-999.8756783811822,-0.0054295174202252,-0.2453831005962001,-0.2453831005962001,809.7464834273912,-0.0047143727299499,1000.0,-1000.0,-971.6069478830768,-273.32649381123883,-9.20212556285594,-0.4089718343269624,-0.0325763155642562,905.083883796588,-0.5010435337436547,1000.0,-0.0160760110093178, Neutralism,Healthy
SRR13077664.bin.21.fbc2XSRR13077664.bin.27.fbc2 ,-0.2533516354402536,-0.2533516354402536,905.2859808588807,-0.0048674665790713,-1000.0,1000.0,-1000.0,-385.7749582783897,-9.50095403967248,-0.422252725733756,-0.0336341940612783,826.8033954961243,-0.5173143480229783,-1000.0,-0.0165980610346423,-0.0893868326033953,-0.0893868326033953,94.71401914111924,-0.0017173262748428,1000.0,-1000.0,334.0620262473549,674.2682709201508,-3.3521006755738654,-0.1489780543390679,-0.0118667245588994,159.00792541010787,-500.1825174364859,1000.0,-0.0058560825971198, Neutralism,Healthy
SRR13077664.bin.10.fbc2XSRR13077664.bin.26.fbc2 ,-0.0702015830610207,-0.0702015830610207,495.2480560613472,-0.0013487335842228,-1000.0,1000.0,-588.1044425380912,-188.2857434581277,-2.632633545135832,-0.1170026384349967,-0.0093197490672309,176.27636852626438,-404.6793453978951,-1000.0,-0.0045991815223942,-0.072278402790971,-0.072278402790971,504.75194393865286,-0.0013886340593671,1000.0,-1000.0,594.0145632739086,-16.58222087040258,-2.7105164795358405,-0.1204640046516942,-0.0095954613503863,11.372774082959154,-500.1460357008553,1000.0,-0.0047352421424875, Competition,Healthy
SRR13077664.bin.25.fbc2XSRR13077664.bin.2.fbc2 ,-0.2408399818384623,-0.2408399818384623,1000.0,-0.0046270889882862,999.6387168917972,-1000.0,1000.0,154.91331406162294,-9.031753808836015,-0.4013999697307326,-0.0319731849087929,1000.0,-864.9671501841624,1000.0,-0.0157783734499616,0.0,0.0,0.0,0.0,-1000.0,1000.0,0.0,0.0,0.0,0.0,0.0,0.0,0.0,-1000.0,0.0, Amensalism,Healthy
SRR13077664.bin.10.fbc2XSRR13077664.bin.25.fbc2 ,-0.0869248146333347,-0.0869248146333347,613.3383827440402,-0.0016700252571126,-1000.0,1000.0,-491.6920964939046,-235.53783393936143,-3.259772400138786,-0.1448746910555201,-0.0115398745267611,218.6748508082476,-500.1774902843272,-1000.0,-0.0056947861268099,-0.1986077492929325,-0.1986077492929325,386.66161725595975,-0.0038157108413088,999.7020692975066,-1000.0,635.4903806824507,1000.0,-7.448000462579444,-0.3310129154881451,-0.0263665619138464,781.3251491917524,-499.8225097156728,1000.0,-0.0130115739690381, Amensalism,Healthy
SRR13077664.bin.20.fbc2XSRR13077664.bin.9.fbc2 ,-0.0515318738691803,-0.0515318738691803,25.341959803670303,-0.0009900456075229,-1000.0,1000.0,45.578561323714894,120.5036597636106,-1.932499722604689,-0.0858864564487476,-0.0068412151476877,729.8405301487307,-322.45216685298533,-1000.0,-0.0033760555214712,-0.0337508834463733,-0.0337508834463733,974.6580401963296,-0.0006484319586661,1000.0,-1000.0,259.1539101731737,-300.97153929623164,-1.2656937929976948,-0.0562514724106222,-0.0044806648340909,270.15946985126925,-44.27340094793078,1000.0,-0.0022111529789299, Neutralism,Healthy
SRR13077664.bin.27.fbc2XSRR13077664.bin.2.fbc2 ,-0.0900838189696742,-0.0900838189696742,192.0489797955472,-0.0017307169830473,1000.0,-1000.0,382.4390818984998,367.2176699428917,-3.37823840079534,-0.1501396982827145,-0.011959254353087,192.94222992575877,-449.8053739574231,1000.0,-0.0059017449123075,-0.053335554165983,-0.053335554165983,807.9510202044528,-0.0010246984469404,-1000.0,999.8511830445432,-1000.0,-101.54477990094269,-2.000139639638178,-0.0888925902766004,-0.0070806662687346,807.0577700742413,-550.1946260425769,-999.8511830445432,-0.0034942217042726, Amensalism,Healthy
SRR13077664.bin.33.fbc2XSRR13077664.bin.25.fbc2 ,-0.1545017886130608,-0.1545017886130608,10.232203757232584,-0.0029683340751489,-1000.0,1000.0,-1000.0,564.1277076651074,-5.793980331364992,-0.2575029810218439,-0.0205111884595226,198.6523193230321,-103.6930688612274,-1000.0,-0.0101220191963875,-0.1889731947893551,-0.1889731947893551,989.7677962427674,-0.0036306089297113,999.7165220547712,-1000.0,841.5147200008748,414.02167828988354,-7.086694488090643,-0.3149553246488494,-0.0250875077040291,801.3476806769679,-896.3069311387726,1000.0,-0.0123803764502099, Competition,Healthy
SRR13077664.bin.25.fbc2XSRR13077664.bin.32.fbc2 ,-0.1739279100947897,-0.1739279100947897,234.2986346902821,-0.0033415544686477,999.7390914270854,-1000.0,59.85444355509526,1000.0,-6.522480414051756,-0.2898798501580586,-0.0230901413785886,0.0,-493.5950869161128,1000.0,-0.0113947007381511,-0.1025436415897047,-0.1025436415897047,765.7013653097179,-0.0019700987817259,-1000.0,999.8461746871214,940.1455564449049,-552.2681722479748,-3.845494915049017,-0.1709060693162882,-0.013613382581866,1000.0,-20.23092991897033,-999.8461746871214,-0.0067180368457684, Competition,Healthy
SRR13077664.bin.10.fbc2XSRR13077664.bin.4.fbc2 ,-0.0608671929978754,-0.0608671929978754,429.39714028776393,-0.0011693985205738,-1000.0,1000.0,0.0,-164.7267842278286,-2.282584054336894,-0.1014453216630499,-0.008080543777396,154.31424209006173,-350.13266905141404,-1000.0,-0.0039876489553307,-0.0905195509186569,-0.0905195509186569,570.6028597122361,-0.0017390883941743,0.0,0.0,-1000.0,-582.1272419923866,-3.394578809312293,-0.1508659181978373,-0.0120171008039733,-7.26412004996746,-284.7782511990456,0.0,-0.0059302914243062, Amensalism,Healthy
SRR13077664.bin.9.fbc2XSRR13077664.bin.4.fbc2 ,-0.0148836835874135,-0.0148836835874135,429.39714028776393,-0.0002859497327563,-1000.0,1000.0,338.5888202547617,-242.36994970203136,-0.5581538617635715,-0.024806139312318,-0.0019759126530516,1000.0,-0.0077286493756218,-1000.0,-0.000975088588575,-0.0905195509186569,-0.0905195509186569,570.6028597122361,-0.0017390883941743,1000.0,-1000.0,661.4111797452383,-582.1272419923871,-3.394578809312293,-0.1508659181978373,-0.0120171008039733,-7.26412004996746,-284.7782511990456,1000.0,-0.0059302914243062, Amensalism,Healthy
SRR13077664.bin.7.fbc2XSRR13077664.bin.24.fbc2 ,-0.171649696376221,-0.171649696376221,812.3293468529553,-0.0032977847527035,-1000.0,999.742508966512,120.16481953070844,289.52023200839017,-6.437044992271012,-0.2860828272937397,-0.022787692640918,601.5957504300495,-493.0317643286933,-999.742508966512,-0.0112454460065691,-0.0974379664836533,-0.0974379664836533,114.48539860248138,-0.0018720070410154,0.0,-0.1461663097607015,-1000.0,-1000.0,-3.6540267035252327,-0.1623966108061267,-0.0129355686532335,-7.513431299517833,661.4041069931272,0.1461663097607015,-0.0063835440097363, Neutralism,Healthy
SRR13077664.bin.30.fbc2XSRR13077664.bin.9.fbc2 ,-0.0956564907930896,-0.0956564907930896,2.1996306541367403,-0.0018377808029299,-1000.0,999.8565060749064,-1000.0,650.3702135916301,-3.587219482685555,-0.1594274846552252,-0.0126990653483289,174.95274514221387,-153.64688487423393,-999.8565060749064,-0.0062668325380172,-0.0345855702970538,-0.0345855702970538,997.8003693458631,-0.0006644682093792,1000.0,-1000.0,255.4725693058372,-279.20870101929813,-1.2969954318891723,-0.0576426171617185,-0.004591475326606,808.1280543704606,-361.4073949436327,1000.0,-0.0022658365938923, Neutralism,Healthy
SRR13077664.bin.18.fbc2XSRR13077664.bin.24.fbc2 ,-0.0828761320115063,-0.0828761320115063,500.0439617676243,-0.001592240768673,999.8756778407788,-1000.0,1000.0,1000.0,-3.107942523674865,-0.1381268866858818,-0.0110023837117978,2.304911814381967,-297.84363063405567,1000.0,-0.0054295410212716,-0.0974379664836533,-0.0974379664836533,114.19087573472189,-0.0018720070410154,-1000.0,999.8538336902392,0.0,-1000.0,-3.6540267035252327,-0.1623966108061267,-0.0129355686532335,-2.9768843166573333,324.18262439568707,-999.8538336902392,-0.0063835440097363, Neutralism,Healthy
SRR13077664.bin.17.fbc2XSRR13077664.bin.25.fbc2 ,-0.0408593973396591,-0.0408593973396591,3.606220579092792,-0.000785002830753,-1000.0,1000.0,65.28229222648542,-2.672459711934266,-1.5322705753932269,-0.0680989955660607,-0.0054243695603872,0.0,-500.0153232552559,-1000.0,-0.0026768596527517,-0.2406228513137875,-0.2406228513137875,996.3937794209072,-0.0046229174123482,999.6390426084422,-1000.0,934.7177077735146,477.1916089323138,-9.023611184723336,-0.4010380855229414,-0.0319443593194819,1000.0,-499.9846767447441,1000.0,-0.0157641483762063, Neutralism,Healthy
SRR13077664.bin.33.fbc2XSRR13077664.bin.2.fbc2 ,-0.1687583433857753,-0.1687583433857753,189.2375567954823,-0.0032422352235244,1000.0,-1000.0,-594.7091073473035,566.8009027261467,-6.328616199902854,-0.2812639056429589,-0.0224038453947059,214.1338154992925,-111.83477675763696,1000.0,-0.0110560221122568,-0.0685365447790218,-0.0685365447790218,810.7624432045177,-0.0013167443761403,-1000.0,999.8087692142508,-405.29089265269647,-22.621503789335748,-2.5701928501528077,-0.1142275746316272,-0.0090987036392107,785.8661845007075,-804.9980786792385,-999.8087692142508,-0.0044900983226625, Competition,Healthy
SRR13077664.bin.17.fbc2XSRR13077664.bin.26.fbc2 ,-0.0417054273075336,-0.0417054273075336,306.79767184869934,-0.0008012570087885,-1000.0,1000.0,-425.32254104249887,-17.611308550408694,-1.5639975931682102,-0.0695090455125182,-0.0055366859307923,983.5548716898888,-500.0156405368116,-1000.0,-0.0027322863999188,-0.0835446431407263,-0.0835446431407263,693.2023281513007,-0.0016050844022856,1000.0,-1000.0,-228.44814719360068,-36.50628171655149,-3.13301239742043,-0.1392410719012105,-0.0110911332200203,16.445128310111045,-499.9843594631884,1000.0,-0.0054733378119635, Neutralism,Healthy
SRR13077664.bin.7.fbc2XSRR13077664.bin.26.fbc2 ,-0.171649696376221,-0.171649696376221,14.003647218025094,-0.0032977847527035,-1000.0,999.742508966512,922.5356660367686,356.80492937035456,-6.437044992271012,-0.2860828272937397,-0.022787692640918,308.07651889534986,-500.0,-999.742508966512,-0.0112454460065691,-0.0835446431407263,-0.0835446431407263,985.996352781975,-0.0016050844022856,1000.0,-1000.0,-232.8350878484188,-10.309762082137697,-3.13301239742043,-0.1392410719012105,-0.0110911332200203,158.48648104425365,-500.0,1000.0,-0.0054733378119635, Neutralism,Healthy
SRR13077664.bin.10.fbc2XSRR13077664.bin.3.fbc2 ,-0.0870547304288038,-0.0870547304288038,615.2443553842058,-0.0016725212378787,0.0,0.0,-489.5866500837766,-236.3237526873033,-3.264644379750166,-0.1450912173813776,-0.0115571217534125,224.9711440433496,-500.1777555571562,0.0,-0.0057032974209505,-0.0922782226197114,-0.0922782226197114,384.75564461579415,-0.0017728765152469,-1000.0,1000.0,-298.62100727804284,622.0068039732355,-3.4605308564460984,-0.1537970376994053,-0.0122505767204756,249.8545032930715,-499.8222444428438,-1000.0,-0.0060455089170545, Amensalism,Healthy
SRR13077664.bin.26.fbc2XSRR13077664.bin.2.fbc2 ,-0.0724446301253465,-0.0724446301253465,506.6204196796857,-0.0013918276681579,1000.0,-1000.0,-407.21397900411057,-18.271509996968348,-2.716750180220515,-0.120741050208835,-0.0096175291866984,11.39892941908181,-500.1463715567172,1000.0,-0.0047461323482593,-0.0423922659387017,-0.0423922659387017,493.3795803203143,-0.000814452755776,-1000.0,999.8817170262768,1000.0,-11.676640160780948,-1.5897547676046315,-0.0706537765645407,-0.0056278685425468,988.601070580918,-489.0817625042212,-999.881717026277,-0.0027772838972168, Competition,Healthy
SRR13077664.bin.20.fbc2XSRR13077664.bin.21.fbc2 ,-0.0502781448490168,-0.0502781448490168,1.329492749736346,-0.0009659585946337,-1000.0,1000.0,51.46448140771167,139.8580915975581,-1.885483559559248,-0.083796908081581,-0.0066747738886761,717.3436882901317,-325.0642153579947,-1000.0,-0.0032939188075715,-0.2481130676093244,-0.2481130676093244,998.6705072502637,-0.0047668216639067,1000.0,-1000.0,-1000.0,183.36039531805795,-9.30450221053934,-0.4135217793487982,-0.0329387376980321,183.86285822724585,-66.37037357987174,1000.0,-0.0162548618741311, Amensalism,Healthy
SRR13077664.bin.26.fbc2XSRR13077664.bin.3.fbc2 ,-0.0835446431407263,-0.0835446431407263,692.4645711993744,-0.0016050844022856,-1000.0,1000.0,-728.8170256695637,-35.76852476462682,-3.13301239742043,-0.1392410719012105,-0.0110911332200203,16.07624983414803,-500.16879870117,-1000.0,-0.0054733378119635,-0.0912434060660416,-0.0912434060660416,307.5354288006256,-0.0017529953134953,1000.0,-1000.0,-211.1386934841784,693.5580656298637,-3.4217241422173856,-0.1520723434433648,-0.0121131976160313,202.16838646938757,-499.83120129883,1000.0,-0.005977714018968, Amensalism,Healthy
SRR13077664.bin.17.fbc2XSRR13077664.bin.27.fbc2 ,-0.0417054273075336,-0.0417054273075336,757.548024789065,-0.0008012570087885,-1000.0,1000.0,254.84314213569405,-749.6774935311093,-1.5639975931682102,-0.0695090455125182,-0.0055366859307923,814.7074547212464,-500.0156405368116,-1000.0,-0.0027322863999188,-0.0900838189696742,-0.0900838189696742,242.45197521093496,-0.0017307169830473,0.0,0.0,213.7016660993113,385.6822312606757,-3.37823840079534,-0.1501396982827145,-0.011959254353087,185.29254527875355,-499.9843594631884,0.0,-0.0059017449123075, Neutralism,Healthy
SRR13077664.bin.21.fbc2XSRR13077664.bin.2.fbc2 ,-0.2486513080201575,-0.2486513080201575,847.1689232543579,-0.0047771624979304,1000.0,-1000.0,-1000.0,-302.72090279061365,-9.32468679469207,-0.4144188467001868,-0.0330101928610702,847.8942673271322,-0.5077168302858581,1000.0,-0.0162901241180861,-0.0131315844990922,-0.0131315844990922,152.83107674564212,-0.0002522878866102,-1000.0,999.9633602302248,1000.0,-2.098164823553816,-0.4924482945500585,-0.0218859741651158,-0.0017433092966712,152.10573267286782,-152.94206701704684,-999.9633602302248,-0.0008603016933648, Amensalism,Healthy
SRR13077664.bin.30.fbc2XSRR13077664.bin.3.fbc2 ,-0.085843915555074,-0.085843915555074,1.973989496796776,-0.0016492587042193,-1000.0,999.871225880374,-1000.0,583.6543368064622,-3.219237542543283,-0.1430731925917143,-0.0113963776461787,157.00585036719644,-137.8855747381417,-999.871225880374,-0.0056239721814108,-0.0263518078222659,-0.0263518078222659,998.0260105032032,-0.0005062787286078,1000.0,-1000.0,0.0,-499.8627611893948,-0.9882206386639608,-0.0439196797037766,-0.0034983860144848,201.5746597691866,-629.8538800431953,1000.0,-0.0017264104644709, Competition,Healthy
SRR13077664.bin.3.fbc2XSRR13077664.bin.27.fbc2 ,-0.0978425760891923,-0.0978425760891923,671.0331387679303,-0.0018797805204258,0.0,0.0,-510.9963224729506,495.4314865167894,-3.66919999127424,-0.1630709601487296,-0.0129892833963367,248.3765967069778,-564.3155403468772,0.0,-0.0064100515746758,-0.0900838189696742,-0.0900838189696742,328.96686123206973,-0.0017307169830473,-1000.0,1000.0,268.0448532944706,101.84223624905098,-3.37823840079534,-0.1501396982827145,-0.011959254353087,218.78984147238972,-435.6844596531228,-1000.0,-0.0059017449123075, Neutralism,Healthy
SRR13077664.bin.7.fbc2XSRR13077664.bin.32.fbc2 ,-0.171649696376221,-0.171649696376221,14.003647218025094,-0.0032977847527035,-1000.0,999.742508966512,177.06780777494075,996.884357395532,-6.437044992271012,-0.2860828272937397,-0.022787692640918,43.47436386776508,-494.531436067199,-999.742508966512,-0.0112454460065691,-0.0775148092972131,-0.0775148092972131,985.996352781975,-0.0014892374505279,0.0,-0.1162796601331592,822.9321922250592,-32.19580718503039,-2.906887256706796,-0.1291913488287264,-0.0102906307828334,277.55234564266,-55.887980934921416,0.1162796601331592,-0.005078299706156, Amensalism,Healthy
SRR13077664.bin.18.fbc2XSRR13077664.bin.2.fbc2 ,-0.0828761320115063,-0.0828761320115063,190.26220923928304,-0.001592240768673,999.8756778407788,-1000.0,486.5722632119071,-3.3592618066079467,-3.107942523674865,-0.1381268866858818,-0.0110023837117978,2.304911814381967,-284.8474141113712,1000.0,-0.0054295410212716,-0.0641101301230264,-0.0641101301230264,809.737790760717,-0.0012317027881181,-1000.0,999.8211198040774,-527.1412124953421,-50.31106443077965,-2.4041976232673505,-0.1068502168717486,-0.0085110662661236,808.6640908062336,-715.1525858886288,-999.8211198040774,-0.0042001065075965, Amensalism,Healthy
SRR13077664.bin.17.fbc2XSRR13077664.bin.3.fbc2 ,-0.0417054273075336,-0.0417054273075336,156.09932741865737,-0.0008012570087885,-1000.0,1000.0,180.7743655197305,-15.56828746710528,-1.5639975931682102,-0.0695090455125182,-0.0055366859307923,148.94167452142278,-500.0156405368116,-1000.0,-0.0027322863999188,-0.0984350893581904,-0.0984350893581904,843.9006725813426,-0.0018911640606802,0.0,0.0,-818.3918133487136,197.15859340295947,-3.6914198649574246,-0.1640584822637265,-0.0130679436592799,532.9864843932342,-499.9843594631884,0.0,-0.0064488694468991, Neutralism,Healthy
SRR13077664.bin.32.fbc2XSRR13077664.bin.26.fbc2 ,-0.0765447560507937,-0.0765447560507937,495.2480560613476,-0.0014706005005109,-1000.0,999.8851755129213,697.078650516482,-498.5788676641416,-2.8705092349307506,-0.1275745934178758,-0.0101618494584272,974.9721107983704,-2.1102067802752345,-999.8851755129214,-0.0050147477066957,-0.072278402790971,-0.072278402790971,504.7519439386524,-0.0013886340593671,1000.0,-1000.0,-905.9854367260914,-16.58222087040201,-2.7105164795358405,-0.1204640046516942,-0.0095954613503863,11.37277408295904,-500.1460357008553,1000.0,-0.0047352421424875, Competition,Healthy
SRR13077664.bin.9.fbc2XSRR13077664.bin.32.fbc2 ,0.0,0.0,0.0,0.0,1000.0,-1000.0,0.0,0.0,0.0,0.0,0.0,0.0,0.0,1000.0,0.0,-0.1233962579092349,-0.1233962579092349,1000.0,-0.0023707254160854,-1000.0,999.814893759509,1000.0,-460.3049404709864,-4.627490061494882,-0.2056604298487627,-0.0163817126253889,1000.0,-39.57072017989867,-999.814893759509,-0.0080841736689762, Amensalism,Healthy
SRR13077664.bin.33.fbc2XSRR13077664.bin.4.fbc2 ,-0.2012487783787264,-0.2012487783787264,429.3971402877655,-0.003866451073577,-1000.0,1000.0,-1000.0,-295.5562242027092,-7.5470418440127105,-0.3354146306312486,-0.0267171769182823,1000.0,-120.63302537662128,-1000.0,-0.0131845981608194,-0.0905195509186569,-0.0905195509186569,570.6028597122345,-0.0017390883941743,0.0,0.0,173.54104955425555,-582.1272419923866,-3.394578809312293,-0.1508659181978373,-0.0120171008039733,-7.26412004996746,-284.7782511990456,0.0,-0.0059302914243062, Neutralism,Healthy
SRR13077664.bin.18.fbc2XSRR13077664.bin.4.fbc2 ,-0.0828761320115063,-0.0828761320115063,286.5402458718204,-0.001592240768673,-1000.0,999.8756778407788,679.7737831173963,-3.359261806608401,-3.107942523674865,-0.1381268866858818,-0.0110023837117978,-1.5348564114090095,-285.67396302918587,-999.8756778407788,-0.0054295410212716,-0.0905195509186569,-0.0905195509186569,713.4597541281796,-0.0017390883941743,1000.0,-1000.0,150.2380178486599,-724.9841364083267,-3.394578809312293,-0.1508659181978373,-0.0120171008039733,-7.26412004996746,-356.20669840701726,1000.0,-0.0059302914243062, Neutralism,Healthy
SRR13077664.bin.9.fbc2XSRR13077664.bin.3.fbc2 ,-0.033665761469706,-0.033665761469706,971.2637073874924,-0.0006467965699812,-1000.0,1000.0,0.0,-96.46041275305902,-1.262501628925179,-0.05610960244951,-0.0044693642988704,974.6167986144028,-0.0174816176945569,-1000.0,-0.0022055763038224,-0.08754408491518,-0.08754408491518,28.73629261250767,-0.0016819228610529,1000.0,-1000.0,106.62286055592676,955.65772962845,-3.282995690075495,-0.1459068081919667,-0.0116220869695098,25.38320138559743,-501.44175548927,1000.0,-0.0057353569560518, Amensalism,Healthy
SRR13077664.bin.18.fbc2XSRR13077664.bin.7.fbc2 ,-0.0828761320115063,-0.0828761320115063,256.6121533199725,-0.001592240768673,-1000.0,999.8756778407788,0.0,-3.35926180660897,-3.107942523674865,-0.1381268866858818,-0.0110023837117978,2.304911814381967,-384.3723302324056,-999.8756778407788,-0.0054295410212716,-0.171649696376221,-0.171649696376221,697.5997386409401,-0.0032977847527035,0.0,-0.2574910334881224,1000.0,-527.4038906091588,-6.437044992271012,-0.2860828272937397,-0.022787692640918,997.695088185618,-500.0,0.2574910334881224,-0.0112454460065691, Neutralism,Healthy
SRR13077664.bin.9.fbc2XSRR13077664.bin.33.fbc2 ,-0.0182803698619409,-0.0182803698619409,603.5786931134198,-0.0003512078743597,-1000.0,1000.0,309.5325922895804,-118.83955007108898,-0.6855331862561798,-0.0304672831032348,-0.0024268464120495,0.0,-1.4339580445987394,-1000.0,-0.00119761885162,-0.2010845889411712,-0.2010845889411712,396.42130688658017,-0.00386329661751,1000.0,-1000.0,-1000.0,-292.71034093580386,-7.540884566609748,-0.3351409815686565,-0.0266953796269717,1000.0,-122.57280341470516,1000.0,-0.0131738414656865, Amensalism,Healthy
SRR13077664.bin.30.fbc2XSRR13077664.bin.4.fbc2 ,-0.0956564907930896,-0.0956564907930896,2.1996306541367403,-0.0018377808029299,-1000.0,999.8565060749064,-87.44003998789663,650.3702135916287,-3.587219482685555,-0.1594274846552252,-0.0126990653483289,174.9527451422141,-153.64688487423382,-999.8565060749064,-0.0062668325380172,-0.0905195509186569,-0.0905195509186569,997.8003693458631,-0.0017390883941743,1000.0,-1000.0,-912.5599600121034,-157.95101584425447,-3.394578809312293,-0.1508659181978373,-0.0120171008039733,418.4227478409125,-284.7782511990456,1000.0,-0.0059302914243062, Neutralism,Healthy
SRR13077664.bin.25.fbc2XSRR13077664.bin.26.fbc2 ,-0.2099673108003799,-0.2099673108003799,493.3795803203138,-0.004033954097963,-1000.0,999.6850288640288,57.843063571081984,1000.0,-7.873996022491383,-0.3499455180007089,-0.0278746228170803,988.601070580918,-499.8536284432829,-999.6850288640288,-0.0137557834741528,-0.0724446301253465,-0.0724446301253465,506.62041967968617,-0.0013918276681579,1000.0,-1000.0,-407.213979004111,-18.27150999696846,-2.716750180220515,-0.120741050208835,-0.0096175291866984,11.39892941908181,-500.1463715567171,1000.0,-0.0047461323482593, Competition,Healthy
SRR13077664.bin.9.fbc2XSRR13077664.bin.27.fbc2 ,-0.0309307404578476,-0.0309307404578476,892.35782402832,-0.0005942505371194,-1000.0,1000.0,155.840554886458,-597.2819914637545,-1.1599354509500015,-0.0515512340964505,-0.0041062712116399,597.3696061025428,-14.83067102401185,-1000.0,-0.0020263943316649,-0.0900838189696742,-0.0900838189696742,107.64217597168,-0.0017307169830473,1000.0,-1000.0,328.7213782695353,667.4842415228277,-3.37823840079534,-0.1501396982827145,-0.011959254353087,154.572441619355,-500.1839406009624,1000.0,-0.0059017449123075, Amensalism,Healthy
SRR13077664.bin.24.fbc2XSRR13077664.bin.32.fbc2 ,-0.0929038781938516,-0.0929038781938516,30.152236420945652,-0.0017848967952431,-1000.0,999.8606352582252,-1000.0,-1000.0,-3.483993601594761,-0.1548397969897905,-0.0123336368553736,-14.06468628911398,841.8459927100344,-999.8606352582252,-0.0060864980719088,-0.121187291953106,-0.121187291953106,969.8477635790543,-0.0023282861086499,0.0,-0.1817925793602626,153.4911421195377,382.8263205540629,-4.54465150397948,-0.2019788199219192,-0.0160884570104826,1000.0,-36.89571448400295,0.1817925793602626,-0.0079394556303213, Neutralism,Healthy
SRR13077664.bin.10.fbc2XSRR13077664.bin.7.fbc2 ,-0.0870547304288038,-0.0870547304288038,615.2443553842061,-0.0016725212378787,1000.0,-1000.0,-489.5866500837765,-236.32375268730345,-3.264644379750166,-0.1450912173813776,-0.0115571217534125,224.9711440433498,-500.1777555571562,1000.0,-0.0057032974209505,-0.171649696376221,-0.171649696376221,384.7556446157939,-0.0032977847527035,-1000.0,999.742508966512,9.77937769389041,610.8930410773773,-6.437044992271012,-0.2860828272937397,-0.022787692640918,615.8853824144833,-493.5144631440565,-999.742508966512,-0.0112454460065691, Neutralism,Healthy
SRR13077664.bin.30.fbc2XSRR13077664.bin.10.fbc2 ,-0.0956564907930896,-0.0956564907930896,2.1996306541367403,-0.0018377808029299,-1000.0,999.8565060749064,-1000.0,650.3702135916301,-3.587219482685555,-0.1594274846552252,-0.0126990653483289,174.9527451422141,-153.64688487423393,-999.8565060749064,-0.0062668325380172,-0.0870547304288038,-0.0870547304288038,915.282410791424,-0.0016725212378787,1000.0,-1000.0,210.3752945090073,-836.3998635017377,-3.264644379750166,-0.1450912173813776,-0.0115571217534125,825.0472548577859,-500.1777555571562,1000.0,-0.0057032974209505, Neutralism,Healthy
SRR13077664.bin.33.fbc2XSRR13077664.bin.27.fbc2 ,-0.2016875385739922,-0.2016875385739922,604.3118966573966,-0.0038748806642843,-1000.0,1000.0,-1000.0,-263.6068855010974,-7.563495814962607,-0.3361458976233962,-0.0267754253899283,989.1536168586968,-110.0223662009438,-1000.0,-0.0132133430651038,-0.0900838189696742,-0.0900838189696742,395.6881033426034,-0.0017307169830473,0.0,0.0,3.357844304922196,228.76666215564887,-3.37823840079534,-0.1501396982827145,-0.011959254353087,10.846383141303136,-500.1839406009624,0.0,-0.0059017449123075, Neutralism,Healthy
SRR13077664.bin.30.fbc2XSRR13077664.bin.17.fbc2 ,-0.0956564907930896,-0.0956564907930896,2.1996306541366266,-0.0018377808029299,-1000.0,999.8565060749064,-1000.0,650.370213591629,-3.587219482685555,-0.1594274846552252,-0.0126990653483289,174.9527451422141,-153.64688487423382,-999.8565060749064,-0.0062668325380172,-0.0417054273075336,-0.0417054273075336,997.8003693458634,-0.0008012570087885,1000.0,-1000.0,154.44574143390082,-975.4129440425952,-1.5639975931682102,-0.0695090455125182,-0.0055366859307923,825.0472548577859,-500.0156405368116,1000.0,-0.0027322863999188, Neutralism,Healthy
SRR13077664.bin.18.fbc2XSRR13077664.bin.32.fbc2 ,-0.0828757717656571,-0.0828757717656571,190.2535165726088,-0.001592233847532,999.8756783811824,-1000.0,488.9049600885926,-3.3592472045759223,-3.107929014075239,-0.1381262862761332,-0.011002335886701,0.0,-284.84741787948724,1000.0,-0.0054295174202252,-0.1065660578036613,-0.1065660578036613,809.7464834273912,-0.0020473786321417,-1000.0,999.8401406764016,511.0950399114074,-91.1913214498104,-3.996339773460704,-0.1776100963393219,-0.0141473863482133,1000.0,-23.82640067326713,-999.8401406764012,-0.0069815611356034, Amensalism,Healthy
SRR13077664.bin.30.fbc2XSRR13077664.bin.7.fbc2 ,-0.0956564907930896,-0.0956564907930896,2.1996306541367403,-0.0018377808029299,-1000.0,999.8565060749064,-1000.0,650.3702135916301,-3.587219482685555,-0.1594274846552252,-0.0126990653483289,174.9527451422141,-153.64688487423382,-999.8565060749064,-0.0062668325380172,-0.0864706407421636,-0.0864706407421636,997.8003693458631,-0.0016612995339073,0.0,-0.1297142676108933,1000.0,-928.5129635643974,-3.2427403993043526,-0.1441177345702726,-0.011479579779575,825.0472548577859,-500.0,0.1297142676108933,-0.0056650314107855, Amensalism,Healthy
SRR13077664.bin.21.fbc2XSRR13077664.bin.25.fbc2 ,-0.2151572704159434,-0.2151572704159434,507.0219603109945,-0.004133665137715,1000.0,-1000.0,-1000.0,0.0,-8.068624992179139,-0.3585954506932012,-0.0285636261013451,666.3440981744807,-0.4393259308319557,1000.0,-0.014095798119456,-0.1866891988873931,-0.1866891988873931,492.9780396890055,-0.0035867281246737,-1000.0,999.7199482680282,850.8131539963697,1000.0,-7.001042228324536,-0.3111486648123218,-0.0247842913412341,333.6559018255193,-745.1619241262597,-999.7199482680282,-0.0122307429049897, Competition,Healthy
SRR13077664.bin.17.fbc2XSRR13077664.bin.2.fbc2 ,-0.0416990405595925,-0.0416990405595925,23.444842927905825,-0.0008011343046518,1000.0,-1000.0,55.34340057838836,-15.575516959115362,-1.5637580833699758,-0.0694984009326162,-0.005535838045489,1.572394311174662,-500.0156381416277,1000.0,-0.0027318679790369,-0.0537254686145161,-0.0537254686145161,976.555157072094,-0.0010321895987317,-1000.0,999.8500951045746,-1000.0,-174.59714875486463,-2.0147618434741617,-0.0895424476909738,-0.0071324301272852,975.655376755078,-499.98436185837227,-999.8500951045746,-0.0035197665316673, Amensalism,Healthy
SRR13077664.bin.33.fbc2XSRR13077664.bin.32.fbc2 ,-0.1687583433857753,-0.1687583433857753,11.176373883801716,-0.0032422352235244,1000.0,-1000.0,-1000.0,472.1487617279554,-6.328616199902854,-0.2812639056429589,-0.0224038453947059,236.39327090938968,-122.96450446268555,1000.0,-0.0110560221122568,-0.0949045231213858,-0.0949045231213858,988.8236261161984,-0.0018233337775654,-1000.0,999.8576340986492,1000.0,-531.3819479292023,-3.559019900408771,-0.1581742052022718,-0.0125992364028206,763.6067290906103,-191.0987598480949,-999.8576340986492,-0.0062175681814551, Competition,Healthy
SRR13077664.bin.32.fbc2XSRR13077664.bin.3.fbc2 ,-0.0775193858038392,-0.0775193858038392,976.266548131258,-0.0014893253757009,-1000.0,999.8837134746672,390.1951288342564,34.86611354289107,-2.9070588805394664,-0.1291989763396941,-0.0102912383458715,989.2425901264062,-6.969708211983516,-999.8837134746674,-0.0050785995310889,-0.08671575305857,-0.08671575305857,23.73345186874201,-0.0016660087043192,1000.0,-1000.0,117.94304535995252,965.1338864571088,-3.2519323701759504,-0.1445262550976167,-0.0115121201466763,10.757409873593817,-501.83340092885976,1000.0,-0.0056810896816159, Competition,Healthy
SRR13077664.bin.32.fbc2XSRR13077664.bin.27.fbc2 ,-0.1101049848600723,-0.1101049848600723,905.2859808588807,-0.0021153695457769,-1000.0,999.8348319458624,665.9379737526453,-149.7111906864875,-4.1290532775772135,-0.1835083081000448,-0.01461720356167,840.9920745898921,-38.34740951271738,-999.8348319458622,-0.0072134101512801,-0.0893868326033953,-0.0893868326033953,94.71401914111924,-0.0017173262748428,1000.0,-1000.0,334.06202624735465,674.2682709201508,-3.3521006755738654,-0.1489780543390679,-0.0118667245588994,159.00792541010787,-500.1825174364859,1000.0,-0.0058560825971198, Amensalism,Healthy
SRR13077664.bin.18.fbc2XSRR13077664.bin.3.fbc2 ,-0.0828761320115063,-0.0828761320115063,190.26220923928304,-0.001592240768673,-1000.0,999.8756778407788,492.8187590880352,-3.359261806607492,-3.107942523674865,-0.1381268866858818,-0.0110023837117978,-1.5348564114090095,-284.8474141113711,-999.8756778407788,-0.0054295410212716,-0.1013262387369877,-0.1013262387369877,809.737790760717,-0.0019467096778953,1000.0,-1000.0,-383.5322137746482,497.07450621650514,-3.799841021671455,-0.1688770645616841,-0.0134517638746274,166.4023774317982,-715.1525858886289,1000.0,-0.0066382800017663, Neutralism,Healthy
SRR13077664.bin.4.fbc2XSRR13077664.bin.32.fbc2 ,-0.0905195509186569,-0.0905195509186569,570.6028597122361,-0.0017390883941743,1000.0,-1000.0,678.8773466420303,-582.1272419923847,-3.394578809312293,-0.1508659181978373,-0.0120171008039733,-7.26412004996746,-284.7782511990456,1000.0,-0.0059302914243062,-0.0695193189892506,-0.0695193189892506,429.39714028776393,-0.0013356257250052,-1000.0,999.8957143433876,321.12265335796974,-171.4356210816236,-2.6070479215102296,-0.1158655316486374,-0.0092291737601044,997.6652407511992,-12.114536698312008,-999.8957143433876,-0.0045544837224724, Amensalism,Healthy
SRR13077664.bin.21.fbc2XSRR13077664.bin.32.fbc2 ,-0.21203673560683,-0.21203673560683,606.8733201447428,-0.0040737124996894,1000.0,-1000.0,-1000.0,600.4587979720143,-7.951601639443652,-0.3533945593446788,-0.0281493533725551,115.75432372213868,-405.8144075527348,1000.0,-0.0138913596238126,-0.0601115410574948,-0.0601115410574948,393.1266798552572,-0.0011548807119652,-1000.0,999.9098269140102,61.05256689660837,99.58161026703374,-2.254246308096185,-0.1001859017625292,-0.0079802257196206,750.3129233859779,-1.1095949520423574,-999.9098269140102,-0.0039381432277423, Competition,Healthy
SRR13077664.bin.10.fbc2XSRR13077664.bin.33.fbc2 ,-0.086925493274748,-0.086925493274748,613.3499520332034,-0.0016700382954013,0.0,0.0,-14.069127415440562,-235.53898492667255,-3.2597978499105693,-0.144875822124618,-0.0115399646210789,218.6954154992773,-500.1774916700335,0.0,-0.005694830587231,-0.1923269634661437,-0.1923269634661437,386.6500479667966,-0.0036950425258055,-1000.0,1000.0,-985.9308725845594,-36.67694669150183,-7.212464357317344,-0.3205449391101638,-0.0255327438530912,781.3045845007227,-116.7680536114226,-1000.0,-0.0126000950128855, Neutralism,Healthy
SRR13077664.bin.21.fbc2XSRR13077664.bin.17.fbc2 ,-0.2464453672207582,-0.2464453672207582,843.8625072385821,-0.0047347813107307,-1000.0,1000.0,-1000.0,-247.87875564520323,-9.241961683750333,-0.4107422787012638,-0.0327173388567416,851.2341532470641,-0.5032125576988165,-1000.0,-0.0161456042693544,-0.0190095735360955,-0.0190095735360955,156.1374927614179,-0.0003652175511206,1000.0,-1000.0,0.0,3.009845491038164,-0.7128790945685068,-0.0316826225601971,-0.002523653278331,148.7658467529359,-231.3117311798221,1000.0,-0.001245391849352, Amensalism,Healthy
SRR13077664.bin.33.fbc2XSRR13077664.bin.3.fbc2 ,-0.195196314675627,-0.195196314675627,326.2507113345405,-0.0037501693501553,0.0,0.0,-1000.0,-158.85295324151048,-7.320068059648861,-0.3253271911260071,-0.0259136702095474,860.906381820138,-122.6445748837076,0.0,-0.0127880774840605,-0.0989544590262312,-0.0989544590262312,673.7492886654595,-0.0019011423444226,-1000.0,1000.0,0.0,578.7968796782516,-3.710896776311188,-0.1649240983770141,-0.0131368935998352,139.093618179862,-827.1706617909458,-1000.0,-0.0064828953944697, Neutralism,Healthy
SRR13077664.bin.30.fbc2XSRR13077664.bin.2.fbc2 ,-0.0949637501789766,-0.0949637501789766,5.32110810128836,-0.0018244716652588,999.8575452523733,-1000.0,-1000.0,678.732657527036,-3.5612409776541654,-0.158272916964961,-0.01260709920723,156.06441422492708,-156.4843408288665,1000.0,-0.0062214483787101,-0.0730682503564139,-0.0730682503564139,854.4438038996495,-0.0014038088445431,-1000.0,999.7961248415128,0.0,-23.74292782503676,-2.7401365978521426,-0.121780417260652,-0.0097003191154954,843.9355857750729,-843.5156591711335,-999.7961248415128,-0.004786988159708, Amensalism,Healthy
SRR13077664.bin.10.fbc2XSRR13077664.bin.9.fbc2 ,-0.0870547304288038,-0.0870547304288038,615.2443553842063,-0.0016725212378787,-1000.0,1000.0,-489.5866500837764,-236.3237526873036,-3.264644379750166,-0.1450912173813776,-0.0115571217534125,224.97114404335025,-500.1777555571562,-1000.0,-0.0057032974209505,-0.0133363283907783,-0.0133363283907783,384.7556446157937,-0.000256221486893,1000.0,-1000.0,99.13126118468062,-449.1787928598586,-0.5001264068356477,-0.0222272139845927,-0.0017704904742004,775.0288559566497,-0.0069251543467316,1000.0,-0.0008737152701314, Amensalism,Healthy
SRR13077664.bin.24.fbc2XSRR13077664.bin.3.fbc2 ,-0.0974379664836533,-0.0974379664836533,101.22694617478987,-0.0018720070410154,-1000.0,999.8538336902392,-211.46469762102072,-1000.0,-3.6540267035252327,-0.1623966108061267,-0.0129355686532335,-7.513431299517833,-0.1567993097535236,-999.8538336902392,-0.0063835440097363,-0.1028790813344358,-0.1028790813344358,898.7730538252101,-0.0019765433493148,1000.0,-1000.0,0.0,443.1044977482268,-3.8580742599262976,-0.1714651355574687,-0.0136579145440691,184.2777009410356,-958.6131442509771,1000.0,-0.0067400128212966, Neutralism,Healthy
SRR13077664.bin.10.fbc2XSRR13077664.bin.17.fbc2 ,-0.0870547304288038,-0.0870547304288038,973.7743408591286,-0.0016725212378787,0.0,0.0,0.0,-953.3837236371486,-3.264644379750166,-0.1450912173813776,-0.0115571217534125,942.0311149931954,-500.17775555715616,0.0,-0.0057032974209505,-0.0416892964786939,-0.0416892964786939,26.22565914087136,-0.0008009470985825,-1000.0,1000.0,1000.0,-18.358172047697167,-1.5633926700397751,-0.0694821607977473,-0.0055345444508247,57.96888500680461,-499.82224444284384,-1000.0,-0.0027312296059562, Neutralism,Healthy
SRR13077664.bin.10.fbc2XSRR13077664.bin.24.fbc2 ,-0.0870547304288038,-0.0870547304288038,615.2443553842061,-0.0016725212378787,1000.0,-1000.0,-489.5866500837759,-236.3237526873036,-3.264644379750166,-0.1450912173813776,-0.0115571217534125,224.97114404335,-500.1777555571562,1000.0,-0.0057032974209505,-0.0974379664836533,-0.0974379664836533,384.7556446157939,-0.0018720070410154,-1000.0,999.8538336902392,-358.8894280501934,-763.6762473126964,-3.6540267035252327,-0.1623966108061267,-0.0129355686532335,-7.513431299517833,-0.1567993097535236,-999.8538336902392,-0.0063835440097363, Neutralism,Healthy
SRR13077664.bin.30.fbc2XSRR13077664.bin.33.fbc2 ,-0.0955419615734172,-0.0955419615734172,5.353507046457594,-0.0018355804336351,-1000.0,999.8566778797376,-88.09726450696417,652.4215018381756,-3.5829245159272887,-0.1592366026223999,-0.0126838607967556,169.1921709643234,-154.11599497077918,-999.8566778797376,-0.0062593292789188,-0.1973248514527767,-0.1973248514527767,994.6464929535424,-0.0037910634284799,1000.0,-1000.0,-911.9027354930358,-48.898618467130746,-7.399890437968679,-0.3288747524213704,-0.0261962482908302,830.8078290356766,-82.4295799575857,1000.0,-0.0129275262911505, Neutralism,Healthy
SRR13077664.bin.4.fbc2XSRR13077664.bin.17.fbc2 ,-0.0905195509186569,-0.0905195509186569,696.9356140407781,-0.0017390883941743,0.0,0.0,0.0,-455.7944876638446,-3.394578809312293,-0.1508659181978373,-0.0120171008039733,119.06863427857456,-284.7782511990456,0.0,-0.0059302914243062,-0.0417054273075336,-0.0417054273075336,303.0643859592219,-0.0008012570087885,-1000.0,1000.0,-1000.0,-0.8501416988967776,-1.5639975931682102,-0.0695090455125182,-0.0055366859307923,880.9313657214254,-500.0156405368116,-1000.0,-0.0027322863999188, Neutralism,Healthy
SRR13077664.bin.9.fbc2XSRR13077664.bin.17.fbc2 ,-0.0340385080562555,-0.0340385080562555,982.0175182545844,-0.0006539578877209,-1000.0,1000.0,57.43347391125712,-658.3079469579783,-1.2764800197921886,-0.0567308467603879,-0.0045188490041709,988.8471589396474,-0.0176751737894846,-1000.0,-0.0022299963972045,-0.0415495272893622,-0.0415495272893622,17.982481745415498,-0.0007982618114965,1000.0,-1000.0,-458.28761399677614,-10.442627526648494,-1.5581511777488686,-0.0692492121488612,-0.0055159891176117,11.152841060352555,-500.0155820705608,1000.0,-0.0027220727772601, Neutralism,Healthy
SRR13077664.bin.7.fbc2XSRR13077664.bin.25.fbc2 ,-0.171649696376221,-0.171649696376221,14.003647218025094,-0.0032977847527035,-1000.0,999.742508966512,427.5426158747128,830.094278633045,-6.437044992271012,-0.2860828272937397,-0.022787692640918,62.746039848891314,-500.0,-999.742508966512,-0.0112454460065691,-0.2388860579233096,-0.2388860579233096,985.996352781975,-0.0045895496239154,999.6416479653668,-1000.0,572.4573841252873,169.90572136695505,-8.958479597354653,-0.3981434298722206,-0.031713787901026,937.2539601511088,-409.8399169962668,1000.0,-0.0156503642174357, Neutralism,Healthy
SRR13077664.bin.18.fbc2XSRR13077664.bin.30.fbc2 ,-0.0828761320115063,-0.0828761320115063,469.42778176973206,-0.001592240768673,-1000.0,999.8756778407788,1000.0,-3.35926180660897,-3.107942523674865,-0.1381268866858818,-0.0110023837117978,2.304911814381967,-287.98864064557324,-999.8756778407788,-0.0054295410212716,-0.0955976541248446,-0.0955976541248446,3.819859793445517,-0.0018366504154982,999.8565943355608,-1000.0,-1000.0,651.4240142409747,-3.5850130454545024,-0.1593294235414077,-0.0126912543707931,171.99338688553257,-153.88787905200752,1000.0,-0.0062629779167764, Neutralism,Healthy
SRR13077664.bin.21.fbc2XSRR13077664.bin.26.fbc2 ,-0.2177538849113034,-0.2177538849113034,493.3795803203143,-0.0041835520636368,-1000.0,1000.0,-693.3132867247655,38.939655226381774,-8.166000779536716,-0.3629231415187632,-0.028908344759543,863.2998383354698,-0.4446279133212556,-1000.0,-0.0142659125369846,-0.0724446301253465,-0.0724446301253465,506.6204196796857,-0.0013918276681579,1000.0,-1000.0,-306.6867132752345,-18.271509996968348,-2.716750180220515,-0.120741050208835,-0.0096175291866984,11.398929419081696,-500.1463715567172,1000.0,-0.0047461323482593, Competition,Healthy
SRR13077664.bin.30.fbc2XSRR13077664.bin.21.fbc2 ,-0.0956564907930896,-0.0956564907930896,2.1996306541366266,-0.0018377808029299,-1000.0,999.8565060749064,-87.44003998789663,650.370213591629,-3.587219482685555,-0.1594274846552252,-0.0126990653483289,174.9527451422141,-153.64688487423382,-999.8565060749064,-0.0062668325380172,-0.2590599171496706,-0.2590599171496706,997.8003693458634,-0.0049771357761301,1000.0,-1000.0,-912.5599600121034,-544.490342836698,-9.715020635581368,-0.4317665285827843,-0.0343920082133308,825.0472548577859,-7.305514299520041,1000.0,-0.0169720329967049, Neutralism,Healthy
SRR13077664.bin.20.fbc2XSRR13077664.bin.17.fbc2 ,-0.0560827205582654,-0.0560827205582654,263.0767368390259,-0.0010774778205586,-1000.0,1000.0,108.47786216763645,-130.3152672887211,-2.103161282213705,-0.0934712009303666,-0.0074453717397773,996.8802577608542,-256.1260464870977,-1000.0,-0.0036741993679925,-0.0417054273075336,-0.0417054273075336,736.9232631609741,-0.0008012570087885,0.0,0.0,742.3067327264937,-702.5797612124906,-1.5639975931682102,-0.0695090455125182,-0.0055366859307923,3.119742239145808,-500.0156405368116,0.0,-0.0027322863999188, Neutralism,Healthy
SRR13077664.bin.17.fbc2XSRR13077664.bin.7.fbc2 ,-0.0417054273075336,-0.0417054273075336,952.1643900420815,-0.0008012570087885,1000.0,-1000.0,-930.552354812019,-20.220826351495703,-1.5639975931682102,-0.0695090455125182,-0.0055366859307923,925.8525280983116,-500.0156405368116,1000.0,-0.0027322863999188,-0.171649696376221,-0.171649696376221,47.83560995791845,-0.0032977847527035,-1000.0,999.742508966512,145.28627940205251,977.4582760626004,-6.437044992271012,-0.2860828272937397,-0.022787692640918,74.14747190168828,-499.9843594631884,-999.742508966512,-0.0112454460065691, Neutralism,Healthy
SRR13077664.bin.9.fbc2XSRR13077664.bin.21.fbc2 ,0.0,0.0,0.0,0.0,-1000.0,1000.0,0.0,0.0,0.0,0.0,0.0,0.0,0.0,-1000.0,0.0,-0.2601774081890653,-0.2601774081890653,1000.0,-0.0049986053446673,1000.0,-1000.0,-1000.0,-542.7167342954275,-9.756927730382811,-0.4336290136484422,-0.0345403629315796,877.2417156772053,-0.5312517760294213,1000.0,-0.0170452442253008, Amensalism,Healthy
SRR13077664.bin.20.fbc2XSRR13077664.bin.24.fbc2 ,-0.0560827205582654,-0.0560827205582654,263.07673683902567,-0.0010774778205586,1000.0,-1000.0,108.47786216763645,-133.43500952786633,-2.103161282213705,-0.0934712009303666,-0.0074453717397773,1000.0,-255.34611092731143,1000.0,-0.0036741993679925,-0.0974379664836533,-0.0974379664836533,626.6407336361278,-0.0018720070410154,-1000.0,999.8538336902392,-1000.0,-661.9634149217962,-3.6540267035252327,-0.1623966108061267,-0.0129355686532335,-10.233869371629453,114.56624985532903,-999.8538336902392,-0.0063835440097363, Neutralism,Healthy
SRR13077664.bin.20.fbc2XSRR13077664.bin.3.fbc2 ,0.0,0.0,0.0,0.0,-1000.0,1000.0,0.0,0.0,0.0,0.0,0.0,0.0,0.0,-1000.0,0.0,-0.104644556143171,-0.104644556143171,1000.0,-0.0020104621737573,0.0,0.0,-35.930582902797255,382.0657586290277,-3.9242814307878007,-0.1744075935719138,-0.013892293620529,204.60070947099095,-1000.0,0.0,-0.006855676012492, Amensalism,Healthy
SRR13077668.bin.5.fbc2XSRR13077668.bin.28.fbc2 ,-0.1896825744663601,-0.1896825744663601,980.0092058853576,-0.0036442377419234,0.0,0.0,329.08306156808,-969.08140065375,-7.113296975565731,-0.3161376241106381,-0.0251816827966422,-77.61446523390771,5.943976905677232,0.0,-0.0124268506999669,-0.0866978378978728,-0.0866978378978728,19.990794114642654,-0.0016656645129842,-1000.0,1000.0,670.91693843192,-30.918599346250065,-3.251260532719698,-0.1444963964964927,-0.0115097417843799,43.32171761904237,-333.5910532750961,-1000.0,-0.0056799159890488, Neutralism,Healthy
SRR13077668.bin.7.fbc2XSRR13077668.bin.17.fbc2 ,-0.1154022109600418,-0.1154022109600418,782.8049685784504,-0.0022171414209424,1000.0,-1000.0,321.2725163459859,-885.1672063854032,-4.327704853779324,-0.1923370182666985,-0.0153204472187553,1000.0,-400.5926019932722,1000.0,-0.0075604522454568,-0.0096360383814726,-0.0096360383814726,217.19503142154963,-0.000185130420391,-991.6593910009288,1000.0,342.8056897195136,-114.83279361459677,-0.3613616214790909,-0.016060063969121,-0.0012792512048918,0.0,-3.06199087650009,-1000.0,-0.00063129473358, Amensalism,Healthy
SRR13077668.bin.39.fbc2XSRR13077668.bin.17.fbc2 ,-0.050814307825135,-0.050814307825135,79.11540734721234,-0.0009762595162783,-1000.0,999.9237736569646,-1000.0,-48.51137020170927,-1.905590237717206,-0.0846905130418917,-0.006745953257905,19.23495813506304,-0.0847002756371466,-999.9237736569646,-0.0033290449506466,-0.0626120403585446,-0.0626120403585446,920.8845926527875,-0.001202921044296,0.0,-0.0939240751430361,910.9329479937696,-951.4886297982908,-2.3480176741036303,-0.1043534005975743,-0.0083121844164679,980.7650418649368,-564.0121496631616,0.0939240751430361,-0.0041019607612042, Amensalism,Healthy
SRR13077668.bin.27.fbc2XSRR13077668.bin.25.fbc2 ,-0.1528808502873744,-0.1528808502873744,790.0153779851801,-0.0029371921284564,-1000.0,1000.0,579.5354781645779,-57.88262846560872,-5.733193431343921,-0.2548014171455861,-0.0202959976078318,-88.91144920200475,-655.1149994173434,-1000.0,-0.0100158251581206,-0.0729180334379862,-0.0729180334379862,209.98462201481996,-0.0014009228326585,1000.0,-1000.0,282.8612511785018,-237.70993501472344,-2.7345033046808567,-0.121530055729977,-0.0096803767734172,17.160274471523508,-344.88500058265663,1000.0,-0.0047771468592827, Competition,Healthy
SRR13077668.bin.19.fbc2XSRR13077668.bin.28.fbc2 ,-0.141917923382266,-0.141917923382266,986.881986366364,-0.0027265691331876,-1000.0,1000.0,-1000.0,-978.60482494486,-5.3220720881371335,-0.2365298723037767,-0.0188405927102621,829.7861840658022,-0.2897797674748972,-1000.0,-0.009297600744162,-0.0889151285794014,-0.0889151285794014,13.118013633635996,-0.001708263757564,0.0,0.0,948.299626570411,-21.39517505513993,-3.3344112762354143,-0.148191880965669,-0.011804102564497,-1.7735877636173427,-416.6998696199005,0.0,-0.0058251794131365, Neutralism,Healthy
SRR13077668.bin.33.fbc2XSRR13077668.bin.25.fbc2 ,-0.1399993524056526,-0.1399993524056526,804.2475868719785,-0.0026897089799149,-1000.0,999.7899875228468,-827.746025100576,-799.7849293208285,-5.25012364920417,-0.2333322540093831,-0.0185858890513372,782.3631552816928,-5.059674322031583,-999.7899875228468,-0.0091719076215213,-0.0693506911784425,-0.0693506911784425,195.75241312802157,-0.0013323859976708,1000.0,-1000.0,151.69487728817035,-124.41792962612544,-2.6007242004216096,-0.1155844852974041,-0.0092067872438974,217.6368447183072,-333.8801966787771,1000.0,-0.0045434362519927, Competition,Healthy
SRR13077668.bin.5.fbc2XSRR13077668.bin.33.fbc2 ,-0.1408798316064121,-0.1408798316064121,568.5497657363235,-0.0027066250067946,-1000.0,1000.0,809.6897302384643,-108.37240712770938,-5.283142549617651,-0.234799719344096,-0.0187027787973192,66.46920774593264,-500.0528333201337,-1000.0,-0.0092295912733106,-0.0751046747022883,-0.0751046747022883,431.4502342636765,-0.0014429332316012,999.8873357732804,-1000.0,72.60691399052484,-448.8573959869377,-2.8165046626654657,-0.1251744578372609,-0.0099706686299896,439.5112336692996,-2.714335370316689,1000.0,-0.0049204023196125, Competition,Healthy
SRR13077668.bin.33.fbc2XSRR13077668.bin.27.fbc2 ,-0.1040337891092804,-0.1040337891092804,597.6379347944267,-0.0019987279367796,-1000.0,999.8439393226964,0.0,-722.3239867184109,-3.901377021632584,-0.1733896485153536,-0.0138112100430589,709.3778327887478,-3.759853758855797,-999.8439393226964,-0.0068156622644437,-0.1176865526580286,-0.1176865526580286,402.3620652055733,-0.0022610288694977,0.0,0.0,-896.1728494376116,986.7785884649588,-4.41337008126402,-0.1961442544300098,-0.0156237094882953,-29.38668265818524,-400.5017697877506,0.0,-0.0077101084450532, Competition,Healthy
SRR13077668.bin.28.fbc2XSRR13077668.bin.25.fbc2 ,-0.0889151285794014,-0.0889151285794014,13.118013633635996,-0.001708263757564,0.0,0.0,864.035305148308,-252.49017917673572,-3.3344112762354143,-0.148191880965669,-0.011804102564497,460.4164204795736,-375.2606063128597,0.0,-0.0058251794131365,-0.0876109307133674,-0.0876109307133674,986.881986366364,-0.0016832071222552,-1000.0,1000.0,135.964694851692,-644.1040758135898,-3.2855024781437123,-0.1460182178556124,-0.0116309612147915,539.5835795204264,-500.1788912529533,-1000.0,-0.0057397362868414, Neutralism,Healthy
SRR13077668.bin.39.fbc2XSRR13077668.bin.7.fbc2 ,-0.0526373477674724,-0.0526373477674724,216.5879549943588,-0.0010112842991247,-1000.0,999.9210389219274,-1000.0,-115.72984632874454,-1.9739561619152253,-0.0877289129457494,-0.0069879745067282,0.0,-12.933709457027703,-999.9210389219272,-0.0034484794598483,-0.1154285702914421,-0.1154285702914421,783.4120450056412,-0.0022176478441906,1000.0,-1000.0,323.4158892270477,-884.2701536712555,-4.328693356559484,-0.192380950485699,-0.0153239466035302,1000.0,-401.1980310242891,1000.0,-0.0075621791487492, Amensalism,Healthy
SRR13077668.bin.9.fbc2XSRR13077668.bin.7.fbc2 ,-0.0939556789495554,-0.0939556789495554,216.5879549943584,-0.0018051043025479,-338.3559269393361,1000.0,0.0,-115.7298463287474,-3.523437241344709,-0.1565927982492212,-0.0124732707308794,0.0,-165.44625390115243,-1000.0,-0.0061554056718478,-0.1154285702914421,-0.1154285702914421,783.4120450056416,-0.0022176478441906,1000.0,-1000.0,323.41588922704705,-884.2701536712526,-4.328693356559484,-0.192380950485699,-0.0153239466035302,1000.0,-401.1980310242891,1000.0,-0.0075621791487492, Amensalism,Healthy
SRR13077668.bin.13.fbc2XSRR13077668.bin.40.fbc2 ,-0.0891224444217186,-0.0891224444217186,782.2179794718559,-0.0017122467708077,1000.0,-1000.0,1000.0,-138.49766291504147,-3.342185839388208,-0.1485374073696448,-0.0118316251864598,639.9680114420171,-386.6595551763776,1000.0,-0.0058387614885759,-0.0194229714190896,-0.0194229714190896,217.78202052814413,-0.0003731598735612,-767.150705482188,1000.0,-5.561636326991902,-519.642612698707,-0.7283819520077941,-0.0323716190317782,-0.0025785347263536,360.0319885579829,-58.251150914297455,-1000.0,-0.0012724751688892, Neutralism,Healthy
SRR13077668.bin.41.fbc2XSRR13077668.bin.28.fbc2 ,-0.1009766301079935,-0.1009766301079935,989.655605391168,-0.0019399928935399,-1000.0,999.8485253548732,-1000.0,917.9469992837558,-3.7867303286598144,-0.1682943835133983,-0.0134053508942315,62.639265635248194,-200.40440869651832,-999.8485253548736,-0.0066153757669553,-0.0887624201093331,-0.0887624201093331,10.344394608831749,-0.001705329877268,1000.0,-1000.0,780.4100378149521,-489.198734258759,-3.3286845472437108,-0.1479373668489643,-0.0117838294515877,937.3607343647518,-333.36662137253666,1000.0,-0.005815174881377, Neutralism,Healthy
SRR13077668.bin.19.fbc2XSRR13077668.bin.33.fbc2 ,-0.0939450035660911,-0.0939450035660911,513.0299573739385,-0.0018048992039894,-1000.0,1000.0,-308.34341488395467,-976.3688159142448,-3.523036903185698,-0.1565750059435231,-0.0124718534993917,103.6826586187526,-142.41389428317189,-1000.0,-0.0061547062855424,-0.0847692821482724,-0.0847692821482724,486.9700426260615,-0.0016286125293163,999.8728379337148,-1000.0,-691.6565851160453,-23.631184085755194,-3.178937654247534,-0.1412821369136736,-0.0112537125771723,473.7190702161624,-3.0636210297586786,1000.0,-0.0055535687247356, Competition,Healthy
SRR13077668.bin.5.fbc2XSRR13077668.bin.39.fbc2 ,-0.2033239207053156,-0.2033239207053156,978.5715337909296,-0.0039063193219135,-1000.0,1000.0,1000.0,-936.7613035414143,-7.624861874013618,-0.3388732011756019,-0.0269926665143884,-57.12640439552797,-178.01354381066153,-1000.0,-0.013320548887691,-0.0332340554998609,-0.0332340554998609,21.42846620907028,-0.0006385025071722,999.9501457242376,-1000.0,-821.3699758591345,-1.4125236026244463,-1.246312198884425,-0.055390092499806,-0.0044120523248238,19.057789405151997,-0.0553964775249369,1000.0,-0.0021772935496073, Amensalism,Healthy
SRR13077668.bin.39.fbc2XSRR13077668.bin.33.fbc2 ,-0.0329032778356577,-0.0329032778356577,28.39097547229721,-0.0006321475088952,-1000.0,999.950641922509,-830.729805155218,-8.57425100648561,-1.233907686951511,-0.0548387963928007,-0.0043681392861572,26.044526098619144,-0.0548451178678988,-999.9506419225088,-0.0021556230051373,-0.1691180654262325,-0.1691180654262325,971.6090245277028,-0.0032491463098267,999.746306656129,-1000.0,-169.27019484478205,-966.3872890017236,-6.342106156530576,-0.2818634423770163,-0.0224516010008528,945.3419293542344,-6.112044936819871,1000.0,-0.0110795889164592, Amensalism,Healthy
SRR13077668.bin.9.fbc2XSRR13077668.bin.28.fbc2 ,-0.1510307894626521,-0.1510307894626521,984.6550254014974,-0.0029016482125143,-28.409564189477123,1000.0,-1000.0,-978.6048249448596,-5.663814195501686,-0.2517179824377535,-0.0200503891486505,1000.0,-666.2575588500351,-1000.0,-0.0098946204047933,-0.0889151285794014,-0.0889151285794014,15.344974598502516,-0.001708263757564,1000.0,-1000.0,779.1558863479249,-21.39517505514027,-3.3344112762354143,-0.148191880965669,-0.011804102564497,-0.0360272826457048,-333.74244114996486,1000.0,-0.0058251794131365, Neutralism,Healthy
SRR13077668.bin.33.fbc2XSRR13077668.bin.40.fbc2 ,-0.1691037661753398,-0.1691037661753398,971.4423212719662,-0.0032488715884255,-0.2536718936208899,0.0,208.06379025077013,-966.051923487384,-6.341569919512381,-0.2818396102921952,-0.022449702675658,945.0083432646828,-6.111528151910875,0.0,-0.011078652116339,-0.0025470776502061,-0.0025470776502061,28.557678728033807,-4.893520940640883e-05,-941.1646228481784,1000.0,0.0,-2.5822111731373525,-0.0955181033184544,-0.0042451294169723,-0.000338142297096,40.51761726538302,-14.715621596969982,-1000.0,-0.0001668690640599, Amensalism,Healthy
SRR13077668.bin.19.fbc2XSRR13077668.bin.27.fbc2 ,-0.1047637085683845,-0.1047637085683845,556.3616427014135,-0.0020127513654415,1000.0,-1000.0,0.0,-1000.0,-3.928749772640231,-0.1746061809473076,-0.0139081119348247,133.6729393771575,-303.665113191644,1000.0,-0.0068634821559498,-0.1193278337307219,-0.1193278337307219,443.63835729858647,-0.0022925616470956,-1000.0,1000.0,-905.0136348343603,1000.0,-4.474919855790745,-0.1988797228844987,-0.015841600981389,-46.785772771476445,-400.5087675732823,-1000.0,-0.0078176352164973, Competition,Healthy
SRR13077668.bin.27.fbc2XSRR13077668.bin.7.fbc2 ,-0.1193779403760117,-0.1193779403760117,408.8379032755397,-0.002293524310744,-1000.0,1000.0,-359.7381430215669,989.7512490058308,-4.476798907936427,-0.1989632339599438,-0.015848252987439,-51.6822309485799,-400.5089812085721,-1000.0,-0.0078209178997212,-0.0883267985560678,-0.0883267985560678,591.1620967244603,-0.0016969605870826,1000.0,-1000.0,231.5582983228512,-682.7748554180622,-3.312348278685363,-0.1472113309267797,-0.0117259976565264,781.8282771977113,-301.37352150849847,1000.0,-0.0057866356017939, Competition,Healthy
SRR13077668.bin.40.fbc2XSRR13077668.bin.25.fbc2 ,-0.0194229714190896,-0.0194229714190896,217.78202052814456,-0.0003731598735612,-767.40516071224,1000.0,-5.943319172069096,-519.388157468655,-0.7283819520077941,-0.0323716190317782,-0.0025785347263536,360.0319885579829,-58.18753710678448,-1000.0,-0.0012724751688892,-0.0876109307133674,-0.0876109307133674,782.2179794718554,-0.0016832071222552,1000.0,-1000.0,-72.97199511389715,-480.611842531345,-3.2855024781437123,-0.1460182178556124,-0.0116309612147915,254.37029866977537,-460.4033251498327,1000.0,-0.0057397362868414, Neutralism,Healthy
SRR13077668.bin.5.fbc2XSRR13077668.bin.13.fbc2 ,-0.1769519564842312,-0.1769519564842312,964.5988318020528,-0.0033996533426261,-1000.0,1000.0,0.0,-1000.0,-6.635885349093428,-0.2949199274737566,-0.023491604597666,-44.46046243580588,65.26445408514019,-1000.0,-0.0115928178984177,-0.0862273796644785,-0.0862273796644785,35.4011681979473,-0.0016566259301953,0.0,0.0,1000.0,975.8954987608664,-3.233617851844997,-0.1437122994408355,-0.0114472851773825,92.6160908612692,-31.26594372110924,0.0,-0.0056490944218694, Amensalism,Healthy
SRR13077668.bin.7.fbc2XSRR13077668.bin.28.fbc2 ,-0.112961610420939,-0.112961610420939,893.9461213223049,-0.0021702518812389,-1000.0,1000.0,228.7973343789172,-978.6427039837384,-4.236179754638897,-0.1882693507016029,-0.014996440499658,1000.0,-390.328515960801,-1000.0,-0.0074005589151511,-0.0887577089928299,-0.0887577089928299,15.31780712322302,-0.0017052393658332,1000.0,-1000.0,771.2026656210828,-21.35729601626156,-3.32850787539644,-0.1479295149880499,-0.0117832040181156,0.0,-333.59717649421555,1000.0,-0.0058148662375288, Neutralism,Healthy
SRR13077668.bin.13.fbc2XSRR13077664.bin.2.fbc2 ,-0.0822786678647844,-0.0822786678647844,8.692126079990317,-0.0015807621107342,1000.0,-1000.0,1000.0,915.5024698561624,-3.085536986844545,-0.1371311131078982,-0.0109230661853416,31.86072573921706,-13.10889573099837,1000.0,-0.0053903987976582,-0.08433980317659,-0.08433980317659,991.3078739200096,-0.0016203612522076,-1000.0,999.764674935344,-888.7798802036644,-24.636914313320176,-3.162831738993077,-0.1405663386277638,-0.0111966962526821,968.1392742607828,-985.8146983789336,-999.764674935344,-0.0055254318699553, Neutralism,Healthy
SRR13077668.bin.9.fbc2XSRR13077668.bin.17.fbc2 ,-0.1262649949284195,-0.1262649949284195,501.3463171860767,-0.0024258404405372,-935.5182985996088,1000.0,-527.4148877709167,-46.32899183365271,-4.735070731038377,-0.2104416582139947,-0.0167625574439398,477.4888799474206,-512.5527539434468,-1000.0,-0.008272115902173,-0.0337140061747049,-0.0337140061747049,498.6536828139233,-0.0006477234616113,488.7075421703719,0.0,1000.0,-760.2358275878388,-1.2643108563414671,-0.0561900102911749,-0.0044757691194945,522.5111200525794,-487.4472460565533,0.0,-0.0022087370039116, Competition,Healthy
SRR13077668.bin.27.fbc2XSRR13077668.bin.40.fbc2 ,-0.1522204528155271,-0.1522204528155271,782.2830712385432,-0.0029245043768924,-1000.0,999.7716546982548,1000.0,61.33272798875305,-5.708427828325057,-0.2537007546926588,-0.0202083252440843,-79.07652195219589,-750.0448849753549,-999.7716546982548,-0.0099725599251314,-0.0194183122723643,-0.0194183122723643,217.7169287614568,-0.0003730703606379,0.0,-0.0291293337603519,-122.15875304371298,-286.63542385246683,-0.7282072290837505,-0.0323638537872739,-0.0025779161921946,360.00559428678025,-0.0443862534208392,0.0291293337603519,-0.0012721699298481, Amensalism,Healthy
SRR13077668.bin.19.fbc2XSRR13077668.bin.41.fbc2 ,-0.1299828934164679,-0.1299828934164679,611.535518547159,-0.0024972698063265,1000.0,-1000.0,-94.44376388977548,-1000.0,-4.874495852955306,-0.2166381556939995,-0.0172561343613324,191.9228483113734,-290.43549627397533,1000.0,-0.0085156900394167,-0.0397736574107057,-0.0397736574107057,388.464481452841,-0.0007641432739546,-1000.0,999.9403356931676,-905.5562361102244,1000.0,-1.4915541807799857,-0.0662894290177291,-0.0052802300232315,455.51598485090926,-262.4499952914183,-999.9403356931676,-0.0026057285642764, Amensalism,Healthy
SRR13077668.bin.19.fbc2XSRR13077668.bin.7.fbc2 ,-0.1071241236353444,-0.1071241236353444,554.5635720028495,-0.0020581003579991,-1000.0,1000.0,-495.7172911317692,-485.5340110456239,-4.017267831846766,-0.1785402060589831,-0.0142214734739809,190.72872660149687,-0.4844047907673712,-1000.0,-0.0070181222208702,-0.0665536134052899,-0.0665536134052899,445.4364279971505,-0.0012786477119561,1000.0,-1000.0,174.47752799027194,-514.4659889543761,-2.495830828321573,-0.1109226890088166,-0.0088354556893364,589.1020365340428,-227.0828012443402,1000.0,-0.0043601886976603, Competition,Healthy
SRR13077668.bin.5.fbc2XSRR13077668.bin.7.fbc2 ,-0.2013546839714308,-0.2013546839714308,957.5178367435057,-0.0038684857631778,-1000.0,1000.0,984.1590259531022,-871.7832422361055,-7.551013415645229,-0.3355911399523847,-0.0267312366232772,-93.04462615074692,-197.6417362309055,-1000.0,-0.0131915364522683,-0.006341877627392,-0.006341877627392,42.48216325649446,-0.0001218420293298,1000.0,-1000.0,15.84097404689794,-49.49348059182432,-0.237827112340824,-0.0105697960457291,-0.0008419284228011,56.205245642747286,-21.528761625315155,1000.0,-0.0004154813200329, Amensalism,Healthy
SRR13077668.bin.39.fbc2XSRR13077668.bin.25.fbc2 ,-0.0635055418985075,-0.0635055418985075,590.61116998128,-0.0012200872603216,-1000.0,999.904735586716,-1000.0,-579.811931901814,-2.3815249259920392,-0.1058425698307701,-0.0084308029686326,58.21720615719005,-104.75821299757422,-999.904735586716,-0.0041604975575637,-0.0876109307133674,-0.0876109307133674,409.38883001872,-0.0016832071222552,1000.0,-1000.0,489.7317733706359,-420.188068098186,-3.2855024781437123,-0.1460182178556124,-0.0116309612147915,-0.7342822750130154,-398.7367715700259,1000.0,-0.0057397362868414, Amensalism,Healthy
SRR13077668.bin.19.fbc2XSRR13077668.bin.40.fbc2 ,-0.1371641783855466,-0.1371641783855466,790.2301771977252,-0.0026352387777706,1000.0,-1000.0,-845.4524770890825,-981.3157783942388,-5.143801627590733,-0.2286069639759489,-0.0182094999547643,671.6085772067597,-467.820560541737,1000.0,-0.0089861642323967,-0.0187084005510769,-0.0187084005510769,209.7698228022748,-0.0003594313266148,-1000.0,999.9719356020169,-154.54752291091745,-18.684221605761195,-0.7015847893894716,-0.0311806675852039,-0.0024836704669723,328.3914227932403,-0.0303827300400598,-999.9719356020169,-0.0012256608238203, Neutralism,Healthy
SRR13077668.bin.9.fbc2XSRR13077668.bin.40.fbc2 ,-0.1425632808978889,-0.1425632808978889,824.2404678730873,-0.0027389679327143,-83.96793642881335,1000.0,-666.6666666666666,-811.5316183728381,-5.3462736769076855,-0.237605468163224,-0.0189262684150435,797.2668651645793,-724.9798294489898,-1000.0,-0.0093398806506002,-0.0156751799843277,-0.0156751799843277,175.75953212691277,-0.0003011561956327,999.9562630857037,0.0,229.1279927520088,-15.654921207041184,-0.5878358130029255,-0.0261252999738417,-0.0020809893120485,202.73313483542077,-251.75040804921755,0.0,-0.0010269426271634, Amensalism,Healthy
SRR13077668.bin.41.fbc2XSRR13077668.bin.25.fbc2 ,-0.101146302565553,-0.101146302565553,991.5985900343458,-0.001943252691035,-1000.0,999.8482708298882,-941.3331079095184,1000.0,-3.793093225106873,-0.1685771709426262,-0.0134278760946244,139.57533336030656,-627.7844834686862,-999.8482708298882,-0.0066264916762293,-0.0576943786001038,-0.0576943786001038,8.401409965654238,-0.0011084414716151,1000.0,-1000.0,66.06426449035462,-53.53732355346358,-2.1636001617868037,-0.0961572976668776,-0.007659330569254,36.772911119148375,-289.11855962991365,1000.0,-0.0037797854183736, Amensalism,Healthy
SRR13077668.bin.39.fbc2XSRR13077668.bin.40.fbc2 ,-0.068418903260067,-0.068418903260067,791.0442100752332,-0.0013144842124575,-1000.0,999.8973650726888,-1000.0,-693.384000845593,-2.5657811688845413,-0.114031505433445,-0.0090830859082871,29.524143537566488,-174.749918643495,-999.8973650726888,-0.004482391164629,-0.0186358007226772,-0.0186358007226772,208.9557899247668,-0.000358036517241,315.0378965714383,0.1026349273112146,0.0,-306.6159991544069,-0.6988622191107652,-0.0310596678712045,-0.0024740323341347,325.176766630638,-78.82238657430696,-0.1026349273112146,-0.0012209045238478, Neutralism,Healthy
SRR13077668.bin.17.fbc2XSRR13077668.bin.28.fbc2 ,-0.0660285994883906,-0.0660285994883906,988.2759047695343,-0.0012685609891605,0.0,97.11868936642033,218.44636027101933,-979.3120569708896,-2.476142251670467,-0.1100476658140223,-0.0087657564354231,1000.0,-617.8527998615759,-97.1186893664202,-0.0043257929731908,-0.0888535621768369,-0.0888535621768369,11.724095230465425,-0.0017070809255983,1000.0,-1000.0,781.5536397289807,-20.68794302911033,-3.332102471083317,-0.148089270294804,-0.0117959291958413,-0.387524440917673,-333.3666555530008,1000.0,-0.0058211459562471, Neutralism,Healthy
SRR13077668.bin.33.fbc2XSRR13077668.bin.17.fbc2 ,-0.1691073011645585,-0.1691073011645585,971.5671498598848,-0.0032489395036918,-1000.0,999.7463228035556,187.9883452281117,-963.4496234544898,-6.341702485344172,-0.2818455019410066,-0.0224501719701493,944.8817681396616,-6.111655908889588,-999.7463228035556,-0.0110788837074551,-0.0024841301874403,-0.0024841301874403,28.43285014011508,-4.772584418333281e-05,0.0,0.2536771964444142,0.0,-36.550376545510176,-0.0931575069490691,-0.0041402169789535,-0.0003297855829487,55.11823186033848,-4.994157718248289,-0.2536771964444142,-0.0001627451284775, Amensalism,Healthy
SRR13077668.bin.33.fbc2XSRR13077668.bin.28.fbc2 ,-0.1692132869003444,-0.1692132869003444,974.976840699539,-0.0032509757329535,-1000.0,999.7461638147706,170.669449420888,-978.60482494486,-6.345677062429218,-0.2820221448339453,-0.0224642423147543,965.1320238813736,-6.115486307364336,-999.7461638147709,-0.0110858272494169,-0.0889151285794014,-0.0889151285794014,14.476194358016071,-0.001708263757564,1000.0,-1000.0,780.6589363802634,-21.39517505513993,-3.3344112762354143,-0.148191880965669,-0.011804102564497,-1.773587763618707,-333.3666786418803,1000.0,-0.0058251794131365, Neutralism,Healthy
SRR13077668.bin.41.fbc2XSRR13077668.bin.17.fbc2 ,-0.0989409462672483,-0.0989409462672483,966.3442058982952,-0.0019008827332527,-1000.0,999.8515790761852,566.6142903399814,0.0,-3.710390033574072,-0.1649015771121185,-0.0131350996870196,97.50600937974195,-380.0527127743226,-999.8515790761854,-0.0064820101205214,-0.0029404499970269,-0.0029404499970269,33.65579410170494,-5.649279535191454e-05,988.064485462124,0.1484209238145695,433.3857096600186,-1000.0,-0.1102699819911094,-0.0049007499950448,-0.0003903652157077,902.493990620258,-619.9472872256774,-0.1484209238145695,-0.0001926404320329, Amensalism,Healthy
SRR13077668.bin.39.fbc2XSRR13077668.bin.19.fbc2 ,-0.0367439335993822,-0.0367439335993822,18.093969469236526,-0.0007059353237082,-1000.0,999.9448805699242,-841.9937843013146,4.035874601804267,-1.3779363364214987,-0.0612398893323415,-0.004878013086909,13.908838961937931,-0.061246948685607,-999.9448805699242,-0.0024072394538734,-0.1369555710616623,-0.1369555710616623,981.9060305307636,-0.0026312309521472,1000.0,-1000.0,-158.00621569868542,-1000.0,-5.135978632514593,-0.2282592851028084,-0.0181818058796352,319.5324084396068,-97.33388376390565,1000.0,-0.0089724975470062, Amensalism,Healthy
SRR13077668.bin.39.fbc2XSRR13077668.bin.27.fbc2 ,-0.0340207590038517,-0.0340207590038517,15.304164905957464,-0.0006536168876891,-1000.0,999.94896559341,-817.3729284924633,5.185587229458406,-1.2758144115711048,-0.0567012650063816,-0.0045164926938241,12.878023989081044,-0.0567078011752073,-999.94896559341,-0.0022288335869689,-0.1679714549952677,-0.1679714549952677,984.6958350940426,-0.0032271172909759,0.0,-0.2519733180793082,717.1108861196549,-76.5045919225023,-6.299107053771877,-0.279952424992075,-0.0222993804806037,-53.89231014933546,-889.5495984453954,0.2519733180793082,-0.0110044699622449, Amensalism,Healthy
SRR13077668.bin.5.fbc2XSRR13077668.bin.41.fbc2 ,-0.2029333004637692,-0.2029333004637692,969.006841113538,-0.0038988146102383,1000.0,-1000.0,1000.0,-334.96067894636,-7.610213202193336,-0.3382221674395396,-0.0269408089568514,-91.40759157296873,-619.9875694927937,1000.0,-0.0132949578210173,-0.0031732921347611,-0.0031732921347611,30.99315888646197,-6.09662273518552e-05,-1000.0,999.9952397569668,-1000.0,1000.0,-0.1190018081956623,-0.005288820224564,-0.0004212766311866,261.18742137002414,-380.0124305072063,-999.9952397569668,-0.0002078948352846, Amensalism,Healthy
SRR13077668.bin.27.fbc2XSRR13077668.bin.17.fbc2 ,-0.1267574630850276,-0.1267574630850276,484.1480000272927,-0.0024353018844749,-1000.0,1000.0,-759.9167977309496,976.5309226806188,-4.75353880729017,-0.2112624384749324,-0.0168279360215137,-65.84883389085303,-457.6352824127415,-1000.0,-0.0083043794259083,-0.0450691196643902,-0.0450691196643902,515.8519999727073,-0.0008658812615749,0.0,-0.0676080089028801,-240.0832022690504,-1000.0,-1.6901396108847848,-0.0751151994406882,-0.0059832395173771,1000.0,-4.054775830441599,0.0676080089028801,-0.0029526551019216, Competition,Healthy
SRR13077668.bin.17.fbc2XSRR13077668.bin.25.fbc2 ,-0.0488029450083331,-0.0488029450083331,600.0119296856312,-0.0009376166187848,0.0,56.88170881450856,-123.86708408141249,-588.9051403466981,-1.8301620067267093,-0.0813382416805552,-0.0064789308358967,1000.0,-602.5098769990682,-56.88170881450856,-0.0031972726701496,-0.087255628430853,-0.087255628430853,399.9880703143688,-0.0016763809496751,1000.0,-1000.0,486.7910647129595,-411.0948596533019,-3.272178267110121,-0.1454260473848307,-0.0115837923623303,-0.7313044254887018,-397.4901230009318,1000.0,-0.0057164590384672, Amensalism,Healthy
SRR13077668.bin.33.fbc2XSRR13077668.bin.9.fbc2 ,-0.1691180654262325,-0.1691180654262325,971.6090245277028,-0.0032491463098267,-1000.0,999.746306656129,0.0,-47.1451454469784,-6.342106156530576,-0.2818634423770163,-0.0224516010008528,945.3419293542344,-6.112044936819871,-999.7463066561291,-0.0110795889164592,-0.0864888932127314,-0.0864888932127314,28.39097547229721,-0.0016616502058468,950.4547577887922,0.2536933438708502,1000.0,-952.8548545530216,-3.24342488623779,-0.1441481553545145,-0.0114820029222073,26.5960775364772,-237.7095481951833,-0.2536933438708502,-0.0056662272018002, Amensalism,Healthy
SRR13077668.bin.9.fbc2XSRR13077668.bin.41.fbc2 ,-0.0847996825639256,-0.0847996825639256,8.305517995232321,-0.0016291965910113,999.6116500474186,0.1517417316637193,-1000.0,-314.85930376992565,-3.180077701960272,-0.1413328042732473,-0.0112577484441089,-5.0631478879817,-249.97264986222785,-0.1517417316637193,-0.0055555603754555,-0.1011546763971864,-0.1011546763971864,991.6944820047676,-0.0019434135715528,-1000.0,999.8482582683364,0.0,1000.0,-3.793407252641714,-0.1685911273286819,-0.0134289877790934,38.132504366776175,-487.81472908832257,-999.8482582683364,-0.0066270402788859, Amensalism,Healthy
SRR13077668.bin.13.fbc2XSRR13077668.bin.19.fbc2 ,-0.0891224444217186,-0.0891224444217186,80.89175503317165,-0.0017122467708077,-1000.0,1000.0,1000.0,976.3327716108886,-3.342185839388208,-0.1485374073696448,-0.0118316251864598,162.9554402461711,-57.93318236124958,-1000.0,-0.0058387614885759,-0.1408554697552517,-0.1408554697552517,919.1082449668284,-0.002706156959789,0.0,0.0,0.0,-1000.0,-5.282228954456286,-0.2347591162588287,-0.0186995445918682,290.93558899685786,-248.63511066875856,0.0,-0.0092279952327771, Neutralism,Healthy
SRR13077668.bin.5.fbc2XSRR13077668.bin.9.fbc2 ,-0.2029333004637692,-0.2029333004637692,969.0068411135384,-0.0038988146102383,1000.0,-1000.0,1000.0,-897.818963469075,-7.610213202193336,-0.3382221674395396,-0.0269408089568514,-57.016654741817206,-197.84385610075697,1000.0,-0.0132949578210173,-0.0867077399050231,-0.0867077399050231,30.993158886461515,-0.0016658547532415,-627.4108380731493,1000.0,0.0,267.42601630703484,-3.2516318684511134,-0.1445128998417431,-0.011511056344716,14.609960486429031,-93.17980796649545,-1000.0,-0.0056805647084274, Amensalism,Healthy
SRR13077668.bin.13.fbc2XSRR13077668.bin.25.fbc2 ,-0.0891224444217186,-0.0891224444217186,107.3664244638644,-0.0017122467708077,0.0,0.0,1000.0,923.2787413326693,-3.342185839388208,-0.1485374073696448,-0.0118316251864598,215.90477910755635,-75.58296198171138,0.0,-0.0058387614885759,-0.0876109307133674,-0.0876109307133674,892.6335755361356,-0.0016832071222552,-1000.0,1000.0,-169.4034457392239,-524.6581006572991,-3.2855024781437123,-0.1460182178556124,-0.0116309612147915,768.9267951463426,-500.1788912529533,-1000.0,-0.0057397362868414, Neutralism,Healthy
SRR13077668.bin.39.fbc2XSRR13077668.bin.9.fbc2 ,-0.015897924123351,-0.015897924123351,325.30265145285125,-0.0003054356219536,-1000.0,999.9761515866368,-315.60342721179586,-315.03512758485385,-0.5961889535834644,-0.0264965402054713,-0.0021105601477984,5.326788084012605,-0.0264995945617556,-999.9761515866368,-0.0010415354709039,-0.1399650917220469,-0.1399650917220469,674.6973485471487,-0.0026890507535881,0.0,-0.2099610828367986,-524.0523602630108,-319.3400164694674,-5.248838837367543,-0.2332751528700782,-0.0185813407069872,994.6732119159874,-4.478251008177836,0.2099610828367986,-0.0091696630695423, Amensalism,Healthy
SRR13077668.bin.41.fbc2XSRR13077668.bin.40.fbc2 ,-0.0989409462672483,-0.0989409462672483,966.3442058982952,-0.0019008827332527,-0.1484209238145695,0.0,-1000.0,-68.99796131841981,-3.710390033574072,-0.1649015771121185,-0.0131350996870196,99.94111972442327,-182.12192406601707,0.0,-0.0064820101205214,-0.0030017818245369,-0.0030017818245369,33.65579410170494,-5.767112054400059e-05,-930.6613342710508,1000.0,0.0,-3.043187382205588,-0.1125699903302575,-0.0050029697074478,-0.0003985074430374,47.750820266661776,-17.342653626117,-1000.0,-0.0001966585210766, Amensalism,Healthy
SRR13077668.bin.13.fbc2XSRR13077668.bin.17.fbc2 ,-0.0881961626211023,-0.0881961626211023,87.4457674167893,-0.0016944507708558,1000.0,-1000.0,1000.0,934.8828406711624,-3.3074492930834367,-0.1469936043685038,-0.0117086548264069,111.3058412348505,-66.13735775044347,1000.0,-0.0057780771285251,-0.0602000563108049,-0.0602000563108049,912.5542325832108,-0.0011565812932303,-1000.0,999.9096941326276,0.0,-1000.0,-2.2575657236255893,-0.100333427184637,-0.0079919767359797,888.6941587651495,-283.4677791157793,-999.9096941326274,-0.0039439422098439, Neutralism,Healthy
SRR13077668.bin.13.fbc2XSRR13077668.bin.33.fbc2 ,-0.084117069187414,-0.084117069187414,25.19575855073799,-0.0016160820208597,-1000.0,1000.0,1000.0,936.851903405524,-3.1544789790374352,-0.1401951153122809,-0.0111671267643487,58.4006151626013,-19.851144601617648,-1000.0,-0.0055108396912828,-0.1691989715433237,-0.1691989715433237,974.804241449262,-0.0032507007020967,999.7461852891817,-1000.0,-791.8190698997627,-969.4108088723976,-6.345140221412862,-0.2819982859055017,-0.0224623418514511,941.5993848373988,-6.114968940367476,1000.0,-0.0110848893940556, Neutralism,Healthy
SRR13077668.bin.27.fbc2XSRR13077668.bin.28.fbc2 ,-0.1650049944473721,-0.1650049944473721,986.881986366364,-0.0031701247731916,-1000.0,999.7524766577052,217.98288289535617,460.208275232822,-6.187861648639114,-0.2750083240789536,-0.0219055621830648,-101.04651226983242,-666.6333213581197,-999.7524766577052,-0.0108101254767234,-0.0889151285794014,-0.0889151285794014,13.118013633635996,-0.001708263757564,1000.0,-1000.0,782.0171171046438,-520.0369943307593,-3.3344112762354143,-0.148191880965669,-0.011804102564497,995.5100507876208,-333.3666786418803,1000.0,-0.0058251794131365, Neutralism,Healthy
SRR13077668.bin.41.fbc2XSRR13077668.bin.27.fbc2 ,-0.0587707614569126,-0.0587707614569126,574.0068894902638,-0.001129121257577,-1000.0,999.9118382122084,-171.89974187463758,22.549464451552357,-2.203965656303353,-0.0979512690948922,-0.007802227889897,626.6477417333008,-416.64761745011697,-999.9118382122084,-0.0038503034883206,-0.1217905957232687,-0.1217905957232687,425.9931105097362,-0.0023398769591267,0.0,0.0,-828.1002581253624,977.4505355484476,-4.567276032856398,-0.2029843262055237,-0.0161685497877215,-63.268611662536046,-400.5192678346496,0.0,-0.007978980430721, Competition,Healthy
SRR13077668.bin.13.fbc2XSRR13077668.bin.41.fbc2 ,-0.0860034848091118,-0.0860034848091118,32.228778461833826,-0.0016523243959909,1000.0,-1000.0,1000.0,975.6158133636166,-3.225221558184103,-0.1433391413485196,-0.0114175615759677,86.21467059327279,-29.13111414391767,1000.0,-0.0056344261902268,-0.0990655613801436,-0.0990655613801436,967.7712215381662,-0.0019032768757369,-1000.0,999.8513921415454,-815.4694837816323,24.384186636383447,-3.7150632319838905,-0.165109268966944,-0.0131516432111311,134.8088475381685,-320.39691172490654,-999.8513921415454,-0.0064901741461653, Neutralism,Healthy
SRR13077668.bin.17.fbc2XSRR13077668.bin.40.fbc2 ,-0.053912053296699,-0.053912053296699,820.1966747838303,-0.0010357743188933,482.3584303143946,0.0,775.3342935014075,-860.3176800449935,-2.021758966213952,-0.0898534221611271,-0.0071572005433608,789.947760793154,-701.8921623448311,0.0,-0.003531990427291,-0.0160358271920131,-0.0160358271920131,179.8033252161697,-0.0003080850565311,-0.044743192758915,1000.0,224.6657064985925,-16.015102310300676,-0.60136046438015,-0.0267263786533931,-0.0021288677405664,210.052239206846,-250.0208704519416,-1000.0,-0.0010505700427074, Competition,Healthy
SRR13077668.bin.33.fbc2XSRR13077668.bin.41.fbc2 ,-0.1691037661753398,-0.1691037661753398,971.4423212719662,-0.0032488715884255,-1000.0,999.7463281063792,193.73485328686115,-951.7229865234732,-6.341569919512381,-0.2818396102921952,-0.022449702675658,945.0083432646828,-6.111528151910875,-999.7463281063792,-0.011078652116339,-0.0029239309753847,-0.0029239309753847,28.557678728033807,-5.61754269483572e-05,0.0,-0.0043861773402795,806.2651467131388,582.3144122522347,-0.1096505012269517,-0.0048732182923458,-0.0003881722005871,54.99165673531729,-164.9981232878623,0.0043861773402795,-0.0001915582060973, Amensalism,Healthy
SRR13077668.bin.13.fbc2XSRR13077668.bin.27.fbc2 ,-0.0881800546474096,-0.0881800546474096,214.24694583572068,-0.0016941412997084,1000.0,-1000.0,1000.0,577.800404653035,-3.30684522705144,-0.1469667577457585,-0.0117065163806273,261.56989789206204,-24.515554865445324,1000.0,-0.0057770218318182,-0.151342511468556,-0.151342511468556,785.7530541642793,-0.0029076371079099,-1000.0,999.7729716946116,0.0,422.199595346965,-5.675504100111198,-0.25223751911426,-0.0200917724158671,-53.47827936231329,-696.5582982809366,-999.7729716946116,-0.0099150425380685, Amensalism,Healthy
SRR13077668.bin.5.fbc2XSRR13077668.bin.27.fbc2 ,-0.1458437847916229,-0.1458437847916229,597.6367850195334,-0.0028019939441037,1000.0,-1000.0,845.8027199049172,-165.04400619344165,-5.469296039351889,-0.2430729746527049,-0.0193617781538932,120.68387480784668,-500.0546949217893,1000.0,-0.0095547993494164,-0.1177438385632285,-0.1177438385632285,402.3632149804666,-0.0022621294632472,-1000.0,1000.0,-908.6200069258864,1000.0,-4.415518363243223,-0.1962397309388279,-0.0156313145912463,-29.4009871193166,-400.5020140326187,-1000.0,-0.0077138614697105, Competition,Healthy
SRR13077668.bin.13.fbc2XSRR13077668.bin.9.fbc2 ,-0.0874487486105408,-0.0874487486105408,77.72063705578284,-0.0016800912317194,1000.0,-1000.0,1000.0,932.1626745568389,-3.279420477914414,-0.1457479143509772,-0.0116094304111129,101.23985665587816,-59.58749629726833,1000.0,-0.0057291111000949,-0.1475866742762264,-0.1475866742762264,922.2793629442172,-0.002835478852603,-0.411796593758595,1000.0,-907.4216424454346,-982.7370376497892,-5.5346562366947865,-0.2459777904603015,-0.0195931588712028,898.7601433441218,-249.9523993987625,-1000.0,-0.0096689828872058, Neutralism,Healthy
SRR13077668.bin.5.fbc2XSRR13077664.bin.2.fbc2 ,-0.2029333004637692,-0.2029333004637692,969.0068411135384,-0.0038988146102383,1000.0,-1000.0,1000.0,-897.8189634690777,-7.610213202193336,-0.3382221674395396,-0.0269408089568514,-91.40759157297056,-197.8438561007555,1000.0,-0.0132949578210173,-0.002663000833877,-0.002663000833877,30.993158886461515,-5.11623599095401e-05,-1000.0,999.9925696904688,-997.6907196064968,-0.7258076562779934,-0.0998653451990776,-0.0044383347230905,-0.0003535319070806,30.969140716597398,-30.78699376186819,-999.9925696904688,-0.0001744636473404, Amensalism,Healthy
SRR13077668.bin.9.fbc2XSRR13077668.bin.27.fbc2 ,-0.0860386154795378,-0.0860386154795378,23.03697520614992,-0.0016529993367839,-710.6683328974585,1000.0,-795.572885853367,63.92783976146097,-3.2265389954450256,-0.1433976924658964,-0.0114222254171636,609.9582946175283,-72.36518332268929,-1000.0,-0.0056367277384197,-0.1688475931181301,-0.1688475931181301,976.96302479385,-0.0032439499158272,-0.2532876094267067,0.0,-204.42711414663304,936.072160238539,-6.3319631591745065,-0.2814126551968456,-0.0224156939182194,-98.19728350660864,-770.3028343217622,0.0,-0.0110618692128809, Amensalism,Healthy
SRR13077668.bin.7.fbc2XSRR13077668.bin.40.fbc2 ,-0.1154285702914421,-0.1154285702914421,899.1418913343864,-0.0022176478441906,1000.0,-1000.0,323.415889227048,-1000.0,-4.328693356559484,-0.192380950485699,-0.0153239466035302,1000.0,-401.1980310242891,1000.0,-0.0075621791487492,0.0,0.0,0.0,0.0,-1000.0,1000.0,0.0,0.0,0.0,0.0,0.0,0.0,0.0,-1000.0,0.0, Amensalism,Healthy
SRR13077668.bin.5.fbc2XSRR13077668.bin.25.fbc2 ,-0.1823292834994845,-0.1823292834994845,841.4464228819575,-0.0035029641402388,0.0,0.0,923.2370981771714,-528.9406696087542,-6.837540794260349,-0.3038821391659212,-0.0242054822090267,-47.50173504588781,-346.0459702030562,0.0,-0.0119451077182475,-0.0670363183995732,-0.0670363183995732,158.55357711804254,-0.0012879215830707,-1000.0,1000.0,76.76290182282855,-110.34443987338466,-2.5139327756694456,-0.1117271973325841,-0.0088995381390759,239.65587980005148,-324.9928058103833,-1000.0,-0.0043918125983282, Competition,Healthy
SRR13077668.bin.9.fbc2XSRR13077668.bin.25.fbc2 ,-0.140832751353173,-0.140832751353173,674.5633475316056,-0.0027057204871425,0.0,665.4651072503711,140.57750383816733,-656.8065451895409,-5.2813769903721095,-0.2347212522553263,-0.0186965285657834,994.0767706369306,-166.41909247650085,-665.4651072503711,-0.0092265068609549,-0.0816370247648592,-0.0816370247648592,325.4366524683944,-0.0015684346736861,1000.0,-1000.0,407.02907095114665,-343.1934548104591,-3.0614746925897407,-0.1360617079415078,-0.0108378835950588,5.923229363069254,-376.823075786132,1000.0,-0.0053483622372141, Neutralism,Healthy
SRR13077668.bin.5.fbc2XSRR13077668.bin.17.fbc2 ,-0.2029333004637692,-0.2029333004637692,969.006841113538,-0.0038988146102383,1000.0,-1000.0,1000.0,-513.1590514854289,-7.610213202193336,-0.3382221674395396,-0.0269408089568514,-91.40759157296964,-486.3387900884918,1000.0,-0.0132949578210173,-0.0027078200466803,-0.0027078200466803,30.99315888646197,-5.20234399346009e-05,-822.0327116790183,1000.0,0.0,-208.58966106449884,-0.1015461130386938,-0.0045130334110581,-0.0003594819696672,1000.0,-513.6612099115082,-1000.0,-0.0001773999300667, Amensalism,Healthy
SRR13077668.bin.39.fbc2XSRR13077664.bin.2.fbc2 ,-0.0477189361870387,-0.0477189361870387,13.380708418562335,-0.0009167903206162,999.9284170117678,-1000.0,-949.2042054821846,15.35907291698345,-1.7895105304821757,-0.0795315603118069,-0.0063350211153192,18.06325381752231,-0.0795407282149653,1000.0,-0.0031262549932762,-0.0847725140182547,-0.0847725140182547,986.6192915814376,-0.0016286746208606,-1000.0,999.7634675848057,1000.0,-21.91746932715057,-3.17905885278833,-0.1412875233637578,-0.011254141630502,981.9367461824776,-979.0992499174212,-999.7634675848057,-0.0055537804572622, Amensalism,Healthy
SRR13077668.bin.19.fbc2XSRR13077668.bin.25.fbc2 ,-0.1278628401099695,-0.1278628401099695,672.969262027284,-0.0024565387149095,-1000.0,1000.0,-577.4204408068638,-743.7204056354558,-4.794991613754519,-0.2131047335167295,-0.0169746825198444,215.4236370296269,-0.2610809346184624,-1000.0,-0.0083767970177177,-0.080191374340643,-0.080191374340643,327.030737972716,-0.0015406604100007,0.0,0.0,326.0334874387568,-256.2795943645442,-3.0072612740970044,-0.1336522905677384,-0.0106459634331486,79.91617033208286,-365.2169635243275,0.0,-0.0052536519981458, Amensalism,Healthy
SRR13077668.bin.13.fbc2XSRR13077668.bin.39.fbc2 ,-0.0891224444217186,-0.0891224444217186,80.8917550331712,-0.0017122467708077,-1000.0,1000.0,1000.0,976.3327716108896,-3.342185839388208,-0.1485374073696448,-0.0118316251864598,162.95544024616902,-57.93318236124901,-1000.0,-0.0058387614885759,-0.070971762143813,-0.070971762143813,919.1082449668288,-0.0013635304926538,999.8935355391318,-1000.0,-1000.0,-876.3639365644744,-2.6615160745701587,-0.1182862702396505,-0.0094219957044288,38.827282165559154,-201.10780012003968,1000.0,-0.0046496389800267, Neutralism,Healthy
SRR13077668.bin.13.fbc2XSRR13077668.bin.7.fbc2 ,-0.0853262704501958,-0.0853262704501958,198.3796206639672,-0.0016393135533689,-1000.0,1000.0,1000.0,719.0475910029386,-3.199825304128808,-0.1422104507503263,-0.0113276566534068,30.40114634758902,-13.594449344822465,-1000.0,-0.0055900592168427,-0.1035585255020805,-0.1035585255021942,801.6203793360328,-0.001989597031752,1000.0,-1000.0,0.0,-835.5044464286182,-3.883554134167639,-0.1725975425035812,-0.0137481154893066,969.598853652411,-355.12179568907175,1000.0,-0.0067845258782881, Amensalism,Healthy
SRR13077668.bin.19.fbc2XSRR13077668.bin.9.fbc2 ,-0.1375095166529263,-0.1375095166529263,799.1395538817051,-0.0026418735187689,1000.0,-1000.0,-591.4949619909968,-1000.0,-5.15675217752937,-0.2291825277549151,-0.0182553460148255,259.77189777399553,-0.6218045607497515,1000.0,-0.0090087886990204,-0.1009937789856394,-0.1009937789856394,200.86044611829493,-0.0019403223628842,-765.732361561938,1000.0,475.8836499688259,0.0,-3.787373429691911,-0.1683229649761415,-0.0134076275271581,740.2281022260045,-58.604784702038046,-1000.0,-0.0066164992572339, Amensalism,Healthy
SRR13077668.bin.39.fbc2XSRR13077668.bin.41.fbc2 ,-0.0471486380392889,-0.0471486380392889,0.0204931621191235,-0.000905833583829,-1000.0,999.9292725137732,-1000.0,78.56634945491419,-1.7681237473193503,-0.0785810633988148,-0.0062593100643653,20.345592968371648,-0.0785901217345781,-999.9292725137732,-0.0030888925209637,-0.1015875322189003,-0.1015875322189003,999.9795068378808,-0.001951729725647,0.0,-0.1523910569769668,628.8668433785729,921.4336505450858,-3.809639803343998,-0.1693125536982052,-0.0134864524040949,288.893590204872,-421.8369935183087,0.1523910569769668,-0.0066553983643871, Amensalism,Healthy
SRR13077668.bin.40.fbc2XSRR13077668.bin.28.fbc2 ,-0.0194229714190896,-0.0194229714190896,217.78202052814413,-0.0003731598735612,-1000.0,999.970863677072,-122.12807936238846,-286.7641818579659,-0.7283819520077941,-0.0323716190317782,-0.0025785347263536,360.0319885579827,-0.031543204112495,-999.970863677072,-0.0012724751688892,-0.0889151285794014,-0.0889151285794014,14.47619435801721,-0.001708263757564,1000.0,-1000.0,946.94144584603,-21.39517505513993,-3.3344112762354143,-0.148191880965669,-0.011804102564497,-1.7735877636166606,-416.6998696199005,1000.0,-0.0058251794131365, Neutralism,Healthy
SRR13077668.bin.39.fbc2XSRR13077668.bin.28.fbc2 ,-0.0716669415924116,-0.0716669415924116,986.881986366364,-0.0013768864859002,-1000.0,999.892492703179,-1000.0,-943.71899081512,-2.6875860384704997,-0.1194449026539814,-0.0095142856176835,58.79791249647246,-222.6679933640676,-999.8924927031792,-0.0046951829169756,-0.0889151285794014,-0.0889151285794014,13.118013633635996,-0.001708263757564,1000.0,-1000.0,782.0171171046438,-21.395175055140044,-3.3344112762354143,-0.148191880965669,-0.011804102564497,941.2020875035277,-333.3666786418803,1000.0,-0.0058251794131365, Neutralism,Healthy
SRR13077668.bin.41.fbc2XSRR13077668.bin.7.fbc2 ,-0.0239762261661553,-0.0239762261661553,234.17288907217423,-0.0004606383508871,-1000.0,999.964033357559,-1000.0,1000.0,-0.8991338163392584,-0.0399603769435543,-0.0031830110049213,0.0,-2.3887146386369977,-999.9640333575592,-0.0015707767767025,-0.1142300882853533,-0.1142300882853533,765.8271109278257,-0.0021946222533415,1000.0,-1000.0,296.42440218374963,-884.0186026340184,-4.2837490149229325,-0.1903834804754751,-0.0151648397704775,1000.0,-388.8916186970664,1000.0,-0.0074836618838389, Amensalism,Healthy
SRR13077668.bin.5.fbc2XSRR13077668.bin.19.fbc2 ,-0.1328409986451788,-0.1328409986451788,526.0901191395151,-0.0025521805695234,-1000.0,1000.0,747.8663456520326,-20.381476165213485,-4.981677819125821,-0.2214016644086314,-0.0176355677356241,-28.23309328526761,-500.04981856471767,-1000.0,-0.0087029357421215,-0.0873472039304488,-0.0873472039304488,473.9098808604849,-0.0016781403252252,0.0,0.0,-1000.0,-979.6185238347864,-3.2756124451116198,-0.1455786732175283,-0.0115959496475852,1000.0,-499.95018143528233,0.0,-0.0057224585092399, Competition,Healthy
SRR13077668.bin.19.fbc2XSRR13077668.bin.17.fbc2 ,-0.1279143534512741,-0.1279143534512741,672.4346282966492,-0.0024575284044203,1000.0,-1000.0,-77.51877854474299,-746.0791983344265,-4.7969234184832885,-0.2131905890853431,-0.0169815212747153,215.5551912473136,-250.26118611882407,1000.0,-0.0083801718591303,-0.028618834347867,-0.028618834347867,327.5653717033508,-0.0005498335128777,-1000.0,999.9570689993106,-129.6650169291048,-253.92080166557355,-1.0732365288868095,-0.0476980572464071,-0.0037993495743648,784.4448087526864,-500.0,-999.9570689993106,-0.0018749322790654, Competition,Healthy
SRR13077668.bin.7.fbc2XSRR13077668.bin.25.fbc2 ,-0.1060560860294117,-0.1060560860294117,730.7450387670765,-0.0020375809035613,-1000.0,1000.0,361.8120767101602,-796.9717740591632,-3.9772152930523816,-0.1767601433823529,-0.0140796840435086,914.072910854146,-383.4149315198481,-1000.0,-0.006948150881044,-0.0758198432483823,-0.0758198432483823,269.2549612329235,-0.0014566732612593,1000.0,-1000.0,263.46128841392465,-203.0282259408368,-2.84332423884382,-0.1263664054139326,-0.0100656122352802,85.92708914585387,-349.1696116410535,1000.0,-0.0049672558209294, Amensalism,Healthy
SRR13077668.bin.5.fbc2XSRR13077668.bin.40.fbc2 ,-0.2029333004637692,-0.2029333004637692,969.006841113538,-0.0038988146102383,1000.0,-1000.0,1000.0,-912.0217862641356,-7.610213202193336,-0.3382221674395396,-0.0269408089568514,-48.79912318778474,-197.84385610075677,1000.0,-0.0132949578210173,-0.0027642996848271,-0.0027642996848271,30.99315888646197,-5.310854339768412e-05,-935.87345345909,1000.0,0.0,-2.616559152271975,-0.1036641591522311,-0.0046071661414544,-0.0003669800349825,44.15826208548037,-16.03899193245286,-1000.0,-0.0001811001330906, Amensalism,Healthy
SRR13077668.bin.33.fbc2XSRR13077668.bin.7.fbc2 ,-0.1688604411763208,-0.1688604411763208,969.7567219026852,-0.0032441967565546,-1000.0,999.7466931172517,-1000.0,-965.0699022405572,-6.33244497493547,-0.2814340686272771,-0.0224173995875389,960.23108105549,-5.239388575753651,-999.7466931172517,-0.0110627109396546,-0.0045187131363491,-0.0045187131363491,30.243278097314946,-8.681485371653253e-05,1000.0,-1000.0,11.617641838067923,-34.930097759442674,-0.1694565174298077,-0.0075311885606197,-0.0005998906392505,39.768918944510006,-15.417976342953692,1000.0,-0.0002960386511858, Amensalism,Healthy
SRR13077668.bin.13.fbc2XSRR13077668.bin.28.fbc2 ,-0.0891224444217186,-0.0891224444217186,985.0815887392314,-0.0017122467708077,-1000.0,1000.0,335.8188343945858,210.92357527082004,-3.342185839388208,-0.1485374073696448,-0.0118316251864598,973.9260418125382,-599.3513077906082,-1000.0,-0.0058387614885759,-0.0864434441997445,-0.0864434441997445,14.91841126076872,-0.0016607770259042,0.0,0.0,664.1811656054142,-20.80042677293693,-3.2417205002267337,-0.1440724069996122,-0.0114759692492043,26.07395818746181,-333.59029705867056,0.0,-0.0056632496584825, Neutralism,Healthy
SRR13077670.bin.32.fbc2XSRR13077670.bin.12.fbc2 ,-0.0881213361554955,-0.0881213361554955,28.253613476337705,-0.0016930131826029,-1000.0,1000.0,221.2379679134692,71.38553769119017,-3.304643221554897,-0.1468688935924547,-0.011698721091875,49.00822906561325,-499.8705514571408,-1000.0,-0.0057731749527647,-0.0627384576174563,-0.0627384576174563,971.7463865236624,-0.0012053498101067,1000.0,-1000.0,778.7620320865308,928.6144623088098,-2.352758454893092,-0.1045640960290938,-0.0083289671880493,-1.6152290130688698,-500.1294485428592,1000.0,-0.0041102428525618, Neutralism,Healthy
SRR13077670.bin.5.fbc2XSRR13077670.bin.15.fbc2 ,-0.0847840500563279,-0.0847840500563279,9.001769372267859,-0.001628896254715,0.0,0.0,-462.75299686254766,989.8130294238608,-3.179491466407967,-0.1413067500939178,-0.0112556731198765,274.5424807957017,-484.6590260652388,0.0,-0.0055545362284874,-0.0906827838691697,-0.0906827838691697,990.998230627732,-0.0017422244739009,-1000.0,1000.0,-537.2470031374523,-141.02141009990635,-3.4007002174382706,-0.1511379731151692,-0.0120387711150442,13.29643069600911,-362.3919121291984,-1000.0,-0.0059409854561636, Neutralism,Healthy
SRR13077670.bin.15.fbc2XSRR13077670.bin.26.fbc2 ,-0.0906827838691697,-0.0906827838691697,36.13894484091179,-0.0017422244739009,1000.0,-1000.0,158.75734402949183,-28.241075433354357,-3.4007002174382706,-0.1511379731151692,-0.0120387711150442,10.366026553069103,-288.59686010651967,1000.0,-0.0059409854561636,-0.1348589808355882,-0.1348589808355882,963.8610551590882,-0.0025909506404104,-1000.0,999.7976985739932,-747.4815479154521,-529.186327334978,-5.057354283618679,-0.2247649680592758,-0.0179034689255104,989.6339734469308,-489.9167746966363,-999.7976985739934,-0.0088351416839032, Neutralism,Healthy
SRR13077670.bin.29.fbc2XSRR13077670.bin.15.fbc2 ,-0.1201850194548797,-0.1201850194548797,963.861055159088,-0.0023090301527872,-1000.0,999.8197109256672,0.0,108.16816626605872,-4.507065226215786,-0.2003083657581328,-0.0159553983560272,4.965026721577715,-636.9555028204636,-999.819710925667,-0.0078737928211012,-0.0906827838691697,-0.0906827838691697,36.13894484091202,-0.0017422244739009,1000.0,-1000.0,1000.0,-28.24107543335481,-3.4007002174382706,-0.1511379731151692,-0.0120387711150442,13.29643069600911,-288.59686010651967,1000.0,-0.0059409854561636, Neutralism,Healthy
SRR13077670.bin.31.fbc2XSRR13077670.bin.26.fbc2 ,-0.1992841804971021,-0.1992841804971021,815.8409730308872,-0.0038287066378188,999.2854335255412,0.1585234094519592,-470.2608582085969,-1000.0,-7.473367347507974,-0.3321403008285415,-0.0264563628671794,651.4220898659296,-518.2530814064232,-0.1585234094519592,-0.0130558896348702,-0.105675505404406,-0.105675505404406,184.1590269691128,-0.0020302690759308,-1000.0,999.8414765905482,-238.658678885424,927.800626860183,-3.962943117463169,-0.1761258423406388,-0.0140291593149868,348.5779101340704,-481.7469185935768,-999.841476590548,-0.0069232175491151, Amensalism,Healthy
SRR13077670.bin.29.fbc2XSRR13077670.bin.22.fbc2 ,-0.1195368933966847,-0.1195368933966847,906.3376517563828,-0.0022965781632819,-1000.0,999.820683177014,-450.1334472622239,1000.0,-4.482759814176347,-0.199228155661217,-0.0158693551079522,4.938251644182969,-611.7314706095063,-999.820683177014,-0.0078313315366358,-0.0951325342876998,-0.0951325342876998,93.66234824361707,-0.0018277143955174,999.7345610383364,-1000.0,923.234518536095,-102.4853653309109,-3.567570560079389,-0.1585542238127573,-0.0126295064731039,-16.02284406610022,-388.26852939049365,1000.0,-0.006232506088736, Neutralism,Healthy
SRR13077670.bin.31.fbc2XSRR13077670.bin.12.fbc2 ,-0.2072954981656494,-0.2072954981656494,990.883362445006,-0.003982622443118,-0.7514312519467694,1000.0,-938.4413493584208,-982.8443798783068,-7.773800225446735,-0.3454924969428248,-0.0275199210821028,575.8715188785281,-534.4551517784485,-1000.0,-0.0135807425310758,-0.0620152273306757,-0.0620152273306757,9.116637554993986,-0.0011914548958884,1000.0,-1000.0,1000.0,708.7528711745563,-2.325636554918219,-0.103358712217755,-0.0082329533305482,-4.832362339461497,-465.5448482215516,1000.0,-0.0040628611949387, Neutralism,Healthy
SRR13077670.bin.16.fbc2XSRR13077670.bin.26.fbc2 ,0.0,0.0,0.0,0.0,1000.0,-1000.0,0.0,0.0,0.0,0.0,0.0,0.0,0.0,1000.0,0.0,-0.1353265804777947,-0.1353265804777947,1000.0,-0.0025999343031344,-1000.0,999.796997129612,794.1611108742773,-1000.0,-5.074889764302156,-0.2255443007962867,-0.0179655460345884,1000.0,-539.3046888229196,-999.796997129612,-0.0088657759736179, Amensalism,Healthy
SRR13077670.bin.24.fbc2XSRR13077670.bin.15.fbc2 ,-0.0882992159991999,-0.0882992159991999,18.894318828866744,-0.0016964306628324,-1000.0,1000.0,-1000.0,777.2814090458085,-3.3113139036577195,-0.1471653599987803,-0.0117223358799947,485.348971670172,-500.1819930815062,-1000.0,-0.0057848285601949,-0.0906827838691697,-0.0906827838691697,981.1056811711333,-0.0017422244739009,0.0,0.0,384.2986854617675,17.718735442824368,-3.4007002174382706,-0.1511379731151692,-0.0120387711150442,514.651028329828,-396.084387550044,0.0,-0.0059409854561636, Neutralism,Healthy
SRR13077670.bin.15.fbc2XSRR13077670.bin.22.fbc2 ,-0.0906827838691697,-0.0906827838691697,36.13894484091179,-0.0017422244739009,-1000.0,1000.0,1000.0,1000.0,-3.4007002174382706,-0.1511379731151692,-0.0120387711150442,169.36156199552306,-339.3257965852317,-1000.0,-0.0059409854561636,-0.0997078494852985,-0.0997078494852985,963.8610551590882,-0.001915616704764,999.7217949859604,-1000.0,0.0,-950.0216452660354,-3.7391497146176103,-0.1661797491422021,-0.0132369114302264,-16.793448597071915,-411.3658499147433,1000.0,-0.0065322529634386, Neutralism,Healthy
SRR13077670.bin.16.fbc2XSRR13077670.bin.17.fbc2 ,-0.0344846517469932,-0.0344846517469932,394.9895512824487,-0.0006625293323168,-1000.0,1000.0,-345.0538210912521,-28.046238674920232,-1.2932108796260309,-0.0574744195783978,-0.0045780776863466,771.9845167955073,-2.5808983726684573,-1000.0,-0.0022592250231809,-0.1356667806345513,-0.1356667806345513,605.0104487175513,-0.0026064703291694,1000.0,-1000.0,1000.0,992.80731480307,-5.087647629664957,-0.2261113010575854,-0.0180107099747601,-24.48333167852104,-422.0554533394648,1000.0,-0.00888806382261, Competition,Healthy
SRR13077670.bin.12.fbc2XSRR13077670.bin.22.fbc2 ,-0.0627384576174563,-0.0627384576174563,9.22295706194825,-0.0012053498101067,1000.0,-1000.0,553.472628677612,-16.12704407891556,-2.352758454893092,-0.1045640960290938,-0.0083289671880493,-3.2605857446419577,-500.1294485428592,1000.0,-0.0041102428525618,-0.099849367884417,-0.099849367884417,990.7770429380516,-0.001918335598134,-1000.0,999.7214001210788,446.527371322388,-945.724211321962,-3.744456804124752,-0.1664156131407708,-0.0132556989833574,-16.817284052093214,-335.2370273996231,-999.7214001210784,-0.0065415243897177, Neutralism,Healthy
SRR13077670.bin.12.fbc2XSRR13077670.bin.26.fbc2 ,-0.0627384576174563,-0.0627384576174563,476.023678849667,-0.0012053498101067,1000.0,-1000.0,335.71409147213285,1000.0,-2.352758454893092,-0.1045640960290938,-0.0083289671880493,-1.6152290130688698,-500.1294485428592,1000.0,-0.0041102428525618,-0.1353265804777947,-0.1353265804777947,523.976321150333,-0.0025999343031344,-1000.0,999.796997129612,-493.7015389082292,-56.79413488793739,-5.074889764302156,-0.2255443007962867,-0.0179655460345884,1000.0,-499.8705514571408,-999.796997129612,-0.0088657759736179, Neutralism,Healthy
SRR13077670.bin.31.fbc2XSRR13077670.bin.22.fbc2 ,-0.2062580095041539,-0.2062580095041539,958.5904066916672,-0.0039626899040285,-0.5755014547607971,1000.0,-744.3794066580913,-947.7898052534324,-7.734893304352454,-0.3437633491736278,-0.0273821872367534,615.5358546528976,-618.0310886859769,-1000.0,-0.0135127725726533,-0.0927582560260589,-0.0927582560260589,41.40959330833266,-0.0017820990591417,999.7411857536472,-1000.0,688.7816007549243,-52.21019474656748,-3.4785326164269463,-0.1545970933768785,-0.012314304498318,-3.852081370369774,-284.64354883384453,1000.0,-0.0060769577914925, Neutralism,Healthy
SRR13077670.bin.29.fbc2XSRR13077670.bin.5.fbc2 ,-0.1204907786681133,-0.1204907786681133,990.9982306277324,-0.0023149044892534,-1000.0,999.8192522574756,-476.6295412976017,677.573098999884,-4.518531519799581,-0.2008179644467418,-0.0159959900211106,4.977658101684938,-654.4449200272395,-999.8192522574756,-0.0078938243085531,-0.0847840500563279,-0.0847840500563279,9.001769372267631,-0.001628896254715,1000.0,-1000.0,-523.3704587023983,322.426901000116,-3.179491466407967,-0.1413067500939178,-0.0112556731198765,990.4225786913272,-169.15120040532156,1000.0,-0.0055545362284874, Neutralism,Healthy
SRR13077670.bin.15.fbc2XSRR13077670.bin.17.fbc2 ,-0.0906827838691697,-0.0906827838691697,36.138944840912245,-0.0017422244739009,-1000.0,1000.0,810.8601449454643,268.2855611050079,-3.4007002174382706,-0.1511379731151692,-0.0120387711150442,11.887354385967342,-324.65580438209554,-1000.0,-0.0059409854561636,-0.1659993598048004,-0.1659993598048004,963.8610551590878,-0.0031892288146764,999.7509850141488,-1000.0,189.1398550545357,731.7144388949921,-6.225151400263371,-0.2766655996746294,-0.0220375711095357,-15.769237551112724,-470.8838842674602,1000.0,-0.0108752702581114, Neutralism,Healthy
SRR13077670.bin.16.fbc2XSRR13077670.bin.32.fbc2 ,-0.0450347607472849,-0.0450347607472849,518.5548201098893,-0.0008652211479329,1000.0,-117.50972231699905,0.0,-902.1987451298078,-1.6888511151863668,-0.0750579345788082,-0.0059786781318962,1000.0,-227.7719664893488,117.50972231699916,-0.0029504041142445,-0.0881213361554955,-0.0881213361554955,28.89440203582808,-0.0016930131826029,-1000.0,1000.0,1000.0,23.475498556616685,-3.304643221554897,-0.1468688935924547,-0.011698721091875,0.0,-434.2369139788602,-1000.0,-0.0057731749527647, Neutralism,Healthy
SRR13077670.bin.29.fbc2XSRR13077670.bin.12.fbc2 ,-0.1203187630143247,-0.1203187630143247,991.1652352862465,-0.0023115996737033,-1000.0,999.81951029748,-799.2283631880562,1000.0,-4.51208075101988,-0.2005312716905791,-0.0159731537449943,35.53588876528556,-626.145377165928,-999.81951029748,-0.0078825548871463,-0.0600978089598811,-0.0600978089598811,8.834764713753657,-0.001154616886879,1000.0,-1000.0,968.7134390483776,-141.71763738784796,-2.253731339922865,-0.1001630149330594,-0.0079784026880815,-3.123348367497101,-373.854622834072,1000.0,-0.0039372435841187, Neutralism,Healthy
SRR13077670.bin.16.fbc2XSRR13077670.bin.22.fbc2 ,-0.0450347607472849,-0.0450347607472849,518.5548201098898,-0.0008652211479329,-989.2760440123336,1000.0,-435.8831608476677,-30.43242343447241,-1.6888511151863668,-0.0750579345788082,-0.0059786781318962,1000.0,-9.830386065515311,-1000.0,-0.0029504041142445,-0.0971714119243642,-0.0971714119243642,481.44517989011024,-0.0018668859158879,999.7288721584288,-1000.0,1000.0,-464.4206224466405,-3.644030625889173,-0.1619523532073117,-0.0129001816791287,-16.366245182103967,-538.4643583885471,1000.0,-0.0063660809732937, Neutralism,Healthy
SRR13077670.bin.5.fbc2XSRR13077670.bin.22.fbc2 ,-0.0847840500563279,-0.0847840500563279,9.001769372267745,-0.001628896254715,-1000.0,1000.0,-656.516284441733,989.8130294238612,-3.179491466407967,-0.1413067500939178,-0.0112556731198765,6.5661459584868,-119.80104743843094,-1000.0,-0.0055545362284874,-0.099825397974655,-0.099825397974655,990.9982306277324,-0.0019178750811761,999.7214670019624,-1000.0,1000.0,-946.196275132435,-3.743557907180048,-0.1663756632910917,-0.0132525168108941,-16.81324688300674,-465.9168180322399,1000.0,-0.0065399540267208, Neutralism,Healthy
SRR13077670.bin.12.fbc2XSRR13077670.bin.15.fbc2 ,-0.0627384576174563,-0.0627384576174563,950.4492543584142,-0.0012053498101067,-1000.0,1000.0,195.94925360907973,715.3003634193137,-2.352758454893092,-0.1045640960290938,-0.0083289671880493,-1.6152290130688698,-500.1294485428592,-1000.0,-0.0041102428525618,-0.0906827838691697,-0.0906827838691697,49.55074564158576,-0.0017422244739009,1000.0,-1000.0,804.0507463909203,284.6996365806863,-3.4007002174382706,-0.1511379731151692,-0.0120387711150442,347.1177727193258,-273.6734008187776,1000.0,-0.0059409854561636, Neutralism,Healthy
SRR13077670.bin.29.fbc2XSRR13077670.bin.24.fbc2 ,-0.1030509041877394,-0.1030509041877394,322.6994222296896,-0.0019798444608341,-1000.0,999.845413744496,-22.649549769602917,-391.8887776424308,-3.864517798484144,-0.1717515069794899,-0.0136807252245034,434.7430862173032,-499.8180069184938,-999.845413744496,-0.0067512696115272,-0.0882992159991999,-0.0882992159991999,34.18021088779119,-0.0016964306628324,1000.0,-1000.0,-977.3504502303972,631.9011397815093,-3.3113139036577195,-0.1471653599987803,-0.0117223358799947,416.0334135372816,-500.18199308150616,1000.0,-0.0057848285601949, Amensalism,Healthy
SRR13077670.bin.12.fbc2XSRR13077670.bin.17.fbc2 ,-0.0627384576174563,-0.0627384576174563,9.22295706194825,-0.0012053498101067,1000.0,-1000.0,772.8605074219377,-62.94072872181823,-2.352758454893092,-0.1045640960290938,-0.0083289671880493,44.52054278961873,-500.1294485428592,1000.0,-0.0041102428525618,-0.1682134761128964,-0.1682134761128964,990.7770429380516,-0.0032317670722932,-1000.0,999.7476636269952,227.13949257806237,400.8476721700736,-6.308183101422969,-0.280355793521494,-0.0223315104695984,-23.12355194363022,-362.2924900793,-999.7476636269952,-0.0110203257165721, Neutralism,Healthy
SRR13077670.bin.24.fbc2XSRR13077670.bin.17.fbc2 ,-0.0882992159991999,-0.0882992159991999,18.894318828866744,-0.0016964306628324,-1000.0,1000.0,108.2311049108639,-16.098021836265616,-3.3113139036577195,-0.1471653599987803,-0.0117223358799947,-10.513172631124236,-500.1819930815062,-1000.0,-0.0057848285601949,-0.1674569969785579,-0.1674569969785579,981.1056811711333,-0.0032172333714015,999.7487984183654,-1000.0,891.7688950891361,421.1905698946625,-6.279814334529419,-0.2790949949642254,-0.0222310825960221,-23.019562150643537,-352.15968732562715,1000.0,-0.0109707657962871, Neutralism,Healthy
SRR13077670.bin.16.fbc2XSRR13077670.bin.5.fbc2 ,-0.044818246546356,-0.044818246546356,516.4736625689632,-0.0008610614130475,-16.454053069456677,1000.0,55.25837782147983,-1000.0,-1.680731603866775,-0.0746970775772979,-0.005949934363798,993.9561410572773,-253.2761149961733,-1000.0,-0.0029362194183022,-0.0847619817041049,-0.0847619817041049,13.494836110223332,-0.0016284722710224,1000.0,-1000.0,-658.8005754781901,985.0599822204643,-3.178663879880105,-0.1412699695068795,-0.0112527433924469,6.043858942722864,-118.47720481954708,1000.0,-0.005553090443982, Neutralism,Healthy
SRR13077670.bin.31.fbc2XSRR13077670.bin.24.fbc2 ,-0.2047952004234048,-0.2047952004234048,981.1056811711333,-0.0039345859831882,-70.43667807690372,1000.0,-900.1519511314183,-1000.0,-7.680036418106397,-0.3413253340389701,-0.0271879891436128,712.4927640670392,-499.8180069184938,-1000.0,-0.0134169382025675,-0.0882992159991999,-0.0882992159991999,18.894318828866744,-0.0016964306628324,1000.0,-1000.0,1000.0,47.50435770545005,-3.3113139036577195,-0.1471653599987803,-0.0117223358799947,30.72269141240577,-500.1819930815062,1000.0,-0.0057848285601949, Neutralism,Healthy
SRR13077670.bin.22.fbc2XSRR13077670.bin.17.fbc2 ,-0.092375162330768,-0.092375162330768,35.52007789731488,-0.0017747389497344,-1000.0,999.742254662338,608.9650006777026,-47.54684879713682,-3.4641661980476783,-0.1539586038846891,-0.0122634461422421,-2.4065489736635755,-496.8273465060299,-999.742254662338,-0.0060518598183989,-0.1660516707950137,-0.1660516707950137,964.4799221026852,-0.0031902338289455,1000.0,-1000.0,176.09822906462364,1000.0,-6.227113117672275,-0.2767527846583562,-0.0220445157577842,-8.722035483574587,-463.5265359215916,1000.0,-0.0108786973565884, Neutralism,Healthy
SRR13077670.bin.16.fbc2XSRR13077670.bin.31.fbc2 ,-0.0155992652754548,-0.0155992652754548,178.68250861691376,-0.0002996976998019,-1000.0,999.9765996035984,-156.0508742774714,-12.606222558844934,-0.5849889312031564,-0.0259987754591293,-0.0020709111057612,349.187791717879,-1.1666032663063106,-999.9765996035984,-0.0010219691563406,-0.1995568427663556,-0.1995568427663556,821.3174913830862,-0.0038339451059528,999.3996710553138,0.0234003964017119,-506.36210220938494,-987.3937774411552,-7.483592470719486,-0.332594737943964,-0.0264925606822998,650.812208282121,-520.8514351969272,-0.0234003964017119,-0.0130737528113513, Amensalism,Healthy
SRR13077670.bin.5.fbc2XSRR13077670.bin.24.fbc2 ,-0.0847840500563279,-0.0847840500563279,15.426103622821644,-0.001628896254715,-1000.0,1000.0,-222.3961362399275,437.3466807102373,-3.179491466407967,-0.1413067500939178,-0.0112556731198765,627.2464742700595,-137.07138757150426,-1000.0,-0.0055545362284874,-0.0882992159991999,-0.0882992159991999,34.18021088779119,-0.0016964306628324,0.0,0.0,135.1772580686902,562.6533192897627,-3.3113139036577195,-0.1471653599987803,-0.0117223358799947,372.7535257299405,-500.1819930815062,0.0,-0.0057848285601949, Neutralism,Healthy
SRR13077670.bin.16.fbc2XSRR13077670.bin.15.fbc2 ,-0.0446233566859746,-0.0446233566859746,514.2278031756321,-0.0008573171313628,-987.732268051298,1000.0,-428.4825682025494,-28.65023540716743,-1.673423028166212,-0.0743722611432531,-0.0059240613775273,989.6339734469308,-10.424427828910892,-1000.0,-0.0029234514178142,-0.0906827838691697,-0.0906827838691697,485.772196824368,-0.0017422244739009,1000.0,-1000.0,480.0998356678035,384.4315686310893,-3.4007002174382706,-0.1511379731151692,-0.0120387711150442,10.366026553069103,-380.4210539496263,1000.0,-0.0059409854561636, Neutralism,Healthy
SRR13077670.bin.5.fbc2XSRR13077670.bin.12.fbc2 ,-0.0847840500563279,-0.0847840500563279,11.939181258288386,-0.001628896254715,-1000.0,1000.0,-531.8617668933663,316.873004695168,-3.179491466407967,-0.1413067500939178,-0.0112556731198765,1000.0,-169.15120040532156,-1000.0,-0.0055545362284874,-0.0627384576174563,-0.0627384576174563,312.36997449998466,-0.0012053498101067,1000.0,-1000.0,158.9085319089595,683.126995304832,-2.352758454893092,-0.1045640960290938,-0.0083289671880493,-1.6152290130688698,-500.1294485428592,1000.0,-0.0041102428525618, Neutralism,Healthy
SRR13077670.bin.24.fbc2XSRR13077670.bin.22.fbc2 ,-0.0882992159991999,-0.0882992159991999,18.894318828866744,-0.0016964306628324,-1000.0,1000.0,-524.9123482816515,370.5273412633885,-3.3113139036577195,-0.1471653599987803,-0.0117223358799947,232.6120561361181,-500.1819930815062,-1000.0,-0.0057848285601949,-0.0997985179715215,-0.0997985179715215,981.1056811711333,-0.001917358654623,999.7215420025937,-1000.0,856.9087807629469,-966.3443450200764,-3.742549878658224,-0.166330863285907,-0.0132489483032713,-16.80871957694592,-411.0703679377264,1000.0,-0.0065381930121475, Neutralism,Healthy
SRR13077670.bin.32.fbc2XSRR13077670.bin.22.fbc2 ,-0.0881213361554955,-0.0881213361554955,28.253613476337705,-0.0016930131826029,-1000.0,1000.0,1000.0,-42.51458623964015,-3.304643221554897,-0.1468688935924547,-0.011698721091875,0.0,-586.2531103756726,-1000.0,-0.0057731749527647,-0.0997493088394776,-0.0997493088394776,971.7463865236624,-0.0019164132341984,999.7216793059988,-1000.0,-641.4534554380209,-957.4854137603598,-3.740704484209914,-0.1662488480658339,-0.0132424154481896,-16.800431452860607,-413.7468896243274,1000.0,-0.0065349691285518, Neutralism,Healthy
SRR13077670.bin.26.fbc2XSRR13077670.bin.17.fbc2 ,-0.124490226826083,-0.124490226826083,394.9895512824487,-0.0023917430705751,-1000.0,999.8132527010456,717.2612825200044,-765.2215960225019,-4.668515051848658,-0.2074837113768808,-0.0165269446180218,799.5515519390367,-314.3861157029928,-999.8132527010456,-0.0081558438707816,-0.1356667806345513,-0.1356667806345513,605.0104487175513,-0.0026064703291694,999.7964867966966,-1000.0,282.7387174799956,993.0108280063756,-5.087647629664957,-0.2261113010575854,-0.0180107099747601,-7.126037750611886,-539.6324880686304,1000.0,-0.00888806382261, Amensalism,Healthy
SRR13077670.bin.16.fbc2XSRR13077670.bin.29.fbc2 ,-0.045034653629159,-0.045034653629159,518.5500770498061,-0.0008652190898601,980.13240783238,0.1635794966857702,48.894972146429154,-1000.0,-1.6888470981426735,-0.0750577560485226,-0.0059786639111507,1000.0,-252.2236097181448,-0.1635794966857702,-0.0029503970965834,-0.1090460143761902,-0.1090460143761902,481.4499229501939,-0.0020950242915205,-1000.0,999.8364205033142,-438.1744018892828,166.23973509231678,-4.089340765444149,-0.1817433572937261,-0.0144766178547115,0.0,-559.5183105228026,-999.8364205033142,-0.007144032834276, Neutralism,Healthy
SRR13077670.bin.5.fbc2XSRR13077670.bin.26.fbc2 ,-0.0845853646550267,-0.0845853646550267,7.476468692819594,-0.0016250790520189,1000.0,-1000.0,-653.2681847933492,988.9976785420728,-3.17204055391278,-0.1409756077584916,-0.0112292962490982,1.863900669448185,-119.78924511657874,1000.0,-0.0055415195672594,-0.1352425020430701,-0.1352425020430701,992.5235313071804,-0.0025983189633507,-1000.0,999.7971232553404,0.0,-1000.0,-5.071736734159117,-0.2254041700717834,-0.0179543840368978,998.1360993305518,-296.8370647626848,-999.7971232553406,-0.0088602676651134, Neutralism,Healthy
SRR13077670.bin.16.fbc2XSRR13077670.bin.24.fbc2 ,-0.0450347607472849,-0.0450347607472849,518.5548201098891,-0.0008652211479329,0.0,980.2915325531936,48.90062743509543,-1000.0,-1.6888511151863668,-0.0750579345788082,-0.0059786781318962,1000.0,-252.2222802068967,-980.2915325531936,-0.0029504041142445,-0.0882992159991999,-0.0882992159991999,18.894318828866854,-0.0016964306628324,1000.0,-1000.0,80.89685606993999,0.723054373534751,-3.3113139036577195,-0.1471653599987803,-0.0117223358799947,0.0,-500.1819930815062,1000.0,-0.0057848285601949, Neutralism,Healthy
SRR13077670.bin.32.fbc2XSRR13077670.bin.17.fbc2 ,-0.0875032042479233,-0.0875032042479233,17.373210630921562,-0.0016811374495091,-1000.0,1000.0,-879.9095769962294,-1.325122971843939,-3.281462621858964,-0.1458386737466526,-0.011616659776223,-22.313905481342545,-500.0328158030148,-1000.0,-0.0057326787028841,-0.1675855717503509,-0.1675855717503509,982.6267893690784,-0.003219703587888,999.5324024479288,-1000.0,1000.0,840.4422528075424,-6.284636024334645,-0.2793092862505091,-0.0222481517923824,-17.62993025499418,-499.9671841969852,1000.0,-0.0109791892347175, Neutralism,Healthy
SRR13077670.bin.31.fbc2XSRR13077670.bin.17.fbc2 ,-0.1519925453352471,-0.1519925453352471,129.15417175431935,-0.0029201257509612,-0.4240898628057721,1000.0,-373.227201502685,-1000.0,-5.699881056988716,-0.2533209088920785,-0.0201780689388897,444.1291417117543,-327.8508197109711,-1000.0,-0.0099576288106391,-0.1581370581011469,-0.1581370581011469,870.8458282456807,-0.003038175948177,999.5587657070504,-1000.0,1000.0,138.3308737117586,-5.930306778468662,-0.2635617635017979,-0.0209937958017008,-8.30631227871811,-383.0187189048968,1000.0,-0.0103601799831949, Amensalism,Healthy
SRR13077670.bin.16.fbc2XSRR13077670.bin.12.fbc2 ,-0.0450347607472849,-0.0450347607472849,518.5548201098882,-0.0008652211479329,-989.2760440123332,1000.0,-435.88316084767166,-30.432423434471502,-1.6888511151863668,-0.0750579345788082,-0.0059786781318962,1000.0,-9.830386065514404,-1000.0,-0.0029504041142445,-0.0627384576174563,-0.0627384576174563,481.44517989011183,-0.0012053498101067,1000.0,-1000.0,1000.0,451.91480864474033,-2.352758454893092,-0.1045640960290938,-0.0083289671880493,-1.6152290130688698,-500.1294485428592,1000.0,-0.0041102428525618, Neutralism,Healthy
SRR13077670.bin.29.fbc2XSRR13077670.bin.32.fbc2 ,-0.1201155701860443,-0.1201155701860443,967.1571525171844,-0.0023076958729006,0.0,-0.1801848937584509,822.83614264622,251.0563587496881,-4.504460805251256,-0.2001926169767784,-0.0159461784819541,23.69658308141584,-621.6681558763337,0.1801848937584509,-0.0078692429267448,-0.0881213361554955,-0.0881213361554955,28.894402035827625,-0.0016930131826029,-1000.0,1000.0,-575.1604472825835,748.9436412503119,-3.3046432215550112,-0.1468688935924547,-0.011698721091875,725.4681426936884,-378.3318441236663,-1000.0,-0.0057731749527647, Neutralism,Healthy
SRR13077670.bin.5.fbc2XSRR13077670.bin.17.fbc2 ,-0.0847840500563279,-0.0847840500563279,9.001769372267631,-0.001628896254715,-1000.0,1000.0,-1000.0,989.813029423861,-3.179491466407967,-0.1413067500939178,-0.0112556731198765,200.7091156218553,-142.2021593226657,-1000.0,-0.0055545362284874,-0.1682227992972684,-0.1682227992972684,990.9982306277324,-0.0032319461920451,999.5306244545254,-1000.0,191.5296136184913,10.186970576138949,-6.308532730688512,-0.2803713321620762,-0.022332748187182,-23.124833559961075,-460.1218614473033,1000.0,-0.0110209365149103, Neutralism,Healthy
SRR13077670.bin.29.fbc2XSRR13077670.bin.17.fbc2 ,-0.0911575144405105,-0.0911575144405105,58.13295084422566,-0.0017513451381319,-1000.0,999.8632549716136,-1000.0,371.8100683852722,-3.4185031155028582,-0.1519291907342221,-0.0121017949045381,90.69813931234968,-506.07641892932287,-999.8632549716136,-0.0059720869211332,-0.1641402716037419,-0.1641402716037419,941.8670491557745,-0.0031535114620737,999.7537738250372,-1000.0,259.8146943268698,-8.456046380350472,-6.155433628270657,-0.2735671193395319,-0.0217907642032741,-29.621847682088287,-493.92358107067713,1000.0,-0.0107534740858454, Amensalism,Healthy
SRR13077670.bin.31.fbc2XSRR13077670.bin.5.fbc2 ,-0.1967691414292858,-0.1967691414292858,990.998230627732,-0.0037803869630579,-341.85806452102065,1000.0,1000.0,-1000.0,-7.379050724883314,-0.3279485690488855,-0.026122473915052,464.66929054551474,-617.3340315817375,-1000.0,-0.0128911195441787,-0.0847840500563279,-0.0847840500563279,9.001769372267859,-0.001628896254715,1000.0,-1000.0,-127.78257831602934,480.6620531546637,-3.179491466407967,-0.1413067500939178,-0.0112556731198765,515.7171222276834,-129.59241236668458,1000.0,-0.0055545362284874, Neutralism,Healthy
SRR13077670.bin.12.fbc2XSRR13077670.bin.24.fbc2 ,-0.0627319447760328,-0.0627319447760328,981.1056811711333,-0.001205224683531,-1000.0,1000.0,0.0,226.5717548825012,-2.352514216460236,-0.1045532412935017,-0.0083281025629275,-1.6150613371214604,-499.8180069184938,-1000.0,-0.0041098161707395,-0.0882992159991999,-0.0882992159991999,18.894318828866744,-0.0016964306628324,1000.0,-1000.0,-1000.0,773.428245117499,-3.3113139036577195,-0.1471653599987803,-0.0117223358799947,484.4251210449361,-500.1819930815062,1000.0,-0.0057848285601949, Neutralism,Healthy
SRR13077670.bin.31.fbc2XSRR13077670.bin.15.fbc2 ,-0.2062557974277297,-0.2062557974277297,963.8610551590882,-0.0039626474049327,-0.8285185429731428,1000.0,-524.7765904253888,-1000.0,-7.734810349148802,-0.3437596623796253,-0.0273818935681902,606.266717608481,-672.5834626396932,-1000.0,-0.0135126276509254,-0.0906827838691697,-0.0906827838691697,36.13894484091179,-0.0017422244739009,1000.0,-1000.0,785.1630195131956,0.0,-3.4007002174382706,-0.1511379731151692,-0.0120387711150442,95.62715030186403,-265.89065388439803,1000.0,-0.0059409854561636, Neutralism,Healthy
SRR13077670.bin.29.fbc2XSRR13077670.bin.31.fbc2 ,-0.1000086221257561,-0.1000086221257561,254.1283908237051,-0.0019213952377867,-0.1500225401648549,0.0,-498.8286765525508,0.0,-3.750429006455079,-0.1666810368762981,-0.0132768410929884,458.2464464892196,-490.20350642941867,0.0,-0.0065519577607346,-0.1919728752893661,-0.1919728752893661,745.8716091762949,-0.0036882396789224,-0.6646647387901794,1000.0,-501.1713234474492,-1000.0,-7.199185676534967,-0.3199547921490193,-0.0254857361815084,541.7535535107804,-509.7964935705813,-1000.0,-0.0125768973051663, Amensalism,Healthy
SRR13077670.bin.26.fbc2XSRR13077670.bin.22.fbc2 ,-0.1353265804777947,-0.1353265804777947,523.9737212160298,-0.0025999343031344,-1000.0,999.796997129612,158.4671932480842,-540.7000792792234,-5.074889764302156,-0.2255443007962867,-0.0179655460345884,1000.0,-282.0800688873885,-999.796997129612,-0.0088657759736179,-0.0971429205230833,-0.0971429205230833,476.02627878397016,-0.0018663385307036,999.7289516551862,-1000.0,841.5328067519158,-459.29992072077664,-3.6429621682335664,-0.1619048675383965,-0.0128963992470971,-16.361446473818205,-374.10594411081695,1000.0,-0.0063642143896913, Neutralism,Healthy
SRR13077670.bin.31.fbc2XSRR13077670.bin.32.fbc2 ,-0.2070942198678267,-0.2070942198678267,976.720620149802,-0.003978755424896,-0.8231079503134424,1000.0,-999.0733466688752,-904.4761108404808,-7.766252076592764,-0.3451570331130824,-0.0274931999863383,604.8736878046939,-569.6421648820044,-1000.0,-0.0135675559989749,-0.0879052211141697,-0.0879052211141697,23.279379850197984,-0.0016888611164631,0.0,0.0,1000.0,15.563018041278497,-3.2965386791416904,-0.1465087018568738,-0.011670030315031,-5.140797940415041,-430.3578351179956,0.0,-0.0057590164072962, Neutralism,Healthy
SRR13077670.bin.32.fbc2XSRR13077670.bin.15.fbc2 ,-0.0881213361554955,-0.0881213361554955,28.253613476337705,-0.0016930131826029,-1000.0,1000.0,-282.61973228054694,831.0789391294284,-3.304643221554897,-0.1468688935924547,-0.011698721091875,810.2713753966448,-660.7841763289263,-1000.0,-0.0057731749527647,-0.0906827838691697,-0.0906827838691697,971.7463865236624,-0.0017422244739009,1000.0,-1000.0,-375.136031111804,168.92106087057164,-3.4007002174382706,-0.1511379731151692,-0.0120387711150442,189.72862460335523,-339.21582367107374,1000.0,-0.0059409854561636, Neutralism,Healthy
SRR13077670.bin.29.fbc2XSRR13077670.bin.26.fbc2 ,-0.1093206384272207,-0.1093206384272207,487.3922787153599,-0.002100300450138,-1000.0,999.8360085408568,-1000.0,734.2821424697918,-4.099639457544754,-0.1822010640453299,-0.0145130761101199,0.0,-560.2594354553102,-999.8360085408568,-0.007162024534864,-0.13498658692356,-0.13498658692356,512.6077212846401,-0.0025934022463616,0.0,-0.2024928473965701,817.711476032584,-1000.0,-5.062139646757828,-0.2249776448726379,-0.0179204095223894,1000.0,158.1616596497845,0.2024928473965701,-0.0088435016600669, Neutralism,Healthy
SRR13077670.bin.24.fbc2XSRR13077670.bin.26.fbc2 ,-0.0882992159991999,-0.0882992159991999,18.894318828866744,-0.0016964306628324,1000.0,-1000.0,1000.0,0.7230543735331594,-3.3113139036577195,-0.1471653599987803,-0.0117223358799947,0.0,-500.1819930815062,1000.0,-0.0057848285601949,-0.1353265804777947,-0.1353265804777947,981.1056811711333,-0.0025999343031344,-1000.0,999.796997129612,0.0,57.67838997046715,-5.074889764302156,-0.2255443007962867,-0.0179655460345884,1000.0,-415.0881606555365,-999.796997129612,-0.0088657759736179, Neutralism,Healthy
SRR13077670.bin.32.fbc2XSRR13077670.bin.24.fbc2 ,-0.0881213361554955,-0.0881213361554955,28.879994493644062,-0.0016930131826029,-1000.0,1000.0,0.0,976.7694525128516,-3.304643221554897,-0.1468688935924547,-0.011698721091875,954.651750528696,-499.8180069184938,-1000.0,-0.0057731749527647,-0.0882992159991999,-0.0882992159991999,18.894318828866744,-0.0016964306628324,1000.0,-1000.0,111.76762400504164,-18.27434127883589,-3.3113139036577195,-0.1471653599987803,-0.0117223358799947,-11.873372282731111,-500.1819930815062,1000.0,-0.0057848285601949, Neutralism,Healthy
SRR13077670.bin.32.fbc2XSRR13077670.bin.5.fbc2 ,-0.0881213361554955,-0.0881213361554955,34.50636827331891,-0.0016930131826029,-1000.0,1000.0,1000.0,1.314916658534912,-3.304643221554897,-0.1468688935924547,-0.011698721091875,-10.044787008625804,-500.0330476173248,-1000.0,-0.0057731749527647,-0.0847840500563279,-0.0847840500563279,15.426103622821644,-0.001628896254715,1000.0,-1000.0,-520.4537008718519,984.0922154657048,-3.179491466407967,-0.1413067500939178,-0.0112556731198765,319.2283993370893,-499.9669523826752,1000.0,-0.0055545362284874, Neutralism,Healthy
SRR13077670.bin.32.fbc2XSRR13077670.bin.26.fbc2 ,-0.0881213361554955,-0.0881213361554955,28.25361347633748,-0.0016930131826029,-1000.0,1000.0,0.0,6.59641107785626,-3.304643221554897,-0.1468688935924547,-0.011698721091875,-15.780897547722248,-482.6166168007974,-1000.0,-0.0057731749527647,-0.1353265804777947,-0.1353265804777947,971.7463865236624,-0.0025999343031344,0.0,-0.2030028703881043,1000.0,-1000.0,-5.074889764302156,-0.2255443007962867,-0.0179655460345884,1000.0,-271.8881917108414,0.2030028703881043,-0.0088657759736179, Neutralism,Healthy
SRR13077676.bin.7.fbc2XSRR13077676.bin.14.fbc2 ,-0.1125024285623794,-0.1125024285623794,460.6714778025084,-0.0021614299436123,-1000.0,999.8312355500066,226.45753709116457,353.3966169468131,-4.218959949736927,-0.1875040476039657,-0.0149354809100259,222.04554733484812,-279.3264225333943,-999.8312355500068,-0.0073704761075532,-0.1086030053520517,-0.1086030053520517,539.3285221974916,-0.0020865130711626,1000.0,-0.4481643140297819,773.5424629088354,-955.892774190248,-4.072727458921918,-0.181005008920124,-0.0144178053215,-1.5983211753089108,-720.637185724203,0.4481643140297819,-0.0071150095725442, Competition,Healthy
SRR13077676.bin.20.fbc2XSRR13077676.bin.7.fbc2 ,-0.1697036999481724,-0.1697036999481724,334.32297522070303,-0.0032603976935661,-24.78317254070305,1000.0,812.4390704784889,-1000.0,-6.364068069931022,-0.2828394999137344,-0.0225293480623349,676.5519453014854,-529.1703729308053,-1000.0,-0.0111179561349672,-0.1231609912188105,-0.1231609912188105,665.677024779297,-0.0023662054028363,1000.0,-976.0339790269854,187.56092952151107,902.2388707144491,-4.618667312000753,-0.2052683186979038,-0.0163504793337097,323.4480546985146,-363.1675740049629,976.0339790269854,-0.0080687604237255, Amensalism,Healthy
SRR13077676.bin.20.fbc2XSRR13077676.bin.14.fbc2 ,-0.1119264050747688,-0.1119264050747688,163.15483275304314,-0.0021503632099211,-222.7988205544059,1000.0,232.8140298583778,-481.4326662255962,-4.197358460280839,-0.1865440084579859,-0.0148590097803662,-10.987366835462012,-479.7258113721755,-1000.0,-0.007332738545756,-0.106801585625476,-0.106801585625476,836.8451672469569,-0.0020519036623909,999.7020020311164,-1000.0,767.1859701416222,-518.5673337744038,-4.005172315658683,-0.1780026427092025,-0.0141786543068747,-7.998340994892601,-520.2741886278245,1000.0,-0.0069969914886769, Competition,Healthy
SRR13077678.bin.20.fbc2XSRR13077678.bin.27.fbc2 ,-0.0423448075048327,-0.0423448075048327,502.4455310036178,-0.0008135409702845,0.0,0.0,-447.26249540640174,-1000.0,-1.5879750261860863,-0.0705746791747969,-0.005621568104857,1000.0,-0.0864631343250721,0.0,-0.0027741747087475,-0.0648624604227734,-0.0648624604227734,497.5544689963822,-0.0012461567804393,-1000.0,1000.0,-552.7375045935983,4.914555726064577,-2.432410804478764,-0.108104100704736,-0.0086109433530054,-3.814535751252152,-609.5431128551675,-1000.0,-0.0042493946214108, Amensalism,Healthy
SRR13077678.bin.10.fbc2XSRR13077678.bin.24.fbc2 ,0.0,0.0,0.0,0.0,-1000.0,1000.0,0.0,0.0,0.0,0.0,0.0,0.0,0.0,-1000.0,0.0,-0.086599198501176,-0.086599198501176,990.6662452144612,-0.0016637694236578,1000.0,-1000.0,1000.0,-1000.0,-3.247561451110414,-0.1443319975019221,-0.0114966467174326,6.061561228111373,-486.9783921419223,1000.0,-0.0056734537346301, Amensalism,Healthy
SRR13077678.bin.13.fbc2XSRR13077678.bin.20.fbc2 ,-0.2469885925066819,-0.2469885925066819,497.5544689963822,-0.0047452179155698,-1000.0,999.6294933851505,1000.0,414.3759473164637,-9.262333205985328,-0.4116476541777274,-0.0327894557967738,0.0,-353.717103146191,-999.6294933851505,-0.0161811930921658,-0.0423448075048327,-0.0423448075048327,502.4455310036178,-0.0008135409702845,1000.0,-1000.0,-1000.0,-1000.0,-1.5879750261860863,-0.0705746791747969,-0.005621568104857,1000.0,-0.0864631343250721,1000.0,-0.0027741747087475, Neutralism,Healthy
SRR13077678.bin.13.fbc2XSRR13077678.bin.10.fbc2 ,-0.269011428739077,-0.269011428739077,987.746103033944,-0.0051683271611864,-1000.0,999.5964570152556,1000.0,343.6430289900859,-10.088212835709328,-0.4483523812317571,-0.035713140683697,667.6039570569453,-999.9882031479592,-999.5964570152556,-0.0176239956196013,-0.0005160161846333,-0.0005160161846333,12.253896966055777,-9.913855592458276e-06,1000.0,-1000.0,0.0,-6.2824854766654425,-0.0193511521871414,-0.0008600269744647,-6.85047423303331e-05,0.0651941809439904,-0.0117968520406748,1000.0,-3.38062476430423e-05, Amensalism,Healthy
SRR13077678.bin.23.fbc2XSRR13077678.bin.24.fbc2 ,-0.0899135862094908,-0.0899135862094908,1000.0,-0.0017274464208867,-1000.0,1000.0,329.42239722751515,-418.0985103507224,-3.3718544924072376,-0.1498559770157044,-0.0119366547686468,-19.55782016295734,-1000.0,-1000.0,-0.0058905922953726,0.0,0.0,0.0,0.0,1000.0,-1000.0,0.0,0.0,0.0,0.0,0.0,0.0,0.0,1000.0,0.0, Amensalism,Healthy
SRR13077678.bin.24.fbc2XSRR13077678.bin.11.fbc2 ,-0.0571437762426967,-0.0571437762426967,653.1510596858493,-0.0010978631362377,-1000.0,1000.0,700.3241993704487,-665.9142456192535,-2.1429519915727724,-0.0952396270711233,-0.0075862342715709,5.10447073754608,-321.065933884807,-1000.0,-0.0037437132946251,-0.0835482909402571,-0.0835482909402571,346.8489403141507,-0.0016051544848778,1000.0,-1000.0,-239.4318851405737,-20.428552330672574,-3.1331491937561395,-0.1392471515671332,-0.0110916174908197,9.74876130027758,-498.71078439386525,1000.0,-0.0054735767936335, Amensalism,Healthy
SRR13077678.bin.10.fbc2XSRR13077678.bin.20.fbc2 ,-0.0209950438023724,-0.0209950438023724,498.5717719629788,-0.0004033629933246,0.0,0.0,0.0,-251.90227292270708,-0.7873363275524525,-0.034991739670545,-0.0027872382838722,-1.0593723975077864,-0.4799760795928023,0.0,-0.0013754678071791,-0.0371022939998511,-0.0371022939998511,501.4282280370212,-0.0007128202497597,-1000.0,1000.0,-1000.0,-748.0977270772929,-1.3913752301087925,-0.0618371566664563,-0.004925587925868,1000.0,-0.0757585361442352,-1000.0,-0.0024307170516522, Competition,Healthy
SRR13077678.bin.27.fbc2XSRR13077678.bin.11.fbc2 ,-0.061699275583237,-0.061699275583237,630.7496203536878,-0.0011853847374823,-1000.0,1000.0,262.74567960341165,4.674884765933939,-2.313788030530759,-0.1028321259719859,-0.0081910085356184,-3.008174555869573,-501.31023991434125,-1000.0,-0.0040421619546577,-0.0849107822182304,-0.0849107822182304,369.2503796463122,-0.0016313310704845,0.0,0.0,737.2543203965884,-44.11736673377027,-3.18424405639405,-0.1415179703637932,-0.0112724976969502,20.39039856933573,-498.6897600856588,0.0,-0.0055628389503681, Amensalism,Healthy
SRR13077678.bin.23.fbc2XSRR13077678.bin.15.fbc2 ,-0.0727399197927525,-0.0727399197927525,808.9980931616242,-0.0013975008605484,1000.0,-1000.0,-208.4667264996922,-371.60057824845455,-2.72782385477592,-0.1212331996546254,-0.0096567309465172,789.4099105493506,-589.102961858164,1000.0,-0.0047654779345975,-0.0873628320663328,-0.0873628320663328,191.00190683837585,-0.0016784405776206,-791.6005361774478,1000.0,401.1314475432032,-214.1451603533637,-3.276198516720114,-0.1456047201105548,-0.0115980243915601,1.6585090957842112,-337.84730207021835,-1000.0,-0.0057234823697172, Amensalism,Healthy
SRR13077678.bin.17.fbc2XSRR13077678.bin.27.fbc2 ,-0.0480715013858343,-0.0480715013858343,591.2571560500551,-0.0009235639074631,0.0,0.0,78.87540546206765,-6.488775301368264,-1.802732097981789,-0.0801191689763527,-0.0063818266008865,572.9570697057934,-289.4005756107632,0.0,-0.0031493529246517,-0.0610157779353812,-0.0610157779353812,408.7428439499449,-0.0011722531784243,-1000.0,1000.0,0.5568208179528256,5.856987167866464,-2.2881561465013647,-0.1016929632256733,-0.0081002694627159,-3.588313869189278,-500.1245870677996,-1000.0,-0.0039973833382873, Competition,Healthy
SRR13077678.bin.13.fbc2XSRR13077678.bin.9.fbc2 ,-0.2246349662377724,-0.2246349662377724,0.0,-0.004315753433957,-1000.0,999.6630259718764,974.1174996326858,935.8227180328548,-8.424048600355377,-0.3743916103962874,-0.0298218562286365,0.0,-357.46640880787936,-999.6630259718762,-0.0147167192097867,-0.0839700776524523,-0.0839700776524523,1000.0,-0.0016132579760324,1000.0,-1000.0,25.88250036731415,-1000.0,-3.148966641154857,-0.1399501294207539,-0.0111476126144225,1000.0,-1.691188553574193,1000.0,-0.0055012096983091, Amensalism,Healthy
SRR13077678.bin.23.fbc2XSRR13077678.bin.11.fbc2 ,-0.0587271541128302,-0.0587271541128302,653.1510596858493,-0.0011282834603889,-1000.0,1000.0,227.2791665130192,-297.2876257004202,-2.20233033482225,-0.0978785901880883,-0.0077964387112388,495.9252150261464,-474.2399323568764,-1000.0,-0.0038474465999343,-0.0835482909402571,-0.0835482909402571,346.8489403141507,-0.0016051544848778,1000.0,-1000.0,764.793844556435,-20.428552330672574,-3.1331491937561395,-0.1392471515671332,-0.0110916174908197,5.526611097770001,-498.7107843938652,1000.0,-0.0054735767936335, Amensalism,Healthy
SRR13077678.bin.10.fbc2XSRR13077678.bin.15.fbc2 ,-0.0340002488510435,-0.0340002488510435,807.407904286069,-0.0006532228405831,1000.0,-1000.0,30.27340079258101,-413.9522673051198,-1.2750452591700423,-0.056667081418368,-0.004513769828236,4.295637310599091,-0.7772932651315614,1000.0,-0.0022274898863088,-0.0875016824741123,-0.0875016824741123,192.59209571393103,-0.0016811082127787,-987.2564852762956,1000.0,492.799690643747,-20.087696522916644,-3.281405553730906,-0.1458361374568539,-0.0116164577501649,3.250498379238934,-288.9333674832054,-1000.0,-0.0057325790055529, Amensalism,Healthy
SRR13077678.bin.13.fbc2XSRR13077678.bin.15.fbc2 ,-0.260909375701658,-0.260909375701658,807.4079042860685,-0.0050126681210258,-1000.0,999.608610873107,912.995871260502,-168.32117966858343,-9.784377285558776,-0.4348489595028013,-0.0346375367165592,996.7495016207608,-508.16885156466935,-999.608610873107,-0.017093198292855,-0.0875016824741123,-0.0875016824741123,192.59209571393149,-0.0016811082127787,823.9432494053124,0.3913891268930456,87.0041287394979,-831.6788203314165,-3.281405553730906,-0.1458361374568539,-0.0116164577501649,3.250498379239275,-491.83114843533065,-0.3913891268930456,-0.0057325790055529, Neutralism,Healthy
SRR13077678.bin.17.fbc2XSRR13077678.bin.13.fbc2 ,-0.0812337469346857,-0.0812337469346857,1000.0,-0.0015606867806354,-1000.0,1000.0,-863.9598104737844,-10.10245818975659,-3.0463513478244977,-0.1353895782244762,-0.0107843456545424,964.7624783180128,-488.6129795382297,-1000.0,-0.0053219419221477,-0.2246349662377724,-0.2246349662377724,0.0,-0.004315753433957,999.6630259718764,-1000.0,1000.0,1000.0,-8.424048600355377,-0.3743916103962874,-0.0298218562286365,35.237521681987346,-466.5217293430163,1000.0,-0.0147167192097867, Amensalism,Healthy
SRR13077678.bin.10.fbc2XSRR13077678.bin.27.fbc2 ,-0.0079227697485748,-0.0079227697485748,188.1429440950897,-0.0001522145964827,-1000.0,1000.0,7.054336132518529,-96.45954402005545,-0.2971122373725166,-0.0132046162475489,-0.0010518028618662,1.0009734188761286,-0.1811256027477839,-1000.0,-0.0005190517740629,-0.0784756140851641,-0.0784756140851641,811.8570559049103,-0.0015076967163167,0.0,0.0,923.742570234892,5.9460090789729065,-2.942918451512241,-0.1307926901419023,-0.0104181843098558,-4.615119956564627,-999.8188743972522,0.0,-0.0051412458027471, Amensalism,Healthy
SRR13077678.bin.20.fbc2XSRR13077678.bin.15.fbc2 ,-0.0422837326667604,-0.0422837326667604,501.7221548450036,-0.0008123675823981,1000.0,-1000.0,-947.7456494389426,-992.7870791300404,-1.5856846552209165,-0.0704728877778961,-0.0056134599947199,1000.0,-0.0863384266632465,1000.0,-0.002770173456156,-0.0875016824741123,-0.0875016824741123,317.4013653314878,-0.0016811082127787,-1000.0,999.8687390707478,0.0,-7.212920869959589,-3.281405553730906,-0.1458361374568539,-0.0116164577501649,-371.1773104734318,-472.9285779963016,-999.8687390707478,-0.0057325790055529, Neutralism,Healthy
SRR13077678.bin.10.fbc2XSRR13077678.bin.11.fbc2 ,-0.0269607857376286,-0.0269607857376286,640.2409466384267,-0.0005179785924838,0.0,0.0,-971.6586214597784,-323.4803066395441,-1.0110579539838227,-0.0449346428960097,-0.0035792320738892,-1.3603930763118797,-0.616361288069811,0.0,-0.0017663070002527,-0.0846091534854167,-0.0846091534854167,359.75905336157325,-0.0016255360900458,-1000.0,1000.0,-28.341378540221516,-33.38554306005585,-3.1729326601875982,-0.1410152558089521,-0.011232454382025,9.7837603632355,-498.6841894250037,-1000.0,-0.0055430780669212, Amensalism,Healthy
SRR13077678.bin.15.fbc2XSRR13077678.bin.9.fbc2 ,-0.0875016824741123,-0.0875016824741123,192.5920957139313,-0.0016811082127787,-830.55825430256,1000.0,571.5166662297313,-176.78592749665097,-3.281405553730906,-0.1458361374568539,-0.0116164577501649,2.882638280123274,-328.1079252266393,-1000.0,-0.0057325790055529,-0.0680635534546354,-0.0680635534546354,807.4079042860687,-0.0013076571268584,1000.0,-1000.0,-916.7702064963004,-823.214072503349,-2.552455175689716,-0.1134392557577257,-0.0090359107467747,815.3178634020524,-0.3170807001281446,1000.0,-0.0044591108027134, Amensalism,Healthy
SRR13077678.bin.15.fbc2XSRR13077678.bin.11.fbc2 ,-0.0875016824741123,-0.0875016824741123,629.8893433514427,-0.0016811082127787,-607.54417831278,1000.0,1000.0,-955.8826332662288,-3.281405553730906,-0.1458361374568539,-0.0116164577501649,-196.4759849737004,-483.7246859005538,-1000.0,-0.0057325790055529,-0.0849107822182304,-0.0849107822182304,370.1106566485573,-0.0016313310704845,1000.0,-1000.0,0.0,-44.11736673377118,-3.18424405639405,-0.1415179703637932,-0.0112724976969502,20.39039856933573,-498.68976008565886,1000.0,-0.0055628389503681, Neutralism,Healthy
SRR13077678.bin.17.fbc2XSRR13077678.bin.9.fbc2 ,-0.0011831048050225,-0.0011831048050225,14.551639998126689,-2.273015957143798e-05,-1000.0,1000.0,1.941230635850843,0.0,-0.0443676803477046,-0.0019718413417422,-0.0001570654025044,14.101250069325827,-7.122540418237122,-1000.0,-7.750984411813988e-05,-0.0829925557799242,-0.0829925557799242,985.4483600018734,-0.0015944775366278,1000.0,-1000.0,97.58472472242944,-1000.0,-3.112308538012257,-0.1383209262999116,-0.0110178397778781,985.898749930674,-0.7013915667653237,1000.0,-0.0054371683997942, Amensalism,Healthy
SRR13077678.bin.24.fbc2XSRR13077678.bin.27.fbc2 ,-0.0517287174631064,-0.0517287174631064,591.2571560500551,-0.0009938274248497,-1000.0,1000.0,634.9539018859671,-604.7985317507059,-1.939881565374094,-0.0862145291051774,-0.0068673475057039,5.61458828355444,-290.6410824237063,-1000.0,-0.0033889515186729,-0.0610157779353812,-0.0610157779353812,408.7428439499449,-0.0011722531784243,1000.0,-1000.0,365.0460981140329,5.856987167866919,-2.2881561465013647,-0.1016929632256733,-0.0081002694627159,-3.588313869189278,-500.1245870677996,1000.0,-0.0039973833382873, Competition,Healthy
SRR13077678.bin.9.fbc2XSRR13077678.bin.27.fbc2 ,-0.0498422951181964,-0.0498422951181964,591.2571560500551,-0.0009575849205702,-1000.0,1000.0,48.46488475137539,-603.9960614626438,-1.8691387341049224,-0.0830704918637366,-0.0066169118015295,598.4724530925819,-0.1028398325499893,-1000.0,-0.0032653645793061,-0.0610157779353812,-0.0610157779353812,408.7428439499449,-0.0011722531784243,1000.0,-1000.0,-1000.0,5.856987167866691,-2.2881561465013647,-0.1016929632256733,-0.0081002694627159,-3.588313869189278,-500.1245870677996,1000.0,-0.0039973833382873, Competition,Healthy
SRR13077678.bin.17.fbc2XSRR13077678.bin.24.fbc2 ,-0.0015583035738018,-0.0015583035738018,19.16641071634592,-2.9938589364064683e-05,-1000.0,1000.0,2.556854324780716,980.8838271346806,-0.0584380306401044,-0.0025971726230409,-0.0002068756521111,18.573188346976394,-9.381316127754758,-1000.0,-0.0001020905895074,-0.0858125150776913,-0.0858125150776913,980.833589283654,-0.001648655428994,1000.0,-1000.0,997.4431456752192,-1000.0,-3.218059991463406,-0.1430208584629326,-0.0113922090141613,7.665357470764434,-482.1430627095809,1000.0,-0.005621915012739, Amensalism,Healthy
SRR13077678.bin.10.fbc2XSRR13077678.bin.23.fbc2 ,0.0,0.0,0.0,0.0,-1000.0,1000.0,0.0,0.0,0.0,0.0,0.0,0.0,0.0,-1000.0,0.0,-0.0899135862094908,-0.0899135862094908,1000.0,-0.0017274464208867,1000.0,-1000.0,0.0,-681.1185672773015,-3.3718544924072376,-0.1498559770157044,-0.0119366547686468,975.7909612508296,-674.3252719429739,1000.0,-0.0058905922953726, Amensalism,Healthy
SRR13077678.bin.10.fbc2XSRR13077678.bin.9.fbc2 ,0.0,0.0,0.0,0.0,-1000.0,1000.0,1000.0,0.0,0.0,0.0,0.0,0.0,0.0,-1000.0,0.0,-0.0839700776524523,-0.0839700776524523,1000.0,-0.0016132579760324,1000.0,-1000.0,-897.5074138238247,-1000.0,-3.148966641154857,-0.1399501294207539,-0.0111476126144225,983.7695879739996,-1.691188553574193,1000.0,-0.0055012096983091, Amensalism,Healthy
SRR13077678.bin.13.fbc2XSRR13077678.bin.23.fbc2 ,-0.2246349662377724,-0.2246349662377724,0.0,-0.004315753433957,-1000.0,999.6630259718764,1000.0,1000.0,-8.424048600355377,-0.3743916103962874,-0.0298218562286365,107.6501943047158,-265.0240483276005,-999.6630259718762,-0.0147167192097867,-0.0899135862094908,-0.0899135862094908,1000.0,-0.0017274464208867,1000.0,-1000.0,0.0,-591.5383536099658,-3.3718544924072376,-0.1498559770157044,-0.0119366547686468,892.3498056952842,-693.6507963039127,1000.0,-0.0058905922953726, Amensalism,Healthy
SRR13077678.bin.15.fbc2XSRR13077678.bin.24.fbc2 ,-0.0873628320663328,-0.0873628320663328,191.0019068383756,-0.0016784405776206,0.0,169.44762678056622,420.9746424313976,-175.19332331137696,-3.276198516720114,-0.1456047201105548,-0.0115980243915601,1.2912327285841911,-328.10934280972185,-169.4476267805661,-0.0057234823697172,-0.0707787353795765,-0.0707787353795765,808.9980931616244,-0.0013598220053836,1000.0,-1000.0,579.0253575686024,-824.806676688623,-2.654277366943461,-0.117964558965923,-0.0093963700570611,6.322438021091443,-397.6748172419639,1000.0,-0.0046369930382752, Amensalism,Healthy
SRR13077678.bin.15.fbc2XSRR13077678.bin.27.fbc2 ,-0.0875016824741123,-0.0875016824741123,193.4095417871349,-0.0016811082127787,-1000.0,999.8687390707478,490.1429909058345,-11.504512754278268,-3.281405553730906,-0.1458361374568539,-0.0116164577501649,3.2504983792398434,-286.94084267977155,-999.8687390707478,-0.0057325790055529,-0.069101148436971,-0.069101148436971,806.5904582128651,-0.001327591708673,1000.0,-1000.0,-1000.0,-3.6632503536066,-2.591366083932371,-0.1151685807283229,-0.0091736587070272,5.529910675602764,-713.0591573202285,1000.0,-0.0045270877266148, Amensalism,Healthy
SRR13077678.bin.13.fbc2XSRR13077678.bin.24.fbc2 ,-0.2250543037760053,-0.2250543037760053,9.333754785538645,-0.0043238098708116,-1000.0,999.6623969252868,901.2187223332694,946.0804711990096,-8.439774201142882,-0.3750905062933043,-0.0298775262073149,162.998980404519,-411.4898622600567,-999.6623969252868,-0.0147441916594743,-0.086599198501176,-0.086599198501176,990.6662452144616,-0.0016637694236578,1000.0,-1000.0,98.7812776667306,-1000.0,-3.247561451110528,-0.1443319975019221,-0.0114966467174326,6.061561228111373,-486.9783921419223,1000.0,-0.0056734537346301, Amensalism,Healthy
SRR13077678.bin.13.fbc2XSRR13077678.bin.27.fbc2 ,-0.2511982237806478,-0.2511982237806478,591.2538459123796,-0.0048260945970923,-1000.0,999.623178533856,503.5621338575484,-542.6094352902207,-9.42019882697798,-0.4186637063011176,-0.0333483136661243,956.0458125862232,-499.8754125357842,-999.623178533856,-0.0164569825761873,-0.0610159720778256,-0.0610159720778256,408.7461540876204,-0.0011722569082621,1000.0,-1000.0,496.4378661424517,5.859350317678263,-2.2881634270485165,-0.101693286796376,-0.0081002952364315,-3.588325286630493,-500.1245874642158,1000.0,-0.0039973960573433, Amensalism,Healthy
SRR13077678.bin.17.fbc2XSRR13077678.bin.15.fbc2 ,-0.0656453960727958,-0.0656453960727958,807.407904286069,-0.0012611987717718,1000.0,-1000.0,-909.4600788341422,-5.414275879436332,-2.461771718662362,-0.1094089934546218,-0.0087148835132211,797.0189938070616,-395.1991275912551,1000.0,-0.0043006878119058,-0.0875016824741123,-0.0875016824741123,192.59209571393103,-0.0016811082127787,-283.7308806975419,1000.0,640.9931375131364,-723.6133011016681,-3.281405553730906,-0.1458361374568539,-0.0116164577501649,3.250498379238934,-464.8147686278938,-1000.0,-0.0057325790055529, Amensalism,Healthy
SRR13077678.bin.17.fbc2XSRR13077678.bin.23.fbc2 ,0.0,0.0,0.0,0.0,-1000.0,1000.0,0.0,0.0,0.0,0.0,0.0,0.0,0.0,-1000.0,0.0,-0.0899135862094908,-0.0899135862094908,1000.0,-0.0017274464208867,1000.0,-1000.0,476.99170655888497,-685.84785492543,-3.3718544924072376,-0.1498559770157044,-0.0119366547686468,-19.64439977757445,-675.9692987166414,1000.0,-0.0058905922953726, Amensalism,Healthy
SRR13077678.bin.20.fbc2XSRR13077678.bin.24.fbc2 ,-0.0004002451422593,-0.0004002451422593,9.412543441097682,-7.689628091611667e-06,-1000.0,1000.0,-22.06229902868245,-0.0795309782071171,-0.0150096157642565,-0.0006670752370609,-5.3135330176701245e-05,18.829207215616638,-0.0008172536737447,-1000.0,-2.622163174237357e-05,-0.0865923111821302,-0.0865923111821302,990.5874565589024,-0.0016636371024105,1000.0,-1000.0,1000.0,-999.9204690217928,-3.2473031693714347,-0.1443205186369596,-0.0114957323778526,6.06107914621748,-486.9396622740294,1000.0,-0.0056730025194156, Amensalism,Healthy
SRR13077678.bin.9.fbc2XSRR13077678.bin.11.fbc2 ,-0.0550598796827443,-0.0550598796827443,653.1510596858495,-0.001057826699025,-1000.0,1000.0,-930.6910689914924,-979.571447669328,-2.064803668570107,-0.0917664661378694,-0.0073095824900519,990.4050740244196,-0.1130763849890854,-1000.0,-0.0036071890435778,-0.0835482909402571,-0.0835482909402571,346.84894031415047,-0.0016051544848778,1000.0,-1000.0,-69.30893100850756,-20.42855233067189,-3.1331491937561395,-0.1392471515671332,-0.0110916174908197,5.526611097770001,-498.7107843938652,1000.0,-0.0054735767936335, Amensalism,Healthy
SRR13077678.bin.20.fbc2XSRR13077678.bin.23.fbc2 ,0.0,0.0,0.0,0.0,-1000.0,1000.0,377.3046830341543,0.0,0.0,0.0,0.0,0.0,0.0,-1000.0,0.0,-0.0899135862094908,-0.0899135862094908,1000.0,-0.0017274464208867,1000.0,-1000.0,622.6953169658457,-1000.0,-3.3718544924072376,-0.1498559770157044,-0.0119366547686468,975.7871090453114,-757.1319845076831,1000.0,-0.0058905922953726, Amensalism,Healthy
SRR13077678.bin.17.fbc2XSRR13077678.bin.20.fbc2 ,-0.0788300741535295,-0.0788300741535295,969.5733253919587,-0.0015145067080766,0.0,0.0,-872.1706359692961,-10.640621229345811,-2.9562110786242783,-0.1313834569224354,-0.0104652413525627,939.5639201945633,-474.57367000818135,0.0,-0.0051644678744651,-0.002564281299783,-0.002564281299783,30.42667460804114,-4.926573103603005e-05,-1000.0,1000.0,-57.26713407801413,-61.041482726426125,-0.0961632583554319,-0.0042738021662671,-0.0003404262013191,60.43607980543675,-0.0052359618931632,-1000.0,-0.0001679961427498, Amensalism,Healthy
SRR13077678.bin.20.fbc2XSRR13077678.bin.11.fbc2 ,-0.0415325769907894,-0.0415325769907894,496.71333197583385,-0.0007979361573688,0.0,0.0,-941.2079863302566,-966.6144569399444,-1.5575155236451792,-0.0692209616513537,-0.0055137388474122,990.2162396367644,-0.0848046548047705,0.0,-0.0027209622966211,-0.0846091534854167,-0.0846091534854167,361.6008117149868,-0.0016255360900458,-1000.0,1000.0,-58.79201366974337,-33.38554306005551,-3.1729326601875982,-0.1410152558089521,-0.011232454382025,9.783760363235617,-500.1609953971981,-1000.0,-0.0055430780669212, Neutralism,Healthy
SRR13077678.bin.17.fbc2XSRR13077678.bin.10.fbc2 ,-0.0812337469346857,-0.0812337469346857,1000.0,-0.0015606867806354,-1000.0,1000.0,-870.3187039067501,-30.893412455418684,-3.0463513478244977,-0.1353895782244762,-0.0107843456545424,1000.0,-488.6129795382297,-1000.0,-0.0053219419221477,0.0,0.0,0.0,0.0,0.0,0.0,-129.6812960932499,0.0,0.0,0.0,0.0,0.0,0.0,0.0,0.0, Amensalism,Healthy
SRR13077678.bin.23.fbc2XSRR13077678.bin.27.fbc2 ,-0.0531620512724657,-0.0531620512724657,591.2571560500551,-0.0010213650580226,-1000.0,1000.0,-420.8353099949893,-0.8890287025549242,-1.993633097795282,-0.0886034187874429,-0.0070576325512092,-420.357735894744,-498.70013568491913,-1000.0,-0.0034828548480163,-0.0610157779353812,-0.0610157779353812,408.7428439499449,-0.0011722531784243,1000.0,-1000.0,-579.1646900050107,5.856987167866464,-2.2881561465013647,-0.1016929632256733,-0.0081002694627159,-3.588313869189278,-500.1245870677996,1000.0,-0.0039973833382873, Competition,Healthy
SRR13077678.bin.23.fbc2XSRR13077678.bin.9.fbc2 ,-0.0899135862094908,-0.0899135862094908,1000.0,-0.0017274464208867,-1000.0,1000.0,-366.1905804896811,0.0,-3.3718544924072376,-0.1498559770157044,-0.0119366547686468,-19.561672368476025,-844.0481636289593,-1000.0,-0.0058905922953726,0.0,0.0,0.0,0.0,1000.0,-1000.0,-500.0,-1000.0,0.0,0.0,0.0,1000.0,0.0,1000.0,0.0, Amensalism,Healthy
SRR13077678.bin.9.fbc2XSRR13077678.bin.24.fbc2 ,-0.0006677433900676,-0.0006677433900676,11.722402148742503,-1.282888354126044e-05,-1000.0,1000.0,-986.4845218856492,-2.411152469100898,-0.0250410827167115,-0.0011129056501886,-8.864758547133533e-05,0.0851689054334201,-0.6884497801269163,-1000.0,-4.374649302008038e-05,-0.0863903946298023,-0.0863903946298023,988.2775978512576,-0.0016597578219261,1000.0,-1000.0,98.54310094518382,-997.5888475308992,-3.239731085299127,-0.1439839910497085,-0.0114689265493552,6.046945879789519,-485.8042129893104,1000.0,-0.0056597741727273, Amensalism,Healthy
SRR13077678.bin.13.fbc2XSRR13077678.bin.11.fbc2 ,-0.253399066924203,-0.253399066924203,640.240946638427,-0.0048683778467193,-1000.0,999.6198770577244,293.3791250377644,-577.5252911464296,-9.502732770439366,-0.4223317782069671,-0.0336404909211296,962.6762404513138,-500.4223804619855,-999.6198770577244,-0.0166011684574414,-0.0846091534854167,-0.0846091534854167,359.759053361573,-0.0016255360900458,1000.0,-1000.0,706.6208749622356,-33.3855430600546,-3.1729326601875982,-0.1410152558089521,-0.011232454382025,9.7837603632355,-498.6841894250036,1000.0,-0.0055430780669212, Neutralism,Healthy
SRR13077678.bin.17.fbc2XSRR13077678.bin.11.fbc2 ,-0.0520625182994081,-0.0520625182994081,640.3448117726107,-0.0010002405052773,0.0,0.0,-931.1094554447176,-321.9450477315877,-1.9523994494552424,-0.0867708638323847,-0.0069116618914222,990.1145958240922,-313.4273390522324,0.0,-0.0034108201230083,-0.084603963017912,-0.084603963017912,359.6551882273893,-0.0016254363691814,-1000.0,1000.0,753.2789244967225,-33.32214857022359,-3.1727380121700435,-0.1410066050298155,-0.0112317653113223,9.885404175907752,-498.6944945463758,-1000.0,-0.0055427380190167, Amensalism,Healthy
SRR13077678.bin.20.fbc2XSRR13077678.bin.9.fbc2 ,0.0,0.0,0.0,0.0,-1000.0,1000.0,499.223748659673,0.0,0.0,0.0,0.0,0.0,0.0,-1000.0,0.0,-0.0839700776524523,-0.0839700776524523,1000.0,-0.0016132579760324,1000.0,-1000.0,-404.173183906238,-1000.0,-3.148966641154857,-0.1399501294207539,-0.0111476126144225,987.6584269881224,-1.6911885535740794,1000.0,-0.0055012096983091, Amensalism,Healthy
SRR13077679.bin.19.fbc2XSRR13077679.bin.15.fbc2 ,-0.0877413160118294,-0.0877413160118294,7.150150255950052,-0.0016857121231623,-1000.0,1000.0,790.3603038028659,-27.86418082566388,-3.2903920646112965,-0.1462355266863824,-0.0116482707712748,0.0,-400.0329051006446,-1000.0,-0.0057482783400928,-0.1307550487834987,-0.1307550487834987,992.84984974405,-0.0025121046836602,1000.0,-836.1324979454408,0.0,-765.0440268990703,-4.903452495140641,-0.217925081305907,-0.0173586433639911,1000.0,-541.2338619994173,836.1324979454407,-0.0085662769712371, Neutralism,Healthy
SRR13077679.bin.24.fbc2XSRR13077679.bin.8.fbc2 ,-0.1778913305096239,-0.1778913305096239,1000.0,-0.0034177008743654,-1000.0,999.7331459157313,704.8752637154955,-879.3833323832125,-6.6711128676574845,-0.2964855508492974,-0.0236163130417708,1000.0,-1000.0,-999.7331459157313,-0.0116543599815486,0.0,0.0,0.0,0.0,1000.0,-1000.0,0.0,0.0,0.0,0.0,0.0,0.0,0.0,1000.0,0.0, Amensalism,Healthy
SRR13077679.bin.22.fbc2XSRR13077679.bin.26.fbc2 ,-0.0684022865830229,-0.0684022865830229,424.477630139844,-0.0013141649679937,-1000.0,999.8973899993008,357.9986425700436,681.5331374617203,-2.565158025935375,-0.114003810971667,-0.0090808799286605,163.89469866661193,-471.35524601663246,-999.8973899993008,-0.0044813025407393,-0.0908801164401893,-0.0908801164401893,575.522369860156,-0.0017460156857396,999.7464261419672,-1000.0,-330.3838841656375,-578.6493944699229,-3.408100397368571,-0.1514668607336489,-0.012064968388131,836.1053013333881,-286.6317897795502,1000.0,-0.0059539134881561, Amensalism,Healthy
SRR13077679.bin.10.fbc2XSRR13077679.bin.8.fbc2 ,-0.0859638779862734,-0.0859638779862734,991.4704243659936,-0.0016515634579263,-0.1289540747966384,0.0,998.1647115561354,-1000.0,-3.2237362604753343,-0.1432731299771603,-0.0114123034943531,6.729146668703834,-495.868497482962,0.0,-0.0056318313916108,-0.0004336365909693,-0.0004336365909693,8.529575634006278,-8.331154504048754e-06,999.9993495034578,-1000.0,1.835288443864556,0.0,-0.0162618303747876,-0.0007227276515777,-5.756827749792137e-05,3.822320681322367,0.0,1000.0,-2.840923684743757e-05, Amensalism,Healthy
SRR13077679.bin.13.fbc2XSRR13077679.bin.8.fbc2 ,-0.0157988654386826,-0.0157988654386826,191.31041938114183,-0.0003035324772326,1000.0,-1000.0,-166.2178311301459,-381.7809704685008,-0.5924741482357376,-0.0263314423978044,-0.0020974094175016,188.5249215674189,-0.3770928142275807,1000.0,-0.0010350457472441,-0.0520918846818858,-0.0520918846818858,808.6895806188581,-0.0010008047008795,-1000.0,999.9218571689536,-406.1171528823006,-618.2190295314992,-1.9535007198293213,-0.0868198078031809,-0.0069155604832076,811.4750784325811,-343.0712363526718,-999.9218571689536,-0.0034127440300153, Competition,Healthy
SRR13077679.bin.4.fbc2XSRR13077679.bin.8.fbc2 ,-0.1495454556048798,-0.1495454556048798,1000.0,-0.0028731115389746,-1000.0,999.7756674510352,0.0,-992.7579611247348,-5.608112606317491,-0.2492424260080952,-0.0198532007344738,1000.0,-568.9254197842183,-999.775667451035,-0.0097973103479489,0.0,0.0,0.0,0.0,1000.0,-1000.0,0.0,0.0,0.0,0.0,0.0,0.0,0.0,1000.0,0.0, Amensalism,Healthy
SRR13077679.bin.24.fbc2XSRR13077679.bin.16.fbc2 ,-0.1636530714027912,-0.1636530714027912,995.1738668901376,-0.0031441512277297,-1000.0,999.7545046721398,1000.0,-283.59664260938257,-6.137163105922696,-0.2727551190047279,-0.0217260849835838,684.6697979811952,-666.3927740884782,-999.7545046721395,-0.010721555686473,-0.0824669913588422,-0.0824669913588422,4.826133109862553,-0.001584380237432,1000.0,-1000.0,-195.08763805196784,-337.002416441284,-3.0925993168685864,-0.1374449855979946,-0.0109480674407222,315.3302020188048,-309.9972811242935,1000.0,-0.0054027366096534, Neutralism,Healthy
SRR13077679.bin.1.fbc2XSRR13077679.bin.10.fbc2 ,-0.0615139498549979,-0.0615139498549979,0.961094897993462,-0.0011818242046501,-1000.0,999.8283636707504,429.8342690132797,1000.0,-2.306838119892745,-0.1025232497582919,-0.008166405254542,696.1858138661644,-500.3467556051167,-999.8283636707504,-0.004030020538039,-0.0862905792752144,-0.0862905792752144,999.0389051020064,-0.0016578401397282,999.8705558418864,-1000.0,48.487806209156815,-1000.0,-3.235987904028093,-0.1438176321253195,-0.0114556753658234,2.954271969536194,-499.6532443948833,1000.0,-0.005653234876604, Amensalism,Healthy
SRR13077679.bin.18.fbc2XSRR13077679.bin.24.fbc2 ,-0.0865184851854792,-0.0865184851854792,262.84997973921577,-0.0016622187355324,1000.0,-964.644707227926,-337.71909248042994,-43.84677042701424,-3.244534616486362,-0.1441974753091699,-0.0114859314626301,0.0021775065436031,-408.8721008121042,964.644707227926,-0.0056681658882098,-0.1640755947169054,-0.1640755947169054,737.1500202607842,-0.0031522688706218,-1000.0,999.7538708465804,1000.0,-511.60956782255977,-6.1530081766723015,-0.2734593245281758,-0.0217821778961706,999.9978224934564,-487.2407592888337,-999.7538708465804,-0.0107492368489374, Neutralism,Healthy
SRR13077679.bin.22.fbc2XSRR13077679.bin.15.fbc2 ,-0.1141632447661322,-0.1141632447661322,931.2527049067426,-0.0021933380359087,-1000.0,999.8287441661604,896.3905316968894,576.3042237661693,-4.281242312321751,-0.1902720746102204,-0.0151559658277165,162.66461378509757,-500.1902940079906,-999.8287441661606,-0.0074792827022065,-0.0903817989780009,-0.0903817989780009,68.74729509325743,-0.0017364418631586,1000.0,-153.26489344186746,103.6094683031106,-1000.0,-3.3894129659755663,-0.1506363316299257,-0.0119988132745447,637.4901183634752,-499.8097059920094,153.26489344186757,-0.0059212667533756, Amensalism,Healthy
SRR13077679.bin.24.fbc2XSRR13077679.bin.13.fbc2 ,-0.1778913305096239,-0.1778913305096239,1000.0,-0.0034177008743654,-1000.0,999.7331459157313,823.5775701598689,504.8236404830229,-6.6711128676574845,-0.2964855508492974,-0.0236163130417708,1000.0,-59.351153222186895,-999.7331459157313,-0.0116543599815486,0.0,0.0,0.0,0.0,1000.0,-1000.0,0.0,0.0,0.0,0.0,0.0,0.0,0.0,1000.0,0.0, Amensalism,Healthy
SRR13077679.bin.3.fbc2XSRR13077679.bin.8.fbc2 ,-0.0547291036322121,-0.0547291036322121,650.925578026041,-0.0010514717316709,-1000.0,999.9179010871932,-1000.0,-984.482383506256,-2.052399217154175,-0.0912151727203536,-0.0072656696656849,794.9524676367728,-1.2564368687501428,-999.917901087193,-0.0035855186049502,-0.0181849350819902,-0.0181849350819902,349.07442197395903,-0.0003493743531635,999.9727208505052,-1000.0,86.50323364554424,-15.517616493744072,-0.6819542811632573,-0.0303082251366504,-0.0024141767803484,155.926162203044,-238.40663483926411,1000.0,-0.0011913665442762, Amensalism,Healthy
SRR13077679.bin.10.fbc2XSRR13077679.bin.26.fbc2 ,-0.0365426736474319,-0.0365426736474319,421.3118973868636,-0.0007020686579153,-970.7468395978192,1000.0,458.5161301876879,-454.8681239622929,-1.3703888755533171,-0.0609044560790152,-0.0048512944265439,3.171706908311989,-217.88400619625637,-1000.0,-0.0023940541236697,-0.0913015560416852,-0.0913015560416852,578.6881026131364,-0.0017541125080242,999.7452502404626,-1000.0,541.4838698123122,-405.410981301215,-3.423904827749084,-0.1521692600693995,-0.0121209174303658,992.9827216793542,-308.23292495356293,1000.0,-0.0059815236522808, Amensalism,Healthy
SRR13077679.bin.19.fbc2XSRR13077679.bin.25.fbc2 ,-0.0877413160118294,-0.0877413160118294,7.150150255950052,-0.0016857121231623,-1000.0,1000.0,736.7403721816363,0.0,-3.2903920646112965,-0.1462355266863824,-0.0116482707712748,-24.49275657929149,-500.032062244583,-1000.0,-0.0057482783400928,-0.2482605830407465,-0.2482605830407465,992.84984974405,-0.0047696557741119,0.0,-0.3724147228400625,263.2596278183637,-1000.0,-9.31003419509682,-0.413767638401282,-0.0329583213988371,1000.0,0.0,0.3724147228400625,-0.0162645261896159, Neutralism,Healthy
SRR13077679.bin.1.fbc2XSRR13077679.bin.22.fbc2 ,-0.0308681654817064,-0.0308681654817064,0.4822846919244057,-0.0005930483281417,999.9138715912986,-1000.0,366.4212503037643,734.3658719148489,-1.15758882322109,-0.0514469424695107,-0.0040979639477427,-2.5728008054443308,-327.5192958453773,1000.0,-0.002022294799076,-0.1187741976157212,-0.1187741976157212,999.5177153080756,-0.0022819250261818,-1000.0,999.8218272939512,603.6473266338126,265.63412808515113,-4.454157916465874,-0.1979569960261642,-0.0157681019312576,524.0961502481368,-672.4807041546227,-999.8218272939512,-0.0077813643395074, Amensalism,Healthy
SRR13077679.bin.3.fbc2XSRR13077679.bin.10.fbc2 ,0.0,0.0,0.0,0.0,-1000.0,1000.0,0.0,0.0,0.0,0.0,0.0,0.0,0.0,-1000.0,0.0,-0.0863320659292412,-0.0863320659292412,1000.0,-0.0016586371936,999.8704936079204,-1000.0,1000.0,-1000.0,-3.2375436973929936,-0.1438867765488112,-0.011461183008123,2.474913834068502,-500.1338561681202,1000.0,-0.0056559528303523, Amensalism,Healthy
SRR13077679.bin.15.fbc2XSRR13077679.bin.16.fbc2 ,-0.1308565831038777,-0.1308565831038777,995.1738668901376,-0.0025140553910887,-642.1645022512217,1000.0,0.0,-585.4600206043488,-4.907260139441519,-0.2180943051731674,-0.0173721227521355,607.1322350268301,-612.4651559213404,-1000.0,-0.0085729288834954,-0.0824669913588422,-0.0824669913588422,4.826133109862553,-0.001584380237432,1000.0,-1000.0,-272.6252010063324,-414.5399793956512,-3.0925993168685864,-0.1374449855979946,-0.0109480674407222,392.8677649731698,-387.5348440786596,1000.0,-0.0054027366096534, Neutralism,Healthy
SRR13077679.bin.18.fbc2XSRR13077679.bin.16.fbc2 ,-0.0865184851854792,-0.0865184851854792,850.1968197471529,-0.0016622187355324,-1000.0,999.8702139611282,960.8939465133004,-47.17695917494382,-3.244534616486362,-0.1441974753091699,-0.0114859314626301,4.018114593825089,-400.0008311093677,-999.870213961128,-0.0056681658882098,-0.0824669913588422,-0.0824669913588422,149.80318025284714,-0.001584380237432,1000.0,-1000.0,39.10605348669969,-102.80872490261731,-3.0925993168685864,-0.1374449855979946,-0.0109480674407222,226.11355762312223,-293.26916030010307,1000.0,-0.0054027366096534, Neutralism,Healthy
SRR13077679.bin.26.fbc2XSRR13077679.bin.15.fbc2 ,-0.0913018763491209,-0.0913018763491209,578.6928892605195,-0.0017541186618927,-1000.0,999.74524934674,672.0622224880913,-293.50029007072794,-3.423916839619892,-0.1521697939152773,-0.0121209599533358,-1.100042895217939,-343.6725707814031,-999.74524934674,-0.0059815446369384,-0.1057848356180102,-0.1057848356180102,421.30711073948055,-0.0020323695604247,1000.0,-350.1425283481749,327.93777751190873,-706.4997099292721,-3.967043116002856,-0.176308059363464,-0.0140436736622859,677.3415572979015,-656.3274292185969,350.1425283481749,-0.0069303802009699, Amensalism,Healthy
SRR13077679.bin.1.fbc2XSRR13077679.bin.6.fbc2 ,-0.0579186922667531,-0.0579186922667531,0.9049225381769476,-0.0011127510522328,-1000.0,999.8383951646896,76.0422207298684,1000.0,-2.172012161312182,-0.0965311537779598,-0.0076891097706948,89.15651025086845,-397.8218803672692,-999.8383951646896,-0.0037944810879935,-0.1214472887573947,-0.1214472887573947,914.5995592303192,-0.0023332812440912,999.661137564914,-1000.0,126.3884886561748,-1000.0,-4.554401658869438,-0.2024121479289533,-0.0161229733970458,910.8434897491315,-602.1781196327308,1000.0,-0.007956489042499, Amensalism,Healthy
SRR13077679.bin.16.fbc2XSRR13077679.bin.8.fbc2 ,-0.0824669913588422,-0.0824669913588422,4.826133109862781,-0.001584380237432,1000.0,-1000.0,-195.08763805196816,-337.00241644128346,-3.0925993168685864,-0.1374449855979946,-0.0109480674407222,315.3302020188055,-309.9972811242935,1000.0,-0.0054027366096534,-0.0573713739221375,-0.0573713739221375,995.1738668901372,-0.0011022358102081,-1000.0,999.9139374279378,-81.4449334200765,-367.3218111951994,-2.1514871450505098,-0.0956189565368959,-0.0076164494486192,684.6697979811945,-500.0,-999.9139374279378,-0.0037586241128337, Amensalism,Healthy
SRR13077679.bin.1.fbc2XSRR13077679.bin.13.fbc2 ,-0.073027122714393,-0.073027122714393,498.9000652746611,-0.0014030186880518,-1000.0,999.7962395959304,275.79556183315526,1000.0,-2.738594267819167,-0.1217118711907687,-0.0096948591345835,506.1961277533767,-669.0190897234563,-999.7962395959304,-0.0047842937262885,-0.0413820139314111,-0.0413820139314111,501.0999347253389,-0.0007950434953727,1000.0,-1000.0,-435.37484575559904,-1000.0,-1.5518692498180826,-0.0689700232189807,-0.0054937505526595,493.8038722466233,-0.9877202988008094,1000.0,-0.0027110983190823, Neutralism,Healthy
SRR13077679.bin.1.fbc2XSRR13077679.bin.16.fbc2 ,-0.0776635017190301,-0.0776635017190301,713.2130833042152,-0.0014920941732725,-1000.0,999.7833031632152,97.3791637364111,1000.0,-2.9124633796424177,-0.129439169531679,-0.0103103707373293,273.31650768858094,-713.9572213359852,-999.7833031632152,-0.0050880411308753,-0.0824669913588422,-0.0824669913588422,286.78691669578484,-0.001584380237432,1000.0,-1000.0,-325.6440819734406,-9.604453585109924,-3.0925993168685864,-0.1374449855979946,-0.0109480674407222,726.6834923114191,-286.0427786640148,1000.0,-0.0054027366096534, Neutralism,Healthy
SRR13077679.bin.1.fbc2XSRR13077679.bin.3.fbc2 ,-0.0727886225290603,-0.0727886225290603,490.0362763198202,-0.0013984365519945,0.0,-0.2030949404401099,271.78551114699576,1000.0,-2.729650258852189,-0.1213143708818051,-0.0096631965740243,500.5818138991083,-664.458509226074,0.2030949404401099,-0.0047686686421002,-0.042464689517601,-0.042464689517601,509.9637236801798,-0.0008158441789873,-1000.0,999.9362988865028,-949.9334749840316,-1000.0,-1.5924707283405724,-0.070774482529373,-0.0056374832769279,499.4181861008917,-2.101443648697796,-999.9362988865026,-0.002782028650472, Amensalism,Healthy
SRR13077679.bin.19.fbc2XSRR13077679.bin.4.fbc2 ,-0.0877413160118294,-0.0877413160118294,7.150150255950507,-0.0016857121231623,1000.0,-1000.0,1000.0,0.0,-3.2903920646112965,-0.1462355266863824,-0.0116482707712748,-30.040468890941384,-400.5563794005304,1000.0,-0.0057482783400928,-0.1491281785404226,-0.1491281785404226,992.8498497440496,-0.0028650946885591,-1000.0,999.776293406716,-704.8223646933864,-1000.0,-5.592464275473503,-0.2485469642340376,-0.0197978042980366,1000.0,-599.4436205994696,-999.776293406716,-0.0097699728880797, Neutralism,Healthy
SRR13077679.bin.18.fbc2XSRR13077679.bin.3.fbc2 ,-0.0865184851854792,-0.0865184851854792,328.16446608779324,-0.0016622187355324,-1000.0,1000.0,661.2196487950034,0.0,-3.244534616486362,-0.1441974753091699,-0.0114859314626301,0.0021775065436031,-407.7333950304144,-1000.0,-0.0056681658882098,-0.0558133370392397,-0.0558133370392397,671.8355339122068,-0.0010723023447098,0.0,-0.0837253670705422,-752.5014222303432,-1000.0,-2.093059115599317,-0.093022228398695,-0.0074096092015452,808.882725652446,-1.2813280278672892,0.0837253670705422,-0.0036565509952879, Neutralism,Healthy
SRR13077679.bin.15.fbc2XSRR13077679.bin.8.fbc2 ,-0.0989494585413695,-0.0989494585413695,265.6252114171382,-0.0019010462735877,-933.963821349957,1000.0,174.08992364252708,82.64344799720516,-3.710709252846982,-0.1649157642356158,-0.0131362297506711,125.26671144549482,-304.7349397557721,-1000.0,-0.0064825677930002,-0.0502609161147802,-0.0502609161147802,734.3747885828618,-0.0009656275910856,999.92460379769,-1000.0,-557.133439905959,-738.8479532692828,-1.884837463821441,-0.0837681935246337,-0.0066724866542244,874.7332885545052,0.0,1000.0,-0.0032927900855383, Competition,Healthy
SRR13077679.bin.3.fbc2XSRR13077679.bin.16.fbc2 ,-0.0558133370392397,-0.0558133370392397,671.8355339122052,-0.0010723023447098,-1000.0,999.9162746329292,-752.5014222303432,-1000.0,-2.093059115599317,-0.093022228398695,-0.0074096092015452,808.8827256524462,-1.2813280278672892,-999.9162746329296,-0.0036565509952879,-0.0823861565572769,-0.0823861565572769,212.62041734513195,-0.0015828272153157,1000.0,-1000.0,133.55257503973507,0.0,-3.089567926395489,-0.1373102609288707,-0.0109373360578501,191.1172743475538,-286.9253255197839,1000.0,-0.0053974408042449, Neutralism,Healthy
SRR13077679.bin.22.fbc2XSRR13077679.bin.10.fbc2 ,-0.1153786907301537,-0.1153786907301537,890.3150282703189,-0.0022166895432746,-1000.0,999.826920880457,1000.0,814.6608836913583,-4.326822820305324,-0.1922978178836274,-0.0153173247443874,42.20730624433213,-829.8525925511292,-999.826920880457,-0.0075589113426985,-0.0095135745057177,-0.0095135745057177,109.68497172968114,-0.0001827776081881,461.1353655462565,0.1730791195429901,-653.7701156732321,-572.1136831016693,-0.3567690967333874,-0.0158559575095296,-0.0012629932725758,0.8257269370525364,-170.1474074488708,-0.1730791195429901,-0.0006232716439171, Amensalism,Healthy
SRR13077679.bin.22.fbc2XSRR13077679.bin.13.fbc2 ,-0.1237306565319613,-0.1237306565319613,990.9563468392566,-0.0023771499813847,-1000.0,999.8143921294522,1000.0,794.6886736686433,-4.640030363196843,-0.2062177608866022,-0.0164261063714548,150.56572027023958,-922.8391966232864,-999.814392129452,-0.0081060814366082,-0.0007468461980124,-0.0007468461980124,9.043653160743249,-1.4348630088534264e-05,1000.0,-1000.0,-8.152473841167534,-18.146473256525724,-0.0280075216012392,-0.001244743663392,-9.914903421304189e-05,9.070819745004542,-0.0002829729218092,1000.0,-4.8928828732641705e-05, Amensalism,Healthy
SRR13077679.bin.19.fbc2XSRR13077679.bin.26.fbc2 ,-0.0877413160118294,-0.0877413160118294,7.150150255950052,-0.0016857121231623,-1000.0,1000.0,801.749887183716,-9.876452472778965,-3.2903920646112965,-0.1462355266863824,-0.0116482707712748,-14.616304106512755,-500.032062244583,-1000.0,-0.0057482783400928,-0.0913018763491209,-0.0913018763491209,992.84984974405,-0.0017541186618927,999.74524934674,-1000.0,198.25011281628397,-990.123547527221,-3.423916839619892,-0.1521697939152773,-0.0121209599533358,-1.1000428952177117,-204.3479192901048,1000.0,-0.0059815446369384, Neutralism,Healthy
SRR13077679.bin.19.fbc2XSRR13077679.bin.13.fbc2 ,-0.0877413160118294,-0.0877413160118294,15.756317501181456,-0.0016857121231623,-1000.0,1000.0,0.0,0.0,-3.2903920646112965,-0.1462355266863824,-0.0116482707712748,-24.051673145139038,-400.0329051006446,-1000.0,-0.0057482783400928,-0.0413820139314111,-0.0413820139314111,501.0999347253389,-0.0007950434953727,1000.0,-1000.0,-436.75384869822994,-1000.0,-1.5518692498180826,-0.0689700232189807,-0.0054937505526595,495.1828751892542,-0.9877202988008094,1000.0,-0.0027110983190823, Neutralism,Healthy
SRR13077679.bin.19.fbc2XSRR13077679.bin.8.fbc2 ,-0.0877413160118294,-0.0877413160118294,7.150150255950052,-0.0016857121231623,-1000.0,1000.0,596.5205047494096,-9.87645247277851,-3.2903920646112965,-0.1462355266863824,-0.0116482707712748,-14.616304106512755,-400.0329051006446,-1000.0,-0.0057482783400928,-0.0640346060706633,-0.0640346060706633,992.84984974405,-0.001230251797665,999.9039419396348,-1000.0,-503.5716798406053,-763.6795791088302,-2.40136539150069,-0.1067243434512192,-0.00850103992218,1000.0,0.0,1000.0,-0.004195158630182, Neutralism,Healthy
SRR13077679.bin.24.fbc2XSRR13077679.bin.6.fbc2 ,-0.1778304361376967,-0.1778304361376967,998.630751218156,-0.0034165309537002,-1000.0,999.7332372631386,120.93572602352084,-488.2855154089195,-6.668829264365627,-0.2963840602294567,-0.0236082288897705,1000.0,-499.9262035655103,-999.7332372631388,-0.0116503705519335,-0.0442727572059311,-0.0442727572059311,1.3692487818439076,-0.0008505813103738,999.8764700762918,-1000.0,879.0642739764792,1000.0,-1.660275177194876,-0.0737879286765519,-0.0058775168548663,0.0,-500.0737964344897,1000.0,-0.0029004822683873, Amensalism,Healthy
SRR13077679.bin.24.fbc2XSRR13077679.bin.3.fbc2 ,-0.1778913305096239,-0.1778913305096239,1000.0,-0.0034177008743654,-1000.0,999.7331459157313,1000.0,0.0,-6.6711128676574845,-0.2964855508492974,-0.0236163130417708,1000.0,-611.1139269168875,-999.7331459157313,-0.0116543599815486,0.0,0.0,0.0,0.0,999.7331459157313,0.2668540842687434,-500.0,-1000.0000000000002,0.0,0.0,0.0,0.0,-250.0,-0.2668540842687434,0.0, Amensalism,Healthy
SRR13077679.bin.3.fbc2XSRR13077679.bin.13.fbc2 ,-0.0558133370392397,-0.0558133370392397,671.8355339122052,-0.0010723023447098,-0.0837253670705422,0.0,-1000.0,-1000.0,-2.093059115599317,-0.093022228398695,-0.0074096092015452,808.8827256524462,-1.2813280278672892,0.0,-0.0036565509952879,0.0,0.0,0.0,0.0,1000.0,-1000.0,0.0,0.0,0.0,0.0,0.0,0.0,0.0,1000.0,0.0, Amensalism,Healthy
SRR13077679.bin.18.fbc2XSRR13077679.bin.4.fbc2 ,-0.0865184851854792,-0.0865184851854792,262.84997973921577,-0.0016622187355324,35.16020278424617,0.1950899878254404,663.1307833368685,-43.84677042701424,-3.244534616486362,-0.1441974753091699,-0.0114859314626301,0.0021775065436031,-408.87210081210367,-0.1950899878254404,-0.0056681658882098,-0.1300516632468316,-0.1300516632468316,737.1500202607842,-0.0024985910325767,-1000.0,999.8049100121746,-24.797774702826587,-956.1532295729858,-4.877074794262853,-0.2167527720780526,-0.0172652640352453,874.1587274150311,-591.1278991878963,-999.8049100121746,-0.0085201954211697, Amensalism,Healthy
SRR13077679.bin.4.fbc2XSRR13077679.bin.6.fbc2 ,-0.0815733489544072,-0.0815733489544072,182.79704789362316,-0.0015672113152049,-1000.0,999.8776321405117,-554.5766525408382,-1000.0,-3.059086782412919,-0.1359555815906787,-0.0108294301877549,186.3943537555101,-129.99476174314202,-999.8776321405118,-0.0053441905847648,-0.1163138876810307,-0.1163138876810307,817.2029521063769,-0.0022346568238162,999.6754607894732,-1000.0,339.1155965666983,0.0,-4.36189369416536,-0.1938564794684225,-0.0154414786527468,813.6056462444899,-870.005238256858,1000.0,-0.0076201797693329, Competition,Healthy
SRR13077679.bin.24.fbc2XSRR13077679.bin.4.fbc2 ,-0.1571476978933788,-0.1571476978933788,621.5760736379088,-0.0030191680671123,-1000.0,999.7642633573196,207.7282923143789,-264.2061424888526,-5.893204725246164,-0.2619128298223359,-0.0208624513437598,1000.0,-568.5824037362534,-999.7642633573196,-0.0102953631088666,-0.0986809713018601,-0.0986809713018601,378.4239263620912,-0.0018958880173158,0.0,-0.1480309363928427,0.0,-735.7938575111474,-3.70064069766056,-0.1644682855030623,-0.0131005861996982,0.0,-431.41759626374665,0.1480309363928427,-0.0064649781390926, Competition,Healthy
SRR13077679.bin.19.fbc2XSRR13077679.bin.22.fbc2 ,-0.0877413160118294,-0.0877413160118294,7.150150255950052,-0.0016857121231623,1000.0,-1000.0,16.11782569141087,-14.063379292027092,-3.2903920646112965,-0.1462355266863824,-0.0116482707712748,-14.616304106512755,-400.0329051006446,1000.0,-0.0057482783400928,-0.120157068344497,-0.120157068344497,992.84984974405,-0.0023084931477797,-1000.0,999.8197528550176,983.8821743085892,676.7921442898314,-4.506017030040766,-0.2002617805741238,-0.0159516876515226,142.68118924076225,-599.9670948993554,-999.8197528550176,-0.0078719616341231, Neutralism,Healthy
SRR13077679.bin.24.fbc2XSRR13077679.bin.19.fbc2 ,-0.1775733430739592,-0.1775733430739592,992.84984974405,-0.0034115916056407,-1000.0,999.733622927431,572.2271450058788,16.163439720115093,-6.659188002812925,-0.295955571789932,-0.0235740979950378,1000.0,-599.9670948993554,-999.733622927431,-0.0116335273752383,-0.0877413160118294,-0.0877413160118294,7.150150255950052,-0.0016857121231623,1000.0,-1000.0,427.7728549941212,-9.876452472781352,-3.2903920646112965,-0.1462355266863824,-0.0116482707712748,-14.616304106512755,-400.0329051006446,1000.0,-0.0057482783400928, Neutralism,Healthy
SRR13077679.bin.4.fbc2XSRR13077679.bin.13.fbc2 ,-0.1491396737240911,-0.1491396737240911,994.420019444234,-0.0028653155374465,-1000.0,999.7762761628362,382.253129022802,-988.8605698081564,-5.592895357007978,-0.2485661228734852,-0.0197993303637554,994.5072129621408,-761.9027786209513,-999.7762761628362,-0.0097707259826926,-0.0004608079488614,-0.0004608079488614,5.579980555765928,-8.853178652477923e-06,1000.0,-1000.0,-4.842152685070687,-11.139430191843644,-0.0172807850071312,-0.0007680132481024,-6.117546448862245e-05,5.492787037859121,-0.0119901365108836,1000.0,-3.0189339204949717e-05, Amensalism,Healthy
SRR13077679.bin.3.fbc2XSRR13077679.bin.6.fbc2 ,-0.000796620710048,-0.000796620710048,9.474680960302976,-1.530491272205836e-05,-485.1338873137056,1000.0,248.98327468283605,-533.6065377025163,-0.0298741183971742,-0.0013277011834134,-0.0001057569472777,9.255716940280536,-128.735115248404,-1000.0,-5.218975252319069e-05,-0.1316188931002671,-0.1316188931002671,990.525319039697,-0.0025287011162618,999.6327567368888,-1000.0,405.98762171739736,-466.39346229748367,-4.935847569819316,-0.2193648218336648,-0.0174733247132508,987.8566037426526,-871.264884751596,1000.0,-0.0086228708063345, Amensalism,Healthy
SRR13077679.bin.22.fbc2XSRR13077679.bin.16.fbc2 ,-0.1213094678181505,-0.1213094678181505,995.1738668901376,-0.002330633387487,-1000.0,999.818024145106,1000.0,721.3287787794898,-4.549233228016533,-0.2021824463636221,-0.016104676707414,124.89673078001648,-690.355252466848,-999.8180241451058,-0.0079474598512661,-0.0824669913588422,-0.0824669913588422,4.826133109862553,-0.001584380237432,1000.0,-1000.0,-198.11723936371183,-340.0320177530276,-3.0925993168685864,-0.1374449855979946,-0.0109480674407222,321.0150938971305,-309.644747533152,1000.0,-0.0054027366096534, Neutralism,Healthy
SRR13077679.bin.18.fbc2XSRR13077679.bin.6.fbc2 ,-0.0865184851854792,-0.0865184851854792,262.84997973921577,-0.0016622187355324,-964.6447072279288,1000.0,-342.5758296707178,-43.84677042701435,-3.244534616486362,-0.1441974753091699,-0.0114859314626301,5.708790514129987,-408.8721008121036,-1000.0,-0.0056681658882098,-0.1092449180068797,-0.1092449180068797,737.1500202607842,-0.0020988456869872,999.695184640881,-1000.0,-146.6822896904387,-785.0522711615561,-4.096799861769796,-0.1820748633447237,-0.0145030236969887,994.29120948587,-591.1278991878964,1000.0,-0.0071570637925333, Amensalism,Healthy
SRR13077679.bin.22.fbc2XSRR13077679.bin.25.fbc2 ,-0.0674179948753135,-0.0674179948753135,415.9358832102168,-0.0012952544644804,-1000.0,999.8988665314148,346.56978440641296,684.9176636115258,-2.528246046818481,-0.1123633247921134,-0.0089502083494608,164.7811225487976,-468.0296970065161,-999.8988665314148,-0.0044168177238361,-0.2013927057830642,-0.2013927057830642,584.0641167897832,-0.0038692162494271,999.697891595244,-1000.0,653.430215593587,-1000.0,-7.55243927375659,-0.3356545096384025,-0.0267362842836291,835.2188774512024,0.0,1000.0,-0.0131940274105772, Competition,Healthy
SRR13077679.bin.1.fbc2XSRR13077679.bin.8.fbc2 ,-0.0545661755561468,-0.0545661755561468,0.8525427655627027,-0.0010483415092039,-1000.0,999.8477493626124,86.92408583681345,1000.0,-2.046289242139096,-0.0909436259269114,-0.0072440398288335,0.0,-388.4642996897761,-999.8477493626124,-0.003574844546506,-0.0643047369314899,-0.0643047369314899,999.1474572344372,-0.0012354416317066,999.9035367173948,-1000.0,-498.3384002535786,-763.6094868073078,-2.411495584218528,-0.1071745615523696,-0.0085369016752565,1000.0,0.0,1000.0,-0.0042128559641696, Amensalism,Healthy
SRR13077679.bin.10.fbc2XSRR13077679.bin.25.fbc2 ,-0.0030831959502393,-0.0030831959502393,35.5602570377082,-5.923527282902796e-05,-1000.0,999.9953749098984,-962.5108670112808,-35.86618033558398,-0.1156231060725758,-0.0051386599169518,-0.000409315735169,0.2413487879242666,-17.78490895345874,-999.9953749098984,-0.0002019922802674,-0.2463436157298701,-0.2463436157298701,964.4397429622918,-0.0047328264308816,0.0,-0.3695390877269346,362.9841576976353,-964.133819664416,-9.23814589532276,-0.410572692883079,-0.0327038306377289,999.7586512120756,0.0,0.3695390877269346,-0.0161389381294156, Amensalism,Healthy
SRR13077679.bin.4.fbc2XSRR13077679.bin.25.fbc2 ,-0.0627700863483369,-0.0627700863483369,34.964767158724044,-0.0012059574706881,-1000.0,999.9058388406902,-356.3710028383496,-227.8438607468753,-2.353944565725669,-0.1046168105806373,-0.0083331661223837,262.2172190349602,-500.10462887015535,-999.90583884069,-0.0041123149750319,-0.242218360679999,-0.242218360679999,965.035232841276,-0.0046535708103192,999.636649191126,-1000.0,903.6062224967736,-772.1561392531247,-9.083444471893472,-0.4036972677999983,-0.0321561742996436,737.7827809650398,0.0,1000.0,-0.0158686764633557, Amensalism,Healthy
SRR13077679.bin.10.fbc2XSRR13077679.bin.6.fbc2 ,-0.0008212261365464,-0.0008212261365464,9.468172611305135,-1.577763951097908e-05,-1000.0,999.998768081907,-990.025054134908,-9.56364380921434,-0.0307968478906653,-0.0013687102275774,-0.000109023489021,0.0712779977651507,-4.731862887822558,-999.998768081907,-5.380175073243866e-05,-0.1316194678114762,-0.1316194678114762,990.5318273886948,-0.0025287121577613,999.6327551333284,-1000.0,640.5110655471813,-990.4363561907855,-4.935869122099037,-0.2193657796857937,-0.0174734010101306,999.9287220022348,-995.2681371121774,1000.0,-0.008622908457966, Amensalism,Healthy
SRR13077679.bin.19.fbc2XSRR13077679.bin.16.fbc2 ,-0.0877413160118294,-0.0877413160118294,692.6816628962947,-0.0016857121231623,-1000.0,1000.0,811.0025982305829,-943.1502452831868,-3.2903920646112965,-0.1462355266863824,-0.0116482707712748,248.2371715351876,-466.737794392878,-1000.0,-0.0057482783400928,-0.0824669913588422,-0.0824669913588422,307.3183371037053,-0.001584380237432,1000.0,-1000.0,-329.02806050413244,-4.974106302139148,-3.0925993168685864,-0.1374449855979946,-0.0109480674407222,751.7628284648124,-303.6343833585548,1000.0,-0.0054027366096534, Neutralism,Healthy
SRR13077679.bin.6.fbc2XSRR13077679.bin.8.fbc2 ,-0.1316196080970257,-0.1316196080970257,990.5334160596732,-0.0025287148529287,-1000.0,999.6327547419036,661.8338741491159,-48.672606200272185,-4.935874382954125,-0.219366013495005,-0.0174734196340295,986.462741463662,-1000.0,-999.6327547419036,-0.0086229176486085,-0.0006963965481645,-0.0006963965481645,9.4665839403267,-1.3379376468947156e-05,999.9989553382808,-1000.0,-10.134901126563932,-12.330603013561245,-0.0261156064216265,-0.0011606609135697,-9.245149180969749e-05,13.53725853633796,0.0,1000.0,-4.562367394100875e-05, Amensalism,Healthy
SRR13077679.bin.18.fbc2XSRR13077679.bin.22.fbc2 ,-0.0865184851854792,-0.0865184851854792,262.84997973921577,-0.0016622187355324,1000.0,-964.6447072279284,236.2723184849569,-43.84677042701401,-3.244534616486362,-0.1441974753091699,-0.0114859314626301,4.00903887952893,-408.87210081210367,964.6447072279284,-0.0056681658882098,-0.1003444253269663,-0.1003444253269663,737.1500202607842,-0.0019278467882486,-1000.0,999.8494737227757,763.7276815150431,534.4088048756958,-3.7630219813365775,-0.1672407088783529,-0.0133214213066139,96.09732471671282,-591.1278991878963,-999.8494737227757,-0.0065739575478573, Amensalism,Healthy
SRR13077679.bin.4.fbc2XSRR13077679.bin.16.fbc2 ,-0.1422646553347704,-0.1422646553347704,995.1738668901376,-0.0027332306500511,-1000.0,999.7865893508448,-305.2818394194038,-663.367061030086,-5.335074902739848,-0.237107758891284,-0.0188866237917864,684.4388745615879,-603.0381989634363,-999.7865893508446,-0.0093203165166642,-0.0824669913588422,-0.0824669913588422,4.826133109862553,-0.001584380237432,1000.0,-1000.0,-694.7181605805962,-336.632938969914,-3.0925993168685864,-0.1374449855979946,-0.0109480674407222,315.5611254384121,-309.9280040984114,1000.0,-0.0054027366096534, Neutralism,Healthy
SRR13077679.bin.1.fbc2XSRR13077679.bin.19.fbc2 ,-0.0712512757265813,-0.0712512757265813,447.9166699822854,-0.0013689005903643,-1000.0,999.8011945672667,89.33912960179623,1000.0,-2.6719981292781085,-0.118752126210893,-0.0094591030791661,1000.0,-599.9670948993554,-999.8011945672667,-0.0046679510130616,-0.0877413160118294,-0.0877413160118294,25.63276997396088,-0.0016857121231623,1000.0,-1000.0,898.6685694547687,-9.87645247277942,-3.2903920646112965,-0.1462355266863824,-0.0116482707712748,-14.616304106512755,-400.0329051006446,1000.0,-0.0057482783400928, Neutralism,Healthy
SRR13077679.bin.1.fbc2XSRR13077679.bin.25.fbc2 ,-0.0606611018325793,-0.0606611018325793,0.9477699873831398,-0.0011654390361854,-1000.0,999.8307432887772,149.2748203569845,1000.0,-2.2748554178677978,-0.1011018363875564,-0.0080531837398893,277.1615116010198,-426.39900022948666,-999.8307432887772,-0.0039741471133538,-0.2484616148602754,-0.2484616148602754,999.0522300126167,-0.0047735180568224,999.6272837101192,-1000.0,850.7251796430155,-1000.0,-9.31757310075318,-0.4141026914337544,-0.0329850097730286,722.8384883989802,0.0,1000.0,-0.0162776965739794, Amensalism,Healthy
SRR13077679.bin.22.fbc2XSRR13077679.bin.6.fbc2 ,-0.0933587831029854,-0.0933587831029854,663.2365863188047,-0.0017936365629793,-1000.0,999.8599528571626,675.7966425103784,449.5962654028624,-3.5010530163742715,-0.1555979718383469,-0.012394028650192,110.36443114733038,-500.0,-999.8599528571626,-0.0061163006797642,-0.0738838637588514,-0.0738838637588514,336.7634136811953,-0.0014194786505186,999.8891671069688,-1000.0,324.2033574896216,392.1468640554788,-2.77072296228198,-0.1231397729313812,-0.0098085974749437,576.2243184205813,-500.0,1000.0,-0.0048404221981854, Competition,Healthy
SRR13077679.bin.10.fbc2XSRR13077679.bin.4.fbc2 ,-0.0075442912065,-0.0075442912065,86.98048953173429,-0.0001449431547371,-1000.0,999.9886828384743,91.636022072757,-87.85754700324901,-0.282918892117209,-0.0125738186775379,-0.0010015571995154,0.6548037718546311,-43.46981907453016,-999.9886828384743,-0.0004942561578218,-0.1439285851980685,-0.1439285851980685,913.0195104682656,-0.0027651985628835,0.0,-0.2159067037899831,0.0,-912.142452996751,-5.397474030850503,-0.239880975330152,-0.0191075220694756,999.3451962281454,-595.2384483527674,0.2159067037899831,-0.009429327099383, Amensalism,Healthy
SRR13077679.bin.13.fbc2XSRR13077679.bin.6.fbc2 ,-0.0007811036961129,-0.0007811036961129,9.458481450025488,-1.5006795365479776e-05,1000.0,-1000.0,-8.434469211083865,-18.94884228554099,-0.0292922139778966,-0.0013018394935215,-0.000103696955648,9.417425259132756,-0.0002929326445837,1000.0,-5.117317198255478e-05,-0.1316203235768398,-0.1316203235768398,990.5415185499746,-0.0025287285990316,-1000.0,999.8025568709918,658.4778959845723,-54.46615115497366,-4.935901214203909,-0.2193672059613618,-0.0174735146189277,990.5825747408672,-999.9997070673554,-999.8025568709918,-0.0086229645224875, Amensalism,Healthy
SRR13077679.bin.1.fbc2XSRR13077679.bin.4.fbc2 ,-0.060447937233107,-0.060447937233107,0.944439500405565,-0.0011613436548714,0.0,-0.1686619389888619,79.36290005608998,1000.0,-2.266861520143948,-0.100746562055292,-0.0080248846547874,173.10950658876027,-407.9161718268858,0.1686619389888619,-0.003960181862908,-0.1469647056952681,-0.1469647056952681,999.0555604995944,-0.0028235294081468,-1000.0,999.77953882381,-72.64079274924461,-1000.0,-5.511331757688481,-0.2449411761587043,-0.0195105882104371,826.8904934112397,-592.0838281731142,-999.77953882381,-0.0096282352818661, Amensalism,Healthy
SRR13077679.bin.15.fbc2XSRR13077679.bin.25.fbc2 ,-0.0872676176931008,-0.0872676176931008,134.4511003610678,-0.0016766112909181,-817.7561894207563,1000.0,272.76668645650784,-34.29023854942807,-3.272627877113223,-0.1454460294885393,-0.0115853840203499,136.11805437096655,-366.2747476299416,-1000.0,-0.0057172445020796,-0.2344877911770027,-0.2344877911770027,865.5488996389322,-0.0045050488218976,-0.3517542120096095,0.0,27.2029630691186,-965.709761450572,-8.793539946821511,-0.3908129852949287,-0.0311298873589294,863.8819456290335,0.0,0.0,-0.0153622164824582, Amensalism,Healthy
SRR13077679.bin.10.fbc2XSRR13077679.bin.13.fbc2 ,-0.0863320659292412,-0.0863320659292412,1000.0,-0.0016586371936,-1000.0,999.8704936079204,543.9736529011027,-1000.0,-3.2375436973929936,-0.1438867765488112,-0.011461183008123,2.4749138340687296,-500.1338561681202,-999.87049360792,-0.0056559528303523,0.0,0.0,0.0,0.0,1000.0,-1000.0,0.0,0.0,0.0,0.0,0.0,0.0,0.0,1000.0,0.0, Amensalism,Healthy
SRR13077679.bin.18.fbc2XSRR13077679.bin.8.fbc2 ,-0.0865184851854792,-0.0865184851854792,262.849979739216,-0.0016622187355324,-961.1586854735384,1000.0,666.6600643338504,-43.9332889121996,-3.244534616486362,-0.1441974753091699,-0.0114859314626301,0.0021775065436031,-409.7436062507011,-1000.0,-0.0056681658882098,-0.0530665187081922,-0.0530665187081922,737.150020260784,-0.0010195296581514,999.9203951242894,-1000.0,-721.9965005335283,-894.7453923506494,-1.99005052568657,-0.0884441978469112,-0.0070449499380629,999.9978224934564,-192.8646876460998,1000.0,-0.0034765961344191, Amensalism,Healthy
SRR13077679.bin.22.fbc2XSRR13077679.bin.8.fbc2 ,-0.1153786907301537,-0.1153786907301537,890.3150282703182,-0.0022166895432746,-1000.0,999.826920880457,1000.0,814.6608836913585,-4.326822820305324,-0.1922978178836274,-0.0153173247443874,42.20730624433236,-829.8525925511287,-999.826920880457,-0.0075589113426985,-0.0092712443939717,-0.0092712443939717,109.68497172968182,-0.0001781218903715,999.9860922427996,-1000.0,-195.76867275249367,-217.24901137690904,-0.3476814614782597,-0.0154520739899908,-0.0012308222625279,220.7023281519141,0.0,1000.0,-0.0006073956461705, Amensalism,Healthy
SRR13077679.bin.3.fbc2XSRR13077679.bin.4.fbc2 ,-0.0114357323558351,-0.0114357323558351,136.0119241840016,-0.0002197066735334,-1000.0,999.9828453029328,-1000.0,-205.70914375803056,-0.4288520472116488,-0.0190595539264677,-0.0015181731139364,164.5177277228638,-0.2625344615472613,-999.9828453029328,-0.000749199756683,-0.1381952915068041,-0.1381952915068041,863.9880758159984,-0.00265504882816,0.0,-0.2073062125043634,494.68813178367327,-794.2908562419694,-5.182469459191225,-0.2303254858446735,-0.0183463874027438,835.4822722771362,-834.2599875446585,0.2073062125043634,-0.0090537165041268, Amensalism,Healthy
SRR13077679.bin.19.fbc2XSRR13077679.bin.6.fbc2 ,-0.0877413160118294,-0.0877413160118294,8.83398281011921,-0.0016857121231623,-1000.0,1000.0,628.7546751118589,0.0,-3.2903920646112965,-0.1462355266863824,-0.0116482707712748,-24.492756579292177,-400.0329051006446,-1000.0,-0.0057482783400928,-0.1214474234864155,-0.1214474234864155,932.875729917312,-0.0023332838326268,995.106730477642,-1000.0,116.13309345241828,-1000.0,-4.554406711350794,-0.2024123724772835,-0.0161229912831686,922.7664860521286,-599.9670948993554,1000.0,-0.007956497869145, Neutralism,Healthy
SRR13077679.bin.4.fbc2XSRR13077679.bin.15.fbc2 ,-0.1339048055052671,-0.1339048055052671,781.2109760742273,-0.0025726187417376,-1000.0,999.7991299286482,-1000.0,-871.6452478869323,-5.021571700480308,-0.2231746758421877,-0.0177767955051422,803.1297818843839,-481.9274309103249,-999.7991299286484,-0.008772629909231,-0.0969369937114379,-0.0969369937114379,218.78902392577265,-0.0018623822038534,1000.0,-742.06980406043,0.0,-128.35475211306766,-3.635239695198834,-0.1615616561856541,-0.0128690610287094,196.87021811561613,-352.6573621862834,742.06980406043,-0.0063507233152222, Competition,Healthy
SRR13077679.bin.26.fbc2XSRR13077679.bin.8.fbc2 ,-0.0913015560416852,-0.0913015560416852,578.6881026131364,-0.0017541125080242,-1000.0,999.7452502404626,-327.9411376074152,-293.4895590895528,-3.423904827749084,-0.1521692600693995,-0.0121209174303658,259.0686487653079,-343.6747086539226,-999.7452502404624,-0.0059815236522808,-0.0337170006398537,-0.0337170006398537,421.3118973868636,-0.0006477809921534,999.9494212601352,-1000.0,-630.3083230435179,-706.5104409104472,-1.264423151949245,-0.0561950010663849,-0.0044761666555359,740.9313512346921,-46.686111081602576,1000.0,-0.0022089331831693, Amensalism,Healthy
SRR13077679.bin.24.fbc2XSRR13077679.bin.22.fbc2 ,-0.1227659571080721,-0.1227659571080721,75.46033018839171,-0.0023586158906709,-1000.0,999.8158392712584,0.0,212.2689687626821,-4.603853115425068,-0.2046099285133777,-0.0162980358043114,945.1023819713846,-163.98012333817485,-999.8158392712584,-0.0080428801870766,-0.1181510905507821,-0.1181510905507821,924.5396698116084,-0.0022699537089465,0.0,-0.1772379855948429,1000.0,787.7310312373179,-4.430790743110265,-0.1969184842513414,-0.0156853801288434,54.8976180286154,-836.0198766618252,0.1772379855948429,-0.0077405421475305, Amensalism,Healthy
SRR13077679.bin.3.fbc2XSRR13077679.bin.25.fbc2 ,-0.002133558522928,-0.002133558522928,25.375672587412737,-4.099055763617798e-05,-1000.0,999.996799457263,-28.53708013623327,-38.379045892909744,-0.0800106990895983,-0.0035559308714709,-0.0002832447529499,30.69398524112285,-0.0489809153065152,-999.9967994572628,-0.0001397778014506,-0.2468259204181322,-0.2468259204181322,974.6243274125871,-0.004742092611309,999.62973740891,-1000.0,256.9555267803041,-961.6209541070904,-9.256232830771635,-0.4113765340301825,-0.0327678599441014,969.3060147588772,0.0,1000.0,-0.0161705358045765, Amensalism,Healthy
SRR13077679.bin.24.fbc2XSRR13077679.bin.15.fbc2 ,-0.1602176051738979,-0.1602176051738979,735.523393084057,-0.003078148034092,-1000.0,999.759658201499,824.8395457000238,-335.47240470575866,-6.008329492164762,-0.2670293419565723,-0.0212700029154575,874.5312392191195,-694.6953086175438,-999.759658201499,-0.0104964847962492,-0.0988992941130391,-0.0988992941130391,264.47660691594297,-0.0019000824997874,1000.0,-931.67972159863,175.1604542999762,82.09458001529288,-3.708828033778218,-0.1648321568551409,-0.0131295700733744,125.46876078088052,-305.3046913824562,931.67972159863,-0.006479281324232, Amensalism,Healthy
SRR13077679.bin.3.fbc2XSRR13077679.bin.26.fbc2 ,-0.0354234389798193,-0.0354234389798193,421.3118973868639,-0.0006805655904145,-861.4456611015668,1000.0,-1000.0,-706.5104409104476,-1.3284163928490216,-0.0590390649663277,-0.0047027082296153,549.1852411953748,-35.46509874013293,-1000.0,-0.0023207286632214,-0.0913015560416852,-0.0913015560416852,578.6881026131362,-0.0017541125080242,999.7452502404626,-1000.0,0.0,-293.4895590895524,-3.423904827749084,-0.1521692600693995,-0.0121209174303658,-1.096530811003845,-343.6747086539227,1000.0,-0.0059815236522808, Amensalism,Healthy
SRR13077679.bin.24.fbc2XSRR13077679.bin.10.fbc2 ,-0.1201975663328767,-0.1201975663328767,8.529575634005596,-0.0023092712071957,-1000.0,999.8196921041448,659.9814787149485,0.0,-4.507535747399743,-0.200329277221499,-0.0159570640414585,993.2708533312962,-504.13150251703775,-999.8196921041448,-0.0078746148163872,-0.0859638779862734,-0.0859638779862734,991.4704243659944,-0.0016515634579263,999.8710459252034,-1000.0,45.25022285480532,-1000.0,-3.2237362604753343,-0.1432731299771603,-0.0114123034943531,6.729146668703834,-495.8684974829623,1000.0,-0.0056318313916108, Amensalism,Healthy
SRR13077679.bin.8.fbc2XSRR13077679.bin.25.fbc2 ,-0.0013263129775396,-0.0013263129775396,25.459641945210024,-2.548151735481952e-05,-1000.0,999.998010403126,6.374797883055521,-1.1317728682040524,-0.0497381381403556,-0.0022105216291947,-0.0001760772847774,11.241010373577865,-17.388118917584052,-999.9980104031262,-8.689197409239569e-05,-0.2476426796174564,-0.2476426796174564,974.54035805479,-0.0047577844306943,0.0,-0.3714878083483199,844.5282852546227,-998.868227131796,-9.286862163797196,-0.4127377993623895,-0.0328762904160839,703.9758800645593,0.0,0.3714878083483199,-0.0162240449086539, Amensalism,Healthy
SRR13077679.bin.6.fbc2XSRR13077679.bin.16.fbc2 ,-0.1152507694541782,-0.1152507694541782,805.1636118791484,-0.0022142318819078,-1000.0,999.6784271037882,440.064150906883,-175.54049519005537,-4.3220256372839,-0.1920846157569258,-0.0153003423040445,801.599185680265,-711.9269790692822,-999.6784271037882,-0.0075505307173671,-0.0824669913588422,-0.0824669913588422,194.83638812085155,-0.001584380237432,1000.0,-1000.0,111.85200465809156,-30.062773731226343,-3.0925993168685864,-0.1374449855979946,-0.0109480674407222,198.400814319735,-288.0730209307178,1000.0,-0.0054027366096534, Amensalism,Healthy
SRR13077679.bin.10.fbc2XSRR13077679.bin.15.fbc2 ,-0.06921324712971,-0.06921324712971,797.9811426465503,-0.001329745381895,0.0,-0.1038265194214318,720.8444695514911,-806.0274910524271,-2.595569903358296,-0.1153554118827742,-0.0091885405890934,6.007336414026554,-398.80318083375016,0.1038265194214318,-0.004534431752404,-0.0962043194850821,-0.0962043194850821,202.01885735344968,-0.0018483058498759,1000.0,-687.7125502925508,279.1555304485089,-193.9725089475729,-3.607763637510857,-0.160340532475061,-0.0127717934225302,231.4497575408868,-366.3531531983185,687.7125502925508,-0.0063027229480212, Competition,Healthy
SRR13077679.bin.26.fbc2XSRR13077679.bin.16.fbc2 ,-0.0913018763491209,-0.0913018763491209,578.6928892605195,-0.0017541186618927,-1000.0,999.74524934674,672.0622224880908,-579.5122527051236,-3.423916839619892,-0.1521697939152773,-0.0121209599533358,0.0,-286.47017825452406,-999.7452493467398,-0.0059815446369384,-0.0824669913588422,-0.0824669913588422,73.23026746974347,-0.001584380237432,1000.0,-1000.0,-831.5737286794413,-420.4877472948764,-3.0925993168685864,-0.1374449855979946,-0.0109480674407222,1000.0,-335.10847291628465,1000.0,-0.0054027366096534, Neutralism,Healthy
SRR13077679.bin.18.fbc2XSRR13077679.bin.25.fbc2 ,-0.0608470495202482,-0.0608470495202482,35.67150927985358,-0.0011690115181863,-825.5513865141284,1000.0,956.102069932914,0.0,-2.28182865264489,-0.1014117492004516,-0.0080778695904655,0.0015314050887127,-457.2285752831033,-1000.0,-0.0039863292769268,-0.2471143154342598,-0.2471143154342598,964.3284907201464,-0.004747633341708,-0.3706952113180932,0.0,0.0,-1000.0,-9.26704794861871,-0.411857192390471,-0.0328061463909534,999.9984685949112,0.0,0.0,-0.0161894296951459, Amensalism,Healthy
SRR13077679.bin.3.fbc2XSRR13077679.bin.19.fbc2 ,-0.0558133370392397,-0.0558133370392397,671.8355339122052,-0.0010723023447098,-1000.0,999.9162746329292,-1000.0,-1000.0,-2.093059115599317,-0.093022228398695,-0.0074096092015452,810.5567316925105,-1.2813280278672892,-999.9162746329296,-0.0036565509952879,-0.0877413160118294,-0.0877413160118294,15.75631750118157,-0.0016857121231623,1000.0,-1000.0,565.4783676714678,0.0,-3.2903920646112965,-0.1462355266863824,-0.0116482707712748,-24.051673145139038,-400.0329051006446,1000.0,-0.0057482783400928, Neutralism,Healthy
SRR13077679.bin.18.fbc2XSRR13077679.bin.10.fbc2 ,-0.0865184851854792,-0.0865184851854792,262.849979739216,-0.0016622187355324,0.0,38.67973024317757,119.2719533807201,-47.17120789811816,-3.244534616486362,-0.1441974753091699,-0.0114859314626301,0.0021775065436031,-409.7032101798802,-38.67973024317769,-0.0056681658882098,-0.0639370328410677,-0.0639370328410677,737.150020260784,-0.0012283771919783,1000.0,-791.8501048330892,880.7280466192799,-952.8287921018818,-2.397706292285534,-0.1065617214018175,-0.0084880863963689,5.549389481343269,-420.4633563718978,791.8501048330891,-0.0041887662245017, Amensalism,Healthy
SRR13077679.bin.16.fbc2XSRR13077679.bin.25.fbc2 ,-0.0821860002346284,-0.0821860002346284,24.783588813623737,-0.0015789817528002,1000.0,-1000.0,-165.04049600541964,-306.4717258565472,-3.0820618527942543,-0.1369766670576382,-0.0109107639120793,304.847255389403,-307.8157972240722,1000.0,-0.0053843277771647,-0.2410667973081217,-0.2410667973081217,975.2164111863764,-0.0046314466341073,-0.3616233531953412,0.0,427.835683824263,-693.5282741434528,-9.040259628617946,-0.4017779955134983,-0.03200329624201,638.1775079533681,0.0,0.0,-0.0157932330224639, Neutralism,Healthy
SRR13077679.bin.6.fbc2XSRR13077679.bin.25.fbc2 ,-0.0473017735533858,-0.0473017735533858,35.67150927985381,-0.0009087756686767,-1000.0,999.9290427957916,0.0,436.7258241205189,-1.7738664909120416,-0.0788362892556051,-0.0062796398703994,286.8044192205523,-500.0788453770122,-999.9290427957916,-0.0030989250301445,-0.2471143154342598,-0.2471143154342598,964.3284907201462,-0.004747633341708,999.629304788682,-1000.0,280.5412089501342,-1000.0,-9.26704794861871,-0.411857192390471,-0.0328061463909534,713.1955807794477,0.0,1000.0,-0.0161894296951459, Amensalism,Healthy
SRR13077679.bin.24.fbc2XSRR13077679.bin.26.fbc2 ,-0.1451427796324651,-0.1451427796324651,421.3071107394803,-0.002788526025597,-1000.0,999.7822718879212,1000.0,303.40907290993914,-5.443007605146818,-0.2419046327206615,-0.0192687148369259,1000.0,-611.997366287061,-999.7822718879212,-0.0095088737473361,-0.0913018763491209,-0.0913018763491209,578.6928892605197,-0.0017541186618927,999.74524934674,-1000.0,0.0,-399.3247162454549,-3.423916839619892,-0.1521697939152773,-0.0121209599533358,0.0,-306.4910156389317,1000.0,-0.0059815446369384, Amensalism,Healthy
SRR13077679.bin.13.fbc2XSRR13077679.bin.15.fbc2 ,-0.0413820139314111,-0.0413820139314111,501.0999347253389,-0.0007950434953727,1000.0,-1000.0,-435.3748457555989,-1000.0,-1.5518692498180826,-0.0689700232189807,-0.0054937505526595,493.8038722466233,-0.987720298800923,1000.0,-0.0027110983190823,-0.1091748054010395,-0.1091748054010395,498.9000652746611,-0.0020974986628061,0.0,61.440525502341416,0.0,0.0,-4.094170564963747,-0.1819580090016188,-0.0144937157602953,430.651156393669,-515.5830535334724,-61.4405255023413,-0.0071524704402463, Amensalism,Healthy
SRR13077679.bin.18.fbc2XSRR13077679.bin.26.fbc2 ,-0.0865184851854792,-0.0865184851854792,262.8618258180711,-0.0016622187355324,-961.3308747123552,1000.0,0.0,-47.18450564800287,-3.244534616486362,-0.1441974753091699,-0.0114859314626301,4.018114593825089,-409.6997278316292,-1000.0,-0.0056681658882098,-0.0913018763491209,-0.0913018763491209,737.1381741819289,-0.0017541186618927,999.74524934674,-1000.0,1000.0,-737.9575376265313,-3.423916839619892,-0.1521697939152773,-0.0121209599533358,994.671566364466,-254.78112127024207,1000.0,-0.0059815446369384, Neutralism,Healthy
SRR13077679.bin.18.fbc2XSRR13077679.bin.1.fbc2 ,-0.0865184851854792,-0.0865184851854792,535.5263683243345,-0.0016622187355324,-1000.0,999.8702139611282,907.5035965853516,-43.85917057878157,-3.244534616486362,-0.1441974753091699,-0.0114859314626301,0.0112532208396487,-400.0,-999.870213961128,-0.0056681658882098,-0.0712531267197391,-0.0712531267197391,447.9932520991224,-0.0013689361521755,999.8011894026226,-1000.0,92.49640341464828,1000.0,-2.6720675434767145,-0.1187552111995273,-0.0094593488114469,233.8451760439029,-600.0,1000.0,-0.0046680722788323, Neutralism,Healthy
SRR13077679.bin.26.fbc2XSRR13077679.bin.6.fbc2 ,-0.0913015560416852,-0.0913015560416852,578.6881026131359,-0.0017541125080242,-1000.0,999.7452502404626,218.11283072685345,-293.4895590895516,-3.423904827749084,-0.1521692600693995,-0.0121209174303658,303.74214182423816,-343.6747086539227,-999.7452502404626,-0.0059815236522808,-0.0813552447483516,-0.0813552447483516,421.3118973868641,-0.0015630210326662,999.7730024554312,-1000.0,781.8871692731466,-706.5104409104484,-3.050907644220615,-0.135592074580586,-0.0108004753354862,696.2578581757618,-656.3252913460773,1000.0,-0.0053299017212111, Amensalism,Healthy
SRR13077679.bin.3.fbc2XSRR13077679.bin.15.fbc2 ,-0.0555917551691891,-0.0555917551691891,661.1856026389773,-0.0010680452481892,-1000.0,999.91660702702,-743.5588736588486,-1000.0,-2.084749561332501,-0.0926529252819818,-0.0073801926650958,799.7589446795853,-1.2762410885152349,-999.91660702702,-0.0036420342963765,-0.1021807995642802,-0.1021807995642802,338.81439736102266,-0.0019631277533562,1000.0,-812.2122226615775,233.91930557202136,0.0,-3.831887955685943,-0.1703013326070959,-0.0135652127759158,200.24105532041472,-428.2136311060528,812.2122226615775,-0.006694265639112, Amensalism,Healthy
SRR13077679.bin.13.fbc2XSRR13077679.bin.25.fbc2 ,-0.0020934742185545,-0.0020934742185545,25.350138733974063,-4.022044606699637e-05,1000.0,-1000.0,-22.025172977196007,-50.588988298050594,-0.0785074953191724,-0.0034891236975909,-0.0002779232823968,24.981038314616622,-0.0499677706377497,1000.0,-0.0001371517211055,-0.2465775558927134,-0.2465775558927134,974.649861266026,-0.0047373209586112,-1000.0,999.630109979556,398.8972528216791,-949.4110117019494,-9.246918898631408,-0.4109625931546361,-0.032734887823608,975.0189616853834,0.0,-999.630109979556,-0.016154264468696, Amensalism,Healthy
SRR13077679.bin.10.fbc2XSRR13077679.bin.16.fbc2 ,-0.0753468701645942,-0.0753468701645942,869.0184189768315,-0.0014475863624738,-1000.0,999.8869724568212,914.8728361124652,-876.4945454954286,-2.82558724842238,-0.1255781169410283,-0.0100028217643739,5.898060350957621,-434.6260333268299,-999.8869724568212,-0.0049362694959427,-0.0822256342861464,-0.0822256342861464,130.98158102316847,-0.0015797432139379,1000.0,-1000.0,12.140557773456862,-123.5054545045714,-3.0835481716087543,-0.137042723810282,-0.0109160256083669,237.44501849454585,-294.913169979952,1000.0,-0.0053869243595272, Amensalism,Healthy
SRR13077679.bin.24.fbc2XSRR13077679.bin.1.fbc2 ,-0.1778529524000305,-0.1778529524000305,999.1370437358298,-0.0034169635428042,-1000.0,999.7332034865822,0.0,-1000.0,-6.669673647997911,-0.2964215873334979,-0.0236112180804184,1000.0,-612.8980681664597,-999.7332034865822,-0.011651845680717,-0.0552326814678281,-0.0552326814678281,0.8629562641701796,-0.0010611466179852,999.8458896766656,-1000.0,71.6996519579659,1000.0,-2.0712839181064737,-0.0920544691130089,-0.0073325231304579,0.0,-387.10193183354033,1000.0,-0.0036185099673957, Amensalism,Healthy
SRR13077679.bin.26.fbc2XSRR13077679.bin.13.fbc2 ,-0.0909647517091798,-0.0909647517091798,576.8168616927478,-0.0017476417235684,-1000.0,999.7461899924932,671.6876450832863,-284.6149919639122,-3.411274309390592,-0.1516079195154134,-0.012076204309551,-1.0924857942070505,-344.3341930218369,-999.7461899924932,-0.0059594582771751,-0.0296040723687838,-0.0296040723687838,358.4793808303698,-0.0005687621973038,1000.0,-1000.0,-311.4606375295791,-715.3850080360878,-1.1101839957520951,-0.0493401206147154,-0.0039301467832046,353.25988711540185,-0.7066002938951215,1000.0,-0.001939479092698, Amensalism,Healthy
SRR13077679.bin.18.fbc2XSRR13077679.bin.15.fbc2 ,-0.0865184851854792,-0.0865184851854792,262.849979739216,-0.0016622187355324,-964.6447072279296,1000.0,662.280907519568,-43.84677042701424,-3.244534616486362,-0.1441974753091699,-0.0114859314626301,0.0021775065436031,-408.8721008121033,-1000.0,-0.0056681658882098,-0.1195837420502812,-0.1195837420502812,737.150020260784,-0.0022974782334586,1000.0,-448.6409541845589,337.719092480432,-956.1532295729858,-4.484516688189274,-0.1993062367505444,-0.0158755745929966,876.2237709097917,-591.1278991878967,448.6409541845587,-0.0078344007760051, Neutralism,Healthy
SRR13077679.bin.18.fbc2XSRR13077679.bin.19.fbc2 ,-0.0865184851854792,-0.0865184851854792,955.8846103080286,-0.0016622187355324,-1000.0,999.8702139611282,288.6630718293734,-290.44068466485373,-3.244534616486362,-0.1441974753091699,-0.0114859314626301,4.018114593825089,-400.0,-999.870213961128,-0.0056681658882098,-0.0877413160118294,-0.0877413160118294,44.11538969197136,-0.0016857121231623,1000.0,-1000.0,711.3369281706266,-59.72909594752946,-3.2903920646112965,-0.1462355266863824,-0.0116482707712748,31.864915121866037,-400.0329051006446,1000.0,-0.0057482783400928, Neutralism,Healthy
SRR13077679.bin.18.fbc2XSRR13077679.bin.13.fbc2 ,-0.0865184851854792,-0.0865184851854792,498.9000652746609,-0.0016622187355324,-1000.0,1000.0,817.7421912151822,598.1027994669143,-3.244534616486362,-0.1441974753091699,-0.0114859314626301,0.0021775065436031,-458.39996807826856,-1000.0,-0.0056681658882098,-0.0413820139314111,-0.0413820139314111,501.0999347253392,-0.0007950434953727,1000.0,-1000.0,-436.7538486982298,-1000.0,-1.5518692498180826,-0.0689700232189807,-0.0054937505526595,495.1828751892542,-0.987720298800923,1000.0,-0.0027110983190823, Neutralism,Healthy
SRR13077679.bin.1.fbc2XSRR13077679.bin.15.fbc2 ,-0.061133823204841,-0.061133823204841,0.9551557933699542,-0.0011745210990738,-1000.0,999.8294243007869,306.29460003081067,1000.0,-2.2925829688435897,-0.1018897053414775,-0.0081159407943687,507.9109265569964,-467.3871757108661,-999.8294243007869,-0.0040051169477237,-0.1310257027902253,-0.1310257027902253,999.04484420663,-0.0025173045685278,1000.0,-1000.0,-1000.0,-179.50369083466603,-4.913602306384178,-0.2183761713170042,-0.0173945745683568,492.0890734430036,-500.2675391295397,1000.0,-0.008584008578623, Amensalism,Healthy
SRR13077679.bin.15.fbc2XSRR13077679.bin.6.fbc2 ,-0.0961756035911776,-0.0961756035911776,205.05708810289025,-0.0018477541516404,-705.5428572849958,1000.0,282.7201611766707,-170.0584234660255,-3.606686761148012,-0.1602926726519626,-0.0127679811876078,208.5936013792441,-361.7697727049897,-1000.0,-0.00630084165698,-0.1143482438806131,-0.1143482438806131,794.9429118971098,-0.0021968922935684,999.680945332204,-1000.0,312.12113632930686,-419.2441252184863,-4.288179974601235,-0.1905804064678022,-0.015180525748633,791.4063986207559,-638.2302272950103,1000.0,-0.0074914027211434, Competition,Healthy
SRR13077679.bin.1.fbc2XSRR13077679.bin.26.fbc2 ,-0.071857283521922,-0.071857283521922,421.3071107394808,-0.0013805433914058,-1000.0,999.799503683268,570.1675425205685,1000.0,-2.694724061960301,-0.119762139203317,-0.0095395548345322,934.9719304752134,-713.5298217454758,-999.799503683268,-0.0047076529646119,-0.0913018763491209,-0.0913018763491209,578.6928892605192,-0.0017541186618927,999.74524934674,-1000.0,-327.93777751190896,-579.5122527051238,-3.423916839619892,-0.1521697939152773,-0.0121209599533358,-1.1000428952178254,-286.47017825452417,1000.0,-0.0059815446369384, Neutralism,Healthy
SRR13077679.bin.24.fbc2XSRR13077679.bin.25.fbc2 ,-0.1012017547498089,-0.1012017547498089,35.67150927985381,-0.0019443180547114,-1000.0,999.8481876462852,663.7136114091522,0.0,-3.795172740610497,-0.1686695912496816,-0.0134352377583581,308.19397919114,-498.5611151843561,-999.848187646285,-0.0066301245667546,-0.2471143154342598,-0.2471143154342598,964.3284907201462,-0.004747633341708,0.0,-0.3706952113180932,336.28638859084776,-1000.0,-9.26704794861871,-0.411857192390471,-0.0328061463909534,691.80602080886,0.0,0.3706952113180932,-0.0161894296951459, Amensalism,Healthy
SRR13077679.bin.19.fbc2XSRR13077679.bin.10.fbc2 ,-0.0877413160118294,-0.0877413160118294,7.150150255950052,-0.0016857121231623,-1000.0,1000.0,759.0461095986911,0.0,-3.2903920646112965,-0.1462355266863824,-0.0116482707712748,-24.49275657929229,-400.0329051006446,-1000.0,-0.0057482783400928,-0.0860234223075622,-0.0860234223075622,992.84984974405,-0.0016527074410532,999.8709566030012,-1000.0,240.95389040130885,-1000.0,-3.225969235444609,-0.1433723705126794,-0.0114202084178032,6.041140959151903,-496.5583024942877,1000.0,-0.005635732374003, Neutralism,Healthy
SRR13077679.bin.26.fbc2XSRR13077679.bin.25.fbc2 ,-0.0905453328821295,-0.0905453328821295,573.4957212540144,-0.0017395837248841,-1000.0,999.7473602556296,0.0,-279.87706371046465,-3.39554566018478,-0.1509088881368825,-0.0120205235391495,149.95200973493638,-345.5574658165061,-999.7473602556296,-0.0059319805019413,-0.1763298451114678,-0.1763298451114678,426.5042787459856,-0.0033877011549066,0.0,-0.2645117061729252,1000.0,-720.1229362895353,-6.612555515243002,-0.293883075185704,-0.0234090149801886,850.0479902650636,0.0,0.2645117061729252,-0.0115520609381292, Amensalism,Healthy
SRR13077679.bin.22.fbc2XSRR13077679.bin.4.fbc2 ,-0.1146704414604755,-0.1146704414604755,883.0066136923906,-0.0022030824487728,-1000.0,999.8279833223968,989.5917100764568,802.9128694242515,-4.300262724303366,-0.1911174024342017,-0.0152232997212422,44.400218129976565,-819.2436804448951,-999.827983322397,-0.0075125111504803,-0.0758188013160179,-0.0758188013160179,116.9933863076094,-0.0014566532433946,0.0,-0.1137354852403405,-1000.0,-816.6152318502911,-2.843285165280122,-0.1263646688601056,-0.0100654739114816,578.8758951264033,-180.7563195551049,0.1137354852403405,-0.0049671875598278, Amensalism,Healthy
SRR13077679.bin.26.fbc2XSRR13077679.bin.4.fbc2 ,-0.0913015560416852,-0.0913015560416852,578.6881026131362,-0.0017541125080242,0.0,-0.2547497595375034,672.0588623925848,-293.4895590895528,-3.423904827749084,-0.1521692600693995,-0.0121209174303658,-1.0965308110039589,-343.6747086539226,0.2547497595375034,-0.0059815236522808,-0.1024315357298064,-0.1024315357298064,421.3118973868639,-0.0019679449708291,-1000.0,999.8463428566804,-1000.0,-706.5104409104472,-3.841290826842055,-0.1707192262164198,-0.013598499748241,414.0541553370204,-264.7217458465077,-999.8463428566804,-0.0067106923504525, Amensalism,Healthy
SRR13077679.bin.3.fbc2XSRR13077679.bin.22.fbc2 ,-0.0092221912724426,-0.0092221912724426,109.68497172968092,-0.0001771794673004,-1000.0,999.986165827194,-118.01429541742334,-174.28699153659682,-0.3458419175879044,-0.0153703187874043,-0.0012243101190279,130.8944374087498,-1.0659172859016053,-999.986165827194,-0.0006041819834763,-0.1153786907301537,-0.1153786907301537,890.3150282703191,-0.0022166895432746,0.0,-0.1730791195429901,1000.0,824.5010345769306,-4.326822820305324,-0.1922978178836274,-0.0153173247443874,42.20730624433213,-834.7726679939153,0.1730791195429901,-0.0075589113426985, Amensalism,Healthy
SRR13077679.bin.13.fbc2XSRR13077679.bin.16.fbc2 ,-0.0413211097633166,-0.0413211097633166,500.3624386072509,-0.0007938733864421,-1000.0,1000.0,-436.11105422620255,-998.5282454317374,-1.5495852791603966,-0.0688685162722322,-0.0054856651001955,494.4540875305688,-0.9862666169389058,-1000.0,-0.002707108247705,-0.0824669913588422,-0.0824669913588422,346.5918719733518,-0.001584380237432,1000.0,-1000.0,-61.666040784499614,-1.471754568262554,-3.0925993168685864,-0.1374449855979946,-0.0109480674407222,505.5459124694312,-429.2791915940966,1000.0,-0.0054027366096534, Neutralism,Healthy
SRR13077681.bin.18.fbc2XSRR13077681.bin.27.fbc2 ,-0.0857178541742769,-0.0857178541742769,0.0,-0.0016468367756488,-1000.0,999.8714149845546,1000.0,473.6893934972436,-3.2145101075594766,-0.1428630902905752,-0.0113796421200049,-3.4049832490353538,-439.18153096050935,-999.8714149845548,-0.0056157134050636,-0.1277744646746441,-0.1277744646746441,1000.0,-0.002454840819837,242.95852685294085,0.1285850154453101,-1000.0,-636.1418925900174,-4.791677441542674,-0.2129574411243311,-0.0169629500653627,1000.0,-560.8184690394907,-0.1285850154453101,-0.0083710071958194, Neutralism,Healthy
SRR13077681.bin.12.fbc2XSRR13077681.bin.27.fbc2 ,-0.1612712457222187,-0.1612712457222187,823.1745708617841,-0.0030983908879989,-0.2419223605377283,0.0,-877.9312057003588,1000.0,-6.047842126081946,-0.2687854095370312,-0.0214098810363339,-36.23998819890232,-259.3090729667715,0.0,-0.010565512928224,-0.0574076251293718,-0.0574076251293718,176.8254291382159,-0.0011029322791955,-25.75078043642975,1000.0,837.7455208829247,-1000.0,-2.152846603627154,-0.0956793752155817,-0.0076212620489286,186.05976961717735,-740.6909270332285,-1000.0,-0.0037609990719147, Amensalism,Healthy
SRR13077681.bin.14.fbc2XSRR13077681.bin.19.fbc2 ,0.0,0.0,0.0,0.0,-1000.0,1000.0,0.0,0.0,0.0,0.0,0.0,0.0,0.0,-1000.0,0.0,-0.2181878686794789,-0.2181878686794789,1000.0,-0.0041918898881476,999.6726972375312,-1000.0,1000.0,990.9392090472638,-8.182275629423884,-0.3636464477990557,-0.0289659591272766,-38.04232295095619,-500.363688366698,1000.0,-0.0142943445187029, Amensalism,Healthy
SRR13077681.bin.16.fbc2XSRR13077681.bin.23.fbc2 ,-0.0845500239726106,-0.0845500239726106,977.6056074273552,-0.0016244000763663,-1000.0,1000.0,-1000.0,-982.9046441363336,-3.17071524097787,-0.1409167066210557,-0.0112246045273423,213.2200198485532,-46.43886913988536,-1000.0,-0.0055392042602306,-0.0860981582452495,-0.0860981582452495,22.394392572644733,-0.0016541432900112,0.0,0.0,135.7394362870782,-17.095355863666327,-3.2287719120769225,-0.1434969304086735,-0.0114301301340447,9.970930241135989,-285.76159268744755,0.0,-0.0056406286189485, Amensalism,Healthy
SRR13077681.bin.21.fbc2XSRR13077681.bin.20.fbc2 ,-0.083640456680655,-0.083640456680655,115.74577436439222,-0.0016069252003489,0.0,999.5295649204676,0.0,-965.5805324835318,-3.13660550641248,-0.1394007611345387,-0.0111038531347276,1000.0,-739.0195209812698,-999.5295649204678,-0.0054796149333924,-0.0849620764712426,-0.0849620764712426,14.536774598320903,-0.0016323165508538,1000.0,-1000.0,1000.0,-34.41946751646822,-3.186167645079877,-0.1416034607852907,-0.0112793073662942,-15.024967832345853,-260.9804790187302,1000.0,-0.0055661994383626, Neutralism,Healthy
SRR13077681.bin.6.fbc2XSRR13077681.bin.21.fbc2 ,-0.1336750667583146,-0.1336750667583146,999.9840790792324,-0.0025682049329134,-954.544305924979,1000.0,1000.0,-35.81490189199542,-5.012956254708911,-0.2227917779305244,-0.0177462960864431,-8.266229853481718,-205.929042004508,-1000.0,-0.0087575788212461,-0.082868392595742,-0.082868392595742,0.0159209207674848,-0.0015920920767484,1000.0,-46.05989400973749,-427.6173176480132,-964.1850981080046,-3.1076522874037664,-0.1381139876594943,-0.0110013562504036,1000.0,-742.5943893179756,46.05989400973749,-0.0054290339817271, Neutralism,Healthy
SRR13077681.bin.23.fbc2XSRR13077681.bin.22.fbc2 ,-0.1239621028377087,-0.1239621028377087,920.6297954887502,-0.0023815965962512,-1000.0,1000.0,1000.0,-539.3773653299694,-4.648709844227824,-0.2066035047295145,-0.0164568324804577,955.4298686158304,-552.5682838606214,-1000.0,-0.0081212443933509,-0.0874141009508093,-0.0874141009508093,79.37020451124977,-0.0016794255706145,1000.0,-209.09278057012196,-453.564042450276,-460.6226346700306,-3.278121154063001,-0.1456901682513489,-0.0116048306930451,44.5701313841696,-447.4317161393786,209.09278057012196,-0.0057268411958375, Neutralism,Healthy
SRR13077681.bin.12.fbc2XSRR13077681.bin.23.fbc2 ,-0.1756434244963429,-0.1756434244963429,994.1397647885594,-0.0033745134389846,-1000.0,999.7365179906884,-1000.0,1000.0,-6.586814016851463,-0.2927390408272003,-0.0233178878629587,-39.46962524197159,-322.7334994988837,-999.7365179906884,-0.0115070908267398,-0.0854395691836771,-0.0854395691836771,5.860235211440568,-0.0016414902820542,1000.0,-1000.0,0.0,-137.4891905813065,-3.2040741263524524,-0.1423992819727573,-0.0113426978493862,114.39647548398987,-285.0942291751228,1000.0,-0.0055974818619688, Amensalism,Healthy
SRR13077681.bin.16.fbc2XSRR13077681.bin.12.fbc2 ,-0.0127329636294462,-0.0127329636294462,147.22428283801355,-0.0002446294645324,-1000.0,1000.0,0.0,-526.8392888118224,-0.4774995907245056,-0.0212216060490391,-0.0016903895999575,379.64772027210233,-17.542072486925008,-1000.0,-0.0008341864740941,-0.1637596643106462,-0.1637596643106462,852.7757171619864,-0.0031461991221704,999.7543447725384,-1000.0,-856.9438471269568,1000.0,-6.141160452601639,-0.2729327738511529,-0.0217402359344305,-36.79917195094367,-270.290464474961,1000.0,-0.0107285390066635, Amensalism,Healthy
SRR13077681.bin.16.fbc2XSRR13077681.bin.14.fbc2 ,-0.0860205763367046,-0.0860205763367503,994.6087987877664,-0.0016526527634333,-1000.0,1000.0,-1000.0,-1000.0,-3.2258625085284125,-0.143367627227841,-0.0114198305953242,197.9546458400544,-46.45598917669293,-1000.0,-0.0056355459233076,-0.0001515045858849,-0.0001515045858849,5.391201212233682,-2.910750929586684e-06,999.9997727285676,-1000.0,0.0,0.0,-0.0056815820619881,-0.0002525076431416,-2.0113288923443982e-05,0.84336411067261,-3.0907635228676407,1000.0,-9.92566066989036e-06, Amensalism,Healthy
SRR13077681.bin.9.fbc2XSRR13077681.bin.14.fbc2 ,-0.0877393614696302,-0.0877393614696302,756.8027241057357,-0.0016856745719451,-1000.0,1000.0,842.7708630189409,-769.3865966350917,-3.2903187672142167,-0.1462322691161262,-0.0116480112920953,0.5837491042641432,-3.8774571309146495,-1000.0,-0.0057481502902874,-0.0103520869545263,-0.0103520869545263,243.1972758942643,-0.0001988873574418,999.9844708751316,-1000.0,-868.3320944122879,-230.61340336490832,-0.3882141995986785,-0.0172534782575439,-0.0013743116398927,104.1560492054018,-66.426869783249,1000.0,-0.0006782058889029, Amensalism,Healthy
SRR13077681.bin.32.fbc2XSRR13077681.bin.20.fbc2 ,-0.1375377380315967,-0.1375377380315967,985.4632254016792,-0.0026424157163091,-0.2063198191260653,0.0,-1000.0,748.7700918192188,-5.1578105090509325,-0.2292295633860703,-0.0182590925993508,1000.0,-746.7565360035899,0.0,-0.009010637592496,-0.0849620764712426,-0.0849620764712426,14.53677459832079,-0.0016323165508538,1000.0,-1000.0,601.1272786261679,-34.41946751646799,-3.186167645079877,-0.1416034607852907,-0.0112793073662942,-15.024967832345736,-253.24346399641013,1000.0,-0.0055661994383626, Amensalism,Healthy
SRR13077681.bin.16.fbc2XSRR13077681.bin.32.fbc2 ,0.0,0.0,0.0,0.0,1000.0,-1000.0,-644.7769755742911,-100.82814096475522,0.0,0.0,0.0,100.82814096475522,-127.19744173047684,1000.0,0.0,-0.1576444572372111,-0.1576444572372111,1000.0,-0.0030287119545846,-0.2364818294155384,0.0,-355.2230244257089,197.4962806055953,-5.911833725551105,-0.2627407620619806,-0.0209283996063049,899.1718590352448,-449.1809963991907,0.0,-0.010327907765145, Amensalism,Healthy
SRR13077681.bin.21.fbc2XSRR13077681.bin.19.fbc2 ,0.0,0.0,0.0,0.0,-500.0,1000.0,0.0,0.0,0.0,0.0,0.0,0.0,-125.0,-1000.0,0.0,-0.2181878686794789,-0.2181878686794789,1000.0,-0.0041918898881476,1000.0,-500.6087881684596,1000.0,447.96723983138736,-8.182275629423884,-0.3636464477990557,-0.0289659591272766,-38.04232295095619,-625.2933170152003,500.6087881684596,-0.0142943445187029, Amensalism,Healthy
SRR13077681.bin.18.fbc2XSRR13077681.bin.23.fbc2 ,-0.0857178541742769,-0.0857178541742769,0.0,-0.0016468367756488,-1000.0,1000.0,0.0,665.1809390067385,-3.2145101075594766,-0.1428630902905752,-0.0113796421200049,-3.404983249034899,-500.03398247686624,-1000.0,-0.0056157134050636,-0.1255282550262109,-0.1255282550262109,1000.0,-0.0024116859755167,1000.0,-1000.0,1000.0,-1000.0,-4.707442206209862,-0.2092137583769044,-0.0166647500908538,988.2008745984552,-499.96601752313376,1000.0,-0.008223849176602, Neutralism,Healthy
SRR13077681.bin.9.fbc2XSRR13077681.bin.22.fbc2 ,-0.0877393614696302,-0.0877393614696302,791.0003763791619,-0.0016856745719451,-1000.0,1000.0,842.7708630189406,-666.7936398148124,-3.2903187672142167,-0.1462322691161262,-0.0116480112920953,0.5837491042641432,-20.97628326762788,-1000.0,-0.0057481502902874,-0.0874141009508093,-0.0874141009508093,208.9996236208381,-0.0016794255706145,1000.0,-299.45352217722825,157.22913698105936,-333.2063601851876,-3.278121154063001,-0.1456901682513489,-0.0116048306930451,117.51312634672558,-424.60918628642366,299.45352217722825,-0.0057268411958375, Neutralism,Healthy
SRR13077681.bin.16.fbc2XSRR13077681.bin.19.fbc2 ,0.0,0.0,0.0,0.0,-1000.0,1000.0,0.0,0.0,0.0,0.0,0.0,0.0,0.0,-1000.0,0.0,-0.2181878686794789,-0.2181878686794789,1000.0,-0.0041918898881476,1000.0,-474.0732773665875,1000.0,464.6851836513824,-8.182275629423884,-0.3636464477990557,-0.0289659591272766,-38.04232295095619,-631.9271947156683,474.0732773665875,-0.0142943445187029, Amensalism,Healthy
SRR13077681.bin.21.fbc2XSRR13077681.bin.22.fbc2 ,-0.0799613465160291,-0.0799613465160291,98.20935927187338,-0.0015362410473471,-67.50669982969134,1000.0,514.8029261625484,-790.2955479430183,-2.9986349876106715,-0.1332689108601243,-0.0106154256374111,823.7946467380657,-741.8830129277644,-1000.0,-0.0052385819715254,-0.0874141009508093,-0.0874141009508093,334.6132459530445,-0.0016794255706145,1000.0,-965.4235832899092,281.2365780658306,-209.7044520569817,-3.278121154063001,-0.1456901682513489,-0.0116048306930451,176.2053532619343,-258.1169870722356,965.4235832899094,-0.0057268411958375, Neutralism,Healthy
SRR13077681.bin.6.fbc2XSRR13077681.bin.19.fbc2 ,-0.0898461244006512,-0.0898461244006512,16.359140903268894,-0.0017261503246572,-643.2099514998761,1000.0,-1000.0,-1000.0,-3.369324603293535,-0.1497435406678278,-0.0119276987436478,701.1446994450682,489.7166527944257,-1000.0,-0.0058861726072336,-0.2166305707563651,-0.2166305707563651,983.6408590967312,-0.0041619706197479,999.6750333340124,-1000.0,1000.0,989.5194767239016,-8.123875311747497,-0.3610509512606086,-0.0287592169822801,-37.77079900748333,-500.3610925709668,1000.0,-0.014192319813219, Amensalism,Healthy
SRR13077681.bin.23.fbc2XSRR13077681.bin.1.fbc2 ,-0.1018601940148755,-0.1018601940148755,392.6352131168528,-0.001956968184686,-1000.0,1000.0,326.5670227077394,-403.45891711095135,-3.819864908807858,-0.1697669900247547,-0.0135226501564602,578.10075266174,-284.9750605521881,-1000.0,-0.0066732615099454,-0.0856004384233983,-0.0856004384233983,583.1153489577973,-0.0016445809495735,0.0,0.0,673.4329772922606,-596.5410828890487,-3.21010689282798,-0.1426673973722927,-0.0113640543612518,421.89924733826,-500.7990938434915,0.0,-0.005608021037915, Amensalism,Healthy
SRR13077681.bin.26.fbc2XSRR13077681.bin.32.fbc2 ,-0.1049866768780702,-0.1049866768780702,355.1252976152091,-0.0020170350985608,-0.4601996773444625,1000.0,1000.0,57.03198308559058,-3.937111319857763,-0.1749777947967459,-0.0139377125308328,-76.72498959512495,-507.83847251337255,-1000.0,-0.0068780896859834,-0.1296526898403271,-0.1296526898403271,644.8747023847909,-0.0024909258374918,999.8055085106104,-1000.0,0.0,65.46381822327385,-4.862112869932162,-0.2160878164005453,-0.0172122975369575,1000.0,-492.16152748662745,1000.0,-0.0084940571057359, Competition,Healthy
SRR13077681.bin.18.fbc2XSRR13077681.bin.6.fbc2 ,-0.0857178541742769,-0.0857178541742769,0.0,-0.0016468367756488,-584.3216691925604,1000.0,94.2339822348656,1000.0,-3.2145101075594766,-0.1428630902905752,-0.0113796421200049,-3.4049832490350127,-503.960709156659,-1000.0,-0.0056157134050636,-0.1336757761721401,-0.1336757761721401,1000.0,-0.0025682185623736,999.799473494649,-1000.0,905.7660177651344,-783.3223559907233,-5.012982858476562,-0.222792960286938,-0.0177463902660974,138.42972854448544,42.266465387348944,1000.0,-0.0087576252977896, Neutralism,Healthy
SRR13077681.bin.21.fbc2XSRR13077681.bin.23.fbc2 ,-0.0799333073342722,-0.0799333073342722,53.895195428276566,-0.0015357023503383,-0.5438910669450934,1000.0,0.0,-788.9664459396587,-2.997583488665896,-0.1332221788904917,-0.0106117032407837,712.0713534512824,-441.32620657329176,-1000.0,-0.0052367450145993,-0.114995633204785,-0.114995633204785,946.1048045717234,-0.002209330128835,1000.0,-1000.0,1000.0,-211.0335540603413,-4.31245775833645,-0.1916593886746795,-0.0152664711901024,287.92864654871755,-558.6737934267082,1000.0,-0.0075338157392934, Neutralism,Healthy
SRR13077681.bin.6.fbc2XSRR13077681.bin.22.fbc2 ,-0.1336668417559394,-0.1336668417559394,999.7994906079912,-0.0025680469117332,-867.7481207763532,1000.0,775.5977527565283,-436.6990103665488,-5.012647808428255,-0.2227780695932324,-0.0177452041600645,640.4940827094738,276.2045598143145,-1000.0,-0.0087570399690548,-0.0842605672054332,-0.0842605672054332,0.2005093920089393,-0.0016188389472517,1000.0,-132.8599406569508,224.4022472434717,-563.3009896334512,-3.159860306347241,-0.1404342786757979,-0.0111861771256371,120.8715076784158,-466.2769139024797,132.8599406569508,-0.0055202408101422, Neutralism,Healthy
SRR13077681.bin.14.fbc2XSRR13077681.bin.22.fbc2 ,-0.0423787140316562,-0.0423787140316562,995.5855136944632,-0.0008141923925677,-1000.0,999.9364278579906,-460.1721244171568,-512.4359968496585,-1.589246556770604,-0.0706311900528362,-0.0056260694324237,83.66180576386728,-532.2057523178697,-999.9364278579905,-0.0027763960586071,-0.0863851279364098,-0.0863851279364098,4.41448630553657,-0.0016596566366615,1000.0,-126.73936015389428,507.4104593527418,-487.5640031503415,-3.239533578729038,-0.143975213227236,-0.011468227359046,49.06751551536763,-467.7942476821303,126.73936015389428,-0.0056594291309011, Neutralism,Healthy
SRR13077681.bin.26.fbc2XSRR13077681.bin.21.fbc2 ,-0.1093717936455505,-0.1093717936455505,442.87100550215,-0.0021012832593214,0.0,877.7878902678744,718.4627526402346,71.80062846868213,-4.101557832288108,-0.1822863227425841,-0.01451986732161,-25.09602520941064,-412.4064328290958,-877.7878902678744,-0.0071653759141554,-0.023780392262779,-0.023780392262779,557.12899449785,-0.0004568759320591,1000.0,-878.15941172723,-258.5964315780375,-1000.0,-0.8917898380287852,-0.0396339871045938,-0.0031570126903943,325.0906553623913,-587.5935671709042,878.15941172723,-0.0015579469283011, Competition,Healthy
SRR13077681.bin.32.fbc2XSRR13077681.bin.19.fbc2 ,-0.0890263763644725,-0.0890263763644725,129.4577421211029,-0.0017104010828461,-0.1335481165521059,0.0,-568.9108527877505,8.591595137309127,-3.338583185728225,-0.1483772939408254,-0.0118188714827738,1000.0,30.93435674520083,0.0,-0.0058324676926986,-0.2068894251444817,-0.2068894251444817,870.5422578788971,-0.0039748208481569,999.6896459881792,-1000.0,1000.0,991.408404862691,-7.758572058064715,-0.3448157085741741,-0.0274660120604721,-36.07237365724711,-500.3448554567826,1000.0,-0.0135541390920934, Amensalism,Healthy
SRR13077681.bin.16.fbc2XSRR13077681.bin.21.fbc2 ,-0.0860205763367503,-0.0860205763367503,994.6087987877664,-0.0016526527634823,-1000.0,1000.0,-892.6376832601711,-1000.0,-3.225862508528394,-0.1433676272278035,-0.0114198305952868,0.8031656337030881,-1.5614074434316765,-1000.0,-0.005635545923269,-0.0612194361614228,-0.0612194361614228,5.391201212233796,-0.0011761659204694,1000.0,-545.4112513369088,-107.36231673982888,0.0,-2.2957935451797766,-0.1020323936023714,-0.0081273065105733,998.1131358220556,-783.5743970940385,545.4112513369087,-0.0040107257888166, Amensalism,Healthy
SRR13077681.bin.16.fbc2XSRR13077681.bin.22.fbc2 ,-0.0650357501400549,-0.0650357501400549,751.9727497742758,-0.0012494860737888,-1000.0,1000.0,-1000.0,-756.0487607698462,-2.4389093519868084,-0.1083929169001294,-0.0086339487697841,315.324626386207,-0.0243899681601078,-1000.0,-0.0042607475115801,-0.0863851279364098,-0.0863851279364098,248.02725022572417,-0.0016596566366615,1000.0,-428.7888259572296,0.0,-243.95123923015376,-3.239533578729038,-0.143975213227236,-0.011468227359046,170.87389747546126,-392.2818812312965,428.7888259572296,-0.0056594291309011, Amensalism,Healthy
SRR13077681.bin.21.fbc2XSRR13077681.bin.32.fbc2 ,-0.0658385723330639,-0.0658385723330639,0.0126491013128315,-0.0012649101312263,1000.0,-0.3864940142719888,-921.4050433631894,-208.0355988598228,-2.469016032547188,-0.1097309538884019,-0.0087405290071274,135.28184314101236,-812.4570606298646,0.3864940142719888,-0.0043133435476647,-0.1571895395819638,-0.1571895395819638,999.987350898687,-0.003019971941967,0.0,-0.2357994092326407,-78.5949566368106,-67.02434060045562,-5.89477383277972,-0.2619825659699017,-0.0208680061193717,864.7181568589876,-187.5429393701354,0.2357994092326407,-0.0102981043222598, Amensalism,Healthy
SRR13077681.bin.32.fbc2XSRR13077681.bin.27.fbc2 ,-0.0803187901389037,-0.0803187901389037,18.98654156954672,-0.0015431083600105,999.87951409925,-1000.0,-1000.0,1000.0,-3.0120395011667824,-0.1338646502314304,-0.0106628787676754,-5.284096941840289,-228.98336455460617,1000.0,-0.0052619995076383,-0.1261571345512493,-0.1261571345512493,981.0134584304532,-0.002423768195058,-348.707108034023,1000.0,839.36411988484,-1000.0,-4.731025852921448,-0.2102618909186731,-0.016748238227592,949.9587587678802,-662.8693230625637,-1000.0,-0.0082650495450025, Amensalism,Healthy
SRR13077681.bin.20.fbc2XSRR13077681.bin.27.fbc2 ,-0.0847706187673793,-0.0847706187673793,9.997118776144816,-0.0016286382087855,1000.0,-1000.0,1000.0,-29.835007060391035,-3.1789877788780814,-0.141284364612261,-0.0112538900227718,-10.484211891628888,-250.04215522178487,1000.0,-0.0055536562919087,-0.1269228803413398,-0.1269228803413398,990.0028812238552,-0.0024384799297649,-0.3541404401915997,1000.0,0.0,-492.8604688695493,-4.759742129195956,-0.2115381339021951,-0.0168498963142837,1000.0,-749.9578447782151,-1000.0,-0.0083152165602768, Neutralism,Healthy
SRR13077681.bin.21.fbc2XSRR13077681.bin.9.fbc2 ,-0.0838163771220479,-0.0838163771220479,0.0161030503596748,-0.0016103050359106,-2.358803342011697,1000.0,-404.67528624310967,-1000.0,-3.1432027088543464,-0.1396939618700798,-0.0111272077984949,999.4217763834286,-749.3056815058308,-1000.0,-0.005491140172694,-0.0869088629585803,-0.0869088629585803,999.9838969496404,-0.0016697187887757,1000.0,-1000.0,833.229384539077,0.0,-3.259174195478749,-0.1448481049309293,-0.0115377568307621,0.5782236165714494,-130.59737803280314,1000.0,-0.0056937410698765, Neutralism,Healthy
SRR13077681.bin.23.fbc2XSRR13077681.bin.27.fbc2 ,-0.0849440651082886,-0.0849440651082886,0.0267806360889153,-0.0016319705111982,1000.0,-1000.0,104.7766438647202,-16.86620307715509,-3.1854921999398584,-0.1415734418471856,-0.0112769162324184,7.502764109254826,-285.0978251733825,1000.0,-0.0055650194432246,-0.1277721834203475,-0.1277721834203475,999.9732193639112,-0.0024547969917421,-459.5692282682327,1000.0,-523.5872392809792,-983.1337969228448,-4.791591892096108,-0.2129536390337989,-0.0169626472129493,982.5235159226512,-714.9021748266175,-1000.0,-0.0083708577418519, Amensalism,Healthy
SRR13077681.bin.31.fbc2XSRR13077681.bin.22.fbc2 ,-0.0890629814620069,-0.0890629814620069,229.32382719851512,-0.0017111043508748,1000.0,-1000.0,71.23704833656802,-182.9510263080492,-3.339955915563792,-0.1484383024366025,-0.0118237310643962,362.84603735651626,-405.6045809929875,1000.0,-0.0058348658363911,-0.0874141009508093,-0.0874141009508093,770.6761728014849,-0.0016794255706145,-92.05183412656822,1000.0,928.762951663432,-817.0489736919508,-3.278121154063001,-0.1456901682513489,-0.0116048306930451,392.21436844273376,-594.3954190070125,-1000.0,-0.0057268411958375, Neutralism,Healthy
SRR13077681.bin.32.fbc2XSRR13077681.bin.9.fbc2 ,-0.0981534766257254,-0.0981534766257254,245.25122349248704,-0.0018857536335872,-0.1472396437067118,0.0,-1000.0,58.69761359714221,-3.6808590899133833,-0.1635891277095424,-0.0130305576077489,217.29922225063592,-0.1636079852457896,0.0,-0.006430419890421,-0.0875917103508072,-0.0875917103508072,754.748776507513,-0.0016828378550144,1000.0,-1000.0,842.2550828371961,-768.9943102747777,-3.284781694237949,-0.1459861839180121,-0.0116284095778382,0.5827667491736293,-3.8709319992736937,1000.0,-0.0057384770854014, Amensalism,Healthy
SRR13077681.bin.14.fbc2XSRR13077681.bin.31.fbc2 ,-0.0423772176019383,-0.0423772176019383,995.5503586908194,-0.0008141636426444,-1000.0,1000.0,-1000.0,-984.2368276107084,-1.589190439071217,-0.0706286960031548,-0.0056258707709275,466.50847783608606,-251.87647427496927,-1000.0,-0.0027762980215584,-0.0890629814620069,-0.0890629814620069,4.4496413091804925,-0.0017111043508748,1000.0,-1000.0,855.1426283046499,-15.763172389291526,-3.339955915563792,-0.1484383024366025,-0.0118237310643962,25.52409871456825,-400.50395616451806,1000.0,-0.0058348658363911, Neutralism,Healthy
SRR13077681.bin.1.fbc2XSRR13077681.bin.14.fbc2 ,-0.0856004384233983,-0.0856004384233983,583.1153489577973,-0.0016445809495735,-1000.0,1000.0,673.4329772922606,-596.541082889049,-3.21010689282798,-0.1426673973722927,-0.0113640543612518,-3.268922589519889,-288.2150088796016,-1000.0,-0.005608021037915,-0.0177453721129268,-0.0177453721129268,416.8846510422027,-0.0003409293393588,999.9733802371838,-1000.0,-1000.0,-403.458917110951,-0.6654702053475603,-0.0295756201882113,-0.0023558217349091,92.2453717142655,-62.57564986537341,1000.0,-0.0011625690472101, Amensalism,Healthy
SRR13077681.bin.9.fbc2XSRR13077681.bin.31.fbc2 ,-0.0877393614696302,-0.0877393614696302,903.5166425836178,-0.0016856745719451,-1000.0,1000.0,959.377108442517,-946.2081881672812,-3.2903187672142167,-0.1462322691161262,-0.0116480112920953,0.5837491042641432,-32.50084123472891,-1000.0,-0.0057481502902874,-0.0890629814620069,-0.0890629814620069,96.4833574163822,-0.0017111043508748,1000.0,-1000.0,40.622891557482944,-53.79181183271885,-3.339955915563792,-0.1484383024366025,-0.0118237310643962,75.2459903004135,-400.1716579884778,1000.0,-0.0058348658363911, Neutralism,Healthy
SRR13077681.bin.26.fbc2XSRR13077681.bin.20.fbc2 ,-0.1254873007111427,-0.1254873007111427,985.463225401679,-0.0024108991491402,-0.5871962161037345,1000.0,-1000.0,-434.9767174250251,-4.705906376122812,-0.2091455011852758,-0.0166593131203853,363.295691881709,-866.6631998983652,-1000.0,-0.0082211660984512,-0.0849620764712426,-0.0849620764712426,14.536774598321015,-0.0016323165508538,1000.0,-1000.0,1000.0,-34.4194675164681,-3.186167645079877,-0.1416034607852907,-0.0112793073662942,-15.024967832346078,-133.33680010163482,1000.0,-0.0055661994383626, Neutralism,Healthy
SRR13077681.bin.16.fbc2XSRR13077681.bin.27.fbc2 ,-0.0533595958150954,-0.0533595958150954,616.967773963278,-0.0010251603422375,1000.0,-1000.0,-469.7738662935167,-620.3120007738133,-2.001041226886514,-0.0889326596918635,-0.0070838579650853,6.772598781963666,-46.07575301349311,1000.0,-0.0034957967670834,-0.0752193133148466,-0.0752193133148466,383.032226036722,-0.0014451357025109,0.0,685.3442326240063,928.561404320611,-379.68799922618666,-2.820803731770184,-0.1253655221913732,-0.0099858877042606,370.3908147710083,-671.363544637063,-685.3442326240063,-0.0049279127455292, Competition,Healthy
SRR13077681.bin.18.fbc2XSRR13077681.bin.1.fbc2 ,-0.0857178541742769,-0.0857178541742769,416.88465104220313,-0.0016468367756488,-0.4780125962336115,1000.0,325.1043488570299,1000.0,-3.2145101075594766,-0.1428630902905752,-0.0113796421200049,0.0,-649.9234595287456,-1000.0,-0.0056157134050636,-0.0856004384233983,-0.0856004384233983,583.1153489577969,-0.0016445809495735,1000.0,-1000.0,674.8956511429701,-596.5410828890477,-3.21010689282798,-0.1426673973722927,-0.0113640543612518,-3.268922589520457,-288.21500887960144,1000.0,-0.005608021037915, Neutralism,Healthy
SRR13077681.bin.21.fbc2XSRR13077681.bin.14.fbc2 ,-0.0721325252505948,-0.0721325252505948,0.0138583141692834,-0.0013858314168828,-563.1956534776621,1000.0,-1000.0,-485.298963974397,-2.705045917626876,-0.1202208754177718,-0.0095760950908925,1000.0,-509.6543830966353,-1000.0,-0.0047256851316888,-0.042566033907974,-0.042566033907974,999.9861416858308,-0.0008177912374094,999.936146860182,-1000.0,0.0,-514.701036025603,-1.5962712500657972,-0.0709433898465476,-0.0056509374505822,-4.393516668459938,-490.3456169033647,1000.0,-0.0027886681195923, Amensalism,Healthy
SRR13077681.bin.12.fbc2XSRR13077681.bin.9.fbc2 ,-0.1217023298280537,-0.1217023298280537,497.6298950303187,-0.0023381811686249,-1000.0,999.817434814352,-550.5926368916678,1000.0,-4.563965968514935,-0.2028372163799758,-0.0161568318753779,-27.348278839137947,-326.8709868505191,-999.8174348143522,-0.0079731977850769,-0.0656213766212658,-0.0656213766212658,502.3701049696813,-0.0012607373030277,1000.0,-1000.0,567.9274991728453,-513.0424794760003,-2.460870963850084,-0.1093689610354431,-0.0087116947637468,0.4365933280298577,-2.899999161819892,1000.0,-0.0042991142032633, Competition,Healthy
SRR13077681.bin.32.fbc2XSRR13077681.bin.31.fbc2 ,-0.1572937265925702,-0.1572937265925702,995.5503586908196,-0.0030219736137269,-0.235955699757028,0.0,-855.3448637278773,-984.2368276107086,-5.898680955771965,-0.2621562109876549,-0.0208818376705721,974.6781367086592,-407.4167312091674,0.0,-0.0103049300226985,-0.0890629814620069,-0.0890629814620069,4.449641309180379,-0.0017111043508748,1000.0,-1000.0,-144.65513627212272,-15.763172389291412,-3.339955915563792,-0.1484383024366025,-0.0118237310643962,25.321863291340836,-400.50395616451806,1000.0,-0.0058348658363911, Neutralism,Healthy
SRR13077681.bin.32.fbc2XSRR13077681.bin.22.fbc2 ,-0.1576280991882868,-0.1576280991882868,999.7924690901276,-0.0030283976789178,0.0,-0.2364572907708861,-1000.0,-467.3834238417985,-5.911220281435021,-0.2627134986472583,-0.020926227961354,936.3003275203804,-500.63756727677367,0.2364572907708861,-0.0103268360851416,-0.0872112373554045,-0.0872112373554045,0.2075309098722755,-0.0016755280952338,1000.0,-0.4466938494068699,0.0,-532.6165761582015,-3.2705135548746966,-0.1453520622591213,-0.0115778991378192,20.0490377852384,-499.36243272322633,0.4466938494068699,-0.0057135508046712, Neutralism,Healthy
SRR13077681.bin.26.fbc2XSRR13077681.bin.27.fbc2 ,-0.1049866768780702,-0.1049866768780702,355.12529761520955,-0.0020170350985608,-943.4282165917572,1000.0,844.7278029383092,1000.0,-3.937111319857763,-0.1749777947967459,-0.0139377125308328,379.13165612022726,-500.00093682838434,-1000.0,-0.0068780896859834,-0.0975238348111133,-0.0975238348111133,644.8747023847905,-0.0018736567686801,-0.1462951205005538,0.0,155.2721970616908,-119.60928908175627,-3.657246856540041,-0.1625397246851889,-0.0129469682717626,620.8683438797727,-499.99906317161566,0.0,-0.0063891695813254, Competition,Healthy
SRR13077681.bin.18.fbc2XSRR13077681.bin.21.fbc2 ,-0.0857178541742769,-0.0857178541742769,667.2312582799241,-0.0016468367756488,-1000.0,999.8714149845546,928.8719619190356,326.71380322328014,-3.2145101075594766,-0.1428630902905752,-0.0113796421200049,-3.32588567869891,-500.0018362230048,-999.8714149845548,-0.0056157134050636,-0.0843853419920606,-0.0843853419920606,332.7687417200759,-0.0016212361573479,1000.0,-0.3460372166247225,-198.174861401489,-1000.0,-3.164539492692711,-0.140642236653548,-0.011202741847569,984.5756997856396,-499.9981637769952,0.3460372166247225,-0.0055284152966805, Neutralism,Healthy
SRR13077681.bin.18.fbc2XSRR13077681.bin.32.fbc2 ,-0.0857178541742769,-0.0857178541742769,-1.5819843434570655,-0.0016468367756488,1000.0,-0.4425481126841077,1000.0,416.2135306866512,-3.2145101075594766,-0.1428630902905752,-0.0113796421200049,-4.195975420763148,-677.4763219650663,0.4425481126841077,-0.0056157134050636,-0.1576444572372111,-0.1576444572372111,1000.0,-0.0030287119545846,0.0,-0.2364818294155384,-1000.0,-162.98385814996743,-5.911833725551105,-0.2627407620619806,-0.0209283996063049,932.1827577997784,-322.5236780349337,0.2364818294155384,-0.010327907765145, Neutralism,Healthy
SRR13077681.bin.12.fbc2XSRR13077681.bin.1.fbc2 ,-0.1118898053659904,-0.1118898053659904,416.8994776592167,-0.0021496600454611,-1000.0,999.8321545436506,-469.4173597531603,1000.0,-4.195985932529311,-0.1864830089433553,-0.0148541509140613,-25.14326225908508,-343.6253739167324,-999.8321545436507,-0.0073303407550611,-0.0855992873534887,-0.0855992873534887,583.1005223407833,-0.0016445588348688,1000.0,-1000.0,673.4340505488567,-596.5260757360643,-3.2100637264903757,-0.1426654789223675,-0.0113639015487478,-3.293327740298423,-288.21253034155257,1000.0,-0.0056079456268207, Amensalism,Healthy
SRR13077681.bin.9.fbc2XSRR13077681.bin.27.fbc2 ,-0.075420395315632,-0.075420395315632,614.7189934454691,-0.0014489989493995,1000.0,-1000.0,690.0658520644095,-626.9850376168397,-2.828344519278062,-0.1257006588593867,-0.0100125827402735,0.5017883361729218,-3.333046248963683,1000.0,-0.0049410864173751,-0.0754108711327035,-0.0754108711327035,385.2810065545309,-0.0014488159679331,-638.2373484925988,1000.0,251.40196417113063,-373.0149623831603,-2.827987352355649,-0.1256847852212104,-0.0100113183386838,376.3135021681546,-590.4682193565611,-1000.0,-0.0049404624508042, Competition,Healthy
SRR13077681.bin.21.fbc2XSRR13077681.bin.1.fbc2 ,-0.0718005111691582,-0.0718005111691582,340.1009351718003,-0.0013794526641959,-0.4391804017158165,1000.0,-584.7893421156543,-403.4589171109509,-2.6925950387386592,-0.1196675186151878,-0.0095320179092368,1000.0,-568.389350882111,-1000.0,-0.0047039335847784,-0.0856004384233983,-0.0856004384233983,583.1153489577973,-0.0016445809495735,1000.0,-1000.0,673.4329772922606,-596.5410828890491,-3.21010689282798,-0.1426673973722927,-0.0113640543612518,-3.268922589519889,-288.2150088796016,1000.0,-0.005608021037915, Amensalism,Healthy
SRR13077681.bin.1.fbc2XSRR13077681.bin.32.fbc2 ,-0.0856002291355935,-0.0856002291355935,583.111652977803,-0.0016445769285837,1000.0,-1000.0,673.4333391322682,-596.5373540839705,-3.210099044316621,-0.1426670485593604,-0.0113640265768708,-3.2750269414596005,-288.21439153106394,1000.0,-0.0056080073266002,-0.1115948776474624,-0.1115948776474624,416.88834702219697,-0.0021439938068397,-0.1674030364401915,0.0,-56.14118176053421,-403.4626459160295,-4.1849258314393865,-0.1859914627457328,-0.0148149972054625,1000.0,-0.1860129026838421,0.0,-0.0073110188814098, Amensalism,Healthy
SRR13077681.bin.32.fbc2XSRR13077681.bin.14.fbc2 ,-0.1576444572372111,-0.1576444572372111,1000.0,-0.0030287119545846,-0.2364818294155384,0.0,778.5396089056062,-1000.0,-5.911833725551105,-0.2627407620619806,-0.0209283996063049,1000.0,-654.5147017729178,0.0,-0.010327907765145,0.0,0.0,0.0,0.0,1000.0,-1000.0,0.0,0.0,0.0,0.0,0.0,0.0,0.0,1000.0,0.0, Amensalism,Healthy
SRR13077681.bin.6.fbc2XSRR13077681.bin.26.fbc2 ,-0.113695410372884,-0.113695410372884,555.3502850089412,-0.0021843498631142,-0.1705540373086478,0.0,-509.4254848027253,-746.3940357434109,-4.263698028226827,-0.1894923506215491,-0.0150938575537793,-12.319318201254305,378.9293135787366,0.0,-0.0074486330330501,-0.1098110652275181,-0.1098110652275181,444.6497149910588,-0.0021097226748452,-0.4530741173781507,1000.0,0.0,-37.239231192024135,-4.118030980778144,-0.1830184420458636,-0.0145781836833975,586.3250756505554,-530.9382886440203,-1000.0,-0.0071941543213824, Competition,Healthy
SRR13077681.bin.16.fbc2XSRR13077681.bin.1.fbc2 ,-0.0347070595020113,-0.0347070595020113,401.2987151543389,-0.000666802295882,0.0,0.0,-360.1644116682834,-403.4739242639357,-1.3015514054518462,-0.057845099169981,-0.0046076038647697,0.5660618050422954,-0.7467985673481508,0.0,-0.002273795829069,-0.0855992873534887,-0.0855992873534887,583.1005223407833,-0.0016445588348688,-1000.0,1000.0,673.4340505488565,-596.5260757360643,-3.2100637264903757,-0.1426654789223675,-0.0113639015487478,-3.293327740298423,-288.21253034155257,-1000.0,-0.0056079456268207, Amensalism,Healthy
SRR13077681.bin.12.fbc2XSRR13077681.bin.14.fbc2 ,-0.1761360648179106,-0.1761360648179106,1000.0,-0.0033839781905271,-1000.0,999.735778982882,-752.5611052122565,1000.0,-6.6052885494725615,-0.2935601080298511,-0.0233832892967029,-39.58032866812084,-324.9075212929813,-999.7357789828822,-0.011539365629801,0.0,0.0,0.0,0.0,1000.0,-0.2272341354952232,499.8863829322525,-999.7727658645048,0.0,0.0,0.0,0.0,-249.94319146612625,0.2272341354952232,0.0, Amensalism,Healthy
SRR13077681.bin.18.fbc2XSRR13077681.bin.31.fbc2 ,-0.0857178541742769,-0.0857178541742769,602.0359723414347,-0.0016468367756488,0.0,778.3677263219038,0.0,-532.5057370194044,-3.2145101075594766,-0.1428630902905752,-0.0113796421200049,141.537053452289,-594.633058035275,-778.3677263219037,-0.0056157134050636,-0.0890629814620069,-0.0890629814620069,397.9640276585653,-0.0017111043508748,1000.0,-1000.0,-1000.0,-290.52531434013576,-3.339955915563792,-0.1484383024366025,-0.0118237310643962,572.1227706192524,-405.366941964725,1000.0,-0.0058348658363911, Neutralism,Healthy
SRR13077681.bin.20.fbc2XSRR13077681.bin.22.fbc2 ,-0.0849620764712426,-0.0849620764712426,14.53677459832113,-0.0016323165508538,-1000.0,1000.0,1000.0,-34.41946751646799,-3.186167645079877,-0.1416034607852907,-0.0112793073662942,-15.024967832345965,-452.6798246833258,-1000.0,-0.0055661994383626,-0.0874141009508093,-0.0874141009508093,985.4632254016788,-0.0016794255706145,1000.0,-395.9101809987293,0.0,-965.580532483532,-3.278121154063001,-0.1456901682513489,-0.0116048306930451,733.2283406252486,-250.6985674524699,395.9101809987292,-0.0057268411958375, Neutralism,Healthy
SRR13077681.bin.20.fbc2XSRR13077681.bin.19.fbc2 ,-0.0833029596285541,-0.0833029596285541,9.399278591568304,-0.0016004411071435,-1000.0,1000.0,502.82299206178095,-47.99668465423747,-3.1239490103304206,-0.1388382660475144,-0.0110590480505834,-9.896407608279333,-234.14552525308815,-1000.0,-0.0054575041755242,-0.2049554940034568,-0.2049554940034568,990.6007214084316,-0.0039376655907972,999.6925470706668,-1000.0,497.1770079382191,1000.0,-7.686047596737922,-0.3415924900058371,-0.027209269232685,172.34274323497857,-500.3416318666617,1000.0,-0.0134274396648379, Neutralism,Healthy
SRR13077681.bin.16.fbc2XSRR13077681.bin.9.fbc2 ,-0.0209163133969241,-0.0209163133969241,241.8438730447392,-0.0004018504014311,-1000.0,1000.0,-1000.0,-243.1547693319219,-0.7843838541576815,-0.0348605223282447,-0.0027767862742393,0.1274227438048001,-135.5998013511313,-1000.0,-0.0013703098690029,-0.0875917103508072,-0.0875917103508072,758.1561269552608,-0.0016828378550144,0.0,0.0,841.773325771333,-756.8452306680781,-3.284781694237949,-0.1459861839180121,-0.0116284095778382,0.5827667491736293,-5.8154857560796245,0.0,-0.0057384770854014, Amensalism,Healthy
SRR13077681.bin.6.fbc2XSRR13077681.bin.23.fbc2 ,-0.1334146523420258,-0.1334146523420258,994.1397647885594,-0.0025632017741372,-0.6106474273232152,1000.0,890.3753039362896,-980.906825219743,-5.003190438922729,-0.2223577539033385,-0.0177117242590156,997.75462185801,-265.86267001059935,-1000.0,-0.0087405180496489,-0.0854395691836771,-0.0854395691836771,5.860235211440568,-0.0016414902820542,1000.0,-1000.0,109.62469606371042,-19.09317478025696,-3.2040741263524524,-0.1423992819727573,-0.0113426978493862,2.245378141990045,-285.0942291751228,1000.0,-0.0055974818619688, Amensalism,Healthy
SRR13077681.bin.12.fbc2XSRR13077681.bin.31.fbc2 ,-0.1758684266901582,-0.1758684266901582,996.8162931217204,-0.0033788362476343,-1000.0,999.7361804657836,-853.2707430687101,1000.0,-6.595251836873786,-0.2931140444835591,-0.0233477584712318,-39.52018649864067,-323.7264342052331,-999.7361804657836,-0.0115218316044547,-0.088958185311867,-0.088958185311867,3.183706878279736,-0.0017090909761918,1000.0,-1000.0,-146.7292569312899,-14.483925867524476,-3.33602594919671,-0.1482636421864072,-0.0118098186455881,26.75476447930396,-400.5033631834049,1000.0,-0.0058280002289166, Neutralism,Healthy
SRR13077681.bin.6.fbc2XSRR13077681.bin.9.fbc2 ,-0.0999537123208256,-0.0999537123208256,243.1972758942643,-0.0019203402943048,-701.563448912696,1000.0,157.22913698105936,-230.613403364909,-3.748369830746469,-0.1665895205346714,-0.0132695514339502,993.8190391013884,-340.8522282555893,-1000.0,-0.0065483604037126,-0.0877393614696302,-0.0877393614696302,756.8027241057357,-0.0016856745719451,1000.0,-1000.0,842.7708630189406,-769.386596635091,-3.2903187672142167,-0.1462322691161262,-0.0116480112920953,0.5837491042641432,-3.877457130914763,1000.0,-0.0057481502902874, Amensalism,Healthy
SRR13077681.bin.31.fbc2XSRR13077681.bin.19.fbc2 ,-0.0890629814620069,-0.0890629814620069,126.91482371572488,-0.0017111043508748,1000.0,-1000.0,195.981588824892,-81.10140496077861,-3.339955915563792,-0.1484383024366025,-0.0118237310643962,90.86766993162972,-400.1716579884778,1000.0,-0.0058348658363911,-0.205250812670215,-0.205250812670215,873.0851762842751,-0.0039433393404806,-1000.0,999.692104064298,804.018411175108,948.84012094859,-7.697122358795923,-0.3420846877836538,-0.0272484748425085,6.849659301140832,-500.34212412117705,-999.692104064298,-0.0134467871508832, Neutralism,Healthy
SRR13077681.bin.12.fbc2XSRR13077681.bin.19.fbc2 ,-0.09385183937502,-0.09385183937502,638.6651096164549,-0.0018031093059107,-1000.0,999.8592132253908,-318.59689026531214,1000.0,-3.519543147575291,-0.156419732291738,-0.0124594853041344,-21.08986965509439,-221.7025805669873,-999.8592132253908,-0.006148602733333,-0.1310996029149009,-0.1310996029149009,361.33489038354514,-0.002518724359561,1000.0,-0.4868731286334196,686.7501231351571,-364.3476210354311,-4.916373639149242,-0.2184993381915774,-0.0174043853245393,-22.85797768233488,-750.1459717427753,0.4868731286334196,-0.0085888500660757, Competition,Healthy
SRR13077681.bin.31.fbc2XSRR13077681.bin.27.fbc2 ,-0.088958185311867,-0.088958185311867,3.1837068782796223,-0.0017090909761918,1000.0,-1000.0,585.2856732145951,-14.483925867524476,-3.33602594919671,-0.1482636421864072,-0.0118098186455881,26.75476447930396,-400.5033631834049,1000.0,-0.0058280002289166,-0.1275032670465634,-0.1275032670465634,996.8162931217204,-0.002449630490787,-602.1998206213602,1000.0,414.71432678540486,-916.1665095467072,-4.781507243923215,-0.2125054450775678,-0.0169269466914556,973.245235520696,-599.4966368165951,-1000.0,-0.0083532399736441, Neutralism,Healthy
SRR13077681.bin.18.fbc2XSRR13077681.bin.20.fbc2 ,-0.0857178541742769,-0.0857178541742769,985.4632254016792,-0.0016468367756488,-1000.0,1000.0,398.8727213738316,-271.5643439186158,-3.2145101075594766,-0.1428630902905752,-0.0113796421200049,993.7495327290864,-500.03398247686624,-1000.0,-0.0056157134050636,-0.0849620764712426,-0.0849620764712426,14.536774598320903,-0.0016323165508538,1000.0,-1000.0,601.1272786261684,-34.41946751646822,-3.186167645079877,-0.1416034607852907,-0.0112793073662942,-15.024967832345965,-253.24346399641013,1000.0,-0.0055661994383626, Neutralism,Healthy
SRR13077681.bin.22.fbc2XSRR13077681.bin.27.fbc2 ,-0.0872127152978237,-0.0872127152978237,0.207534426836105,-0.0016755564898858,-0.243341069023927,1000.0,603.6919383528707,-533.9342106036995,-3.270568979273321,-0.1453545254962591,-0.0115780953450439,15.592879494820068,-499.4132620061595,-1000.0,-0.0057136476305004,-0.1277567862744035,-0.1277567862744035,999.792465573164,-0.0024545011772261,2.160213525798781,0.0,396.3080616471293,-466.0657893963005,-4.791014482855076,-0.212927977123968,-0.0169606031346347,973.2788456767644,-500.5867379938405,0.0,-0.0083698490143433, Neutralism,Healthy
SRR13077681.bin.6.fbc2XSRR13077681.bin.31.fbc2 ,-0.1334775064202631,-0.1334775064202631,995.5503586908198,-0.0025644093452683,-1000.0,999.7997709183228,818.2086200873891,-984.2368276107084,-5.005547533273443,-0.2224625107004385,-0.017720068575727,974.4759012854316,452.2958802012861,-999.7997709183228,-0.0087446358672877,-0.0890629814620069,-0.0890629814620069,4.449641309180038,-0.0017111043508748,1000.0,-1000.0,181.7913799126109,-15.763172389291526,-3.339955915563792,-0.1484383024366025,-0.0118237310643962,25.52409871456825,-400.50395616451794,1000.0,-0.0058348658363911, Neutralism,Healthy
SRR13077681.bin.14.fbc2XSRR13077681.bin.27.fbc2 ,0.0,0.0,0.0,0.0,-1000.0,1000.0,-1000.0,0.0,0.0,0.0,0.0,0.0,0.0,-1000.0,0.0,-0.1277744646746441,-0.1277744646746441,1000.0,-0.002454840819837,0.0,0.0,0.0,-116.8966387520926,-4.791677441542674,-0.2129574411243311,-0.0169629500653627,1000.0,-828.8867690065539,0.0,-0.0083710071958194, Amensalism,Healthy
SRR13077681.bin.23.fbc2XSRR13077681.bin.9.fbc2 ,-0.0945113727067337,-0.0945113727067337,218.838485481042,-0.0018157804554448,-1000.0,1000.0,157.22913698105958,-303.68977460457563,-3.54427634442618,-0.157518954511147,-0.0125470429471761,391.2311235034792,-383.1884348863672,-1000.0,-0.0061918113531191,-0.0877393614696302,-0.0877393614696302,781.161514518958,-0.0016856745719451,0.0,0.0,842.7708630189404,-696.3102253954244,-3.2903187672142167,-0.1462322691161262,-0.0116480112920953,0.5837491042641432,-16.05685233752581,0.0,-0.0057481502902874, Amensalism,Healthy
SRR13077681.bin.12.fbc2XSRR13077681.bin.21.fbc2 ,-0.1750570324751379,-0.1750570324751379,999.996805851304,-0.0033632475019658,-1000.0,999.7373976350498,-726.704408184765,1000.0,-6.564823696429698,-0.2917617207918965,-0.0232400402383063,-39.33785444902401,-325.6188828584868,-999.7373976350498,-0.0114686739815397,-0.0166255439628457,-0.0166255439628457,0.0031941486960249,-0.0003194148696366,1000.0,-802.4371087328448,-273.29559181523496,-1000.0,-0.6234754664258162,-0.0277092399380762,-0.0022071567489092,1000.0,-49.39701103085508,802.4371087328448,-0.0010892047052948, Amensalism,Healthy
SRR13077681.bin.26.fbc2XSRR13077681.bin.1.fbc2 ,-0.1085638880840633,-0.1085638880840633,416.8846510422027,-0.0020857615386375,0.0,991.093807254242,-1000.0,1000.0,-4.07126052003548,-0.180939813473401,-0.0144126122316947,967.2674239854562,-711.7849911203984,-991.093807254242,-0.0071124468465768,-0.0856004384233983,-0.0856004384233983,583.1153489577973,-0.0016445809495735,1000.0,-1000.0,673.4329772922604,-596.5410828890494,-3.21010689282798,-0.1426673973722927,-0.0113640543612518,-3.268922589519889,-288.2150088796016,1000.0,-0.005608021037915, Amensalism,Healthy
SRR13077681.bin.18.fbc2XSRR13077681.bin.22.fbc2 ,-0.0857178541742769,-0.0857178541742769,673.411021432958,-0.0016468367756488,-52.518310989408064,1000.0,77.01396224002792,-625.07829432426,-3.2145101075594766,-0.1428630902905752,-0.0113796421200049,828.4278236099549,-736.906240952519,-1000.0,-0.0056157134050636,-0.0874141009508093,-0.0874141009508093,326.588978567042,-0.0016794255706145,1000.0,-947.9647620911458,-705.6148828499616,-220.5805855929683,-3.278121154063001,-0.1456901682513489,-0.0116048306930451,171.57217639004512,-262.48169237192656,947.9647620911458,-0.0057268411958375, Neutralism,Healthy
SRR13077681.bin.16.fbc2XSRR13077681.bin.18.fbc2 ,-0.0860205763367503,-0.0860205763367503,994.608798787766,-0.0016526527634823,-1000.0,1000.0,-802.569393824702,-1000.0,-3.225862508528394,-0.1433676272278035,-0.0114198305952868,0.5240396647570833,-46.45598917669293,-1000.0,-0.005635545923269,-0.0857178541742769,-0.0857178541742769,5.391201212234137,-0.0016468367756488,999.8714149845546,-1000.0,1000.0,1000.0,-3.2145101075594766,-0.1428630902905752,-0.0113796421200049,-4.20256276786597,-500.0018362230049,1000.0,-0.0056157134050636, Neutralism,Healthy
SRR13077681.bin.12.fbc2XSRR13077681.bin.32.fbc2 ,-0.1008591948569801,-0.1008591948569801,486.3408570552647,-0.0019377366927528,999.8487015190312,-1000.0,351.4108490256868,1000.0,-3.782326382653764,-0.1680986580948911,-0.0133897605468291,-22.66452407555994,-629.7386790232007,1000.0,-0.006607682122194,-0.1172838606478308,-0.1172838606478308,513.6591429447353,-0.0022532922314439,-0.1759370574328613,0.0,-1000.0,-1000.0,-4.39826870536649,-0.1954731010797559,-0.0155702493194667,1000.0,43.627387514027305,0.0,-0.007683726509299, Competition,Healthy
SRR13077681.bin.9.fbc2XSRR13077681.bin.19.fbc2 ,-0.0656213766212658,-0.0656213766212658,502.37010496968105,-0.0012607373030277,-1000.0,1000.0,567.9274991728462,-513.0424794760008,-2.460870963850084,-0.1093689610354431,-0.0087116947637468,0.4365933280298577,-2.8999991618197782,-1000.0,-0.0042991142032633,-0.174343443682801,-0.174343443682801,497.62989503031895,-0.0033495378229417,1000.0,-1000.0,432.0725008271538,992.498425334863,-6.538063362685989,-0.2905724061380397,-0.0231453063563549,-30.39779264129129,-500.3559888798196,1000.0,-0.0114219239761723, Competition,Healthy
SRR13077681.bin.1.fbc2XSRR13077681.bin.27.fbc2 ,-0.0855992873534887,-0.0855992873534887,583.1005223407833,-0.0016445588348688,1000.0,-1000.0,673.4340505488567,-596.5260757360644,-3.2100637264903757,-0.1426654789223675,-0.0113639015487478,-3.293327740298423,-288.21253034155257,1000.0,-0.0056079456268207,-0.078104226612254,-0.078104226612254,416.8994776592167,-0.0015005615102836,-732.463962136181,1000.0,326.5659494511433,-403.4739242639356,-2.928991028841324,-0.1301737110203475,-0.010368880036367,531.8953830217276,-566.9125501458811,-1000.0,-0.0051169147501468, Amensalism,Healthy
SRR13077681.bin.16.fbc2XSRR13077681.bin.20.fbc2 ,-0.0834558046994971,-0.0834558046994971,964.9537494272196,-0.0016033776119002,0.0,0.0,-722.9069592940382,-970.1842077038827,-3.129680861998281,-0.1390930078324572,-0.0110793392982486,0.5084150069577618,-72.93746314307305,0.0,-0.0054675176565979,-0.0847694238691474,-0.0847694238691474,9.98758075010312,-0.0016286152520024,-1000.0,1000.0,1000.0,-29.815792296117134,-3.17894296893121,-0.1412823731152457,-0.0112537313916618,-10.493461219694607,-458.423016085841,-1000.0,-0.0055535780095397, Neutralism,Healthy
SRR13077681.bin.23.fbc2XSRR13077681.bin.14.fbc2 ,-0.1244295460128341,-0.1244295460128341,921.2258537503404,-0.0023905772528678,-1000.0,1000.0,1000.0,-556.4947013552444,-4.666239457230631,-0.207382576688019,-0.0165188888174725,988.3041486017884,-730.6008240371018,-1000.0,-0.0081518684323782,-0.0033531494493672,-0.0033531494493672,78.77414624965945,-6.442169933507103e-05,1000.0,-597.0454279832603,0.0,-443.5052986447556,-0.1257466475433375,-0.0055885824154984,-0.0004451539422234,-0.4151656412336706,-139.33246050082846,597.0454279832602,-0.0002196779946643, Amensalism,Healthy
SRR13077681.bin.12.fbc2XSRR13077681.bin.22.fbc2 ,-0.1761196008854995,-0.1761196008854995,999.8041522136698,-0.0033836618806617,-1000.0,999.7358036803624,-752.6999622577185,1000.0,-6.604671134610044,-0.2935326681424612,-0.0233811035949429,-39.57662898369381,-324.8348659574108,-999.7358036803624,-0.0115382870128541,-0.0823016089010479,-0.0823016089010479,0.195847786330205,-0.0015812028607342,1000.0,-472.17694272051176,-247.30003774228143,-462.0313254930884,-3.086397299948544,-0.137169348168527,-0.0109261117676169,184.31250419901767,-381.4594761309813,472.17694272051176,-0.005391901755047, Neutralism,Healthy
SRR13077681.bin.1.fbc2XSRR13077681.bin.20.fbc2 ,-0.0856004384233983,-0.0856004384233983,909.6370056029732,-0.0016445809495735,-1000.0,1000.0,673.4329772922599,-923.062739534225,-3.21010689282798,-0.1426673973722927,-0.0113640543612518,323.2527340556562,-451.4758372021895,-1000.0,-0.005608021037915,-0.0779692916296426,-0.0779692916296426,8.797467663599946,-0.001497969099546,0.0,0.0,326.5670227077401,-76.93726046577501,-2.9239308244114,-0.1299488193826619,-0.0103509664776311,-9.26276682529044,-203.14696882284272,0.0,-0.0051080746293337, Neutralism,Healthy
SRR13077681.bin.6.fbc2XSRR13077681.bin.32.fbc2 ,-0.0898461244006512,-0.0898461244006512,16.359140903268894,-0.0017261503246572,0.2345475096312839,759.2518148837819,304.95463840842103,-28.2512636887609,-3.369324603293535,-0.1497435406678278,-0.0119276987436478,-9.735159862751855,-460.02599353599976,-759.2518148837819,-0.0058861726072336,-0.1563549932928936,-0.1563549932928936,983.6408590967312,-0.003003938391771,999.7654524903688,-1000.0,409.6911662914204,-797.7598070694623,-5.863477465094661,-0.260591655488156,-0.0207572142873004,892.9656369812783,-539.9740064640002,1000.0,-0.0102434299160449, Amensalism,Healthy
SRR13077681.bin.1.fbc2XSRR13077681.bin.19.fbc2 ,-0.0855992873534887,-0.0855992873534887,583.1005223407831,-0.0016445588348688,-1000.0,1000.0,673.4340505488569,-596.5260757360636,-3.2100637264903757,-0.1426654789223675,-0.0113639015487478,-3.293327740298309,-288.21253034155257,-1000.0,-0.0056079456268207,-0.1672976846012943,-0.1672976846012943,416.8994776592169,-0.0032141726147756,999.749037402235,-1000.0,326.56594945114307,1000.0,-6.273839952042522,-0.2788294743354527,-0.022209932768419,-29.16932359745249,-500.2788616160617,1000.0,-0.0109603286165338, Amensalism,Healthy
SRR13077681.bin.23.fbc2XSRR13077681.bin.20.fbc2 ,-0.117430208099222,-0.117430208099222,990.0253585693248,-0.0022561039020274,-1000.0,1000.0,429.36892578740776,-870.8165054742544,-4.40375688943368,-0.1957170134986654,-0.0155896779627937,988.962056781536,-620.442592233361,-1000.0,-0.0076933143058113,-0.0845800220038199,-0.0845800220038199,9.974641430674978,-0.0016249764073563,0.0,0.0,570.6310742125922,-34.26469126951383,-3.171840198845075,-0.1409667033396999,-0.0112285869749939,-10.46063937459212,-248.7321141893672,0.0,-0.0055411695491329, Neutralism,Healthy
SRR13077681.bin.20.fbc2XSRR13077681.bin.14.fbc2 ,-0.0847706187673793,-0.0847706187673793,9.997118776144816,-0.0016286382087855,-1000.0,1000.0,589.6321486081551,-29.83500706039092,-3.1789877788780814,-0.141284364612261,-0.0112538900227718,-10.484211891628888,-253.23615501580423,-1000.0,-0.0055536562919087,-0.0421410802155151,-0.0421410802155151,990.0028812238552,-0.0008096269014004,1000.0,-544.6784336070616,-1000.0,-970.1649929396092,-1.5803350375593936,-0.0702351336924493,-0.0055945218883834,0.0,-596.2578244634597,544.6784336070616,-0.0027608277335957, Neutralism,Healthy
SRR13077681.bin.1.fbc2XSRR13077681.bin.22.fbc2 ,-0.0856004384233983,-0.0856004384233983,679.5129437872233,-0.0016445809495735,-1000.0,1000.0,674.8956511429687,-692.9386777184749,-3.21010689282798,-0.1426673973722927,-0.0113640543612518,648.4142085741305,-614.0565744614266,-1000.0,-0.005608021037915,-0.0874141009508093,-0.0874141009508093,320.4870562127767,-0.0016794255706145,1000.0,-459.1397191414173,-478.2007000024049,-235.55111983431868,-3.278121154063001,-0.1456901682513489,-0.0116048306930451,174.5090223481502,-385.94342553857336,459.1397191414173,-0.0057268411958375, Neutralism,Healthy
SRR13077681.bin.16.fbc2XSRR13077681.bin.26.fbc2 ,-0.0557731779888399,-0.0557731779888399,644.8747023847936,-0.0010715307970485,1000.0,-1000.0,-1000.0,-655.3103729636426,-2.0915531087770205,-0.0929552966481424,-0.0074042778079501,433.6585237330216,-0.0209162811593159,1000.0,-0.0036539200181096,-0.1049866768780702,-0.1049866768780702,355.1252976152064,-0.0020170350985608,-0.4485524250206936,1000.0,1000.0,57.02033583326215,-3.937111319857763,-0.1749777947967459,-0.0139377125308328,138.85032121914242,-614.3522933564823,-1000.0,-0.0068780896859834, Competition,Healthy
SRR13077681.bin.26.fbc2XSRR13077681.bin.23.fbc2 ,-0.1098110652275181,-0.1098110652275181,444.6497149910583,-0.0021097226748452,-0.6100947679782394,1000.0,-666.6666666666666,644.7676236630055,-4.118030980778144,-0.1830184420458636,-0.0145781836833975,448.1367581118607,-715.0756305651528,-1000.0,-0.0071941543213824,-0.1088450848328648,-0.1088450848328648,555.3502850089417,-0.0020911639737732,1000.0,-1000.0,961.5867904771512,-299.3579658649097,-4.081805695251546,-0.1814084747214792,-0.0144499430584801,551.8632418881393,-284.9243694348472,1000.0,-0.0071308691503872, Competition,Healthy
SRR13077681.bin.18.fbc2XSRR13077681.bin.14.fbc2 ,-0.0857178541742769,-0.0857178541742769,0.0,-0.0016468367756488,-0.2940855475609396,1000.0,262.510185475051,0.0,-3.2145101075594766,-0.1428630902905752,-0.0113796421200049,-4.202562767866425,-649.9676050679088,-1000.0,-0.0056157134050636,-0.0425666238095345,-0.0425666238095345,1000.0,-0.0008178025707366,999.9361459752728,-1000.0,-1000.0,-1000.0,-1.5962933720009005,-0.0709443730160046,-0.0056510157642151,685.5416834393181,-350.0323949320912,1000.0,-0.0027887067664096, Neutralism,Healthy
SRR13077681.bin.18.fbc2XSRR13077681.bin.9.fbc2 ,-0.0857178541742769,-0.0857178541742769,0.0,-0.0016468367756488,-1000.0,999.8714149845546,717.3488550922189,0.0,-3.2145101075594766,-0.1428630902905752,-0.0113796421200049,995.797437232134,-500.0018362230049,-999.8714149845548,-0.0056157134050636,-0.0877393614696302,-0.0877393614696302,1000.0,-0.0016856745719451,1000.0,-1000.0,282.65114490778114,-1000.0,-3.2903187672142167,-0.1462322691161262,-0.0116480112920953,0.5837491042641432,634.6863795013837,1000.0,-0.0057481502902874, Neutralism,Healthy
SRR13077681.bin.6.fbc2XSRR13077681.bin.1.fbc2 ,-0.1076929772154926,-0.1076929772154926,416.8846510422029,-0.0020690293413281,-596.201669749656,1000.0,325.10434885703125,-403.45891711095067,-4.038600442196525,-0.1794882953591923,-0.014296992748541,993.3404566396904,-365.7476484889581,-1000.0,-0.0070553900538925,-0.0856004384233983,-0.0856004384233983,583.1153489577971,-0.0016445809495735,1000.0,-1000.0,674.8956511429687,-596.5410828890493,-3.21010689282798,-0.1426673973722927,-0.0113640543612518,6.659543360309613,-293.1792418545164,1000.0,-0.005608021037915, Amensalism,Healthy
SRR13077681.bin.18.fbc2XSRR13077681.bin.19.fbc2 ,-0.0856194587208847,-0.0856194587208847,0.0,-0.0016449463730623,-601.5744428686961,1000.0,559.0274439528935,131.7648588646848,-3.210820174082187,-0.1426990978681033,-0.0113665794382313,457.9302481225641,-499.6474685286019,-1000.0,-0.0056092671322858,-0.2114945030690478,-0.2114945030690478,1000.0,-0.0040632949677501,999.6827379289216,-1000.0,440.97255604710654,868.2351411353152,-7.931267346313234,-0.3524908384484888,-0.0280773682268318,86.10673071869815,-500.3525314713981,1000.0,-0.0138558358398768, Neutralism,Healthy
SRR13077681.bin.21.fbc2XSRR13077681.bin.27.fbc2 ,-0.0569643565421529,-0.0569643565421529,0.01094416071885,-0.0010944160718509,-0.1589420461212967,1000.0,-931.9109314474832,-418.9402090023459,-2.1362235632130933,-0.0949405942368457,-0.0075624150567819,38.50336149744112,-500.0012257556628,-1000.0,-0.0037319588051332,-0.1276011644982873,-0.1276011644982873,999.9890558392811,-0.0024515113256029,999.808585995696,-1000.0,228.7639928479989,-517.2836258130678,-4.785178501810378,-0.2126686074972212,-0.016939943260013,961.4966385025588,-499.9987742443372,1000.0,-0.0083596536203458, Amensalism,Healthy
SRR13077681.bin.27.fbc2XSRR13077681.bin.19.fbc2 ,-0.0897483343359226,-0.0897483343359226,553.876972131633,-0.0017242715530301,-0.1346311228616059,0.0,145.02637671519733,-69.81305904903206,-3.3656573725322687,-0.1495805572264998,-0.0119147164315336,541.4476123696652,-499.71688707784045,0.0,-0.0058797659959282,-0.1698481742554349,-0.1698481742554349,446.123027868367,-0.0032631733766947,999.74521142275,-1000.0,157.18529397737666,992.9466344304716,-6.369486009115121,-0.2830802904258007,-0.0225485280327575,-29.614016291384477,-500.2831129221596,1000.0,-0.0111274212143825, Competition,Healthy
SRR13077681.bin.26.fbc2XSRR13077681.bin.12.fbc2 ,-0.0198857511181813,-0.0198857511181813,67.26504251912183,-0.0003820509340357,0.2557371809599544,600.6143596825698,-199.7631520498055,0.0,-0.7457366797329996,-0.0331429185303022,-0.0026399719544087,360.7038761865165,-335.90608833664726,-600.6143596825698,-0.0013027936851131,-0.1704805362315937,-0.1704805362315937,932.7349574808782,-0.0032753225020769,999.7442628190402,-1000.0,-800.2368479501945,1000.0,-6.39320025142365,-0.284134227052732,-0.0226324784891858,-38.30944935973548,-299.9546561805197,1000.0,-0.0111688497320301, Amensalism,Healthy
SRR13077681.bin.6.fbc2XSRR13077681.bin.20.fbc2 ,-0.1325784188094303,-0.1325784188094303,985.463225401679,-0.0025471358080721,-15.95580416813084,1000.0,399.6888796492508,-792.9217349719402,-4.971830797822236,-0.2209640313490126,-0.0176007084336333,-3.1531574474378203,-346.46988155810595,-1000.0,-0.0086857331054943,-0.0849620764712426,-0.0849620764712426,14.536774598321015,-0.0016323165508538,1000.0,-1000.0,600.3111203507492,-34.4194675164681,-3.186167645079877,-0.1416034607852907,-0.0112793073662942,-15.024967832346078,-253.24346399641013,1000.0,-0.0055661994383626, Neutralism,Healthy
SRR13077681.bin.12.fbc2XSRR13077681.bin.20.fbc2 ,-0.1752956576275437,-0.1752956576275437,990.0028812238552,-0.0033678320389753,-1000.0,999.7370396743986,-759.6491116809253,1000.0,-6.573772391795842,-0.2921594293792395,-0.0232717193891858,-39.39147698210331,-321.1988042682633,-999.7370396743984,-0.0114843072528856,-0.0847706187673793,-0.0847706187673793,9.997118776144816,-0.0016286382087855,1000.0,-1000.0,589.6321486081542,-29.835007060390357,-3.1789877788780814,-0.141284364612261,-0.0112538900227718,-10.484211891628888,-253.23615501580423,1000.0,-0.0055536562919087, Neutralism,Healthy
SRR13077681.bin.18.fbc2XSRR13077681.bin.12.fbc2 ,-0.0857178541742769,-0.0857178541742769,0.0,-0.0016468367756488,-166.03283314846328,1000.0,1000.0,0.0,-3.2145101075594766,-0.1428630902905752,-0.0113796421200049,152.9881786642609,-675.0924787070187,-1000.0,-0.0056157134050636,-0.1761360648179106,-0.1761360648179106,1000.0,-0.0033839781905271,999.735778982882,-1000.0,-752.561105212256,1000.0,-6.6052885494725615,-0.2935601080298511,-0.0233832892967029,-39.58032866812084,-324.9075212929813,1000.0,-0.011539365629801, Neutralism,Healthy
SRR13077681.bin.18.fbc2XSRR13077681.bin.26.fbc2 ,-0.0857178541742769,-0.0857178541742769,0.0,-0.0016468367756488,-150.97676767287896,1000.0,1000.0,0.0,-3.2145101075594766,-0.1428630902905752,-0.0113796421200049,616.4377003159707,-670.30278264896,-1000.0,-0.0056157134050636,-0.1259529074727652,-0.1259529074727652,1000.0,-0.0024198445239562,-0.3514340202164021,0.0,-1000.0,1000.0,-4.723367121676233,-0.2099215124545708,-0.0167211256606378,383.5622996840293,-329.69721735104,0.0,-0.0082516698267909, Neutralism,Healthy
SRR13077681.bin.1.fbc2XSRR13077681.bin.9.fbc2 ,-0.0855992873534887,-0.0855992873534887,583.1005223407828,-0.0016445588348688,0.0,0.0,673.4340505488565,-596.5260757360638,-3.2100637264903757,-0.1426654789223675,-0.0113639015487478,-3.2933277402986505,-288.21253034155257,0.0,-0.0056079456268207,-0.0496534322570596,-0.0496534322570596,416.8994776592172,-0.0009539564314309,-1000.0,1000.0,326.5659494511435,-403.47392426393617,-1.8620561772438575,-0.0827557204283948,-0.00659183894129,0.3303551122118051,102.76869280531788,-1000.0,-0.0032529914312817, Amensalism,Healthy
SRR13077681.bin.26.fbc2XSRR13077681.bin.19.fbc2 ,0.0,0.0,0.0,0.0,-1000.0,1000.0,-19.95162479423152,92.77748501735186,0.0,0.0,0.0,1000.0,-23.19437125433797,-1000.0,0.0,-0.2181878686794789,-0.2181878686794789,1000.0,-0.0041918898881476,1000.0,-916.610608697853,812.9900574722567,907.222514982648,-8.182275629423884,-0.3636464477990557,-0.0289659591272766,-38.04232295095619,-521.2928618828519,916.610608697853,-0.0142943445187029, Amensalism,Healthy
SRR13077681.bin.23.fbc2XSRR13077681.bin.31.fbc2 ,-0.1253084736017626,-0.1253084736017626,993.5462172631326,-0.0024074634698081,-1000.0,1000.0,1000.0,-878.3648840047621,-4.699200170555741,-0.2088474560028999,-0.0166355725760922,978.9176458480326,-598.8639892659459,-1000.0,-0.0082094504318774,-0.0890629814620069,-0.0890629814620069,6.453782736867424,-0.0017111043508748,1000.0,-1000.0,-143.23696642689924,-16.225624957288915,-3.339955915563792,-0.1484383024366025,-0.0118237310643962,21.082354151967365,-401.1360107340541,1000.0,-0.0058348658363911, Neutralism,Healthy
SRR13077681.bin.6.fbc2XSRR13077681.bin.27.fbc2 ,-0.0898461244006512,-0.0898461244006512,16.359140903268894,-0.0017261503246572,1000.0,-0.2506888116563459,-1000.0,-856.0866042760146,-3.369324603293535,-0.1497435406678278,-0.0119276987436478,47.468933339050864,98.05437965305124,0.2506888116563459,-0.0058861726072336,-0.1263809443603349,-0.1263809443603349,983.6408590967312,-0.0024280680953552,0.0,504.6215089525824,0.0,-143.91339572398545,-4.739418957256476,-0.2106349072671491,-0.0167779505385397,952.5310666609493,-1000.0,-504.6215089525824,-0.0082797122049669, Amensalism,Healthy
SRR13077681.bin.16.fbc2XSRR13077681.bin.31.fbc2 ,-0.0563142117209736,-0.0563142117209736,651.1303790301668,-0.0010819252972851,-1000.0,1000.0,-583.8421383437778,-658.1045244696361,-2.111842445429147,-0.0938570195349939,-0.0074761038039241,4.651435168784815,-0.1360468427067189,-1000.0,-0.0036893652635399,-0.0890611415716193,-0.0890611415716193,348.86962096983325,-0.00171106900234,1000.0,-1000.0,340.9571301957212,-160.28526091677372,-3.3398869177310644,-0.148435235952661,-0.011823486806179,215.2700296619471,-400.1752596647024,1000.0,-0.0058347452979887, Amensalism,Healthy
SRR13077681.bin.21.fbc2XSRR13077681.bin.31.fbc2 ,-0.0840929271207642,-0.0840929271207642,135.318414989722,-0.0016156181964106,-0.4831399155326608,1000.0,-1000.0,-986.139068021235,-3.1535736260295835,-0.1401548785346449,-0.0111639217368519,975.3341513020524,-599.4960438354818,-1000.0,-0.005509258049642,-0.0890629814620069,-0.0890629814620069,15.63600881761738,-0.0017111043508748,1000.0,-1000.0,845.6314519185835,-13.860931978765052,-3.339955915563792,-0.1484383024366025,-0.0118237310643962,24.66584869794769,-400.5039561645182,1000.0,-0.0058348658363911, Neutralism,Healthy
SRR13077681.bin.26.fbc2XSRR13077681.bin.31.fbc2 ,-0.1257254026151031,-0.1257254026151031,995.5503586908198,-0.0024154736333912,-0.5993029206440497,1000.0,-1000.0,-475.77086324443553,-4.714835449117231,-0.2095423376919143,-0.0166909228063332,974.6781367086588,-433.0703057361236,-1000.0,-0.0082367650896912,-0.0890629814620069,-0.0890629814620069,4.449641309180265,-0.0017111043508748,1000.0,-1000.0,854.676872544765,-15.76317238929164,-3.339955915563792,-0.1484383024366025,-0.0118237310643962,25.32186329134106,-400.1699605729618,1000.0,-0.0058348658363911, Neutralism,Healthy
SRR13077681.bin.26.fbc2XSRR13077681.bin.9.fbc2 ,-0.1049866768780702,-0.1049866768780702,355.12529761520955,-0.0020170350985608,-0.5107108217033556,1000.0,128.1322298241771,1000.0,-3.937111319857763,-0.1749777947967459,-0.0139377125308328,-62.20838799106264,-750.0866927848451,-1000.0,-0.0068780896859834,-0.0780505624641136,-0.0780505624641136,644.8747023847905,-0.0014995304987905,1000.0,-1000.0,722.8491636760766,-657.5685054705285,-2.9269785665812837,-0.1300842707735228,-0.0103617557468851,0.5192874117448127,-3.4492809718353783,1000.0,-0.0051133990010612, Competition,Healthy
SRR13077681.bin.20.fbc2XSRR13077681.bin.31.fbc2 ,-0.0849620764712426,-0.0849620764712426,14.536774598321244,-0.0016323165508538,-1000.0,1000.0,601.1272786261688,-34.41946751646822,-3.186167645079877,-0.1416034607852907,-0.0112793073662942,-15.024967832346192,-253.24346399641013,-1000.0,-0.0055661994383626,-0.0890629814620069,-0.0890629814620069,399.0536748794966,-0.0017111043508748,1000.0,-1000.0,-0.1323710325825686,-291.4622092793784,-3.339955915563792,-0.1484383024366025,-0.0118237310643962,573.9965604977374,-404.6591754480163,1000.0,-0.0058348658363911, Neutralism,Healthy
SRR13077681.bin.22.fbc2XSRR13077681.bin.19.fbc2 ,-0.0790577597646233,-0.0790577597646233,0.1881286094995857,-0.0015188810713198,-768.8737220925741,1000.0,-172.85584769761044,-422.9842247914962,-2.9647495296342186,-0.1317629329411147,-0.010495468203203,295.2904738116597,-307.3048420721891,-1000.0,-0.0051793844534131,-0.2181714497273787,-0.2181714497273787,999.8118713905004,-0.0041915744424159,999.6727218675368,-1000.0,1000.0,1000.0,-8.18165990136913,-0.3636190828789267,-0.0289637793970314,-38.03946021122863,-500.3636609986233,1000.0,-0.0142932688486325, Neutralism,Healthy
SRR13077681.bin.6.fbc2XSRR13077681.bin.12.fbc2 ,-0.0898461244006512,-0.0898461244006512,16.359140903268894,-0.0017261503246572,-439.05601385915134,1000.0,705.582920545444,-570.2966483531493,-3.369324603293535,-0.1497435406678278,-0.0119276987436478,990.2648401372484,-426.13373750600704,-1000.0,-0.0058861726072336,-0.1747608346189508,-0.1747608346189508,983.6408590967312,-0.0033575568610331,999.7378419602873,-1000.0,-764.1598167151067,1000.0,-6.553715963839863,-0.2912680576982893,-0.0232007179100719,-39.27129449431936,-318.8386302718518,1000.0,-0.0114492688962855, Amensalism,Healthy
SRR13077681.bin.16.fbc2XSRR13077681.bin.6.fbc2 ,-0.0839364024842552,-0.0839364024842552,970.5106383225184,-0.0016126109987908,-1000.0,1000.0,-780.9214977638557,-975.7712172920463,-3.1477037867634863,-0.1398940041403875,-0.0111431420012877,0.5113428215893236,-46.43172541435479,-1000.0,-0.0054990035057471,-0.0904311885517472,-0.0904311885517472,29.48936167748161,-0.001737390750236,1000.0,-266.2003372708828,432.9190150478348,-24.228782707953656,-3.39126512718326,-0.1507186475863591,-0.0120053700843527,141.42751875552403,-491.1182584718282,266.2003372708828,-0.0059245024584697, Amensalism,Healthy
SRR13077681.bin.26.fbc2XSRR13077681.bin.22.fbc2 ,-0.1259474393160644,-0.1259474393160644,999.8118713905004,-0.0024197394681095,-616.135144814664,1000.0,-20.49506055234633,170.8322642978735,-4.723162060024947,-0.2099123988601832,-0.0167203997248179,704.709526188341,-596.5859426662391,-1000.0,-0.0082513115862639,-0.0790577597646233,-0.0790577597646233,0.188128609499472,-0.0015188810713198,1000.0,-384.4368610462869,-979.5049394476536,-424.11670251830697,-2.9647495296342186,-0.1317629329411147,-0.010495468203203,295.290473811659,-403.41405733376087,384.4368610462871,-0.0051793844534131, Neutralism,Healthy
SRR13077681.bin.9.fbc2XSRR13077681.bin.20.fbc2 ,-0.0877393614696302,-0.0877393614696302,985.463225401679,-0.0016856745719451,0.0,0.0,398.8727213738316,-965.5805324835318,-3.2903187672142167,-0.1462322691161262,-0.0116480112920953,0.5837491042641432,-174.04627820664666,0.0,-0.0057481502902874,-0.0849620764712426,-0.0849620764712426,14.536774598321015,-0.0016323165508538,-1000.0,1000.0,601.1272786261684,-34.41946751646822,-3.186167645079877,-0.1416034607852907,-0.0112793073662942,-15.024967832345965,-253.24346399641013,-1000.0,-0.0055661994383626, Neutralism,Healthy
SRR13077681.bin.1.fbc2XSRR13077681.bin.31.fbc2 ,-0.0856004384233983,-0.0856004384233983,583.1153489577973,-0.0016445809495735,-1000.0,1000.0,673.4329772922604,-596.5410828890505,-3.21010689282798,-0.1426673973722927,-0.0113640543612518,-3.268922589519889,-288.2150088796016,-1000.0,-0.005608021037915,-0.0890629814620069,-0.0890629814620069,416.8846510422027,-0.0017111043508748,1000.0,-1000.0,-258.6487603225144,-194.37726659203395,-3.339955915563792,-0.1484383024366025,-0.0118237310643962,261.1037557408308,-400.1699605729618,1000.0,-0.0058348658363911, Neutralism,Healthy
SRR13077681.bin.23.fbc2XSRR13077681.bin.32.fbc2 ,-0.0854395691836771,-0.0854395691836771,5.860235211440568,-0.0016414902820542,1000.0,-1000.0,109.624696063712,-19.09317478025457,-3.2040741263524524,-0.1423992819727573,-0.0113426978493862,2.245378141990045,-285.0942291751228,1000.0,-0.0055974818619688,-0.1571825404375886,-0.1571825404375886,994.1397647885594,-0.0030198374723795,-0.2357889098436771,0.0,-1000.0,203.9342998280731,-5.89451135746981,-0.2619709007292385,-0.0208670769342234,891.7952180374978,-568.3500870352043,0.0,-0.0102976457808381, Amensalism,Healthy
SRR13077681.bin.26.fbc2XSRR13077681.bin.14.fbc2 ,-0.1098110652275181,-0.1098110652275181,444.6497149910606,-0.0021097226748452,-518.8461526547026,1000.0,879.2613305237705,1000.0,-4.118030980778144,-0.1830184420458636,-0.0145781836833975,-16.29148946768794,-987.638440464056,-1000.0,-0.0071941543213824,-0.023639386664513,-0.023639386664513,555.3502850089394,-0.0004541668907904,999.9645386491688,-1000.0,-55.954455694067065,-1000.0,-0.8865019790986253,-0.0393989777742262,-0.0031382932152155,905.9617838890384,-12.361559535944023,1000.0,-0.0015487090975057, Competition,Healthy
SRR13077681.bin.6.fbc2XSRR13077681.bin.14.fbc2 ,-0.1336757761721401,-0.1336757761721401,1000.0,-0.0025682185623736,-1000.0,999.799473494649,1000.0,-330.41701243448995,-5.012982858476562,-0.222792960286938,-0.0177463902660974,900.3621213855131,155.6357219272645,-999.799473494649,-0.0087576252977896,0.0,0.0,0.0,0.0,1000.0,-1000.0,0.0,0.0,0.0,0.0,0.0,0.0,0.0,1000.0,0.0, Amensalism,Healthy
SRR13077681.bin.23.fbc2XSRR13077681.bin.19.fbc2 ,-0.0849440651082886,-0.0849440651082886,0.0267806360889153,-0.0016319705111982,-1000.0,1000.0,0.0,-432.3521575357722,-3.1854921999398584,-0.1415734418471856,-0.0112769162324184,422.9887185678722,-285.0978251733825,-1000.0,-0.0055650194432246,-0.2181855313955338,-0.2181855313955338,999.9732193639112,-0.004191844983552,999.6727007436818,-1000.0,1000.0,1000.0,-8.182187978805473,-0.363642552325814,-0.0289656488365608,-38.04191543191337,-500.3636844707757,1000.0,-0.0142941913940148, Amensalism,Healthy
SRR13077685.bin.41.fbc2XSRR13077685.bin.38.fbc2 ,-0.0873403918383246,-0.0873403918383246,19.7949977030346,-0.0016780094493924,-1000.0,1000.0,1000.0,-29.33677410084488,-3.2753569844566077,-0.1455673197305032,-0.0115950452949391,11.428914822418278,-503.4504632309251,-1000.0,-0.0057220122222361,-0.0874989348660619,-0.0874989348660619,980.2050022969654,-0.0016810554249104,1000.0,-134.4720277131454,0.0,-970.6632258991552,-3.281302515524885,-0.1458315581101033,-0.0116160929860598,988.5710851775816,-496.5495367690749,134.4720277131455,-0.0057323989989299, Neutralism,Healthy
SRR13077685.bin.18.fbc2XSRR13077685.bin.27.fbc2 ,-0.0866529511619091,-0.0866529511619091,1000.0,-0.0016648021356786,-1000.0,1000.0,105.42260745903992,40.75274142326021,-3.2495772326886936,-0.1444215852698107,-0.0115037827574724,-11.272133864348008,-481.3785513256546,-1000.0,-0.0056769752826539,0.0,0.0,0.0,0.0,0.0,0.0,0.0,0.0,0.0,0.0,0.0,0.0,0.0,0.0,0.0, Amensalism,Healthy
SRR13077685.bin.15.fbc2XSRR13077685.bin.21.fbc2 ,-0.1358413470389905,-0.1358413470389905,998.5779007872102,-0.0026098241505678,-0.3790247613924293,1000.0,-909.6943096480926,-1000.0,-5.094194054291165,-0.22640224506506,-0.0180338848806513,1000.0,-588.6092193297038,-1000.0,-0.0088995003535501,-0.0901927207906965,-0.0901927207906965,1.4220992127899308,-0.0017328092370689,999.8647022547676,-1000.0,1000.0,0.0,-3.3823223341591984,-0.1503212013178654,-0.0119737118283183,-828.8046185912193,-231.3600306856324,1000.0,-0.00590887949852, Neutralism,Healthy
SRR13077685.bin.42.fbc2XSRR13077685.bin.27.fbc2 ,-0.1625968360998513,-0.1625968360998513,30.57710818356281,-0.0031238585225992,0.0,0.0,1000.0,194.96151116110127,-6.097553165963404,-0.2709947268331234,-0.0215858623910207,864.303740511318,-165.91652503845685,0.0,-0.0106523575619803,-0.0135622669026815,-0.0135622669026815,162.1867157701222,-0.0002605622844384,-1000.0,1000.0,-144.21124031613806,-163.75441937024038,-0.5085993397750599,-0.0226037781710601,-0.0018004853851607,1.642037460015672,-0.1677832203833986,-1000.0,-0.0008885173897397, Amensalism,Healthy
SRR13077685.bin.44.fbc2XSRR13077685.bin.42.fbc2 ,-0.1795296480148636,-0.1795296480148636,969.4243582317196,-0.0034491767149802,-1000.0,1000.0,0.0,250.216415821008,-6.732551505277456,-0.2992160800248484,-0.0238338111005305,135.69355951764192,-172.73456855084464,-1000.0,-0.0117616925980428,-0.162597344030928,-0.162597344030928,30.575641768280548,-0.0031238682811363,1000.0,-1000.0,1000.0,33.50989514954813,-6.097572213916351,-0.2709955733848801,-0.0215859298223222,864.3064404823581,-501.0989339081001,1000.0,-0.0106523908385725, Amensalism,Healthy
SRR13077685.bin.18.fbc2XSRR13077685.bin.42.fbc2 ,-0.0786952839559944,-0.0786952839559944,916.6528975281412,-0.0015119170789148,0.0,0.0,79.58595430714786,24.09412979709168,-2.95115630378848,-0.1311588065932483,-0.0104473470150878,0.7693541247613211,-438.1797908278261,0.0,-0.0051556372389995,-0.1604517812631911,-0.1604517812631911,83.34710247185876,-0.003082647094402,-1000.0,1000.0,920.414045692852,-24.787938046727504,-6.017111342958401,-0.267419635438614,-0.0213010914222877,999.2306458752388,-503.03680813209934,-1000.0,-0.0105118265918235, Neutralism,Healthy
SRR13077685.bin.26.fbc2XSRR13077685.bin.27.fbc2 ,-0.0810459813558281,-0.0810459813558281,15.94908616192265,-0.0015570793727874,-1000.0,999.773865362684,1000.0,-19.97181629242266,-3.03930994020709,-0.1350766355930091,-0.0107594184662502,43.88037819724423,-494.8228875543375,-999.773865362684,-0.0053096406613803,-0.0812052518223254,-0.0812052518223254,970.2930658812318,-0.0015601393241695,1000.0,-1000.0,-865.4501944203035,-980.0281837075772,-3.045282751001082,-0.1353420863705423,-0.0107805627299057,10.75615323581144,-1.120155518269371,1000.0,-0.0053200750953692, Neutralism,Healthy
SRR13077685.bin.5.fbc2XSRR13077685.bin.29.fbc2 ,-0.1606036563465522,-0.1606036563465522,994.438275948734,-0.0030855649633849,-1000.0,999.7590790876554,-477.07943902795125,187.917842858722,-6.02280681906791,-0.2676727605775113,-0.0213212538973266,1000.0,-0.2677036162272088,-999.7590790876554,-0.0105217765252518,-0.0890586263989234,-0.0890586263989234,5.561724051265969,-0.0017110206800907,1000.0,-0.2484915333700428,1000.0,-46.52586216655254,-3.339792596096004,-0.14843104399813,-0.0118231528994101,-22.00240846008569,-249.97042072999284,0.2484915333700428,-0.0058345805191493, Neutralism,Healthy
SRR13077685.bin.29.fbc2XSRR13077685.bin.42.fbc2 ,-0.0890856398826827,-0.0890856398826827,11.444381165019422,-0.0017115396711915,-0.7100777963447626,1000.0,0.0,-978.774072704473,-3.3408056302808973,-0.148476066471062,-0.0118267391275139,-23.518061236321955,-749.8482563383611,-1000.0,-0.0058363502786278,-0.1654041301355846,-0.1654041301355846,65.60729399482648,-0.003177793086138,1000.0,-1000.0,1000.0,15.15238574132752,-6.202829658703536,-0.2756735502259744,-0.0219585502254631,1000.0,-250.15174366163887,1000.0,-0.0108362744239229, Neutralism,Healthy
SRR13077685.bin.15.fbc2XSRR13077685.bin.3.fbc2 ,-0.1023271450977745,-0.1023271450977745,975.6633667194068,-0.0019659393871052,-0.285513377186362,1000.0,-139.8439849927572,-956.500958998291,-3.837376067832679,-0.1705452418295863,-0.0135846411648117,405.7221687877748,-361.9902120861883,-1000.0,-0.0067038533100003,-0.1694332253362063,-0.1694332253362063,24.336633280593333,-0.0032552012552287,-0.2541661140104452,0.0,-419.3601555459594,1000.0,-6.353924986174661,-0.2823887088935635,-0.0224934406738839,594.2778312122252,-638.0097879138117,0.0,-0.0111002362804129, Competition,Healthy
SRR13077685.bin.15.fbc2XSRR13077685.bin.18.fbc2 ,-0.1113662804696105,-0.1113662804696105,403.698855120791,-0.0021396019302528,0.0,999.6892656116696,-877.0886307769938,-1000.0,-4.176353195714455,-0.1856104674492371,-0.0147846493380257,881.0998232369793,-375.6514071566695,-999.6892656116696,-0.0072960425821975,-0.0516712539849777,-0.0516712539849777,596.301144879209,-0.0009927234194719,1000.0,-1000.0,61.609643082166485,15.67822987268562,-1.937726624225661,-0.0861187566416674,-0.006859718828764,-5.467607886731912,-286.4195920548776,1000.0,-0.0033851868604415, Competition,Healthy
SRR13077685.bin.5.fbc2XSRR13077685.bin.27.fbc2 ,-0.1483073462517268,-0.1483073462517268,716.6055611829809,-0.002849324615795,-1000.0,999.7775247339991,-750.2546190316749,327.9262370387405,-5.561682197294431,-0.2471789104196204,-0.0196888330950741,997.10887795594,-49.92143292423543,-999.7775247339991,-0.0097161969398484,-0.0238846079505492,-0.0238846079505492,283.39443881701914,-0.0004588781546317,1000.0,-1000.0,-249.7453809683251,-290.38279212849966,-0.8956980364456513,-0.0398076799176578,-0.0031708480487395,2.891122044060125,-0.2953989880844574,1000.0,-0.0015647745074147, Amensalism,Healthy
SRR13077685.bin.2.fbc2XSRR13077685.bin.36.fbc2 ,-0.1125525581829833,-0.1125525581829833,0.0124770078907658,-0.0021623930487066,1000.0,-55.39378793331253,-776.1037492934623,437.4626394370525,-4.220839863480933,-0.1875875969717526,-0.0149421359662937,-3.4615371683726157,-999.8360446581185,55.39378793331253,-0.0073737602959909,-0.0983618665852645,-0.0983618665852645,999.9875229921092,-0.0018897572831519,-1000.0,999.8524477513356,-223.89625070653767,-1000.0,-3.6886739335960783,-0.1639364443086606,-0.0130582228262028,987.143206402603,-0.1639553418815467,-999.8524477513356,-0.0064440723353982, Amensalism,Healthy
SRR13077685.bin.26.fbc2XSRR13077685.bin.18.fbc2 ,-0.0768010682672866,-0.0768010682672866,0.0,-0.0014755248466826,-1000.0,999.7857095265236,896.6803206546815,-905.488873893398,-2.880121213889879,-0.1280017804455155,-0.0101958766902043,1000.0,-490.4361877964733,-999.7857095265234,-0.0050315397270424,-0.0866529511619091,-0.0866529511619091,1000.0,-0.0016648021356786,1000.0,-1000.0,103.31967934531848,26.292469849041023,-3.2495772326886936,-0.1444215852698107,-0.0115037827574724,-9.16920575062693,-480.327087268794,1000.0,-0.0056769752826539, Amensalism,Healthy
SRR13077685.bin.20.fbc2XSRR13077685.bin.41.fbc2 ,-0.0897219947187295,-0.0897219947187295,955.5389579959308,-0.0017237655084727,0.0,0.0,131.0226726471933,-944.1920905406924,-3.3646696090539763,-0.1495366578644734,-0.0119112196639434,988.509361976052,-495.096885740721,0.0,-0.0058780403841183,-0.0877356383525693,-0.0877356383525693,44.46104200406921,-0.0016856030423468,-1000.0,1000.0,868.9773273528067,-33.62719354248486,-3.290179146388596,-0.1462260639209489,-0.0116475170224248,11.490638023948236,-504.903114259279,-1000.0,-0.0057479063742675, Neutralism,Healthy
SRR13077685.bin.44.fbc2XSRR13077685.bin.3.fbc2 ,-0.1776837984831445,-0.1776837984831445,972.2989070076706,-0.0034137137076868,-1000.0,1000.0,-97.83360268044612,254.51997435957924,-6.663330197371465,-0.2961396641385363,-0.0235887617199068,106.23497829920824,-170.55798557533308,-1000.0,-0.0116407637431166,-0.1929600521197016,-0.1929600521197016,27.70109299232945,-0.0037072056122724,0.0,-0.2894586142076605,1000.0,745.4800256404208,-7.2362058507992515,-0.3216000868662831,-0.0256167907809867,893.7650217007917,-500.0,0.2894586142076605,-0.0126415711379195, Amensalism,Healthy
SRR13077685.bin.2.fbc2XSRR13077685.bin.38.fbc2 ,-0.1183339476868923,-0.1183339476868923,0.0,-0.0022734668143584,-0.3301755854479324,1000.0,-192.17000070637172,462.7461749727033,-4.437648078932966,-0.1972232461448584,-0.0157096556871465,-3.6393429417423695,-1000.0,-1000.0,-0.0077525218368919,-0.0892659542248566,-0.0892659542248566,1000.0,-0.0017150039236639,999.866092493643,-1000.0,-807.8299992936282,-1000.0,-3.3475676086488875,-0.1487765903748368,-0.0118506771123065,829.3830291931113,130.3691282243476,1000.0,-0.0058481633795963, Neutralism,Healthy
SRR13077685.bin.15.fbc2XSRR13077685.bin.36.fbc2 ,-0.1213772200425182,-0.1213772200425182,529.8801764143063,-0.0023319350632391,-0.3386669292367514,1000.0,132.02494501671163,-1000.0,-4.551774008021312,-0.2022953667374167,-0.0161136712871439,1000.0,-496.686650795525,-1000.0,-0.0079518985656932,-0.0497396165262671,-0.0497396165262671,470.11982358569367,-0.0009556122291769,-0.0746142028506255,0.0,-709.0138103784411,0.0,-1.865288178409287,-0.0828993608771497,-0.0066032805033273,-13.063066274275345,-502.8171591856641,0.0,-0.0032586377013785, Competition,Healthy
SRR13077685.bin.38.fbc2XSRR13077685.bin.36.fbc2 ,-0.0010166720286406,-0.0010166720286406,11.389247305813116,-1.9532603801053483e-05,999.9984748942938,-1000.0,74.89950350446361,-73.20639508963666,-0.0381262753678584,-0.0016944533811056,-0.0001349702923789,47.791432944741246,-11.384105616431611,1000.0,-6.660617896159238e-05,-0.1461663012821645,-0.1461663012821645,988.6107526941868,-0.0028081902263465,-1000.0,999.7807365071258,-958.792758080943,-926.7936049103632,-5.4813907485432765,-0.243610502136903,-0.0194045944641629,952.2085670552588,-0.2436385840392176,-999.7807365071257,-0.009575928671893, Amensalism,Healthy
SRR13077685.bin.15.fbc2XSRR13077685.bin.27.fbc2 ,-0.1252505683439722,-0.1252505683439722,791.5228047865853,-0.0024063509767984,-0.3494743523649504,1000.0,431.421685421097,-787.1783841765192,-4.6970286622033655,-0.2087509472399915,-0.0166278852499317,999.1204309509856,-976.432156994162,-1000.0,-0.0082056568310235,-0.0174923083100111,-0.0174923083100111,208.4771952134147,-0.0003360674027135,1000.0,-1000.0,-181.5128574047092,-212.8216158234808,-0.6559800453312619,-0.0291538471832382,-0.0023222257525503,0.8795690490144352,-0.2937027459062165,1000.0,-0.0011459898431667, Amensalism,Healthy
SRR13077685.bin.44.fbc2XSRR13077685.bin.20.fbc2 ,-0.2053329825532728,-0.2053329825532728,961.1231407917712,-0.0039449180125075,-1000.0,1000.0,369.7952137665136,169.5588469169927,-7.700203816238627,-0.3422216375887501,-0.0272593834666849,559.376554242127,-222.5867915437767,-1000.0,-0.0134521704228518,-0.0897219947187295,-0.0897219947187295,38.87685920822878,-0.0017237655084727,1000.0,-1000.0,193.2587063585381,-460.4690546315833,-3.3646696090539763,-0.1495366578644734,-0.0119112196639434,440.623445757873,-500.18320179824593,1000.0,-0.0058780403841183, Neutralism,Healthy
SRR13077685.bin.41.fbc2XSRR13077685.bin.27.fbc2 ,-0.0874216482777683,-0.0874216482777683,23.220412368288063,-0.0016795705721506,0.0,0.0,76.15402049564409,0.0,-3.2784041867970477,-0.1457027471295759,-0.0116058326532311,13.205937388667849,-503.6581340985164,0.0,-0.0057273356508176,-0.0823221021397557,-0.0823221021397557,976.7795876317118,-0.0015815965829233,-1000.0,1000.0,-865.8279873506698,-1000.0,-3.087165818053336,-0.1372035035662975,-0.0109288323877763,11.634604046967295,-1.2268761012845744,-1000.0,-0.0053932443477151, Neutralism,Healthy
SRR13077685.bin.26.fbc2XSRR13077685.bin.2.fbc2 ,-0.0860273473416555,-0.0860273473416555,443.46412138166784,-0.0016527828499874,-1000.0,999.7599663466968,613.469893562472,-612.1248953545953,-3.226116428370688,-0.1433789122361304,-0.0114207294933521,151.8613106116859,-449.0362015896961,-999.7599663466968,-0.0056359895183959,-0.098560239661765,-0.098560239661765,556.5358786183322,-0.0018935684853431,1000.0,-0.2750029511255434,-1000.0,-387.8751046454047,-3.696113133583936,-0.1642670661029797,-0.013084558233686,-3.0312054956426664,-550.9637984103039,0.2750029511255434,-0.0064570685350417, Amensalism,Healthy
SRR13077685.bin.29.fbc2XSRR13077685.bin.38.fbc2 ,-0.0885688978272583,-0.0885688978272583,0.0321944965781995,-0.001701611869862,-291.16889038993475,1000.0,-531.6579503150721,-708.7385963759241,-3.3214272571765378,-0.1476148297122108,-0.011758138020923,-11.05898654222699,-677.2409928662164,-1000.0,-0.005802496476349,-0.0892630803524525,-0.0892630803524525,999.967805503422,-0.0017149487099459,999.866096804728,-1000.0,0.0,-291.2614036240759,-3.347459835394943,-0.148771800587383,-0.0118502955856456,-707.2479660922997,599.0617169151853,1000.0,-0.0058479751008917, Neutralism,Healthy
SRR13077685.bin.18.fbc2XSRR13077685.bin.29.fbc2 ,-0.0861710113592835,-0.0861710113592835,994.438275948734,-0.0016555429656364,1000.0,-1000.0,102.74873566054862,26.142546526300748,-3.2315039808372603,-0.1436183522655483,-0.0114398018922656,-9.121901019285929,-477.6574864854633,1000.0,-0.0056454015126519,-0.0890586263989234,-0.0890586263989234,5.561724051266083,-0.0017110206800907,0.0,998.8862932172858,-116.25255562902385,-1000.0,-3.339792596096004,-0.14843104399813,-0.0118231528994101,-15.234592775504323,-522.3425135145367,-998.8862932172858,-0.0058345805191493, Neutralism,Healthy
SRR13077685.bin.20.fbc2XSRR13077685.bin.29.fbc2 ,-0.0897219947187295,-0.0897219947187295,38.87685920822855,-0.0017237655084727,1000.0,-1000.0,24.9212828594641,-382.93694971982336,-3.3646696090539763,-0.1495366578644734,-0.0119112196639434,1000.0,-446.7473604491108,1000.0,-0.0058780403841183,-0.0890856398826827,-0.0890856398826827,274.1665616747257,-0.0017115396711915,0.0,999.751433093561,975.078717140536,-617.0630502801766,-3.3408056302808973,-0.148476066471062,-0.0118267391275139,-29.69930387402735,-553.2526395508892,-999.7514330935608,-0.0058363502786278, Neutralism,Healthy
SRR13077685.bin.41.fbc2XSRR13077685.bin.21.fbc2 ,-0.0877356383525693,-0.0877356383525693,44.46104200407353,-0.0016856030423468,-1000.0,1000.0,1000.0,-33.62719354248543,-3.290179146388596,-0.1462260639209489,-0.0116475170224248,11.490638023949373,-504.9031142592796,-1000.0,-0.0057479063742675,-0.0901927207906965,-0.0901927207906965,812.5586837215772,-0.0017328092370689,999.8647022547676,-1000.0,-1000.0,1000.0,-3.3823223341591984,-0.1503212013178654,-0.0119737118283183,988.5093619760504,-495.0968857407204,1000.0,-0.00590887949852, Neutralism,Healthy
SRR13077685.bin.5.fbc2XSRR13077685.bin.44.fbc2 ,-0.08332512000743,-0.08332512000743,45.4794927131793,-0.0016008668588938,-1000.0,999.8750043156548,-233.2940942759609,825.4026684458956,-3.124780047955824,-0.1388752000124213,-0.0110619899952553,442.8054043991458,-0.1388912086810023,-999.8750043156546,-0.0054589559889564,-0.2047821208723235,-0.2047821208723235,954.5205072868208,-0.0039343346949181,0.0,0.0,-292.83885746419,174.59733155410436,-7.679545921121758,-0.3413035347872437,-0.0271862527421262,557.1945956008542,-223.65039620804964,0.0,-0.0134160813097423, Amensalism,Healthy
SRR13077685.bin.46.fbc2XSRR13077685.bin.36.fbc2 ,-0.1144266010603587,-0.1144266010603587,883.4862401491719,-0.002198397714892,1000.0,-269.389150077251,1000.0,-349.99581197024065,-4.291118451635839,-0.1907110017672266,-0.015190928209904,-1.9015041034987237,-682.695625204082,269.3891500772511,-0.0074965362077819,-0.0543928357594722,-0.0543928357594722,116.51375985082814,-0.0010450112538364,-1000.0,999.9184055213044,-1000.0,-650.0041880297593,-2.0397888165998665,-0.090654726265825,-0.0072210277636486,1000.0,-0.0906651763783656,-999.9184055213044,-0.0035634883754482, Amensalism,Healthy
SRR13077685.bin.21.fbc2XSRR13077685.bin.27.fbc2 ,-0.0901927207906965,-0.0901927207906965,9.93350802373493,-0.0017328092370689,-1000.0,999.8647022547676,728.0589138114606,1000.0,-3.3823223341591984,-0.1503212013178654,-0.0119737118283183,989.0246490717036,-1.5887550367548329,-999.8647022547676,-0.00590887949852,-0.0828601188949278,-0.0828601188949278,990.0664919762652,-0.0015919331199256,1000.0,-1000.0,-883.0870466869536,-1000.0,-3.1073420148799187,-0.1381001981580993,-0.0110002578591092,10.97535092829628,-1.1429829640528624,1000.0,-0.005428491939142, Neutralism,Healthy
SRR13077685.bin.46.fbc2XSRR13077685.bin.42.fbc2 ,-0.1105952839303654,-0.1105952839303654,925.382013794863,-0.0021247893166673,-932.4565810141715,1000.0,150.2537663093417,-55.75891247795221,-4.147440010802825,-0.1843254732173136,-0.0146822941778737,96.2664909511284,-503.06862794403065,-1000.0,-0.0072455315696515,-0.1540940481673942,-0.1540940481673942,74.61798620513696,-0.0029605004450559,1000.0,-1000.0,849.7462336906583,-28.645932318607947,-5.778689633803879,-0.2568234136124374,-0.0204570580756353,903.7335090488716,-496.93137205596935,1000.0,-0.0100953065177691, Neutralism,Healthy
SRR13077685.bin.15.fbc2XSRR13077685.bin.46.fbc2 ,-0.1004071699622954,-0.1004071699622954,316.66062688538705,-0.0019290522567416,-0.2801562592436539,1000.0,-1000.0,-948.9058347742584,-3.765374971461711,-0.1673452832706061,-0.01332975109392,912.2173396271172,-359.9071374634709,-1000.0,-0.006578068195381,-0.0887907971051618,-0.0887907971051618,683.339373114613,-0.0017058750644309,1000.0,-423.73057321981287,896.2290329343136,-51.09416522574156,-3.329748714574293,-0.1479846618419742,-0.0117875966953988,-6.52133860767799,-546.2436726743975,423.73057321981287,-0.0058170339698335, Competition,Healthy
SRR13077685.bin.15.fbc2XSRR13077685.bin.38.fbc2 ,-0.0849511412438914,-0.0849511412438914,208.5781925980441,-0.0016321064599651,-0.2370308211882275,1000.0,-733.2995022037746,-862.1751737031838,-3.1857575625003847,-0.14158523540641,-0.0112778556386956,525.3696267835128,-337.9066276471688,-1000.0,-0.0055654830287039,-0.0706469016723758,-0.0706469016723758,791.4218074019559,-0.0013572891772355,999.8940228610454,-1000.0,2.6153155368266425,-137.82482629681624,-2.6493334636198824,-0.1177448361206643,-0.0093788682142985,474.6303732164872,-249.2575222061116,1000.0,-0.0046283560941446, Competition,Healthy
SRR13077685.bin.18.fbc2XSRR13077685.bin.38.fbc2 ,0.0,0.0,0.0,0.0,-1000.0,1000.0,0.0,0.0,0.0,0.0,0.0,0.0,0.0,-1000.0,0.0,-0.0892659542248566,-0.0892659542248566,1000.0,-0.0017150039236639,999.866092493643,-1000.0,-665.729249197019,-1000.0,-3.3475676086488875,-0.1487765903748368,-0.0118506771123065,1000.0,385.2662644592911,1000.0,-0.0058481633795963, Amensalism,Healthy
SRR13077685.bin.20.fbc2XSRR13077685.bin.21.fbc2 ,-0.0897219947187295,-0.0897219947187295,38.87685920822878,-0.0017237655084727,-1000.0,1000.0,128.69531153536423,-1000.0,-3.3646696090539763,-0.1495366578644734,-0.0119112196639434,1000.0,-498.6343747870611,-1000.0,-0.0058780403841183,-0.0901927207906965,-0.0901927207906965,961.1231407917712,-0.0017328092370689,999.8647022547676,-1000.0,-697.2857512019124,1000.0,-3.3823223341591984,-0.1503212013178654,-0.0119737118283183,0.0,0.0,1000.0,-0.00590887949852, Neutralism,Healthy
SRR13077685.bin.41.fbc2XSRR13077685.bin.46.fbc2 ,-0.0874213208462606,-0.0874213208462606,20.80730286877713,-0.0016795642814031,1000.0,-1000.0,75.66530577075628,-30.603592416849324,-3.2783919077691053,-0.1457022014103586,-0.0116057891843865,12.200283226991472,-503.6562476830636,1000.0,-0.0057273141994755,-0.1193063787297887,-0.1193063787297887,979.1926971312228,-0.0022921494472711,-975.9262481692932,1000.0,820.0963561773478,-64.50317266605134,-4.474115270585571,-0.19884396454961,-0.0158387526805654,138.40247213694693,-496.3437523169364,-1000.0,-0.0078162296151731, Neutralism,Healthy
SRR13077685.bin.41.fbc2XSRR13077685.bin.36.fbc2 ,-0.0872710370704226,-0.0872710370704226,19.01829105009142,-0.0016766769849709,1000.0,-1000.0,77.16609862588189,-28.688144941785826,-3.272756107373425,-0.1454517284506664,-0.0115858379665496,10.404085929731425,-503.3360565960629,1000.0,-0.0057174685189238,-0.145436074486156,-0.145436074486156,980.9817089499086,-0.0027941608931314,-1000.0,999.7818319174662,-979.8105218090352,-971.3118550582142,-5.454006472080209,-0.2423934574769646,-0.0193076517713279,-23.11926311437003,-0.2424213990858561,-999.7818319174664,-0.0095280886455384, Neutralism,Healthy
SRR13077685.bin.15.fbc2XSRR13077685.bin.41.fbc2 ,-0.1346635370407511,-0.1346635370407511,966.59950056071,-0.0025871957163872,0.0,999.6242615661012,-822.2612623342735,-1000.0,-5.050024934791281,-0.2244392284011382,-0.0178775224005676,994.3191594476872,-499.82130700812456,-999.6242615661014,-0.0088223373930986,-0.0875138335258043,-0.0875138335258043,33.40049943928989,-0.0016813416623335,1000.0,-1000.0,1000.0,0.0,-3.281861231007269,-0.1458563892095981,-0.0116180708869251,5.680840552312816,-500.1786929918754,1000.0,-0.0057333750686439, Neutralism,Healthy
SRR13077685.bin.44.fbc2XSRR13077685.bin.38.fbc2 ,-0.2037324026675833,-0.2037324026675833,941.9385745983982,-0.0039141671982179,-1000.0,1000.0,-346.32654292479106,133.08405687731852,-7.640180379228582,-0.3395540044458585,-0.0270468953397085,610.4936088495579,-217.07329546493645,-1000.0,-0.0133473101459458,-0.0051829085421104,-0.0051829085421104,58.06142540160181,-9.957557233519763e-05,999.9922251393092,-1000.0,399.6379181151567,-1000.0,-0.194364546986435,-0.0086381809035174,-0.0006880672051465,389.5063911504421,275.7549209032243,1000.0,-0.0003395527018028, Amensalism,Healthy
SRR13077685.bin.21.fbc2XSRR13077685.bin.38.fbc2 ,-0.0901927207906965,-0.0901927207906965,1.4220992127899308,-0.0017328092370689,-1000.0,999.8647022547676,-1000.0,968.3723585944056,-3.3823223341591984,-0.1503212013178654,-0.0119737118283183,1000.0,0.0,-999.8647022547676,-0.00590887949852,-0.0891390091816219,-0.0891390091816219,998.5779007872102,-0.0017125650178968,1000.0,-0.2487158175495096,1000.0,-1000.0,-3.342807035387864,-0.1485650153027791,-0.0118338242737081,0.0,-496.23054781656015,0.2487158175495096,-0.0058398467110691, Neutralism,Healthy
SRR13077685.bin.18.fbc2XSRR13077685.bin.21.fbc2 ,-0.086529722068235,-0.086529722068235,998.57790078721,-0.001662434621835,-1000.0,1000.0,103.17274851065396,26.25507934836628,-3.2449560114641827,-0.1442162034470584,-0.0114874232370993,-9.156166230347026,-479.6440144961074,-1000.0,-0.0056689020606199,-0.0901927207906965,-0.0901927207906965,1.4220992127900445,-0.0017328092370689,999.8647022547676,-1000.0,896.827251489346,-736.3211660504869,-3.3823223341591984,-0.1503212013178654,-0.0119737118283183,1000.0,-520.3559855038926,1000.0,-0.00590887949852, Neutralism,Healthy
SRR13077685.bin.21.fbc2XSRR13077685.bin.36.fbc2 ,-0.0901927207906965,-0.0901927207906965,1.422099212789817,-0.0017328092370689,999.8647022547676,-1000.0,-31.184435868877927,472.9324193827397,-3.3823223341591984,-0.1503212013178654,-0.0119737118283183,498.4409568732026,-316.83267942334874,1000.0,-0.00590887949852,-0.1468857559951857,-0.1468857559951857,998.5779007872102,-0.0028220126031328,-1000.0,999.779657255944,-968.815564131122,-1000.0,-5.508371060513696,-0.2448095933253853,-0.0195001070878788,-29.37701698608646,-409.7715868525432,-999.779657255944,-0.009623062976857, Neutralism,Healthy
SRR13077685.bin.29.fbc2XSRR13077685.bin.27.fbc2 ,-0.0889320417644512,-0.0889320417644512,27.220364249128124,-0.0017085886986478,0.0,999.751861663296,-131.5644634411658,-15.277418061810865,-3.335045538544705,-0.1482200696074187,-0.0118063479076226,-29.18696660544549,-749.9636967616256,-999.751861663296,-0.0058262874623551,-0.0815193046871627,-0.0815193046871627,972.779635750872,-0.0015661730006968,1000.0,-1000.0,-868.4355365588342,-984.7225819381893,-3.0570600652819166,-0.1358655078119,-0.0108222554349595,11.52114447476538,-1.2149117201131503,1000.0,-0.0053406499324637, Neutralism,Healthy
SRR13077685.bin.3.fbc2XSRR13077685.bin.38.fbc2 ,-0.199269075341931,-0.199269075341931,0.0,-0.0038284164330661,-1000.0,999.7010772449048,-360.0253957838095,1000.0,-7.472800888226402,-0.3321151255698851,-0.0264543575525522,1000.0,-636.8712696110972,-999.7010772449048,-0.0130549000367636,-0.0892659542248566,-0.0892659542248566,1000.0,-0.0017150039236639,1000.0,-883.332717624543,940.6304706396048,0.0,-3.3475676086488875,-0.1487765903748368,-0.0118506771123065,0.0,-363.1287303889028,883.332717624543,-0.0058481633795963, Neutralism,Healthy
SRR13077685.bin.44.fbc2XSRR13077685.bin.41.fbc2 ,-0.2061717613814835,-0.2061717613814835,971.1767520452518,-0.0039610328796015,-1000.0,1000.0,0.0,-171.62097322936188,-7.731658908614122,-0.3436196023025104,-0.0273707371977707,930.6870686689354,-263.1087058928613,-1000.0,-0.0135071221193356,-0.0875555477870193,-0.0875555477870193,28.82324795474824,-0.0016821430890558,1000.0,-1000.0,1000.0,-33.5581686807875,-3.283425559882744,-0.1459259129783277,-0.0116236087455945,8.539576951327717,-502.8117816065589,1000.0,-0.0057361079337852, Neutralism,Healthy
SRR13077685.bin.5.fbc2XSRR13077685.bin.3.fbc2 ,-0.1144632820191873,-0.1144632820191873,971.1008176374662,-0.002199102440386,-1000.0,999.828294081459,0.0,-558.1277676699136,-4.292494026352529,-0.1907721366985697,-0.0151957978627024,0.0,-0.1907941277229383,-999.828294081459,-0.0074989393215219,-0.2013056934770247,-0.2013056934770247,28.899182362533796,-0.0038675445432545,0.0,-0.3019778779382704,1000.0,926.6452315184252,-7.549176220338609,-0.3355094891284125,-0.026724732793923,1000.0,-999.8092058722772,0.3019778779382704,-0.0131883268925321, Amensalism,Healthy
SRR13077685.bin.5.fbc2XSRR13077685.bin.2.fbc2 ,-0.1608472718669418,-0.1608472718669418,1000.0,-0.0030902453769385,-1000.0,999.7587136409728,-1000.0,-808.5021242579872,-6.031942658506068,-0.268078786444903,-0.0213535955542738,1000.0,-0.2681096888986758,-999.7587136409728,-0.0105377367351593,-0.1183228536972365,-0.1183228536972365,0.0,-0.0022732536733656,1000.0,-0.5376546080366325,364.2215030998532,462.7428056049498,-4.437232042596293,-0.1972047561620229,-0.015708182882804,-3.639001747740849,-999.7318903111012,0.5376546080366325,-0.0077517950260244, Neutralism,Healthy
SRR13077685.bin.26.fbc2XSRR13077685.bin.36.fbc2 ,-0.080349721300081,-0.080349721300081,0.0,-0.0015437026186191,999.7758080686954,-1000.0,1000.0,-51.64326670126968,-3.01319945239618,-0.1339162021668016,-0.0106669850947582,98.30736174804883,-495.58224985584826,1000.0,-0.0052640259295912,-0.146844523862228,-0.146844523862228,1000.0,-0.002821220439273,-1000.0,999.7797191081044,-938.381790714616,-948.3567332987304,-5.506824811958268,-0.2447408731037512,-0.0194946332351264,901.6926382519512,-0.2447690853081212,-999.7797191081044,-0.0096203616977845, Neutralism,Healthy
SRR13077685.bin.26.fbc2XSRR13077685.bin.46.fbc2 ,-0.0724942851593368,-0.0724942851593368,0.0,-0.0013927816553405,-0.2022736798020332,0.0,776.3006599064015,-21.98419490458582,-2.718612296466972,-0.1208238085989705,-0.0096241212382892,167.27253380894126,-483.9628582600212,0.0,-0.0047493854445974,-0.1194246887397412,-0.1194246887397412,1000.0,-0.0022944224541561,-970.5655656063528,1000.0,223.6993400935985,-53.93382994694707,-4.478552020977418,-0.1990411478996065,-0.0158544591583904,154.59685419727543,-507.4033957247173,-1000.0,-0.0078239805687871, Amensalism,Healthy
SRR13077685.bin.2.fbc2XSRR13077685.bin.18.fbc2 ,-0.1052072171069085,-0.1052072171069085,284.77284388361704,-0.0020212721826737,-0.4662041077286858,1000.0,-1000.0,-76.2570722107954,-3.9453818114786823,-0.1753453618448475,-0.0139669907821371,-3.235632297263237,-657.5611462356654,-1000.0,-0.0068925381427789,-0.061878948336016,-0.061878948336016,715.227156116383,-0.0011888366634593,1000.0,-1000.0,73.78067353246729,23.84560257823489,-2.3205259486164778,-0.1031315805599888,-0.008214861344868,-5.421457780814649,-342.43885376433457,1000.0,-0.0040539330225328, Competition,Healthy
SRR13077685.bin.2.fbc2XSRR13077685.bin.27.fbc2 ,-0.1117140261064832,-0.1117140261063696,10.4013478490117,-0.0021462829223537,-0.5427918676996342,1000.0,-120.1654441986417,366.5370267036613,-4.189394024551461,-0.1861900435106918,-0.0148308149931608,-3.435748239210284,-998.9756905697164,-1000.0,-0.0073188247650932,-0.0828209646928144,-0.0828209646928144,989.5986521509884,-0.001591180877881,1000.0,-1000.0,-879.8345558013583,-1000.0,-3.105873690926842,-0.1380349411546149,-0.0109950598659906,10.025097218632254,-1.0243094302835516,1000.0,-0.0054259267934639, Neutralism,Healthy
SRR13077685.bin.44.fbc2XSRR13077685.bin.21.fbc2 ,-0.2061717613814835,-0.2061717613814835,993.2440020497748,-0.0039610328796015,-1000.0,1000.0,-46.75665135288818,-324.9521146608822,-7.731658908614122,-0.3436196023025104,-0.0273707371977707,1000.0,-154.09991728614614,-1000.0,-0.0135071221193356,-0.0901927207906965,-0.0901927207906965,6.7559979502252645,-0.0017328092370689,999.8647022547676,-1000.0,-953.2433486471118,-527.6793169318424,-3.3823223341591984,-0.1503212013178654,-0.0119737118283183,-209.99150242534165,-250.0,1000.0,-0.00590887949852, Neutralism,Healthy
SRR13077685.bin.2.fbc2XSRR13077685.bin.41.fbc2 ,-0.0949311789968305,-0.0949311789968305,653.102130209794,-0.0018238458981159,-0.5082228813448637,1000.0,-672.4660236025719,-485.4243249269084,-3.560019523904544,-0.1582186316613842,-0.0126027751559831,-2.9195942752410247,-506.5075586668789,-1000.0,-0.0062193145125775,-0.0872143899214279,-0.0872143899214279,35.866771241193874,-0.0016755886632608,1000.0,-1000.0,1000.0,-33.427410168184906,-3.270631779431369,-0.1453573165357511,-0.011578317662952,14.49588163871681,-493.4924413331211,1000.0,-0.0057137573415957, Amensalism,Healthy
SRR13077685.bin.3.fbc2XSRR13077685.bin.36.fbc2 ,-0.1996461773303508,-0.1996461773303508,5.350997786186099,-0.0038356614280701,0.0,-0.2994884443025967,1000.0,1000.0,-7.486942611266272,-0.332743628883918,-0.0265044204678588,1000.0,-815.2039444696102,0.2994884443025967,-0.0130796054696702,-0.1466547849148582,-0.1466547849148582,994.649002213814,-0.0028175751184562,-1000.0,999.7800037347522,-986.7218243530664,-1000.0,-5.4997094009374905,-0.244424641524688,-0.019469444068477,-22.42765264801085,-0.2444528172759419,-999.7800037347522,-0.0096079311539369, Neutralism,Healthy
SRR13077685.bin.44.fbc2XSRR13077685.bin.27.fbc2 ,-0.2037199470546511,-0.2037199470546511,941.942124306892,-0.0039139278973152,-1000.0,1000.0,-68.26935828421676,-288.6752100832798,-7.639713280582669,-0.3395332450910473,-0.0270452417703381,998.82516522463,-159.0553324847499,-1000.0,-0.0133464941297916,-0.0048931432993413,-0.0048931432993413,58.057875693108144,-9.40085168394944e-05,1000.0,-1000.0,-51.46209902192015,-59.92320866487205,-0.1834980441944935,-0.0081552388322734,-0.000649598851055,1.1748347753701864,-0.0018350462479475,1000.0,-0.0003205690422873, Amensalism,Healthy
SRR13077685.bin.20.fbc2XSRR13077685.bin.42.fbc2 ,-0.0823548896420334,-0.0823548896420334,35.6846663937863,-0.001582226506116,-1000.0,1000.0,0.0,-90.74233630569915,-3.08839538403322,-0.1372581494033511,-0.0109331851571141,135.63507180640227,-339.2147969646976,-1000.0,-0.0053953923858216,-0.1625998050020598,-0.1625998050020598,30.586194789224464,-0.0031239155620141,0.0,0.0,1000.0,33.485176716076694,-6.097664502933412,-0.2709996750033951,-0.0215862565333964,864.3649281935977,-501.1090407881376,0.0,-0.0106525520664035, Neutralism,Healthy
SRR13077685.bin.2.fbc2XSRR13077685.bin.46.fbc2 ,-0.1164733112303793,-0.1164733112303793,30.336512409983698,-0.0022377197162768,999.4227795588828,0.1356098508384775,-67.49546543909855,259.57640669603893,-4.367872245724243,-0.1941221853840034,-0.0154626432392888,-3.5821193445630115,-853.8381677411007,-0.1356098508384775,-0.0076306242324335,-0.0904007778707409,-0.0904007778707409,969.6634875900164,-0.0017368064912943,-1000.0,999.8643901491614,257.1974529089598,-295.8668409426666,-3.390124694509268,-0.1506679631178258,-0.0120013328546519,-1.4226789852273214,-146.16183225889927,-999.8643901491616,-0.0059225101352922, Amensalism,Healthy
SRR13077685.bin.2.fbc2XSRR13077685.bin.21.fbc2 ,-0.1235286977133682,-0.1235286977133682,188.28027063299191,-0.0023732698888352,-0.4610281262248463,1000.0,-1000.0,402.0337686763132,-4.632456694094572,-0.2058811628555759,-0.0163992949318299,-3.79910670533252,-1000.0,-1000.0,-0.0080928503208497,-0.0901927207906965,-0.0901927207906965,811.7197293670081,-0.0017328092370689,999.8647022547676,-1000.0,0.0,597.9662313236868,-3.3823223341591984,-0.1503212013178654,-0.0119737118283183,503.6958221813341,0.0,1000.0,-0.00590887949852, Neutralism,Healthy
SRR13077685.bin.5.fbc2XSRR13077685.bin.42.fbc2 ,-0.1208500903788944,-0.1208500903788944,969.4243582317196,-0.0023218076921693,-1000.0,999.818713255393,-489.7298278901051,-155.3554671549382,-4.53200608863358,-0.2014168172981953,-0.0160436911530723,135.69355951764192,-0.2014400353751853,-999.8187132553932,-0.0079173642303658,-0.162597344030928,-0.162597344030928,30.575641768280548,-0.0031238682811363,1000.0,-1000.0,1000.0,33.509895149547674,-6.097572213916351,-0.2709955733848801,-0.0215859298223222,864.3064404823581,-501.0989339081001,1000.0,-0.0106523908385725, Amensalism,Healthy
SRR13077685.bin.46.fbc2XSRR13077685.bin.27.fbc2 ,-0.1144360401891617,-0.1144360401891617,883.5767961112206,-0.0021985790622238,-784.3692137965986,1000.0,373.96355086994936,-104.44580685934284,-4.29147242894237,-0.1907267336486029,-0.0151921813200033,-1.8515773288398805,-553.9506128141451,-1000.0,-0.0074971546022197,-0.0098121988309003,-0.0098121988309003,116.42320388877944,-0.0001885148670908,1000.0,-1000.0,-102.59960474217291,-119.29413701585712,-0.3679678244752722,-0.0163536647181672,-0.0013026377314417,1.1877215820043148,-0.1213548747175536,1000.0,-0.0006428356966807, Amensalism,Healthy
SRR13077685.bin.26.fbc2XSRR13077685.bin.42.fbc2 ,-0.0847620147794714,-0.0847620147794714,871.4315716960352,-0.0016284729064182,-1000.0,999.7634968797996,76.67956447968527,-858.733255654814,-3.1786651202398843,-0.1412700246324902,-0.0112527477833737,0.9565812699636352,-399.53737527437806,-999.7634968797996,-0.0055530926109668,-0.1606281835756817,-0.1606281835756817,82.64366793485033,-0.0030860361878239,1000.0,-1000.0,923.3204355203148,-23.849530819246866,-6.023726616080353,-0.2677136392928787,-0.0213245100577523,999.0434187300364,-503.0401468297015,1000.0,-0.010523383400482, Neutralism,Healthy
SRR13077685.bin.46.fbc2XSRR13077685.bin.3.fbc2 ,-0.1178466401914875,-0.1178466401914875,971.1008176374662,-0.0022641045185309,-916.0126183935502,1000.0,638.0459816797998,-70.17601176523533,-4.419373532929171,-0.1964110669857746,-0.0156449622232912,0.0,-500.0,-1000.0,-0.0077205964082622,-0.2013056934770247,-0.2013056934770247,28.899182362533796,-0.0038675445432545,-0.3019778779382704,0.0,361.95401832020025,1000.0,-7.549176220338609,-0.3355094891284125,-0.026724732793923,1000.0,-500.0,0.0,-0.0131883268925321, Neutralism,Healthy
SRR13077685.bin.26.fbc2XSRR13077685.bin.5.fbc2 ,-0.0855437701093251,-0.0855437701093251,112.83930800825806,-0.0016434922210919,999.7613156247266,-1000.0,1000.0,-117.08528659644708,-3.207981771173195,-0.1425729501822843,-0.0113565312479977,-4.319837128606082,-489.4720312466001,1000.0,-0.0056043084740622,-0.1559046665722689,-0.1559046665722689,887.1606919917419,-0.0029952865816085,-1000.0,999.7661280237088,-1000.0,247.52523472496927,-5.846589737222985,-0.2598411109538574,-0.0206974302788012,1000.0,-280.1234465363124,-999.7661280237088,-0.010213927243285, Neutralism,Healthy
SRR13077685.bin.26.fbc2XSRR13077685.bin.29.fbc2 ,-0.0861255495736941,-0.0861255495736941,165.46160944940902,-0.0016546695403576,-1000.0,999.7596923426592,1000.0,-166.9124402490553,-3.229799115837295,-0.1435425826227856,-0.0114337665236234,-10.874488218984538,-500.142731794548,-999.7596923426592,-0.0056424231324854,-0.0890856398826827,-0.0890856398826827,17.02263126118669,-0.0017115396711915,999.51112543622,0.2403076573407361,-958.6874549069712,-833.0875597509447,-3.3408056302808973,-0.148476066471062,-0.0118267391275139,-10.002973800178095,-499.857268205452,-0.2403076573407361,-0.0058363502786278, Neutralism,Healthy
SRR13077685.bin.20.fbc2XSRR13077685.bin.3.fbc2 ,-0.0896120135535056,-0.0896120135535056,74.47194765212271,-0.0017216525178582,1000.0,-1000.0,1000.0,-60.6873904275775,-3.360545199146145,-0.1493533559225852,-0.0118966188982767,2.7717658628326944,-437.2854024698484,1000.0,-0.0058708350858296,-0.2095535996529633,-0.2095535996529633,925.5280523478772,-0.0040260057570549,-1000.0,999.685649470492,-376.7580455461914,858.1012752872944,-7.858481417300936,-0.3492559994215298,-0.0278196997810482,997.2282341371674,-500.004026005757,-999.685649470492,-0.0137286796314128, Neutralism,Healthy
SRR13077685.bin.21.fbc2XSRR13077685.bin.42.fbc2 ,-0.0901927207906965,-0.0901927207906965,934.3927060051736,-0.0017328092370689,-1000.0,999.8647022547676,0.0,1000.0,-3.3823223341591984,-0.1503212013178654,-0.0119737118283183,0.0,-420.3400745393788,-999.8647022547676,-0.00590887949852,-0.1654041301355846,-0.1654041301355846,65.60729399482648,-0.003177793086138,1000.0,-1000.0,1000.0,-69.40217874816767,-6.202829658703536,-0.2756735502259744,-0.0219585502254631,1000.0,-501.131345977817,1000.0,-0.0108362744239229, Neutralism,Healthy
SRR13077685.bin.36.fbc2XSRR13077685.bin.42.fbc2 ,-0.0897515830189377,-0.0897515830189377,969.5959747806344,-0.0017243339676724,-1000.0,999.865364003802,11.32108132384974,-751.2545446778297,-3.3657792015764016,-0.1495859716981158,-0.011915147716877,146.24922661802475,-498.23236465797095,-999.8653640038018,-0.0058799788298529,-0.161676450097616,-0.161676450097616,30.40402521936562,-0.0031061757944144,1000.0,-1000.0,988.6789186761504,39.6656680785909,-6.063037718329269,-0.2694607501626933,-0.0214636747391523,853.7507733819753,-501.76763534202905,1000.0,-0.0105920594588724, Amensalism,Healthy
SRR13077685.bin.20.fbc2XSRR13077685.bin.27.fbc2 ,-0.0897067849714403,-0.0897067849714403,38.70074793742901,-0.0017234732943052,-1000.0,1000.0,532.6870699133428,-52.394958309783874,-3.3640992274582686,-0.149511308285696,-0.0119092004640606,40.21101896790856,-458.00312805806993,-1000.0,-0.0058770439337649,-0.0785186664198818,-0.0785186664198818,938.1919994052544,-0.0015085238504752,0.0,0.0,-836.8177376918796,-947.605041690216,-2.9445329595561134,-0.1308644440331363,-0.010423899807165,10.40029787397225,-1.0830964193024784,0.0,-0.005144066330331, Neutralism,Healthy
SRR13077685.bin.29.fbc2XSRR13077685.bin.3.fbc2 ,-0.0890856398826827,-0.0890856398826827,7.076206731742218,-0.0017115396711915,999.1633721212538,0.3161592007005538,924.264753679302,-998.2617423202796,-3.3408056302808973,-0.148476066471062,-0.0118267391275139,-16.661079915923438,-499.9959508299091,-0.3161592007005538,-0.0058363502786278,-0.2107593032334307,-0.2107593032334307,992.9237932682576,-0.0040491700909797,-1000.0,999.6838407992996,75.73524632069802,172.88799109364163,-7.903696575607228,-0.3512655053889375,-0.0279797653283822,1000.0,-500.0040491700909,-999.6838407992994,-0.0138076700101237, Neutralism,Healthy
SRR13077685.bin.2.fbc2XSRR13077685.bin.20.fbc2 ,-0.1078528033759766,-0.1078528033759766,366.0946990936068,-0.0020720999688137,-0.5512735432716909,1000.0,-329.04197096336566,-152.87446559843,-4.04459409209835,-0.1797546722933702,-0.0143182107843813,-3.3169969090541827,-666.2032193814584,-1000.0,-0.00706586089359,-0.0897219947187295,-0.0897219947187295,305.43207768335446,-0.0017237655084727,1000.0,-1000.0,212.18303327733088,-294.08521022811374,-3.3646696090539763,-0.1495366578644734,-0.0119112196639434,1000.0,-333.7967806185416,1000.0,-0.0058780403841183, Amensalism,Healthy
SRR13077685.bin.44.fbc2XSRR13077685.bin.2.fbc2 ,-0.1357316707540121,-0.1357316707540121,981.0244255797116,-0.0026077170173266,-1000.0,1000.0,-161.87769526278487,-185.34482118748903,-5.090081077712966,-0.2262194512567248,-0.0180193245899999,183.4523769919715,-120.10246866035766,-1000.0,-0.008892315029243,-0.1131127835919869,-0.1131127835919869,18.975574420288467,-0.0021731562650302,999.305673773205,0.0,-166.24699151402956,366.7503331868975,-4.241848908295651,-0.1885213059866828,-0.0150165097909393,-3.478766817411838,-879.8975313396423,0.0,-0.0074104628636177, Amensalism,Healthy
SRR13077685.bin.20.fbc2XSRR13077685.bin.18.fbc2 ,-0.0897067849714403,-0.0897067849714403,38.70074793742901,-0.0017234732943052,0.0,0.0,900.675300690104,-124.23166429090747,-3.3640992274582686,-0.149511308285696,-0.0119092004640606,1000.0,-500.1831707417245,0.0,-0.0058770439337649,-0.0832994171410064,-0.0832994171410064,961.299252062571,-0.001600373047836,-1000.0,1000.0,99.324699309896,25.271362768864265,-3.1238161633032178,-0.1388323619015636,-0.0110585777606502,-8.817919461982228,-461.7398541528335,-1000.0,-0.0054572720931673, Neutralism,Healthy
SRR13077685.bin.15.fbc2XSRR13077685.bin.5.fbc2 ,-0.107872316685075,-0.107872316685075,391.0567347549206,-0.0020724748642351,-0.3009855245373956,1000.0,192.17120585229736,-1000.0,-4.045325861807783,-0.179787194475125,-0.0143208013121238,789.1699223629626,-367.0172387272246,-1000.0,-0.0070671392871872,-0.1072450298401008,-0.1072450298401008,608.9432652450794,-0.0020604232438472,-0.1608778468763603,0.0,403.4085769528047,141.2262914651567,-4.0218019422828775,-0.1787417164001681,-0.0142375246147139,210.83007763703745,-0.1787623206325861,0.0,-0.0070260432613622, Competition,Healthy
SRR13077685.bin.2.fbc2XSRR13077685.bin.42.fbc2 ,-0.1144840744346993,-0.1144840744346993,23.837397846365093,-0.0021995019103542,-0.7809445523483873,1000.0,-481.157779801709,375.99738605769744,-4.293273763905177,-0.190806790724423,-0.0151985582006091,-3.520940663098486,-834.6770322065651,-1000.0,-0.0075003015143693,-0.1654041301355846,-0.1654041301355846,65.60729399482625,-0.003177793086138,1000.0,-1000.0,1000.0,94.7894430674478,-6.202829658703536,-0.2756735502259744,-0.0219585502254631,1000.0,-165.32296779343494,1000.0,-0.0108362744239229, Neutralism,Healthy
SRR13077685.bin.15.fbc2XSRR13077685.bin.2.fbc2 ,-0.0896846973877245,-0.0896846973877245,1000.0,-0.0017230489411304,-748.8781021161974,1000.0,-741.0475241220022,-1000.0,-3.363270919731349,-0.1494744956462455,-0.011906268183452,1000.0,-97.3410536181292,-1000.0,-0.0058755968893819,-0.1171214475662054,-0.1171214475662054,0.0,-0.0022501719032561,1000.0,-0.3267924655146998,-258.9524758779978,417.0189734251119,-4.392178043186732,-0.1952024126103424,-0.0155486878517194,-3.6020526810658566,-902.6589463818708,0.3267924655146998,-0.007673086190266, Amensalism,Healthy
SRR13077685.bin.26.fbc2XSRR13077685.bin.41.fbc2 ,-0.0861255495736941,-0.0861255495736941,955.538957995926,-0.0016546695403576,-1000.0,999.7596923426592,142.08868105764645,-966.3728064575146,-3.229799115837295,-0.1435425826227856,-0.0114337665236234,-1.4914705570444085,-466.2257465966306,-999.7596923426592,-0.0056424231324854,-0.0877356383525693,-0.0877356383525693,44.46104200407399,-0.0016856030423468,1000.0,-1000.0,857.9113189423535,-33.62719354248543,-3.290179146388596,-0.1462260639209489,-0.0116475170224248,11.490638023949373,-504.9031142592797,1000.0,-0.0057479063742675, Neutralism,Healthy
SRR13077685.bin.5.fbc2XSRR13077685.bin.41.fbc2 ,-0.1593981077276112,-0.1593981077276112,975.5586273931368,-0.003062403606691,-1000.0,999.7608875263904,-1000.0,196.1838975255423,-5.9775974719833584,-0.2656635128793141,-0.0211612089221944,991.3570640438138,-197.64304880681289,-999.7608875263904,-0.0104427962987756,-0.0874398321979015,-0.0874398321979015,24.441372606863297,-0.0016799199269144,1000.0,-1000.0,1000.0,-32.41781325141358,-3.279086103016766,-0.1457330536630934,-0.011608246695232,8.642935956186307,-502.2925313269527,1000.0,-0.0057285269508611, Neutralism,Healthy
SRR13077685.bin.20.fbc2XSRR13077685.bin.46.fbc2 ,-0.0897219947187295,-0.0897219947187295,38.87685920822878,-0.0017237655084727,1000.0,-1000.0,455.53534517108665,-52.65816621584713,-3.3646696090539763,-0.1495366578644734,-0.0119112196639434,40.30261151681043,-419.0425671423758,1000.0,-0.0058780403841183,-0.1205260312689233,-0.1205260312689233,961.1231407917712,-0.0023155817726774,-676.3510691943154,1000.0,465.4331282215985,-137.39966280215845,-4.519853529580928,-0.200876718781501,-0.0160006700493795,-2.1009696749136992,-580.9574328576242,-1000.0,-0.0078961338449516, Neutralism,Healthy
SRR13077685.bin.18.fbc2XSRR13077685.bin.3.fbc2 ,-0.0866529511619091,-0.0866529511619091,1000.0,-0.0016648021356786,1000.0,-1000.0,103.32339185408182,26.288757340277694,-3.2495772326886936,-0.1444215852698107,-0.0115037827574724,-9.172918259389462,-480.3289435231754,1000.0,-0.0056769752826539,-0.199269075341931,-0.199269075341931,0.0,-0.0038284164330661,-1000.0,999.7010772449048,-316.14509726723907,973.7112426597224,-7.472800888226402,-0.3321151255698851,-0.0264543575525522,1000.0,-519.6710564768246,-999.7010772449048,-0.0130549000367636, Neutralism,Healthy
SRR13077685.bin.5.fbc2XSRR13077685.bin.36.fbc2 ,-0.0873796862175595,-0.0873796862175595,11.389247305813,-0.0016787643845646,-1000.0,999.8689220768516,-51.36116634429391,-73.20639508963632,-3.276830565199475,-0.1456328103625992,-0.0116002618974562,528.5636140912843,-0.1456495980064573,-999.8689220768516,-0.0057245865514232,-0.1461663012821645,-0.1461663012821645,988.6107526941868,-0.0028081902263465,0.0,-0.2192634928743473,-948.638833655706,-926.7936049103636,-5.4813907485432765,-0.243610502136903,-0.0194045944641629,-13.69483994496352,-397.039718270245,0.2192634928743473,-0.009575928671893, Amensalism,Healthy
SRR13077685.bin.15.fbc2XSRR13077685.bin.42.fbc2 ,-0.0797070426717709,-0.0797070426717709,969.4243582317196,-0.0015313552867155,0.0,999.7776012717152,-496.50763890058886,-384.3780004140474,-2.9890983247335043,-0.1328450711197319,-0.0105816650309407,135.69355951764192,-334.0612115875082,-999.7776012717152,-0.0052219215275499,-0.162597344030928,-0.162597344030928,30.575641768280548,-0.0031238682811363,1000.0,-1000.0,1000.0,91.20578958331272,-6.097572213916351,-0.2709955733848801,-0.0215859298223222,864.3064404823581,-503.0673262652065,1000.0,-0.0106523908385725, Amensalism,Healthy
SRR13077685.bin.3.fbc2XSRR13077685.bin.27.fbc2 ,-0.2003862873266371,-0.2003862873266371,20.413436827159217,-0.0038498806402458,-1000.0,999.6994013196067,1000.0,1000.0,-7.5146975181825155,-0.3339771455442815,-0.0266026752243533,995.8671066112764,-821.937990739255,-999.6994013196067,-0.0131280929833792,-0.0821923480013993,-0.0821923480013993,979.5865631728408,-0.0015791037079679,1000.0,-1000.0,-852.8873192808572,-1000.0,-3.082299900754947,-0.136987246668923,-0.0109116066222441,4.132893388723687,-1.3800418945688762,1000.0,-0.0053847436442993, Neutralism,Healthy
SRR13077685.bin.29.fbc2XSRR13077685.bin.36.fbc2 ,-0.0890586263989234,-0.0890586263989234,5.561724051265969,-0.0017110206800907,-955.3017851051386,1000.0,136.65984875614004,-39.428698955342384,-3.339792596096004,-0.14843104399813,-0.0118231528994101,-22.002408460085576,-511.20795284739074,-1000.0,-0.0058345805191493,-0.1466377375352294,-0.1466377375352294,994.438275948734,-0.0028172475991823,-0.2199706925408691,0.0,-957.1235153404906,-960.5713010446576,-5.499070106190175,-0.2443962292254582,-0.0194671809100555,-17.741647208914515,-0.2444244017013943,0.0,-0.0096068143130878, Neutralism,Healthy
SRR13077685.bin.26.fbc2XSRR13077685.bin.20.fbc2 ,-0.0861255495736941,-0.0861255495736941,844.537209447476,-0.0016546695403576,-1000.0,999.7596923426592,120.38502737187493,-947.3418337841528,-3.229799115837295,-0.1435425826227856,-0.0114337665236234,90.47930531804468,-399.87304547951896,-999.7596923426592,-0.0056424231324854,-0.0897219947187295,-0.0897219947187295,57.1286313986202,-0.0017237655084727,1000.0,-1000.0,634.3014753140137,-52.65816621584713,-3.3646696090539763,-0.1495366578644734,-0.0119112196639434,58.55438370720367,-500.18320179824593,1000.0,-0.0058780403841183, Neutralism,Healthy
SRR13077685.bin.5.fbc2XSRR13077685.bin.46.fbc2 ,-0.0964541688589406,-0.0964541688589406,116.42320388877944,-0.0018531060298982,-1000.0,999.8553094811814,-1000.0,585.6506793571073,-3.617133253043676,-0.1607569480983102,-0.012804962667019,549.8913177083741,-0.1607754791585876,-999.8553094811814,-0.0063190915620907,-0.1144360401891617,-0.1144360401891617,883.5767961112206,-0.0021985790622238,1000.0,-784.3692137965975,860.8084190084578,-104.4458068593442,-4.29147242894237,-0.1907267336486029,-0.0151921813200033,-1.8515773288397668,-553.9506128141454,784.3692137965975,-0.0074971546022197, Amensalism,Healthy
SRR13077685.bin.44.fbc2XSRR13077685.bin.46.fbc2 ,-0.1584416428836448,-0.1584416428836448,584.3373652901046,-0.0030440277211027,0.0,0.0,-1000.0,-129.39947787891447,-5.941729029662611,-0.2640694048061505,-0.0210342315529032,991.6544166718676,-177.59133275919407,0.0,-0.0103801345289866,-0.0540244884925869,-0.0540244884925869,415.6626347098954,-0.0010379344571447,-33.70209105112815,1000.0,1000.0,-870.6005221210855,-2.0259754048684044,-0.0900408141543493,-0.0071721270986699,-3.6963025680076953,-561.1555742127659,-1000.0,-0.0035393564987771, Competition,Healthy
SRR13077685.bin.38.fbc2XSRR13077685.bin.42.fbc2 ,-0.0865356483609502,-0.0865356483609502,969.4138052107756,-0.001662548479544,-1000.0,999.870188214716,0.0,-1000.0,-3.245178253700601,-0.1442260806014701,-0.0114882099937858,135.63507180640136,713.9420661071701,-999.8701882147162,-0.0056692903152679,-0.1625998050020598,-0.1625998050020598,30.586194789224464,-0.0031239155620141,1000.0,-1000.0,1000.0,132.63888951927288,-6.097664502933412,-0.2709996750033951,-0.0215862565333964,864.3649281935986,-203.6479023785512,1000.0,-0.0106525520664035, Neutralism,Healthy
SRR13077685.bin.15.fbc2XSRR13077685.bin.29.fbc2 ,-0.1351930914615877,-0.1351930914615877,994.438275948734,-0.002597369672685,999.6227840024408,0.0,-863.5383349508537,-960.5713010446576,-5.069883785141769,-0.2253218191026462,-0.0179478244380106,1000.0,-647.3294110854728,0.0,-0.0088570305837265,-0.0890586263989234,-0.0890586263989234,5.561724051266083,-0.0017110206800907,-0.2484915333700428,1000.0,1000.0,-39.428698955342384,-3.339792596096004,-0.14843104399813,-0.0118231528994101,-18.42620413662109,-324.38033435506827,-1000.0,-0.0058345805191493, Neutralism,Healthy
SRR13077685.bin.20.fbc2XSRR13077685.bin.38.fbc2 ,-0.0897067849714403,-0.0897067849714403,38.70074793742924,-0.0017234732943052,-1000.0,1000.0,434.2218047855008,-60.222784430700926,-3.3640992274582686,-0.149511308285696,-0.0119092004640606,40.38053980114296,-420.3427138422901,-1000.0,-0.0058770439337649,-0.0858112950310214,-0.0858112950310214,961.2992520625708,-0.0016486319890418,999.8712748142934,-1000.0,565.7781952144992,-939.7772155692992,-3.218014238423052,-0.1430188250517403,-0.0113920470444099,959.619460198857,79.47051098336533,1000.0,-0.0056218350827066, Neutralism,Healthy
SRR13077685.bin.44.fbc2XSRR13077685.bin.18.fbc2 ,-0.2037324026675833,-0.2037324026675833,941.9385745983982,-0.0039141671982179,-1000.0,1000.0,-1000.0,-264.5678984827987,-7.640180379228582,-0.3395540044458585,-0.0270468953397085,1000.0,-160.26587327063407,-1000.0,-0.0133473101459458,-0.005031193859736,-0.005031193859736,58.06142540160181,-9.666078506143094e-05,1000.0,-1000.0,5.998887854826307,1.5265782767639848,-0.1886750860825259,-0.00838532309956,-0.0006679260244482,-0.5323771556819565,-27.888475345825785,1000.0,-0.0003296132769037, Amensalism,Healthy
SRR13077685.bin.38.fbc2XSRR13077685.bin.27.fbc2 ,-0.0892659542248566,-0.0892659542248566,1000.0,-0.0017150039236639,-603.9253399967392,1000.0,-693.9653967216949,-1000.0,-3.3475676086488875,-0.1487765903748368,-0.0118506771123065,1000.0,-19.582684943944287,-1000.0,-0.0058481633795963,0.0,0.0,0.0,0.0,1000.0,-1000.0,0.0,0.0,0.0,0.0,0.0,0.0,0.0,1000.0,0.0, Amensalism,Healthy
SRR13077685.bin.26.fbc2XSRR13077685.bin.15.fbc2 ,-0.0851264341248452,-0.0851264341248452,103.62325470570954,-0.0016354742386965,-1000.0,999.762480076312,1000.0,-107.55858733470392,-3.1923312307658307,-0.1418773902081511,-0.0113011269894514,0.0,-490.0692420541289,-999.762480076312,-0.0055769671539565,-0.130974837907388,-0.130974837907388,896.3767452942905,-0.0025163273372754,999.3970338571136,0.2375199236879552,-864.841639867275,-892.4414126652961,-4.911694819528861,-0.2182913965121997,-0.0173878219009111,1000.0,-509.9307579458711,-0.2375199236879552,-0.0085806762202764, Neutralism,Healthy
SRR13077685.bin.20.fbc2XSRR13077685.bin.36.fbc2 ,-0.0897067849714403,-0.0897067849714403,38.70074793742924,-0.0017234732943052,1000.0,-1000.0,1000.0,-60.6822882630762,-3.3640992274582686,-0.149511308285696,-0.0119092004640606,1000.0,-500.1831707417245,1000.0,-0.0058770439337649,-0.1435521349110331,-0.1435521349110331,961.2992520625708,-0.0027579660885521,-1000.0,999.784658007803,-986.8073068421028,-939.3177117369238,-5.383356747299104,-0.2392535581850552,-0.0190575456721262,0.0,-394.87460330486647,-999.7846580078028,-0.0094046643621368, Neutralism,Healthy
SRR13077685.bin.5.fbc2XSRR13077685.bin.18.fbc2 ,-0.0863957041765388,-0.0863957041765388,0.0,-0.0016598598305108,-1000.0,999.870398144436,896.6766081459191,-522.187787733367,-3.2399301989104288,-0.1439928402942314,-0.0114696314286675,1000.0,-0.1440094388925672,-999.870398144436,-0.0056601220219363,-0.0866529511619091,-0.0866529511619091,1000.0,-0.0016648021356786,1000.0,-1000.0,103.32339185408092,26.288757340277925,-3.2495772326886936,-0.1444215852698107,-0.0115037827574724,-9.172918259389462,-480.3289435231754,1000.0,-0.0056769752826539, Amensalism,Healthy
SRR13077685.bin.5.fbc2XSRR13077685.bin.21.fbc2 ,-0.1607849808513037,-0.1607849808513037,998.5779007872102,-0.0030890486234511,-1000.0,999.75880708348,357.67516732693184,-810.9962664167717,-6.029606679598487,-0.2679749680854684,-0.0213453259881362,1000.0,-0.2680058585717688,-999.75880708348,-0.0105336558060571,-0.0901927207906965,-0.0901927207906965,1.4220992127899308,-0.0017328092370689,999.8647022547676,-1000.0,0.0,526.6840319566738,-3.3823223341591984,-0.1503212013178654,-0.0119737118283183,0.0,-996.101950316651,1000.0,-0.00590887949852, Neutralism,Healthy
SRR13077685.bin.41.fbc2XSRR13077685.bin.18.fbc2 ,-0.0873403918383246,-0.0873403918383246,19.794997703034824,-0.0016780094493924,-1000.0,1000.0,898.725533470001,-29.33677410084499,-3.2753569844566077,-0.1455673197305032,-0.0115950452949391,11.428914822418392,-503.4504632309251,-1000.0,-0.0057220122222361,-0.0849376561926646,-0.0849376561926646,980.2050022969652,-0.0016318473811907,0.0,0.0,101.27446652999902,25.772010468772123,-3.1852518588318617,-0.1415627603211078,-0.0112760654042176,-8.98770134385461,-470.8190136796029,0.0,-0.0055645995699933, Neutralism,Healthy
SRR13077685.bin.29.fbc2XSRR13077685.bin.46.fbc2 ,-0.0890856398826827,-0.0890856398826827,17.02263126118646,-0.0017115396711915,-122.43863593445316,1000.0,627.4939588440832,-881.0460588359815,-3.3408056302808973,-0.148476066471062,-0.0118267391275139,-12.3063810049905,-450.75754890785765,-1000.0,-0.0058363502786278,-0.1208653199631726,-0.1208653199631726,982.9773687388137,-0.0023221002875288,196.7884947781231,0.0,372.5060411559168,-118.95394116401847,-4.53257721413388,-0.2014421999385831,-0.0160457129865108,19.240680088218028,-549.2424510921423,0.0,-0.0079183619802734, Neutralism,Healthy
SRR13077685.bin.15.fbc2XSRR13077685.bin.20.fbc2 ,-0.1328808732091602,-0.1328808732091602,925.5280523478776,-0.0025529466514626,-0.3707644421933764,1000.0,280.18556923510005,-939.3126095724228,-4.983173157407919,-0.2214681220151533,-0.0176408613616558,997.2282341371672,-579.4357021320773,-1000.0,-0.0087055480814797,-0.0896120135535056,-0.0896120135535056,74.47194765212225,-0.0017216525178582,1000.0,-1000.0,468.6444164312443,-60.68739042757716,-3.360545199146145,-0.1493533559225852,-0.0118966188982767,2.771765862832808,-420.56429786792273,1000.0,-0.0058708350858296, Neutralism,Healthy
SRR13077685.bin.41.fbc2XSRR13077685.bin.3.fbc2 ,-0.087489171006041,-0.087489171006041,35.590807491832265,-0.001680867838786,1000.0,-1000.0,576.7052762383726,-33.06034429265105,-3.280936360456735,-0.1458152850100305,-0.0116147967656843,2.84860296176214,-500.0,1000.0,-0.0057317593300467,-0.2101241312326465,-0.2101241312326465,964.4091925081676,-0.0040369669785604,-1000.0,999.6847936183162,423.2947237616274,20.258967547175416,-7.879876954409724,-0.3502068853878199,-0.0278954418216699,997.151397038238,-500.0,-999.684793618316,-0.013766057396765, Neutralism,Healthy
SRR13077685.bin.15.fbc2XSRR13077685.bin.44.fbc2 ,-0.0023354886030801,-0.0023354886030801,28.82324795474824,-4.487009800868691e-05,-82.70861034836616,1000.0,405.3986267761845,-735.2698563630158,-0.0875832904717981,-0.0038924810052094,-0.0003100523774719,28.03654456408094,-229.39673612510728,-1000.0,-0.0001530070343278,-0.2061717613814835,-0.2061717613814835,971.1767520452518,-0.0039610328796015,0.0,0.0,-40.65735654856417,-264.73014363698417,-7.731658908614122,-0.3436196023025104,-0.0273707371977707,971.9634554359192,-161.45891550372994,0.0,-0.0135071221193356, Amensalism,Healthy
SRR13077685.bin.26.fbc2XSRR13077685.bin.21.fbc2 ,-0.0861255495736941,-0.0861255495736941,233.08023786842296,-0.0016546695403576,-1000.0,999.7596923426592,1000.0,-436.9235732225988,-3.229799115837295,-0.1435425826227856,-0.0114337665236234,191.5180163355424,-500.1427317945479,-999.7596923426592,-0.0056424231324854,-0.0901927207906965,-0.0901927207906965,766.919762131577,-0.0017328092370689,999.8647022547676,-1000.0,0.0,475.5641840598983,-3.3823223341591984,-0.1503212013178654,-0.0119737118283183,808.4819836644574,-499.8572682054521,1000.0,-0.00590887949852, Neutralism,Healthy
SRR13077685.bin.46.fbc2XSRR13077685.bin.38.fbc2 ,-0.1144360401891617,-0.1144360401891617,883.5767961112192,-0.0021985790622238,-391.1754261300465,1000.0,1000.0,-106.46416839584911,-4.29147242894237,-0.1907267336486029,-0.0151921813200033,-1.8515773288388573,-872.5372225416659,-1000.0,-0.0074971546022197,-0.0103926283890132,-0.0103926283890132,116.4232038887808,-0.0001996662514329,999.9844100590852,-1000.0,-868.8915719334072,413.1561615053279,-0.3897345462331714,-0.0173210473151357,-0.0013796937976167,1000.0,-78.28581461984015,1000.0,-0.0006808619175444, Amensalism,Healthy
SRR13077685.bin.36.fbc2XSRR13077685.bin.27.fbc2 ,-0.1469619129144348,-0.1469619129144348,1000.0,-0.0028234757523932,-1000.0,999.7795430132496,-963.8514387574804,-1000.0,-5.511227025457174,-0.2449365215239822,-0.0195102174493513,-36.66021760860622,-415.2214966922506,-999.7795430132496,-0.0096280523158611,0.0,0.0,0.0,0.0,1000.0,-1000.0,0.0,0.0,0.0,0.0,0.0,0.0,0.0,1000.0,0.0, Amensalism,Healthy
SRR13077685.bin.18.fbc2XSRR13077685.bin.36.fbc2 ,-0.0009869118905498,-0.0009869118905498,11.389247305813228,-1.8960843249260503e-05,1000.0,-1000.0,1.1767756623015655,0.2994091587108869,-0.0370102387424822,-0.0016448531509922,-0.0001310194268171,-0.1044726345721756,-5.470585125925481,1000.0,-6.465647538789199e-05,-0.1461663012821645,-0.1461663012821645,988.6107526941868,-0.0028081902263465,-1000.0,999.7807365071258,-985.2189601204932,-1000.0,-5.4813907485432765,-0.243610502136903,-0.0194045944641629,-25.85212584972828,-0.2436385840392176,-999.7807365071257,-0.009575928671893, Amensalism,Healthy
SRR13077685.bin.41.fbc2XSRR13077685.bin.42.fbc2 ,-0.0861437092490859,-0.0861437092490859,76.30237896609697,-0.0016550184293464,-1000.0,1000.0,0.0,-32.830240222978205,-3.230480122852555,-0.1435728487483629,-0.0114361773470363,17.212589461015455,-504.0283379987017,-1000.0,-0.0056436128442101,-0.1650482509621724,-0.1650482509621724,61.16298770242497,-0.0031709558302281,0.0,0.0,1000.0,10.217307059448444,-6.189483813652032,-0.2750804182702495,-0.0219113047867267,982.7874105389848,-495.9716620012983,0.0,-0.0108129593810417, Neutralism,Healthy
SRR13077685.bin.26.fbc2XSRR13077685.bin.38.fbc2 ,-0.0804975020913616,-0.0804975020913616,0.0,-0.0015465418268831,-1000.0,999.7753957304758,1000.0,-24.41120388205502,-3.018741388226772,-0.1341625034856406,-0.0106866040240447,75.34116925351441,-495.99212912281854,-999.775395730476,-0.0052737076298399,-0.0892659542248566,-0.0892659542248566,1000.0,-0.0017150039236639,999.866092493643,-1000.0,-772.589072135414,-975.588796117945,-3.3475676086488875,-0.1487765903748368,-0.0118506771123065,924.6588307464856,165.352639357282,1000.0,-0.0058481633795963, Neutralism,Healthy
SRR13077685.bin.21.fbc2XSRR13077685.bin.3.fbc2 ,-0.0901927207906965,-0.0901927207906965,1.4220992127899308,-0.0017328092370689,999.8647022547676,-1000.0,0.0,1000.0,-3.3823223341591984,-0.1503212013178654,-0.0119737118283183,0.0,-499.9959500824784,1000.0,-0.00590887949852,-0.2107982070019716,-0.2107982070019716,998.5779007872102,-0.0040499175216837,-1000.0,999.6837824399096,1000.0,-198.01450599656997,-7.905155508036728,-0.3513303450032481,-0.0279849300745809,1000.0,-500.0040499175216,-999.6837824399096,-0.0138102187488584, Neutralism,Healthy
SRR13077685.bin.2.fbc2XSRR13077685.bin.3.fbc2 ,-0.1055241645188971,-0.1055241645188971,401.3721814896619,-0.0020273614701409,1000.0,-0.5465196218887058,-1000.0,-225.1347624261416,-3.957267674340756,-0.175873607531571,-0.0140090677583657,-3.245379967728354,-630.2301830702163,0.5465196218887058,-0.006913302613043,-0.1953994327061536,-0.1953994327061536,598.6278185103381,-0.0037540717138426,-1000.0,999.706882080582,1000.0,1000.0,-7.3276852004256625,-0.3256657211769607,-0.0259406355427245,1000.0,-369.7698169297837,-999.7068820805822,-0.0128013845442183, Amensalism,Healthy
SRR13077685.bin.46.fbc2XSRR13077685.bin.21.fbc2 ,-0.1208653199631726,-0.1208653199631726,979.41989856118,-0.0023221002875288,-398.2432316919926,1000.0,1000.0,-118.95394116402132,-4.53257721413388,-0.2014421999385831,-0.0160457129865108,10.085671062608071,-848.6660478738372,-1000.0,-0.0079183619802734,-0.0901927207906965,-0.0901927207906965,20.580101438820066,-0.0017328092370689,999.8647022547676,-1000.0,0.0,-113.69680140670516,-3.3823223341591984,-0.1503212013178654,-0.0119737118283183,989.914328937392,0.0,1000.0,-0.00590887949852, Neutralism,Healthy
SRR13077685.bin.44.fbc2XSRR13077685.bin.36.fbc2 ,-0.2037324026675833,-0.2037324026675833,941.9385745983982,-0.0039141671982179,-1000.0,1000.0,-69.16626740856623,-195.85228383906053,-7.640180379228582,-0.3395540044458585,-0.0270468953397085,1000.0,-300.1411746168386,-1000.0,-0.0133473101459458,-0.0060008816536765,-0.0060008816536765,58.06142540160181,-0.0001152907137793,0.0,-0.0090018989340023,-22.642487250749127,-68.2475109766533,-0.2250394030003235,-0.0100014694227184,-0.0007966588324279,-2.2789365520201272,-0.0100026223298073,0.0090018989340023,-0.0003931413340296, Amensalism,Healthy
SRR13077685.bin.26.fbc2XSRR13077685.bin.3.fbc2 ,-0.0861255495736941,-0.0861255495736941,140.8452313449725,-0.0016546695403576,999.7596923426592,-1000.0,1000.0,-142.29606214462422,-3.229799115837295,-0.1435425826227856,-0.0114337665236234,-10.874488218984538,-487.83454274233145,1000.0,-0.0056424231324854,-0.2094475660917396,-0.2094475660917396,859.1547686550275,-0.0040239686088625,-1000.0,999.6858085310192,0.0,108.1379131869935,-7.854505046714848,-0.3490792768195661,-0.0278056230872607,1000.0,-512.1654572576685,-999.6858085310192,-0.0137217329562417, Neutralism,Healthy
SRR13077685.bin.5.fbc2XSRR13077685.bin.38.fbc2 ,-0.0863957041765388,-0.0863957041765388,0.0,-0.0016598598305108,-1000.0,999.870398144436,455.06538359619617,234.43809889852128,-3.2399301989104288,-0.1439928402942314,-0.0114696314286675,904.140329551806,-0.1440094388925672,-999.870398144436,-0.0056601220219363,-0.0892659542248566,-0.0892659542248566,1000.0,-0.0017150039236639,999.866092493643,-1000.0,26.14966176280632,-1000.0,-3.3475676086488875,-0.1487765903748368,-0.0118506771123065,95.85967044819404,691.3376466405293,1000.0,-0.0058481633795963, Amensalism,Healthy
SRR13077685.bin.29.fbc2XSRR13077685.bin.21.fbc2 ,-0.0890856398826827,-0.0890856398826827,28.69646143451837,-0.0017115396711915,-982.9566591087942,1000.0,1000.0,-32.63960922126228,-3.3408056302808973,-0.148476066471062,-0.0118267391275139,-4.526372045080393,-55.50939913404568,-1000.0,-0.0058363502786278,-0.0901927207906965,-0.0901927207906965,210.8875379847559,-0.0017328092370689,999.8647022547676,-1000.0,-1000.0,1000.0,-3.3823223341591984,-0.1503212013178654,-0.0119737118283183,-316.8844209233366,-648.6144201131978,1000.0,-0.00590887949852, Neutralism,Healthy
SRR13077685.bin.2.fbc2XSRR13077685.bin.29.fbc2 ,-0.1235313928164032,-0.1235313928164032,378.93075708989386,-0.0023733216679602,-0.3446775058353069,1000.0,-1000.0,306.6284440047607,-4.632557763308228,-0.2058856546940433,-0.0163996527254539,-3.799189592826679,-1000.0,-1000.0,-0.00809302688765,-0.0890856398826827,-0.0890856398826827,17.02263126118646,-0.0017115396711915,394.23000953755536,0.0,1000.0,-408.6032287340127,-3.3408056302808973,-0.148476066471062,-0.0118267391275139,-13.91853156742377,0.0,0.0,-0.0058363502786278, Neutralism,Healthy
SRR13077685.bin.26.fbc2XSRR13077685.bin.44.fbc2 ,-0.0815768013659408,-0.0815768013659408,28.822772723930257,-0.0015672776439714,999.7723842677738,-1000.0,1000.0,-36.75536044530202,-3.059216251491762,-0.1359613356098634,-0.0108298885194244,37.53700873179173,-493.8209040533952,1000.0,-0.0053444167657517,-0.2061683620707981,-0.2061683620707981,971.1772272760696,-0.0039609675710607,-1000.0,1000.0,-34.62516619982648,-279.9452336985811,-7.731531430871314,-0.3436139367846635,-0.0273702859155946,962.4629912682084,-158.74125742947365,-1000.0,-0.013506899417166, Neutralism,Healthy
SRR13077685.bin.41.fbc2XSRR13077685.bin.29.fbc2 ,-0.0877356383525693,-0.0877356383525693,44.461042004073306,-0.0016856030423468,1000.0,-1000.0,1000.0,-33.62719354248543,-3.290179146388596,-0.1462260639209489,-0.0116475170224248,11.490638023949828,-504.9031142592796,1000.0,-0.0057479063742675,-0.0890856398826827,-0.0890856398826827,28.704094901451757,-0.0017115396711915,-961.2828674451026,1000.0,-860.3450292823055,-58.920215294576,-3.3408056302808973,-0.148476066471062,-0.0118267391275139,-2.215331373334834,-495.0968857407204,-1000.0,-0.0058363502786278, Neutralism,Healthy
SRR13077685.bin.5.fbc2XSRR13077685.bin.20.fbc2 ,-0.157379040112005,-0.157379040112005,927.89126025203,-0.0030236126822273,-1000.0,999.7639163217686,-1000.0,220.8385353423405,-5.901880302899826,-0.2622984001867507,-0.0208931636344686,992.929269022929,-0.2623286363135548,-999.7639163217684,-0.0103105192465591,-0.0897219947187295,-0.0897219947187295,72.10873974797005,-0.0017237655084727,1000.0,-1000.0,1000.0,-60.148220390522624,-3.3646696090539763,-0.1495366578644734,-0.0119112196639434,7.0707309770710935,-459.3149955251336,1000.0,-0.0058780403841183, Neutralism,Healthy
SRR13077685.bin.3.fbc2XSRR13077685.bin.42.fbc2 ,-0.1427258553866295,-0.1427258553866295,969.4243582317196,-0.002742091361938,-1000.0,999.7858975064632,0.0,145.44029542954513,-5.352370392022749,-0.2378764256443446,-0.0189478513107133,135.69355951764146,-500.0027420913619,-999.7858975064632,-0.0093505315441007,-0.162597344030928,-0.162597344030928,30.575641768280548,-0.0031238682811363,1000.0,-1000.0,1000.0,33.87712048270282,-6.097572213916351,-0.2709955733848801,-0.0215859298223222,864.3064404823585,-499.9972579086381,1000.0,-0.0106523908385725, Amensalism,Healthy
SRR13077685.bin.44.fbc2XSRR13077685.bin.29.fbc2 ,-0.2061717613814835,-0.2061717613814835,980.782415219518,-0.0039610328796015,-1000.0,1000.0,-943.2058091798056,-313.15275194758453,-7.731658908614122,-0.3436196023025104,-0.0273707371977707,1000.0,-154.54140003078692,-1000.0,-0.0135071221193356,-0.0890856398826827,-0.0890856398826827,19.21758478048207,-0.0017115396711915,29.863023175524177,0.0,1000.0,-43.74176583455778,-3.3408056302808973,-0.148476066471062,-0.0118267391275139,-8.539671453980418,-507.49153158132833,0.0,-0.0058363502786278, Neutralism,Healthy
SRR13077685.bin.18.fbc2XSRR13077685.bin.46.fbc2 ,-0.0100884142007089,-0.0100884142007089,116.4232038887792,-0.0001938215984864,1000.0,-1000.0,12.028808094143416,3.0610535779744623,-0.3783261927136436,-0.0168140236678482,-0.0013393072454164,-1.0675083106034435,-55.921218414398254,1000.0,-0.0006609316508274,-0.1144360401891617,-0.1144360401891617,883.5767961112208,-0.0021985790622238,-784.3692137966013,1000.0,867.5760411062342,-104.44580685933806,-4.29147242894237,-0.1907267336486029,-0.0151921813200033,-1.851577328840108,-553.9506128141444,-1000.0,-0.0074971546022197, Amensalism,Healthy
SRR13077696.bin.24.fbc2XSRR13077696.bin.10.fbc2 ,-0.0548745652755542,-0.0548745652755542,555.8996617317928,-0.0010542663837895,-1000.0,1000.0,455.9917473019384,-115.381992143071,-2.0578541824831973,-0.0914576087925524,-0.0072849807119155,211.674596397879,-0.1120474312676833,-1000.0,-0.0035950483686519,-0.0392109578210693,-0.0392109578210693,444.1003382682072,-0.0007533325230042,999.941179796606,-1000.0,-412.401503133053,-884.618007856929,-1.4704523515796382,-0.0653515963684867,-0.0052055277337785,448.0246470135269,0.0,1000.0,-0.0025688639033205, Competition,Healthy
SRR13077696.bin.24.fbc2XSRR13077696.bin.17.fbc2 ,-0.0932968608647115,-0.0932968608647115,991.8106775825704,-0.0017924468945693,-1000.0,1000.0,971.216405485548,-429.56530793435127,-3.498730867007112,-0.1554947681079284,-0.0123858080418131,258.5844740019759,-0.1905012559597025,-1000.0,-0.0061122439105929,-0.0422483147254979,-0.0422483147254979,8.18932241742948,-0.0008116871224501,999.8821186792012,-1000.0,28.783594514452037,82.58787152147056,-1.584356444997297,-0.070413857875792,-0.0056087580163648,489.0656310346044,-789.6081499586992,1000.0,-0.0027678530876755, Amensalism,Healthy
SRR13077696.bin.24.fbc2XSRR13077696.bin.45.fbc2 ,-0.0886180831030287,-0.0886180831030287,938.7287173357302,-0.0017025568319013,-1000.0,1000.0,964.5077276064904,-391.3064301528308,-3.323271756988447,-0.1476968051716767,-0.0117646677088032,252.30320959327943,-0.1809477400996684,-1000.0,-0.0058057187969779,-0.0922967794768965,-0.0922967794768965,61.27128266426985,-0.0017732330351236,0.0,0.0,-895.8203781113602,598.4642393349629,-3.4612267581987908,-0.1538279657947896,-0.012253040272526,46.94214115425007,-361.07550050586497,0.0,-0.00604672464965, Amensalism,Healthy
SRR13077696.bin.45.fbc2XSRR13077696.bin.15.fbc2 ,-0.1730105659037235,-0.1730105659037235,989.3559258714188,-0.0033239301806133,-1000.0,1000.0,-816.4193593687252,-34.39458151202621,-6.48807903754971,-0.2883509431728726,-0.0229683575483932,965.1762949258718,-653.7168328974061,-1000.0,-0.0113346019160189,-0.0884662091947348,-0.0884662091947348,10.644074128581224,-0.0016996389855421,999.8672921880128,-1000.0,1000.0,-503.5244802918658,-3.3175763249478223,-0.1474436819912625,-0.0117445053897426,-2.023717649048536,-346.2831671025939,1000.0,-0.0057957689405157, Neutralism,Healthy
SRR13077696.bin.15.fbc2XSRR13077696.bin.17.fbc2 ,-0.0904633510244821,-0.0904633510244821,36.416008919862406,-0.0017380086652565,-1000.0,999.86429628342,0.0,-47.86551177715887,-3.392471253896701,-0.150772251707508,-0.0120096398766236,0.9601049534768435,-364.0147130500079,-999.86429628342,-0.0059266095483963,-0.0827695814699609,-0.0827695814699609,963.5839910801376,-0.0015901936882301,999.7690561706652,-1000.0,1000.0,-952.1344882228412,-3.103946765774481,-0.137949302449897,-0.0109882383853801,262.1825531139118,-635.9852869499921,1000.0,-0.0054225604767452, Neutralism,Healthy
SRR13077696.bin.2.fbc2XSRR13077696.bin.17.fbc2 ,-0.1044008462512238,-0.1044008462512238,964.1822208502184,-0.0020057799472397,999.8433887017236,-1000.0,-1000.0,-875.3243432136602,-3.915142052315901,-0.1740014104186684,-0.0138599394350649,1000.0,-156.89596465556724,1000.0,-0.0068397096199532,-0.0436621017735205,-0.0436621017735205,35.81777914978147,-0.0008388492175299,-1000.0,999.8781739281352,0.0,453.96957466822187,-1.637374953212543,-0.0727701696224585,-0.0057964480932923,-2.1059645146281127,-744.5052897212761,-999.8781739281352,-0.0028604758318806, Amensalism,Healthy
SRR13077696.bin.24.fbc2XSRR13077696.bin.15.fbc2 ,-0.0940140484559606,-0.0940140484559606,999.9473588159768,-0.0018062257148585,-1000.0,1000.0,473.6277896818317,-435.4298293538404,-3.525626159514786,-0.1566900807599722,-0.0124810196894031,267.5517870901017,-0.1919656689702833,-1000.0,-0.0061592296875687,-0.0875390935597124,-0.0875390935597124,0.0526411840234004,-0.0016818269656369,999.8686829505256,-1000.0,526.3722103181683,-20.33175755163063,-3.282808508974199,-0.1458984892663011,-0.0116214243323611,-2.0025093222720898,-288.1713693853094,1000.0,-0.0057350299526888, Neutralism,Healthy
SRR13077696.bin.45.fbc2XSRR13077696.bin.10.fbc2 ,-0.1302760870685233,-0.1302760870685233,497.975019359958,-0.0025029027294749,-1000.0,1000.0,164.5181241071111,0.0,-4.885490924719875,-0.2171268117808722,-0.017295057860565,460.2744713298016,-498.77974013102187,-1000.0,-0.0085348983075164,-0.0443252991379949,-0.0443252991379949,502.024980640042,-0.0008515907614992,0.0,-0.0664922066607687,33.7714411552638,-1000.0,-1.6622455551656683,-0.0738754985633249,-0.0058844921622949,506.4611425884366,-249.9815311253592,0.0664922066607687,-0.0029039244968771, Amensalism,Healthy
SRR13077696.bin.2.fbc2XSRR13077696.bin.10.fbc2 ,-0.101516380344151,-0.101516380344151,951.7631768832752,-0.0019503627347603,1000.0,-1000.0,-978.8387526411271,-858.419199892113,-3.806971532856665,-0.1691939672402895,-0.0134770064971689,951.5257393754856,-138.98355373796198,1000.0,-0.0066507369255077,-0.0042580259577107,-0.0042580259577107,48.236823116724736,-8.180645454558544e-05,0.0,45.36556614813253,-21.161247358872856,-141.58080010788694,-0.1596804727690823,-0.0070967099295558,-0.0005652826007462,48.47426062451427,-11.727670775916067,-45.36556614813253,-0.0002789600099504, Amensalism,Healthy
SRR13077696.bin.10.fbc2XSRR13077696.bin.15.fbc2 ,-0.0424334908431092,-0.0424334908431092,481.0970144994835,-0.0008152447808242,-1000.0,999.9363456875116,49.53269232056118,-955.6044153994876,-1.5913007450776604,-0.0707224847384395,-0.0056333414356686,486.3773875548172,-249.98231937881545,-999.9363456875116,-0.0027799847026699,-0.0904170136026323,-0.0904170136026323,36.39735579733406,-0.0017371184169405,999.864365794004,-1000.0,950.4673076794388,-44.39558460051228,-3.390733551610083,-0.1506950226710159,-0.0120034882611435,-2.113725689752755,-308.3671458527442,1000.0,-0.0059235738018514, Neutralism,Healthy
SRR13077696.bin.3.fbc2XSRR13077696.bin.45.fbc2 ,-0.2267124943708722,-0.2267124943708722,811.1525537428024,-0.0043556675191211,-1000.0,999.659909480106,1000.0,690.2260551086215,-8.5019581006203,-0.3778541572847871,-0.030097662557182,827.2042113816287,-655.6247108011206,-999.659909480106,-0.0148528262402578,-0.1033918399293725,-0.1033918399293725,188.8474462571976,-0.0019863946191662,1000.0,-1000.0,0.0,309.7739448913785,-3.8773032490538526,-0.172319733215545,-0.0137259868187129,172.79578861837126,-344.3752891988794,1000.0,-0.0067736056514604, Amensalism,Healthy
SRR13077696.bin.3.fbc2XSRR13077696.bin.2.fbc2 ,-0.1890117675769715,-0.1890117675769715,593.1169119450296,-0.0036313500014557,0.0,-0.2835358081155164,1000.0,1000.0,-7.088141008387424,-0.3150196126283617,-0.025092628510265,0.0,-999.8832128465676,0.2835358081155164,-0.0123829035049993,-0.0709763714886548,-0.0709763714886548,406.8830880549704,-0.0013636190487886,-1000.0,1000.0,-716.9145604507978,-219.88535113759792,-2.661688929872639,-0.1182939524810535,-0.009422607627016,1000.0,-0.1167871534322557,-1000.0,-0.0046499409563693, Competition,Healthy
SRR13077696.bin.3.fbc2XSRR13077696.bin.10.fbc2 ,-0.2387780472647591,-0.2387780472647591,888.1961360650439,-0.0045874744911316,-1000.0,999.6418099917304,941.2710981325774,924.0757598829646,-8.954429083524019,-0.3979634121078561,-0.0316994487338888,887.2081771665858,-929.4523488605058,-999.6418099917304,-0.0156432880148713,-0.0098715002336575,-0.0098715002336575,111.8038639349561,-0.0001896541831456,1000.0,-717.8242036406448,37.34764127918538,-504.9469871271887,-0.3701916897427963,-0.016452500389505,-0.0013105104056876,112.79182283341424,-70.54765113949418,717.8242036406448,-0.000646720764621, Amensalism,Healthy
SRR13077696.bin.45.fbc2XSRR13077696.bin.2.fbc2 ,-0.1149181442310691,-0.1149181442310691,321.3822521303109,-0.0022078413877579,1000.0,-1000.0,0.0,356.2801627709096,-4.309551839941037,-0.1915302403850773,-0.0152561839892086,288.1261334241917,-500.2346493826874,1000.0,-0.0075287391321126,-0.0804473623459216,-0.0804473623459216,678.6177478696891,-0.0015455785272706,-1000.0,1000.0,-1000.0,-691.1208908356948,-3.0168610947901016,-0.1340789372432027,-0.0106799476236574,711.8738665758083,-0.1340943930284766,-1000.0,-0.0052704227780395, Competition,Healthy
SRR13077696.bin.3.fbc2XSRR13077696.bin.15.fbc2 ,-0.2418351745056952,-0.2418351745056952,963.5839910801376,-0.004646208924214,-1000.0,999.6372240071968,833.8626320114358,947.3819537561336,-9.069074585455724,-0.4030586241761966,-0.0321053036664125,999.039895046523,-714.2151474096022,-999.6372240071968,-0.0158435724315495,-0.0904633510244821,-0.0904633510244821,36.416008919862406,-0.0017380086652565,999.86429628342,-1000.0,166.13736798856416,-58.84080476351585,-3.392471253896701,-0.150772251707508,-0.0120096398766236,0.9601049534769572,-285.7848525903978,1000.0,-0.0059266095483963, Neutralism,Healthy
SRR13077696.bin.2.fbc2XSRR13077696.bin.15.fbc2 ,-0.1043739269874777,-0.1043739269874777,963.5898173462584,-0.0020052627663744,999.8434290832053,-1000.0,-1000.0,-875.0126965563081,-3.914132551480861,-0.1739565449790916,-0.0138563657153554,1000.0,-156.7310904063304,1000.0,-0.0068379460332153,-0.0904488776219523,-0.0904488776219523,36.410182653741685,-0.001737730597938,-1000.0,999.864317994914,126.89168258188738,-56.91148802296812,-3.391928486006464,-0.1507481293699584,-0.0120077184316187,0.0,-499.9294444140159,-999.864317994914,-0.0059256613388924, Neutralism,Healthy
SRR13077696.bin.45.fbc2XSRR13077696.bin.17.fbc2 ,-0.173224051071088,-0.173224051071088,991.8106775825707,-0.0033280317209118,-1000.0,1000.0,212.88265546414848,-50.03193159531429,-6.496084956909044,-0.288706751785071,-0.0229966991911396,945.0368426927909,-499.92957802525297,-1000.0,-0.0113485881681754,-0.0422483147254979,-0.0422483147254979,8.189322417429139,-0.0008116871224501,999.8821186792012,-1000.0,160.2928503960036,-67.71363375638919,-1.584356444997297,-0.070413857875792,-0.0056087580163648,54.96315730720926,-500.07042197474703,1000.0,-0.0027678530876755, Amensalism,Healthy
SRR13077696.bin.3.fbc2XSRR13077696.bin.17.fbc2 ,-0.238603774144849,-0.238603774144849,888.2777365656334,-0.0045841263043939,-1000.0,999.6420714181512,1000.0,-561.5251844599175,-8.94789365737688,-0.397672956907968,-0.0316763127634658,1000.0,-499.9222154084157,-999.6420714181512,-0.01563187069803,-0.0466653756565165,-0.0466653756565165,111.7222634343666,-0.0008965490039827,999.8697941881536,-1000.0,0.0,-438.47481554008255,-1.7500008973162269,-0.0777756260943078,-0.0061951536174547,-2.250822136423153,-500.0777845915843,1000.0,-0.0030572321035151, Amensalism,Healthy
SRR13077696.bin.10.fbc2XSRR13077696.bin.17.fbc2 ,-0.0444048710525066,-0.0444048710525066,503.2202437132978,-0.0008531195206842,-1000.0,999.9333884278236,-471.4728377828046,-1000.0,-1.66522958604412,-0.0740081184209202,-0.0058950558880042,508.5182993575552,0.0,-999.9333884278236,-0.0029091375655525,-0.0630927093229729,-0.0630927093229729,496.7797562867022,-0.0012121557987256,999.8239586133528,-1000.0,1000.0,214.521880594476,-2.3660432681808743,-0.1051545155382882,-0.0083759965691569,-0.7801798367253241,-855.1211366604468,1000.0,-0.0041334512735602, Amensalism,Healthy
SRR13077696.bin.3.fbc2XSRR13077696.bin.24.fbc2 ,-0.2387780472647591,-0.2387780472647591,888.1961360650439,-0.0045874744911316,-1000.0,999.6418099917304,1000.0,1000.0,-8.954429083524019,-0.3979634121078561,-0.0316994487338888,948.0383531091428,-999.97658720207,-999.6418099917304,-0.0156432880148713,-0.0114662790012971,-0.0114662790012971,111.8038639349561,-0.0002202935446575,1000.0,-1000.0,-1.1988727171926712,-2.3406321299879664,-0.429997578694838,-0.0191104650021998,-0.0015222283938101,51.96164689085731,-0.0234127979300637,1000.0,-0.0007512009874517, Amensalism,Healthy
SRR13077696.bin.24.fbc2XSRR13077696.bin.2.fbc2 ,-0.059268509505955,-0.059268509505955,630.8600632543566,-0.0011386841404146,1000.0,-1000.0,601.2652427937592,-276.86151675699034,-2.22263173409965,-0.0987808491764781,-0.0078683074099217,162.68146930569105,-0.1210193504377912,1000.0,-0.0038829129185842,-0.0619323250878096,-0.0619323250878096,369.13993674564335,-0.0011898621534101,-1000.0,1000.0,-1000.0,-213.021701884358,-2.32252763321344,-0.1032205418131297,-0.0082219474804787,837.318530694309,-388.33923302323456,-1000.0,-0.0040574299433728, Competition,Healthy
SRR13077707.bin.4.fbc2XSRR13077707.bin.5.fbc2 ,-0.0826356381170398,-0.0826356381170398,26.65913897810742,-0.0015876203289053,-1000.0,1000.0,81.7561282072761,-42.849046121041965,-3.098923748507673,-0.1377260635284756,-0.0109704564723642,-5.47076005369513,-500.1651918952177,-1000.0,-0.005413785321366,-0.072439279401351,-0.072439279401351,973.3408610218926,-0.0013917248684265,999.9972165502631,-999.9972165502631,-776.7055970742696,-957.150953878958,-2.7165495224182905,-0.1207321323355472,-0.0096168188407546,1000.0,-0.0342851421335126,1000.0,-0.0047457818012617, Neutralism,Healthy
SRR13077707.bin.10.fbc2XSRR13077707.bin.5.fbc2 ,-0.181043552987262,-0.181043552987262,771.2376331137361,-0.0034782623051796,-1000.0,999.7284172792076,1000.0,-771.9948415572263,-6.789324541448764,-0.3017392549787701,-0.0240347925291644,-26.30248042166147,-383.1021476845133,-999.7284172792076,-0.0118608744608081,-0.0171396077788585,-0.0171396077788585,228.76236688626383,-0.0003292912157348,999.9993414175684,-999.9993414175684,0.0,-228.00515844277368,-0.6427534027255888,-0.0285660129648022,-0.0022754023007109,56.83941684067031,-0.0077449293939935,1000.0,-0.0011228830456957, Amensalism,Healthy
SRR13077707.bin.4.fbc2XSRR13077707.bin.10.fbc2 ,-0.0823762398334793,-0.0823762398334793,59.36577636244647,-0.0015826366923192,-1000.0,1000.0,51.42044379475578,-61.79941766620311,-3.0891960387732524,-0.1372937330557988,-0.010936019543692,8.452130244337013,-500.16388202948616,-1000.0,-0.0053967911206882,-0.1754579490827836,-0.1754579490827836,738.9050372782988,-0.0033709500304439,999.7367962216258,-1000.0,948.5795562052442,-922.1605248790196,-6.579858492856033,-0.2924299151379728,-0.0232932647101051,-25.49098929195065,-285.8496865724308,1000.0,-0.0114949396037218, Neutralism,Healthy
SRR13077712.bin.12.fbc2XSRR13077712.bin.36.fbc2 ,-0.1274814719579353,-0.1274814719579353,459.170990967732,-0.0024492117571526,-1000.0,999.644300976514,1000.0,-973.5680449764834,-4.780689905070858,-0.2124691199300059,-0.0169240532417234,450.5709065200269,-250.1713774696749,-999.6443009765138,-0.008351812091746,-0.0971590799064188,-0.0971590799064188,540.829009032268,-0.0018666489895622,0.0,-0.1457479531046601,-334.5500881764449,-26.431955023516597,-3.6435681621860567,-0.1619317998440692,-0.0128985445178386,64.12622360336081,-138.77887353840367,0.1457479531046601,-0.0063652730543708, Competition,Healthy
SRR13077712.bin.28.fbc2XSRR13077712.bin.41.fbc2 ,-0.1188886677559821,-0.1188886677559821,205.12070744788343,-0.0022841242604272,-1000.0,999.8216555777448,-1000.0,-332.83271985349586,-4.458450667681859,-0.1981477795932278,-0.0157832986396897,835.3373609564642,-40.152916807875386,-999.8216555777448,-0.0077888637281375,-0.181476816493614,-0.181476816493614,794.8792925521166,-0.0034865862919559,1000.0,-1000.0,138.16564515031564,172.3512242685797,-6.8055723807556205,-0.30246136082269,-0.0240923112770587,164.66263904353582,-166.54912852987331,1000.0,-0.0118892592554402, Amensalism,Healthy
SRR13077712.bin.12.fbc2XSRR13077712.bin.11.fbc2 ,-0.1755561423788094,-0.1755561423788094,990.5699430258531,-0.0033728365490333,-1000.0,999.5101629479792,1000.0,-955.0494573321032,-6.583540845216476,-0.2925935706314249,-0.0233063005540543,307.3647003930077,-284.8971845501169,-999.5101629479792,-0.011501372632324,-0.1703222408970077,-0.1703222408970077,9.430056974146735,-0.0032722812852625,1000.0,-1000.0,-715.0030723438117,-44.95054266789669,-6.3872640091075255,-0.2838704014949371,-0.0226114636810734,-16.61654619803369,-250.81279376773875,1000.0,-0.0111584791826544, Neutralism,Healthy
SRR13077712.bin.55.fbc2XSRR13077712.bin.56.fbc2 ,-0.0004303182639295,-0.0004303182639295,0.1114883935555326,-8.267401804602096e-06,1000.0,-1000.0,0.6413942708227296,-0.1487610858458978,-0.0161373896044569,-0.0007171971065492,-5.7127746469800486e-05,7.230738289411192,-3.655639741569856,1000.0,-2.819184015369315e-05,-0.1288069185683995,-0.1288069185683995,577.9385519328207,-0.0024746766295562,-1000.0,1000.0,-1000.0,-107.89044712785596,-4.830395553529607,-0.2146781976139992,-0.0171000155102332,992.7692617105888,-251.6578163573656,-1000.0,-0.0084386473067865, Amensalism,Healthy
SRR13077712.bin.11.fbc2XSRR13077712.bin.50.fbc2 ,-0.1737734371372425,-0.1737734371372425,153.46079465267212,-0.0033385866885282,-1000.0,1000.0,-824.3762713797163,-45.861364079348505,-6.516687514916384,-0.2896223952287755,-0.0230696340177019,28.67856648913198,-293.7550480682695,-1000.0,-0.0113845806077961,-0.0592857748126789,-0.0592857748126789,29.703323587147,-0.0011390158465474,1000.0,-1000.0,391.1085273256817,225.1511528719,-2.2232792013462586,-0.0988096246877603,-0.0078705994995971,29.862424819362783,-270.65115297448835,1000.0,-0.0038840440366811, Neutralism,Healthy
SRR13077712.bin.27.fbc2XSRR13077712.bin.30.fbc2 ,-0.0815951694154364,-0.0815951694154364,278.30708892509074,-0.0015676305363285,-1000.0,1000.0,649.9402910430456,-23.64501031586974,-3.059905072759875,-0.1359919490257652,-0.0108323270060282,6.679516952207791,-403.1499321349229,-1000.0,-0.0053456201288781,-0.0823139633829441,-0.0823139633829441,419.13099861355545,-0.0015814402187288,999.8765211477246,-1000.0,350.0597089569544,-28.503071967185065,-3.086860606070559,-0.1371899389714599,-0.0109277519111401,6.073742561515473,-400.1562383864057,1000.0,-0.0053927111457596, Neutralism,Healthy
SRR13077712.bin.27.fbc2XSRR13077712.bin.40.fbc2 ,-0.0759739995039581,-0.0759739995039581,270.2682740798234,-0.0014596349568591,-1000.0,1000.0,507.40807385741846,-14.032142272271471,-2.849105261322734,-0.1266233325067105,-0.0100860775518185,3.213663688145516,-403.4603704587346,-1000.0,-0.0049773552028682,-0.0832546078495397,-0.0832546078495397,729.7317259201766,-0.0015995121584637,1000.0,-1000.0,492.5919261425816,-343.828040291036,-3.1221357675285617,-0.1387576797493466,-0.0110526290152392,325.14373511111626,-393.86580312143496,1000.0,-0.0054543364605024, Neutralism,Healthy
SRR13077712.bin.52.fbc2XSRR13077712.bin.36.fbc2 ,-0.0039431365750033,-0.0039431365750033,31.064228452292127,-7.575670656478906e-05,1000.0,-1000.0,484.9866596996501,987.5694325654572,-0.1478717881822149,-0.0065718942917101,-0.000523478842183,0.2619704790251944,-256.7174659622551,1000.0,-0.0002583303693199,-0.1740535512116139,-0.1740535512116139,968.935771547708,-0.0033439683229516,-1000.0,999.738902953341,-60.12011550936006,-47.350959290044216,-6.527192088692573,-0.2900892520193565,-0.0231068211118099,940.2352605442044,-58.95874068092439,-999.738902953341,-0.0114029319813653, Amensalism,Healthy
SRR13077712.bin.28.fbc2XSRR13077712.bin.50.fbc2 ,-0.1679493288436333,-0.1679493288436333,983.4286271528828,-0.0032266921967902,-1000.0,999.7480598732736,-670.6043656248646,-731.0005198437057,-6.298277299708843,-0.2799155480728359,-0.0222964430798811,981.9007092748644,-232.84067034948896,-999.7480598732736,-0.0110030203910582,-0.0589501251524779,-0.0589501251524779,16.57137284711746,-0.0011325672459179,1000.0,-1000.0,375.4137125245427,233.8771861369676,-2.21069198441694,-0.0982502085875012,-0.0078260396695668,18.09929072513546,-271.5402312522151,1000.0,-0.0038620543087972, Neutralism,Healthy
SRR13077712.bin.55.fbc2XSRR13077712.bin.34.fbc2 ,-0.0011410040249302,-0.0011410040249302,0.3070872584900144,-2.1921306938565976e-05,0.0,0.0,1.4340745806143786,-0.341406324942227,-0.0427888566085812,-0.0019016733749595,-0.0001514762308261,19.185515290364265,-9.62430547481722,0.0,-7.475165659798222e-05,-0.085655334924354,-0.085655334924354,999.69291274151,-0.0016456356373737,-1000.0,1000.0,-831.6637606946974,-970.9786087150862,-3.212165569625313,-0.1427588915406659,-0.011371342254165,954.7112625003132,-0.0321228076411443,-1000.0,-0.0056116175234137, Amensalism,Healthy
SRR13077712.bin.34.fbc2XSRR13077712.bin.30.fbc2 ,-0.0505612728761661,-0.0505612728761661,589.9423114365884,-0.0009713981340837,-1000.0,1000.0,63.63899872304137,-572.9926169124715,-1.8961011597552897,-0.0842687881270194,-0.0067123611061106,563.5775331590253,-0.0189616915762371,-1000.0,-0.003312467636988,-0.0875947100973917,-0.0875947100973917,410.0576885634116,-0.0016828954869652,1000.0,-988.6924232755116,511.26600920596,-30.33164998065968,-3.2848941879042286,-0.1459911834956528,-0.0116288078151001,0.7439071210653765,-401.304604142045,988.6924232755114,-0.0057386736106082, Amensalism,Healthy
SRR13077712.bin.50.fbc2XSRR13077712.bin.52.fbc2 ,-0.0583000262196264,-0.0583000262196264,5.062492017423892,-0.0011200773528798,-1000.0,1000.0,363.8840270813821,246.96423002761503,-2.186312587492353,-0.097166710366082,-0.0077397345087319,25.223275660748868,-272.12591456849225,-1000.0,-0.003819463773425,-0.1719708859409365,-0.1719708859409365,994.937507982576,-0.0033039555415825,1000.0,-1000.0,119.63794821867668,111.3416950917067,-6.449089940340059,-0.2866181432349322,-0.0228303327925232,20.08613339879082,-500.3511443949626,1000.0,-0.0112664883969273, Neutralism,Healthy
SRR13077712.bin.40.fbc2XSRR13077712.bin.14.fbc2 ,-0.015317233638143,-0.015317233638143,0.0035990349163057,-0.0002942792245903,-1000.0,1000.0,-47.3323123402829,691.9044610941164,-0.5744124467888696,-0.0255287227303142,-0.0020334694416987,64.7927016250469,-413.34692062864406,-1000.0,-0.0010034921557462,-0.2358726965445612,-0.2358726965445612,999.9964009650836,-0.004531656033464,1000.0,-1000.0,1000.0,-750.1032678301362,-8.845475361501258,-0.3931211609075262,-0.0313137431916175,935.2072983749532,-325.45498665351306,1000.0,-0.0154529470743227, Amensalism,Healthy
SRR13077712.bin.12.fbc2XSRR13077712.bin.40.fbc2 ,-0.1436763206152136,-0.1436763206152136,627.2622377790381,-0.0027603519811236,-1000.0,999.5991140817878,376.7177733096232,-976.5051350559744,-5.388013842428791,-0.2394605343586135,-0.0190740321892235,187.9522836365254,-6.6556036256747575,-999.5991140817878,-0.009412800255518,-0.0571866363499111,-0.0571866363499111,372.73776222096194,-0.0010986865772792,1000.0,-1000.0,438.8144484785285,-23.49486494402549,-2.1445592908847857,-0.0953110605832989,-0.0075919242493682,-5.625341197116541,-362.8443358810264,1000.0,-0.0037465212286633, Competition,Healthy
SRR13077712.bin.56.fbc2XSRR13077712.bin.40.fbc2 ,-0.1129092037721193,-0.1129092037721193,333.2891895952921,-0.0021692450292221,-1000.0,1000.0,-1000.0,1000.0,-4.234214449932438,-0.1881820062869792,-0.0149894831520214,1000.0,-526.9716816684186,-1000.0,-0.0073971255496871,-0.0883509576377719,-0.0883509576377719,666.7108104047079,-0.0016974247384951,1000.0,-1000.0,768.7731385160484,-672.0798899516527,-3.313254269778554,-0.1472515960630289,-0.011729204942867,-8.690916506494887,-333.5137356345388,1000.0,-0.0057882183582478, Amensalism,Healthy
SRR13077712.bin.50.fbc2XSRR13077712.bin.36.fbc2 ,-0.0592857748126789,-0.0592857748126789,29.703323587147224,-0.0011390158465474,1000.0,-1000.0,402.6713833737836,225.1511528719002,-2.2232792013462586,-0.0988096246877603,-0.0078705994995971,18.29956877126176,-270.65115297448824,1000.0,-0.0038840440366811,-0.1740673434949258,-0.1740673434949258,970.2966764128528,-0.0033442333044604,-1000.0,999.7388822635912,-13.808355990382438,-47.35471145620602,-6.527709313890455,-0.2901122391581339,-0.0231086521334873,949.6712882491876,-91.60977143433684,-999.7388822635912,-0.0114038355681032, Neutralism,Healthy
SRR13077712.bin.55.fbc2XSRR13077712.bin.53.fbc2 ,-0.0311650192073784,-0.0311650192073784,8.387683215553125,-0.0005987515697825,-1000.0,1000.0,39.17003879785034,-9.324694994054768,-1.1687211516148182,-0.051941698679002,-0.0041373733472482,909.155761160494,-262.8751111965771,-1000.0,-0.0020417428529526,-0.0214587068207947,-0.0214587068207947,991.6123167844468,-0.0004122710244018,999.9678098784136,-1000.0,960.8299612021495,-785.4702080337113,-0.804724180687117,-0.0357645113680291,-0.0028487927787637,28.743596472586432,-0.0357686340782947,1000.0,-0.0014058441933002, Neutralism,Healthy
SRR13077712.bin.11.fbc2XSRR13077712.bin.36.fbc2 ,-0.171970882743949,-0.171970882743949,30.832560258067588,-0.0033039554801916,1000.0,-1000.0,-789.0901579464154,-45.38564348205841,-6.449089820447853,-0.2866181379065438,-0.0228303323681302,-16.773322944501274,-251.80911808170617,1000.0,-0.0112664881874025,-0.1740673434949258,-0.1740673434949258,969.1674397419324,-0.0033442333044604,-1000.0,999.7388822635912,-210.9098420535846,-51.57904663934698,-6.527709313890455,-0.2901122391581339,-0.0231086521334873,940.23052469014,-59.57294307914253,-999.7388822635912,-0.0114038355681032, Neutralism,Healthy
SRR13077712.bin.28.fbc2XSRR13077712.bin.56.fbc2 ,-0.1301900632706747,-0.1301900632706747,844.0849473073486,-0.0025012500148022,-1000.0,999.8047023988438,-546.8483834397848,-1000.0,-4.882264941401331,-0.2169834387844957,-0.0172836376023042,776.5279525825947,-6.804875777782627,-999.804702398844,-0.0085292625504962,-0.0926833149452477,-0.0926833149452477,155.91505269265144,-0.0017806592688884,0.0,-0.1390338757141762,-453.1516165602152,214.87103755499743,-3.475722246704436,-0.1544721915753371,-0.0123043555479398,223.4720474174053,-253.35232701101927,0.1390338757141762,-0.0060720481068301, Competition,Healthy
SRR13077712.bin.50.fbc2XSRR13077712.bin.53.fbc2 ,-0.0592857748126789,-0.0592857748126789,29.70332358714677,-0.0011390158465474,1000.0,-1000.0,402.67138337378174,225.1511528719,-2.2232792013462586,-0.0988096246877603,-0.0078705994995971,18.299568771261647,-270.65115297448835,1000.0,-0.0038840440366811,-0.0214587068207947,-0.0214587068207947,970.2966764128532,-0.0004122710244018,-1000.0,999.9678098784136,597.3286166262183,-1000.0,-0.804724180687117,-0.0357645113680291,-0.0028487927787637,981.7004312287384,-0.0357686340782947,-999.9678098784136,-0.0014058441933002, Neutralism,Healthy
SRR13077712.bin.10.fbc2XSRR13077712.bin.40.fbc2 ,-0.0902600141296261,-0.0902600141296261,19.744807281126896,-0.0017341020966341,-1000.0,999.864601308295,0.0,150.79751173808654,-3.384845905476709,-0.1504333568826723,-0.0119826454877056,868.1537264857752,-121.43414747961252,-999.864601308295,-0.0059132881494861,-0.0883509576377719,-0.0883509576377719,980.2551927188732,-0.0016974247384951,1000.0,-1000.0,675.0816785022357,-1000.0,-3.313254269778554,-0.1472515960630289,-0.011729204942867,131.84627351422478,-356.9366006379921,1000.0,-0.0057882183582478, Neutralism,Healthy
SRR13077712.bin.56.fbc2XSRR13077712.bin.14.fbc2 ,-0.0514520683564114,-0.0514520683564114,0.2786517492600069,-0.0009885123603226,-1000.0,1000.0,-1000.0,1000.0,-1.929506931544779,-0.0857534472606857,-0.0068306204100281,492.4327649910636,-522.4696804416515,-1000.0,-0.0033708271488421,-0.2212579005185944,-0.2212579005185944,999.72134825074,-0.0042508722482352,1000.0,-1000.0,723.5081905756044,-430.0175230495337,-8.297405067420414,-0.3687631675309148,-0.0293735272350659,507.5672350089365,-477.5303195583485,1000.0,-0.0144954743662992, Amensalism,Healthy
SRR13077712.bin.50.fbc2XSRR13077712.bin.48.fbc2 ,-0.0591577504236511,-0.0591577504236511,29.63918088402897,-0.0011365562040737,-1000.0,1000.0,403.788526234016,226.47888533752712,-2.2184781514791894,-0.0985962507061231,-0.0078536033703358,15.681057156293946,-270.591133329408,-1000.0,-0.0038756566559641,-0.0539685391531747,-0.0539685391531747,3.1788350891797563,-0.0010368595418412,1000.0,-1000.0,-1000.0,-5.927072779226137,-2.0238772455168146,-0.0899475652552155,-0.0071646994341563,984.318942843706,-247.19038076991976,1000.0,-0.0035356910376549, Neutralism,Healthy
SRR13077712.bin.14.fbc2XSRR13077712.bin.5.fbc2 ,-0.1971552026999461,-0.1971552026999461,718.3367681817294,-0.0037878040864143,1000.0,-1000.0,369.58395610466096,-613.7521128696048,-7.393528430474134,-0.3285920045000239,-0.0261737262374026,1000.0,-320.73438614000634,1000.0,-0.0129164119348388,-0.0836086495485233,-0.0836086495485233,281.66323181827056,-0.0016063141123368,-1000.0,999.8745789941069,630.416043895339,-37.990774440095606,-3.135412705345516,-0.1393477492475767,-0.011099630516469,0.0,-394.530633771474,-999.8745789941066,-0.0054775311231196, Amensalism,Healthy
SRR13077712.bin.11.fbc2XSRR13077712.bin.48.fbc2 ,-0.1737734371372425,-0.1737734371372425,996.7722623775288,-0.0033385866885282,-1000.0,1000.0,62.560408446386646,-45.86136407934839,-6.516687514916384,-0.2896223952287755,-0.0230696340177019,0.5385006785108999,-293.75504806826984,-1000.0,-0.0113845806077961,-0.0547987798571512,-0.0547987798571512,3.227737622470954,-0.0010528103719025,0.0,0.0,-1000.0,-6.018253625596685,-2.0550121492155995,-0.0913312997620323,-0.0072749196698396,999.4614993214892,-250.9931058203588,0.0,-0.0035900833681807, Neutralism,Healthy
SRR13077712.bin.48.fbc2XSRR13077712.bin.5.fbc2 ,-0.0545988054935833,-0.0545988054935833,3.215958805884725,-0.0010489684052572,1000.0,-1000.0,-1000.0,-5.996291522751221,-2.0475128992706004,-0.0909980091558964,-0.0072483716803617,995.8142159724836,-250.07716961251535,1000.0,-0.0035769822619613,-0.0839843336059402,-0.0839843336059402,349.9555943929085,-0.0016135318655869,-1000.0,999.8740154319316,760.3415391943572,-38.41036002341264,-3.149501254476604,-0.1399738893433095,-0.0111495051914971,4.185784027516661,-254.33337782109584,-999.8740154319318,-0.0055021436618289, Neutralism,Healthy
SRR13077712.bin.27.fbc2XSRR13077712.bin.12.fbc2 ,-0.0815969602099357,-0.0815969602099357,239.15621193661764,-0.0015676649416036,1000.0,-1000.0,826.0950201010019,-15.070684209401064,-3.0599722294426783,-0.1359949336831505,-0.0108325647463516,3.4515122252548736,-474.3183799956755,1000.0,-0.0053457374508525,-0.1553843879140686,-0.1553843879140686,760.8437880633824,-0.0029852908340899,-1000.0,999.5664462121658,173.90497989899814,-984.9293157905988,-5.827078737775537,-0.2589739798568189,-0.020628359663533,368.4001122248562,-9.104987779417456,-999.5664462121658,-0.0101798417442751, Amensalism,Healthy
SRR13077712.bin.56.fbc2XSRR13077712.bin.34.fbc2 ,-0.0847375846730074,-0.0847375846730074,0.6244116730279075,-0.0016280035480349,-1000.0,1000.0,373.2173287031005,-29.337576686999117,-3.1777489654342617,-0.1412293077884214,-0.0112495045166269,45.28694102795407,-269.2928264732925,-1000.0,-0.0055514920986752,-0.085651937227908,-0.085651937227908,999.375588326972,-0.0016455703597557,1000.0,-1000.0,-14.608781249020469,-970.6624233130008,-3.2120381524143795,-0.1427532287131043,-0.0113708911862886,954.713058972046,-0.0321215334233784,1000.0,-0.0056113949269729, Amensalism,Healthy
SRR13077712.bin.40.fbc2XSRR13077712.bin.5.fbc2 ,-0.0883509576377719,-0.0883509576377719,716.2634190519075,-0.0016974247384951,1000.0,-1000.0,669.6287232690033,-970.3439310181312,-3.313254269778554,-0.1472515960630289,-0.011729204942867,140.02570636407268,-358.2998394463,1000.0,-0.0057882183582478,-0.0742749876219477,-0.0742749876219477,283.7365809480925,-0.0014269930378532,-1000.0,999.888580383602,330.37127673099667,-29.656068981868884,-2.785390520439364,-0.1237916460365795,-0.0098605218918237,4.168403632896911,-399.2166700092656,-999.888580383602,-0.0048660462591669, Amensalism,Healthy
SRR13077712.bin.55.fbc2XSRR13077712.bin.36.fbc2 ,-0.0238525417760229,-0.0238525417760229,6.41961947694324,-0.0004582620898645,1000.0,-1000.0,29.97928480572955,-7.136773297468949,-0.8944955210170065,-0.0397542362934473,-0.0031665910407809,461.1965180251527,-201.194792468074,1000.0,-0.0015626737263119,-0.1740673434949258,-0.1740673434949258,993.5803805230566,-0.0033442333044604,-1000.0,999.7388822635912,37.31678635130811,-47.35471145620557,-6.527709313890455,-0.2901122391581339,-0.0231086521334873,497.005238094272,-336.99480822593137,-999.7388822635912,-0.0114038355681032, Amensalism,Healthy
SRR13077712.bin.28.fbc2XSRR13077712.bin.27.fbc2 ,-0.1584834286099976,-0.1584834286099976,772.3318909230798,-0.003044830520821,-1000.0,999.7622596329325,-1000.0,-644.7333679235578,-5.943296038552717,-0.2641390476833294,-0.0210397788990803,997.8084357649528,-164.72284596337158,-999.7622596329325,-0.010382872076093,-0.0815969602099357,-0.0815969602099357,227.66810907692025,-0.0015676649416036,1000.0,-1000.0,894.4128890039251,-15.070684209399133,-3.0599722294426783,-0.1359949336831505,-0.0108325647463516,2.1915642350473945,-500.1666114299924,1000.0,-0.0053457374508525, Neutralism,Healthy
SRR13077712.bin.27.fbc2XSRR13077712.bin.11.fbc2 ,-0.0815969602099357,-0.0815969602099357,288.629356993536,-0.0015676649416036,0.0,0.0,1000.0,-183.9989231082436,-3.0599722294425646,-0.1359949336831505,-0.0108325647463516,167.0001364338782,-500.1666114299924,0.0,-0.0053457374508525,-0.1737734371372425,-0.1737734371372425,711.370643006464,-0.0033385866885282,-1000.0,1000.0,-177.695038885744,-45.861364079348505,-6.516687514916384,-0.2896223952287755,-0.0230696340177019,0.5385006785107862,-293.7550480682696,-1000.0,-0.0113845806077961, Neutralism,Healthy
SRR13077712.bin.40.fbc2XSRR13077712.bin.34.fbc2 ,-0.0883509576377719,-0.0883509576377719,666.691211428385,-0.0016974247384951,-1000.0,1000.0,768.7731385160487,-667.5166011817164,-3.313254269778554,-0.1472515960630289,-0.011729204942867,-4.127627736558452,-333.5137356345388,-1000.0,-0.0057882183582478,-0.0285663806176899,-0.0285663806176899,333.30878857161497,-0.0005488257563683,1000.0,-1000.0,-4.872277487556175,-317.3774461604427,-1.0712694585819236,-0.0476106343628544,-0.0037923859763395,326.24353325046764,-0.0107130787638425,1000.0,-0.0018714958291639, Amensalism,Healthy
SRR13077712.bin.55.fbc2XSRR13077712.bin.10.fbc2 ,0.0,0.0,0.0,0.0,-1000.0,1000.0,0.0,0.0,0.0,0.0,0.0,0.0,0.0,-1000.0,0.0,-0.0902600141296261,-0.0902600141296261,35.833208268445105,-0.0017341020966341,999.864601308295,-1000.0,0.0,494.0793809338734,-3.384845905476709,-0.1504333568826723,-0.0119826454877056,543.6563584325913,-243.0218062558304,1000.0,-0.0059132881494861, Amensalism,Healthy
SRR13077712.bin.10.fbc2XSRR13077712.bin.34.fbc2 ,-0.0728393977080941,-0.0728393977080941,65.59485091082615,-0.0013994120597544,-1000.0,999.8907339063776,-81.5031143648439,734.7053426079524,-2.731554381717956,-0.1213989961802326,-0.00966993733266,107.35382310110664,-308.5561423434483,-999.8907339063776,-0.0047719951236331,-0.0800836163200529,-0.0800836163200529,934.4051490891738,-0.0015385901310764,1000.0,-1000.0,-777.1576245755969,-907.5586565901772,-3.003220234458013,-0.133472693866679,-0.0106316578054475,892.6461768988934,-0.0300332793576671,1000.0,-0.0052465923467934, Amensalism,Healthy
SRR13077712.bin.55.fbc2XSRR13077712.bin.11.fbc2 ,-0.0311837297241481,-0.0311837297241481,8.392718921955407,-0.0005991110417653,0.0,0.0,39.193555281493445,-9.330293253439775,-1.169422815761436,-0.0519728828735424,-0.0041398572985826,971.3214335108678,-263.0329333086445,0.0,-0.0020429686524039,-0.1737734371372425,-0.1737734371372425,153.46079465267258,-0.0033385866885282,-1000.0,1000.0,-824.3762713797161,-45.861364079348505,-6.516687514916384,-0.2896223952287755,-0.0230696340177019,28.67856648913221,-293.7550480682696,-1000.0,-0.0113845806077961, Neutralism,Healthy
SRR13077712.bin.10.fbc2XSRR13077712.bin.41.fbc2 ,-0.0902600141296261,-0.0902600141296261,15.644410157007089,-0.0017341020966341,-1000.0,999.864601308295,-6.01557311373324,162.86390689314953,-3.384845905476709,-0.1504333568826723,-0.0119826454877056,814.5632340919444,-217.2627606697705,-999.864601308295,-0.0059132881494861,-0.1828404629492297,-0.1828404629492297,818.8861376561058,-0.0035127850710523,1000.0,-1000.0,-944.4544742264416,170.64063416589988,-6.856710563775437,-0.3047341049153829,-0.024273344841049,185.4367659080556,-147.51456405081444,1000.0,-0.0119785970923658, Neutralism,Healthy
SRR13077712.bin.48.fbc2XSRR13077712.bin.52.fbc2 ,-0.0546408151493551,-0.0546408151493551,3.2184332432153724,-0.0010497755072265,-1000.0,1000.0,-1000.0,-6.000905216048977,-2.0490883057537985,-0.0910680252488873,-0.0072539487547373,996.58041977633,-250.26958510080533,-1000.0,-0.0035797344795582,-0.172129850530041,-0.172129850530041,996.7815667567849,-0.0033070096163783,0.0,0.0,106.67555767676504,-44.66307191075089,-6.455051280403268,-0.2868830842166971,-0.0228514364488319,3.419580223669982,-470.9899213587792,0.0,-0.0112769027916783, Neutralism,Healthy
SRR13077712.bin.56.fbc2XSRR13077712.bin.48.fbc2 ,-0.0860787500167816,-0.0860787500167816,54.47819074143104,-0.0016537704134407,-1000.0,999.8708736061226,-549.3459063277754,-65.45795288310819,-3.2280440830033967,-0.1434645833613785,-0.0114275535564729,0.0,-241.01164203931037,-999.8708736061228,-0.0056393571096577,-0.0548283049365636,-0.0548283049365636,3.2294766978640155,-0.001053377616472,1000.0,-1000.0,-450.6540936722246,-6.021496205389212,-2.0561193708919063,-0.0913805082276439,-0.0072788393297287,1000.0,-251.12833860108867,1000.0,-0.0035920176720765, Amensalism,Healthy
SRR13077712.bin.12.fbc2XSRR13077712.bin.14.fbc2 ,-0.1005728375890839,-0.1005728375890839,382.3139155360582,-0.0019322351122355,-1000.0,999.719381494658,261.8322506024488,-729.7039378657453,-3.771587682520476,-0.1676213959817687,-0.0133517446251971,142.42573757783612,-3.80987478989141,-999.719381494658,-0.0065889217324865,-0.1705324274397526,-0.1705324274397526,617.6860844639418,-0.0032763194512881,1000.0,-1000.0,738.1677493975512,-270.2960621342547,-6.395146226561565,-0.2842207123995877,-0.0226393674084874,323.99279308738164,-500.34820723128337,1000.0,-0.0111722493288652, Competition,Healthy
SRR13077712.bin.56.fbc2XSRR13077712.bin.33.fbc2 ,-0.1280387208776119,-0.1280387208776119,515.3721428539588,-0.0024599177882009,-1000.0,999.8079296190948,-1000.0,-992.4443456123632,-4.801587328387996,-0.2133978681292774,-0.0169980319167279,986.107203803026,-252.6837334081968,-999.8079296190948,-0.0083883196579108,-0.1762760523877204,-0.1762760523877204,484.6278571460412,-0.0033866676731122,1000.0,-1000.0,1000.0,1000.0,-6.610538231262353,-0.2937934206462387,-0.0234018736215375,13.892796196973904,-500.06610775298,1000.0,-0.0115485367654173, Neutralism,Healthy
SRR13077712.bin.14.fbc2XSRR13077712.bin.50.fbc2 ,-0.23409707592009,-0.23409707592009,999.983948969808,-0.0044975422847528,-1000.0,1000.0,636.1283882699606,-721.175075977366,-8.778887711830748,-0.3901617932002637,-0.0310780171874966,974.285352250329,-332.29364211992936,-1000.0,-0.0153366191909753,-0.0577770485131168,-0.0577770485131168,0.0160510301921021,-0.0011100297505208,1000.0,-1000.0,363.8716117300394,252.2840301546212,-2.1667003708782886,-0.0962950808551568,-0.0076703055758571,25.71464774967103,-272.5777929873756,1000.0,-0.0037852014492045, Neutralism,Healthy
SRR13077712.bin.5.fbc2XSRR13077712.bin.53.fbc2 ,-0.0839843336059402,-0.0839843336059402,296.71423409701697,-0.0016135318655869,-1000.0,999.8740154319316,632.7246975499718,-39.07611133882983,-3.149501254476604,-0.1399738893433095,-0.0111495051914971,19.716867270763828,-401.5443121553585,-999.8740154319318,-0.0055021436618289,-0.0214587068207947,-0.0214587068207947,703.285765902983,-0.0004122710244018,999.9678098784136,-1000.0,-1000.0,-6.817359009545271,-0.804724180687117,-0.0357645113680291,-0.0028487927787637,296.1982934008015,-0.0357686340782947,1000.0,-0.0014058441933002, Neutralism,Healthy
SRR13077712.bin.55.fbc2XSRR13077712.bin.12.fbc2 ,0.0,0.0,0.0,0.0,1000.0,-1000.0,0.0,0.0,0.0,0.0,0.0,0.0,0.0,1000.0,0.0,-0.176600404551209,-0.176600404551209,1000.0,-0.0033928992228311,-1000.0,999.5072492458604,221.05804938423373,-1000.0,-6.622701780127613,-0.2943340075853484,-0.0234449336301167,473.9640025380718,-15.194672229876232,-999.5072492458604,-0.0115697863500372, Amensalism,Healthy
SRR13077712.bin.53.fbc2XSRR13077712.bin.52.fbc2 ,-0.0211027426494183,-0.0211027426494183,0.0,-0.0004054321353805,-1000.0,999.968343858865,28.99167762968682,-999.3857459888856,-0.7913751481225972,-0.0351712377490684,-0.0028015360558129,996.4354122849928,-0.0351752920704484,-999.9683438588652,-0.0013825235818103,-0.1724072912086285,-0.1724072912086285,1000.0,-0.00331233988868,1000.0,-1000.0,155.89528999191975,-0.6142540111143262,-6.465455599019492,-0.2873454853478279,-0.0228882686311635,3.564587715007292,-493.84859220114464,1000.0,-0.0112950790205559, Neutralism,Healthy
SRR13077712.bin.33.fbc2XSRR13077712.bin.48.fbc2 ,-0.1759046963562696,-0.1759046963562696,823.0195644718001,-0.0033795330712109,-1000.0,1000.0,1000.0,903.9016745918692,-6.596611987680376,-0.2931744939271539,-0.0233525735220609,0.5046318781925265,-371.6464400485845,-1000.0,-0.0115242077728225,-0.054800636826144,-0.054800636826144,3.2278470009724742,-0.0010528460485375,0.0,0.0,-1000.0,-6.018457566449229,-2.0550817875119947,-0.0913343947102021,-0.0072751661953134,999.4953681218076,-251.00161123591303,0.0,-0.003590205025489, Neutralism,Healthy
SRR13077712.bin.48.fbc2XSRR13077712.bin.30.fbc2 ,-0.0547875177701371,-0.0547875177701371,3.22707426715101,-0.0010525940012939,-1000.0,1000.0,-1000.0,-6.017016771482417,-2.054589809050185,-0.0913125296168573,-0.0072734245493393,999.2560928789346,-250.9415224417021,-1000.0,-0.003589345544583,-0.0875947100973917,-0.0875947100973917,766.3907948827484,-0.0016828954869652,999.8685995203764,-1000.0,861.8796269232407,-30.33164998065945,-3.2848941879042286,-0.1459911834956528,-0.0116288078151001,0.7439071210653765,-749.0584775582979,1000.0,-0.0057386736106082, Neutralism,Healthy
SRR13077712.bin.56.fbc2XSRR13077712.bin.11.fbc2 ,-0.1291181250252293,-0.1291181250252293,566.823429769179,-0.0024806556200474,-0.1936895908158931,0.0,-539.0071363524736,-954.1716883156572,-4.842066124505095,-0.215196875042011,-0.0171413303347662,1000.0,-253.48449228912045,0.0,-0.0084590356644866,-0.1736481982046598,-0.1736481982046598,433.17657023082097,-0.0033361805610638,1000.0,-1000.0,-460.9928636475264,-45.82831168434279,-6.511990922606174,-0.2894136636745088,-0.0230530076771628,-0.9032922135114632,-290.8407041136762,1000.0,-0.0113763757133256, Neutralism,Healthy
SRR13077712.bin.53.fbc2XSRR13077712.bin.30.fbc2 ,-0.0214587068207947,-0.0214587068207947,479.66193036207073,-0.0004122710244018,-1000.0,999.9678098784136,389.8925869236343,-162.78037814128515,-0.804724180687117,-0.0357645113680291,-0.0028487927787637,993.5366042768784,-0.0357686340782947,-999.9678098784136,-0.0014058441933002,-0.0875947100973917,-0.0875947100973917,520.3380696379293,-0.0016828954869652,999.8685995203764,-1000.0,610.1074130763657,-30.33164998065979,-3.2848941879042286,-0.1459911834956528,-0.0116288078151001,6.463395723121494,-500.1460080124505,1000.0,-0.0057386736106082, Neutralism,Healthy
SRR13077712.bin.33.fbc2XSRR13077712.bin.41.fbc2 ,-0.0972770993532776,-0.0972770993532776,34.80103074886142,-0.0018689164140823,-1000.0,1000.0,1000.0,829.3593658341006,-3.6479940161488,-0.1621284989220157,-0.0129142124213785,814.5632340919444,-500.036481248403,-1000.0,-0.0063730049720334,-0.1828404629492297,-0.1828404629492297,818.8861376561056,-0.0035127850710523,1000.0,-1000.0,0.0,170.64063416589943,-6.856710563775437,-0.3047341049153829,-0.024273344841049,185.4367659080556,-167.04918955695075,1000.0,-0.0119785970923658, Amensalism,Healthy
SRR13077712.bin.33.fbc2XSRR13077712.bin.36.fbc2 ,-0.1141928352857348,-0.1141928352857348,31.14576864415858,-0.0021939065376272,1000.0,-1000.0,1000.0,1000.0,-4.282351988076698,-0.1903213921430051,-0.0151598941753263,10.396352666324448,-500.04282505561537,1000.0,-0.0074812212934602,-0.1740463430739964,-0.1740463430739964,968.8542313558414,-0.0033438298381724,-1000.0,999.73891376624,0.0,-551.4858006940988,-6.526921775916094,-0.2900772384566608,-0.0231058641813888,940.2377356012344,-126.0176047458042,-999.7389137662398,-0.0114024597479556, Amensalism,Healthy
SRR13077712.bin.48.fbc2XSRR13077712.bin.34.fbc2 ,-0.0024831546299992,-0.0024831546299992,0.1462618628124801,-4.770710143020551e-05,0.0,0.0,-20.38611171335026,-0.2727114434671875,-0.0931209225167322,-0.0041385910500366,-0.0003296560710168,45.28964798201855,-11.373514053552412,0.0,-0.0001626812158974,-0.0856570569346786,-0.0856570569346786,999.8537381371876,-0.001645668721153,-1000.0,1000.0,107.81234385118456,-971.138856839958,-3.212230146828915,-0.1427617615577219,-0.0113715708629342,954.7103520179814,-0.0321234534363839,-1000.0,-0.0056117303390692, Amensalism,Healthy
SRR13077712.bin.10.fbc2XSRR13077712.bin.50.fbc2 ,-0.0902600141296261,-0.0902600141296261,35.833208268445105,-0.0017341020966341,-1000.0,999.864601308295,122.34779597314105,587.2589466944212,-3.384845905476709,-0.1504333568826723,-0.0119826454877056,385.1301248103514,-291.0025124278111,-999.864601308295,-0.0059132881494861,-0.0592857748126789,-0.0592857748126789,29.70332358714677,-0.0011390158465474,1000.0,-1000.0,402.6713833737813,225.1511528719016,-2.2232792013462586,-0.0988096246877603,-0.0078705994995971,18.29956877126176,-270.65115297448847,1000.0,-0.0038840440366811, Neutralism,Healthy
SRR13077712.bin.10.fbc2XSRR13077712.bin.11.fbc2 ,-0.0902600141296261,-0.0902600141296261,30.795138788124405,-0.0017341020966341,-1000.0,999.864601308295,-1000.0,542.7811255208621,-3.384845905476709,-0.1504333568826723,-0.0119826454877056,999.9926833259236,-269.891713289485,-999.864601308295,-0.0059132881494861,-0.1737272967254739,-0.1737272967254739,969.2048612118756,-0.0033377002253018,1000.0,-1000.0,38.69282632880777,-45.8491869465355,-6.514957200719209,-0.2895454945424944,-0.0230635085566746,0.0073166740762644,-292.68134816264046,1000.0,-0.0113815577682316, Neutralism,Healthy
SRR13077712.bin.5.fbc2XSRR13077712.bin.36.fbc2 ,-0.08332075318026,-0.08332075318026,278.9996444741082,-0.0016007829621003,-1000.0,999.8750108663148,631.4284800467312,-36.04596251281646,-3.124616287321487,-0.1388679219670621,-0.0110614102685531,-1.618179470997461,-391.56095276072506,-999.8750108663148,-0.0054586699009178,-0.1295265786139907,-0.1295265786139907,721.0003555258918,-0.0024885029512233,0.0,-0.1943023104356598,368.5715199532688,-38.38087779836235,-4.857383565684927,-0.2158776310232042,-0.0171955553933003,962.8852725032472,-91.0063003318934,0.1943023104356598,-0.0084857950638479, Amensalism,Healthy
SRR13077712.bin.34.fbc2XSRR13077712.bin.53.fbc2 ,-0.085651937227908,-0.085651937227908,999.375588326972,-0.0016455703597557,-1000.0,1000.0,107.80589992690192,-970.6624233130016,-3.2120381524143795,-0.1427532287131043,-0.0113708911862886,954.713058972045,-0.0321215334233784,-1000.0,-0.0056113949269729,-0.0004231573783499,-0.0004231573783499,0.6244116730280211,-8.129824777824979e-06,999.9993652232832,-1000.0,-1000.0,958.4179843384286,-0.0158688488272673,-0.0007052622971741,-5.617708904992469e-05,19.10881780933073,-0.0007053435954276,1000.0,-2.772270238438068e-05, Amensalism,Healthy
SRR13077712.bin.11.fbc2XSRR13077712.bin.14.fbc2 ,-0.1695229354272669,-0.1695229354272669,0.0,-0.0032569247920264,-1000.0,1000.0,-778.9743683275786,-44.739594206712354,-6.357289209384817,-0.2825382257120736,-0.0225053503131675,-2.1126368356240164,-250.8089794067903,-1000.0,-0.0111061135409045,-0.2367286865439837,-0.2367286865439837,1000.0,-0.0045481015666837,1000.0,-1000.0,1000.0,-767.6644970734243,-8.877575890986805,-0.3945478109067153,-0.0314273818255514,1000.0,-322.84032120446045,1000.0,-0.0155090263422152, Neutralism,Healthy
SRR13077712.bin.11.fbc2XSRR13077712.bin.30.fbc2 ,-0.1737734371372425,-0.1737734371372425,153.46079465267326,-0.0033385866885282,-1000.0,1000.0,-808.891125089091,-45.86136407934839,-6.516687514916384,-0.2896223952287755,-0.0230696340177019,28.67856648913221,-293.75504806826984,-1000.0,-0.0113845806077961,-0.0875947100973917,-0.0875947100973917,415.777177165468,-0.0016828954869652,999.8685995203764,-1000.0,511.2660092059602,-30.33164998065968,-3.2848941879042286,-0.1459911834956528,-0.0116288078151001,12.182884325177952,-398.444859841017,1000.0,-0.0057386736106082, Neutralism,Healthy
SRR13077712.bin.56.fbc2XSRR13077712.bin.52.fbc2 ,-0.0953978545073823,-0.0953978545073823,274.4692946525224,-0.001832811806139,-1000.0,999.85689405418,-902.260551990504,233.16851479591787,-3.577520348674966,-0.1589964241788948,-0.0126647295801376,522.7186997670572,-253.450511072542,-999.85689405418,-0.0062498882588215,-0.1221832064829868,-0.1221832064829868,725.5307053474776,-0.0023474199132351,1000.0,-1000.0,-97.73944800949609,-497.7746943605488,-4.581999351205923,-0.2036386774716447,-0.0162206716003083,477.2813002329429,-0.2494837883766649,1000.0,-0.0080047019040421, Competition,Healthy
SRR13077712.bin.12.fbc2XSRR13077712.bin.30.fbc2 ,-0.1402912195304679,-0.1402912195304679,589.9423114365884,-0.0026953164175438,-1000.0,999.6085591966876,488.73399079403976,-969.6683500193402,-5.261068974796558,-0.2338186992175224,-0.0186246364448834,289.8570136820488,-128.73854757187416,-999.6085591966876,-0.0091910289836505,-0.0875947100973917,-0.0875947100973917,410.0576885634116,-0.0016828954869652,1000.0,-988.6924232755118,511.2660092059602,-30.33164998065979,-3.2848941879042286,-0.1459911834956528,-0.0116288078151001,0.7439071210653765,-401.304604142045,988.6924232755118,-0.0057386736106082, Amensalism,Healthy
SRR13077712.bin.55.fbc2XSRR13077712.bin.41.fbc2 ,-0.0298430220458385,-0.0298430220458385,8.031883871131413,-0.0005733529691269,-1000.0,1000.0,37.50847460102841,-8.92914830010443,-1.1191448611339183,-0.0497383700765112,-0.0039618690170755,828.1707798774532,-251.7241425888133,-1000.0,-0.0019551336249605,-0.1828404629492297,-0.1828404629492297,832.4936834416146,-0.0035127850710523,1000.0,-1000.0,-895.127120753972,174.0425206122768,-6.856710563775437,-0.3047341049153829,-0.024273344841049,171.82922012254676,-150.06597888559736,1000.0,-0.0119785970923658, Neutralism,Healthy
SRR13077712.bin.55.fbc2XSRR13077712.bin.48.fbc2 ,-0.0224635203758225,-0.0224635203758225,5.819929132060111,-0.0004315757997801,-1000.0,1000.0,29.503802370531503,-7.765642230731373,-0.8424057507613725,-0.0374392006262951,-0.002982188776059,376.6138280718626,-189.56317292620395,-1000.0,-0.0014716734771127,-0.0341792071277495,-0.0341792071277495,2.0132111160125987,-0.0006566610398976,0.0,0.0,-1000.0,-3.7537174687577135,-1.2817563836475756,-0.0569653452129159,-0.0045375277858283,623.3861719281374,-156.5499336632057,0.0,-0.0022392141461295, Competition,Healthy
SRR13077712.bin.33.fbc2XSRR13077712.bin.52.fbc2 ,-0.1690978026656466,-0.1690978026656466,330.43293854988906,-0.0032487570156263,-1000.0,1000.0,1000.0,1000.0,-6.341346281596657,-0.2818296711093353,-0.0224489109782553,697.0734140979716,-500.0634157369459,-1000.0,-0.0110782614234494,-0.1439227672778997,-0.1439227672778997,669.5670614501109,-0.0027650867872353,0.0,0.0,0.0,0.0,-5.397255852695594,-0.2398712787964996,-0.0191067497000858,138.30375637229213,-366.3634637205256,0.0,-0.0094289459445917, Amensalism,Healthy
SRR13077712.bin.56.fbc2XSRR13077712.bin.27.fbc2 ,-0.1290238014702254,-0.1290238014702254,565.683789392303,-0.0024788434479887,-1000.0,999.8064519035776,-1000.0,-64.22883754530199,-4.838528891524334,-0.2150396691171181,-0.0171288082259479,997.8084357649524,-249.51138277374048,-999.8064519035772,-0.0084528561577599,-0.0815969602099357,-0.0815969602099357,277.56159260189224,-0.0015676649416036,1000.0,-1000.0,656.0521818805073,-21.710246889826976,-3.0599722294426783,-0.1359949336831505,-0.0108325647463516,2.191564235047508,-402.3747686146143,1000.0,-0.0053457374508525, Neutralism,Healthy
SRR13077712.bin.10.fbc2XSRR13077712.bin.48.fbc2 ,-0.0874716799933139,-0.0874716799933139,55.35965829814177,-0.0016805317961825,-1000.0,999.8687840773512,123.96421788172027,562.679209401623,-3.2802804289964342,-0.1457861333220762,-0.0116124747119101,317.88862246204576,-287.76171074544266,-999.8687840773512,-0.0057306134251575,-0.0373990106083965,-0.0373990106083965,2.202862799106697,-0.000718520857049,1000.0,-1000.0,-1000.0,-4.107331071497811,-1.4025024164616298,-0.0623316843473276,-0.0049649791220645,682.1113775379542,-171.29749698200635,1000.0,-0.0024501561224496, Amensalism,Healthy
SRR13077712.bin.40.fbc2XSRR13077712.bin.41.fbc2 ,-0.038360761913168,-0.038360761913168,205.12070744788343,-0.0007369983076159,1000.0,-1000.0,222.74768519763552,297.03641259128153,-1.4385691066513573,-0.0639346031886134,-0.0050926583058981,26.092129130871854,-385.54027972146673,1000.0,-0.0025131642290716,-0.181476816493614,-0.181476816493614,794.8792925521166,-0.0034865862919559,-1000.0,1000.0,-802.5737364688526,172.35122426857902,-6.8055723807556205,-0.30246136082269,-0.0240923112770587,164.66263904353582,-148.65181901569872,-1000.0,-0.0118892592554402, Amensalism,Healthy
SRR13077712.bin.56.fbc2XSRR13077712.bin.53.fbc2 ,-0.1286344181293088,-0.1286344181293088,522.4223774592101,-0.0024713625000458,1000.0,-1000.0,-1000.0,-546.7795798090078,-4.823926604784447,-0.2143906968821056,-0.0170771148755193,1000.0,-226.2435398738708,1000.0,-0.008427346125245,-0.0103002409279042,-0.0103002409279042,477.5776225407899,-0.0001978912762297,-1000.0,999.9845486491516,0.0,-453.2204201909922,-0.3862699188149463,-0.0171670682130979,-0.0013674287187086,0.0,-0.0171690471258898,-999.984548649152,-0.0006748092519046, Amensalism,Healthy
SRR13077712.bin.28.fbc2XSRR13077712.bin.33.fbc2 ,-0.1522566762281485,-0.1522566762281485,654.0118092913092,-0.002925200311779,-1000.0,999.771600359656,0.0,-606.4073626854178,-5.709786244574161,-0.2537611270470279,-0.02021313415446,984.4644037098456,-84.40625987853764,-999.7716003596562,-0.0099749330631766,-0.1706419400310324,-0.1706419400310324,345.9881907086908,-0.0032784234396103,1000.0,-1000.0,1000.0,1000.0,-6.399253064451955,-0.2844032333849782,-0.0226539059675587,15.535596290154558,-500.0639948255409,1000.0,-0.0111794239289793, Amensalism,Healthy
SRR13077712.bin.34.fbc2XSRR13077712.bin.41.fbc2 ,-0.0178244109898741,-0.0178244109898741,207.9728935044668,-0.0003424478576334,-1000.0,1000.0,22.06460093379269,-201.9074016876575,-0.6684342467507349,-0.0297073516496766,-0.0023663146962462,199.6893218247969,-0.0066845821810375,-1000.0,-0.0011677471945858,-0.1811522742865463,-0.1811522742865463,792.0271064955332,-0.0034803510909569,1000.0,-1000.0,-840.6002050580023,139.55283912538766,-6.793401705054976,-0.301920457144206,-0.0240492260387554,164.01049834593346,-157.045021634754,1000.0,-0.0118679972202926, Amensalism,Healthy
SRR13077712.bin.11.fbc2XSRR13077712.bin.53.fbc2 ,-0.1737734371372425,-0.1737734371372425,932.6908939934552,-0.0033385866885282,-1000.0,1000.0,0.0,-45.861364079348505,-6.516687514916384,-0.2896223952287755,-0.0230696340177019,28.67856648913221,-293.75504806826984,-1000.0,-0.0113845806077961,-0.0214587068207947,-0.0214587068207947,67.30910600654488,-0.0004122710244018,999.9678098784136,-1000.0,1000.0,-954.1386359206516,-0.804724180687117,-0.0357645113680291,-0.0028487927787637,971.3214335108678,-0.0357686340782947,1000.0,-0.0014058441933002, Neutralism,Healthy
SRR13077712.bin.5.fbc2XSRR13077712.bin.30.fbc2 ,-0.0796428424289388,-0.0796428424289388,292.20702403585346,-0.0015301218526246,-1000.0,999.8805280857472,492.7598537674887,-49.28042029031599,-2.986690747787179,-0.1327380707149359,-0.0105731420015899,14.250568006720188,-382.8772586251864,-999.8805280857472,-0.0052177155174604,-0.0875947100973917,-0.0875947100973917,420.3583232851149,-0.0016828954869652,999.8685995203764,-1000.0,507.2401462325113,-30.33164998065979,-3.2848941879042286,-0.1459911834956528,-0.0116288078151001,6.46339572312138,-400.1662616596364,1000.0,-0.0057386736106082, Neutralism,Healthy
SRR13077712.bin.34.fbc2XSRR13077712.bin.36.fbc2 ,-0.0026553847447985,-0.0026553847447985,30.982681506163544,-5.101603733237425e-05,1000.0,-1000.0,-0.4529020139358408,-30.092514829037555,-0.0995797338100601,-0.0044256412412551,-0.0003525208181827,29.59805200507685,-0.0009958330492736,1000.0,-0.0001739646874057,-0.1740607599463146,-0.1740607599463146,969.0173184938365,-0.0033441068193269,-1000.0,999.7388921395464,-550.6077577418824,-51.57709582447728,-6.527462423860129,-0.2901012665770395,-0.0231077781215844,909.8284059306234,-78.5592438219984,-999.7388921395464,-0.0114034042538833, Amensalism,Healthy
SRR13077712.bin.40.fbc2XSRR13077712.bin.36.fbc2 ,-0.0188172269686219,-0.0188172269686219,31.145768644158807,-0.000361522131925,1000.0,-1000.0,-6.5227781158199605,632.0154457735807,-0.7056658950396013,-0.0313620449476275,-0.0024981179318501,59.11421978646331,-409.1173348080233,1000.0,-0.0012327904699986,-0.1740463430739964,-0.1740463430739964,968.8542313558412,-0.0033438298381724,-1000.0,999.73891376624,75.45517967267119,-547.2619751574845,-6.526921775916094,-0.2900772384566608,-0.0231058641813888,938.5845795675676,-125.9885970219584,-999.7389137662398,-0.0114024597479556, Amensalism,Healthy
SRR13077712.bin.56.fbc2XSRR13077712.bin.36.fbc2 ,-0.0873084658453535,-0.0873084658453535,30.98268150616377,-0.0016773960777527,999.8690289142514,-1000.0,-536.7559464740254,431.7891277562044,-3.274159725984532,-0.1455141097421801,-0.0115908068970611,214.59604560706293,-374.597707575328,1000.0,-0.0057199206249833,-0.1740607599463146,-0.1740607599463146,969.0173184938362,-0.0033441068193269,-1000.0,999.7388921395464,-463.24405352597455,-51.57709582447728,-6.527462423860129,-0.2901012665771532,-0.0231077781215844,785.4039543929371,-169.98951628782334,-999.7388921395464,-0.0114034042538833, Amensalism,Healthy
SRR13077712.bin.11.fbc2XSRR13077712.bin.33.fbc2 ,-0.1733572696377905,-0.1733572696377905,243.2709963162279,-0.003330591155418,0.0,0.0,-695.103535274477,-45.75153135966104,-6.501080793932715,-0.2889287827297266,-0.0230143848837087,19.030342268473987,-284.0707173992233,0.0,-0.0113573158398594,-0.1763491318439491,-0.1763491318439491,756.7290036837721,-0.0033880716973726,-1000.0,1000.0,924.9656688942448,1000.0,-6.613278788089474,-0.2939152197398016,-0.0234115754282129,256.32283103497866,-500.0661351595311,-1000.0,-0.0115533244877497, Neutralism,Healthy
SRR13077712.bin.12.fbc2XSRR13077712.bin.5.fbc2 ,-0.1515628826803094,-0.1515628826803094,717.6847966631103,-0.0029118709448994,999.5771089826771,-1000.0,370.9381601912414,-967.2388608821628,-5.683768253411813,-0.2526048044670688,-0.0201210282290276,237.7326539713117,-176.13727012809954,1000.0,-0.0099294799219933,-0.0836589422139013,-0.0836589422139013,282.3152033368897,-0.0016072803499582,-1000.0,999.8745035502776,629.0618398087586,-32.76113911783716,-3.137298733441412,-0.139431570356578,-0.0111063072180286,0.8206130554609672,-395.6879143423084,-999.8745035502774,-0.0054808259932315, Amensalism,Healthy
SRR13077712.bin.48.fbc2XSRR13077712.bin.53.fbc2 ,-0.0548283049365636,-0.0548283049365636,3.2294766978640155,-0.001053377616472,-1000.0,1000.0,-1000.0,-6.021496205389326,-2.0561193708919063,-0.0913805082276439,-0.0072788393297287,1000.0,-251.12833860108867,-1000.0,-0.0035920176720765,-0.0214546526461845,-0.0214546526461845,996.770523302136,-0.0004121931343661,999.9678159600652,-1000.0,1000.0,-993.9785037946108,-0.8045721448540917,-0.0357577544102696,-0.0028482545587849,0.0,-0.0357618763416667,1000.0,-0.0014055785883329, Neutralism,Healthy
SRR13077712.bin.12.fbc2XSRR13077712.bin.10.fbc2 ,-0.1759618896985557,-0.1759618896985557,999.9314016719686,-0.0033806318866709,-1000.0,999.5090308311064,1000.0,-969.7817210757282,-6.598756798448562,-0.2932698161641838,-0.0233601663364879,314.2250369883918,-292.67750371523744,-999.5090308311064,-0.0115279547334239,-0.0006464949232167,-0.0006464949233304,0.0685983280312712,-1.2420651728461962e-05,999.9990301955118,-1000.0,-36.51790723271779,-30.21827892427177,-0.024244242757959,-0.0010774915388083,-8.582670352552668e-05,37.27941279547781,-22.259276308057792,1000.0,-4.235442247590981e-05, Amensalism,Healthy
SRR13077712.bin.41.fbc2XSRR13077712.bin.30.fbc2 ,-0.1581576154177355,-0.1581576154178492,589.9423114365882,-0.0030385709013671,-1000.0,1000.0,252.95232242355883,253.00212111069868,-5.931077699566686,-0.2635960256963017,-0.0209965249287051,117.80463498003292,-142.40021304061474,-1000.0,-0.0103615267737495,-0.0875947100973917,-0.0875947100973917,410.05768856341183,-0.0016828954869652,1000.0,-988.692423275512,511.2660092059605,-30.331649980660018,-3.2848941879042286,-0.1459911834956528,-0.0116288078151001,0.7439071210653765,-401.3046041420449,988.692423275512,-0.0057386736106082, Amensalism,Healthy
SRR13077712.bin.12.fbc2XSRR13077712.bin.48.fbc2 ,-0.1764018269166172,-0.1764018269166172,997.751107817366,-0.0033890840905996,-1000.0,999.5078033175198,1000.0,-995.8068451916636,-6.615254908996917,-0.2940030448610287,-0.0234185710661449,303.6357301722601,-291.7678304166669,-999.5078033175198,-0.0115567767489892,-0.0381804725330994,-0.0381804725330994,2.2488921826337678,-0.0007335345347883,1000.0,-1000.0,-1000.0,-4.193154808336544,-1.4318080643898838,-0.0636341208884232,-0.0050687236350768,696.3642698277399,-174.87680214300053,1000.0,-0.0025013527634882, Amensalism,Healthy
SRR13077712.bin.28.fbc2XSRR13077712.bin.11.fbc2 ,-0.1681172971871092,-0.1681172971871092,971.6208150753688,-0.003229919254295,-1000.0,999.7478079046232,-211.32706888574532,-719.7657816274335,-6.304576290075488,-0.2801954953118866,-0.0223187420473323,1000.0,-202.8537911861888,-999.7478079046232,-0.0110140246572427,-0.1719283967939873,-0.1719283967939873,28.37918492463109,-0.0033031392275688,1000.0,-1000.0,-788.6729311142547,-45.37443081543495,-6.447496552431062,-0.2865473279899788,-0.022824692062386,-16.769179042070505,-250.82045849488304,1000.0,-0.0112637047659518, Neutralism,Healthy
SRR13077712.bin.28.fbc2XSRR13077712.bin.5.fbc2 ,-0.1554873432289696,-0.1554873432289696,714.1773507149762,-0.0029872688420482,0.0,-0.233245951187655,195.44556175724887,-626.2660188567265,-5.830939670873022,-0.2591455720482827,-0.0206420276986136,995.8142159724824,-140.5401522567547,0.233245951187655,-0.0101865867513879,-0.0839843336059402,-0.0839843336059402,285.8226492850238,-0.0016135318655869,-1000.0,999.8740154319316,632.075648978584,-35.11531819465449,-3.149501254476604,-0.1399738893433095,-0.0111495051914971,4.18578402751757,-398.6325043138386,-999.8740154319318,-0.0055021436618289, Neutralism,Healthy
SRR13077712.bin.33.fbc2XSRR13077712.bin.34.fbc2 ,-0.1696007915915061,-0.1696007915915061,335.49992271270526,-0.0032584205877128,0.0,0.0,1000.0,1000.0,-6.3602088978148,-0.2826679859858814,-0.022515686261272,360.4023278450029,-500.06360436987256,0.0,-0.0111112142042202,-0.0569512799517042,-0.0569512799517042,664.5000772872947,-0.0010941648405378,-1000.0,1000.0,-554.1446210834087,-645.4082557601273,-2.1357331772554744,-0.0949187999194691,-0.0075606790483107,637.7447999847004,-0.0213580976879939,-1000.0,-0.0037311021063715, Amensalism,Healthy
SRR13077712.bin.27.fbc2XSRR13077712.bin.41.fbc2 ,-0.0815969602099357,-0.0815969602099357,227.6681090769212,-0.0015676649416036,-1000.0,1000.0,894.4128890039271,-15.070684209402655,-3.0599722294426783,-0.1359949336831505,-0.0108325647463516,2.191564235047508,-500.1666114299924,-1000.0,-0.0053457374508525,-0.1789112112550128,-0.1789112112550128,772.3318909230788,-0.0034372951249679,1000.0,-1000.0,105.58711099607284,181.22452840794472,-6.709359473295535,-0.2981853520917639,-0.0237517093136148,159.50726771229097,-168.0318482144976,1000.0,-0.0117211763761133, Neutralism,Healthy
SRR13077712.bin.10.fbc2XSRR13077712.bin.14.fbc2 ,-0.05487963535802,-0.05487963535802,4.769741464529375,-0.0010543637916953,-1000.0,999.917675275144,-55.72254240602797,80.2482748899672,-2.058044315932534,-0.0914660589299956,-0.0072856538006362,515.0107964322478,-170.38535248665357,-999.917675275144,-0.0035953805296458,-0.2206615873715236,-0.2206615873715236,995.2302585354704,-0.0042394157036369,1000.0,-1000.0,393.7739905699509,-428.1398864059563,-8.275042694294712,-0.3677693122858727,-0.0292943625117914,484.98920356775216,-312.84529301919883,1000.0,-0.0144564075492326, Amensalism,Healthy
SRR13077712.bin.14.fbc2XSRR13077712.bin.52.fbc2 ,-0.175776617985889,-0.175776617985889,536.6370699517161,-0.0033770723916859,-1000.0,1000.0,1000.0,-563.2386107180947,-6.591808913451473,-0.2929610299764817,-0.0233355702263224,842.1871420114194,-298.9525491080012,-1000.0,-0.0115158168555353,-0.1255101502317757,-0.1255101502317757,463.362930048284,-0.0024113381408596,1000.0,-1000.0,-271.1031060310635,-170.03886080043787,-4.7067632572874345,-0.2091835837195503,-0.0166623465532893,157.81285798858062,-230.2578652408868,1000.0,-0.0082226630603372, Competition,Healthy
SRR13077712.bin.27.fbc2XSRR13077712.bin.34.fbc2 ,-0.0815969602099357,-0.0815969602099357,227.66810907692025,-0.0015676649416036,-1000.0,1000.0,892.8452240623328,-15.070684209399474,-3.0599722294426783,-0.1359949336831505,-0.0108325647463516,2.191564235047508,-500.1666114299924,-1000.0,-0.0053457374508525,-0.0661930543561766,-0.0661930543561766,772.3318909230798,-0.0012717205447643,0.0,0.0,96.33015005689504,-735.4163212434048,-2.482309482988512,-0.110321757260408,-0.0087875889645374,755.960519422734,-0.0248239850342315,0.0,-0.0043365670577486, Amensalism,Healthy
SRR13077712.bin.27.fbc2XSRR13077712.bin.48.fbc2 ,-0.0815969602099357,-0.0815969602099357,277.56159260189224,-0.0015676649416036,0.0,0.0,656.8360143513032,-21.71024688982618,-3.0599722294426783,-0.1359949336831505,-0.0108325647463516,2.1915642350473945,-402.3747686146143,0.0,-0.0053457374508525,-0.0547081451844633,-0.0547081451844633,3.2223990922350367,-0.0010510690717637,-1000.0,1000.0,-1000.0,-6.008299709664243,-2.051613253215692,-0.0911802419740297,-0.0072628872857194,997.8084357649528,-250.57797471580363,-1000.0,-0.0035841455346599, Neutralism,Healthy
SRR13077712.bin.12.fbc2XSRR13077712.bin.50.fbc2 ,-0.1761533854820527,-0.1761533854820527,994.937507982576,-0.0033843109603139,-1000.0,999.50849651924,641.7621932485181,-1000.0,-6.605938092679708,-0.2935889758034591,-0.0233855887354366,320.7275073466071,-387.0996988090122,-999.50849651924,-0.0115405003745081,-0.0583000262196264,-0.0583000262196264,5.062492017424006,-0.0011200773528798,1000.0,-1000.0,358.2378067514819,246.96423002761435,-2.186312587492353,-0.097166710366082,-0.0077397345087319,30.869495990649057,-272.12591456849225,1000.0,-0.003819463773425, Neutralism,Healthy
SRR13077712.bin.14.fbc2XSRR13077712.bin.36.fbc2 ,-0.1666492313370327,-0.1666492313370327,511.0832055292781,-0.0032017143388429,1000.0,-1000.0,911.2758295231224,-410.6888386563153,-6.249522269427644,-0.2777487188950545,-0.0221238460813992,1000.0,-286.520461376236,1000.0,-0.0109178458955057,-0.087833132299238,-0.087833132299238,488.9167944707219,-0.0016874761248573,-1000.0,999.8682418641706,-372.8192417470756,-35.79096361411166,-3.293835272407364,-0.1463885538320255,-0.0116604600227674,0.0,-208.4802769746116,-999.8682418641704,-0.0057542935858236, Competition,Healthy
SRR13077712.bin.41.fbc2XSRR13077712.bin.52.fbc2 ,-0.1542946938000113,-0.1542946938000113,707.6128782210376,-0.002964355308336,-1000.0,1000.0,391.0806634523301,-191.5476090753998,-5.78621405704439,-0.2571578230000568,-0.020483695180701,147.9472190418944,-56.84185196481769,-1000.0,-0.010108451601468,-0.0943492411958004,-0.0943492411958004,292.3871217789624,-0.0018126655369314,1000.0,-1000.0,60.62560779150863,-496.7644251784774,-3.538196241447622,-0.1572487353263341,-0.0125255188600021,482.0183547824586,-142.3456707410536,1000.0,-0.0061811894807988, Competition,Healthy
SRR13077712.bin.28.fbc2XSRR13077712.bin.10.fbc2 ,-0.1518191324523741,-0.1518191324523741,979.1368855035852,-0.0029167940913339,-1000.0,999.772256717351,-1000.0,-796.0567971637616,-5.6933778906402495,-0.2530318874206614,-0.0201550471708742,808.5878235340206,-111.84770443091908,-999.772256717351,-0.0099462678513191,-0.0671732707126011,-0.0671732707126011,20.863114496414823,-0.0012905527514703,999.8992336411673,-1000.0,101.41611987922624,530.1865791363357,-2.519068632124686,-0.1119554511876685,-0.0089177195125103,191.41217646597943,-259.20012561588567,1000.0,-0.0044007848824776, Competition,Healthy
SRR13077712.bin.36.fbc2XSRR13077712.bin.30.fbc2 ,-0.1063255600342927,-0.1063255600342927,591.8535593743236,-0.0020427581179092,-1000.0,999.8405014461578,-932.5792475207684,-33.44129860963403,-3.987320852983544,-0.1772092667238212,-0.0141154585943468,745.2631010285054,-31.41300160739047,-999.840501446158,-0.006965805181835,-0.087347319549508,-0.087347319549508,408.1464406256764,-0.0016781425465524,1000.0,-986.8415164780124,510.951764670514,-30.245985406855997,-3.275616780945484,-0.1455788659158088,-0.0115959649968999,0.7418061312901045,-401.77163018970737,986.8415164780124,-0.0057224660838528, Amensalism,Healthy
SRR13077712.bin.40.fbc2XSRR13077712.bin.53.fbc2 ,-0.0883509576377719,-0.0883509576377719,666.776286356278,-0.0016974247384951,1000.0,-1000.0,775.9634381953679,-672.0798899516541,-3.313254269778554,-0.1472515960630289,-0.011729204942867,-10.29902275523466,-333.5137356345388,1000.0,-0.0057882183582478,-0.0214587068207947,-0.0214587068207947,333.223713643722,-0.0004122710244018,-1000.0,999.9678098784136,224.03656180463213,-327.9201100483459,-0.804724180687117,-0.0357645113680291,-0.0028487927787637,985.2158449088496,-0.0357686340782947,-999.9678098784136,-0.0014058441933002, Neutralism,Healthy
SRR13077712.bin.55.fbc2XSRR13077712.bin.50.fbc2 ,-0.0311837297241481,-0.0311837297241481,8.392718921955407,-0.0005991110417653,-1000.0,1000.0,44.7162507311823,-9.330293253439775,-1.169422815761436,-0.0519728828735424,-0.0041398572985826,981.700431228738,-263.0329333086445,-1000.0,-0.0020429686524039,-0.0592857748126789,-0.0592857748126789,29.703323587147224,-0.0011390158465474,1000.0,-1000.0,402.6713833737829,225.15115287190224,-2.2232792013462586,-0.0988096246877603,-0.0078705994995971,18.29956877126176,-270.65115297448824,1000.0,-0.0038840440366811, Neutralism,Healthy
SRR13077712.bin.14.fbc2XSRR13077712.bin.33.fbc2 ,-0.2078980682881592,-0.2078980682881592,885.7912942601301,-0.003994199198587,-1000.0,1000.0,0.0,-437.7450961655733,-7.796397241762975,-0.3464967804802654,-0.0275999164624636,986.7016754641254,-286.72000510150247,-1000.0,-0.0136202192672953,-0.1460678982371064,-0.1460678982371064,114.20870573986986,-0.0028062996778999,1000.0,-1000.0,1000.0,1000.0,-5.477700530375046,-0.2434464970618819,-0.0193915307746692,13.298324535874483,-500.0547789697136,1000.0,-0.009569481901849, Competition,Healthy
SRR13077712.bin.50.fbc2XSRR13077712.bin.41.fbc2 ,-0.0592857748126789,-0.0592857748126789,29.70332358714745,-0.0011390158465474,1000.0,-1000.0,402.6713833737849,225.1511528719,-2.2232792013462586,-0.0988096246877603,-0.0078705994995971,18.299568771261647,-270.65115297448824,1000.0,-0.0038840440366811,-0.1828404629492297,-0.1828404629492297,818.8861376561058,-0.0035127850710523,-1000.0,1000.0,94.61477678583152,170.64063416589877,-6.856710563775437,-0.3047341049153829,-0.024273344841049,185.4367659080556,-167.04918955695075,-1000.0,-0.0119785970923658, Neutralism,Healthy
SRR13077712.bin.56.fbc2XSRR13077712.bin.10.fbc2 ,-0.0906505929617651,-0.0906505929617651,557.3935550612625,-0.0017416060127288,-1000.0,999.8640154025276,-553.4086414736178,396.5457217522248,-3.399493024395042,-0.1510843216028661,-0.0120344975478019,1000.0,-254.2179302919644,-999.8640154025272,-0.0059388765033645,-0.0410330100429519,-0.0410330100429519,17.729855161322234,-0.0007883383293574,999.938446543244,-1000.0,61.95036539639659,440.7909376969276,-1.5387812352175845,-0.0683883500715865,-0.0054474178558621,0.0,-222.48145853572785,1000.0,-0.0026882337031111, Competition,Healthy
SRR13077712.bin.10.fbc2XSRR13077712.bin.30.fbc2 ,-0.0902600141296261,-0.0902600141296261,488.2411632651549,-0.0017341020966341,-1000.0,999.864601308295,0.0,148.44519125028273,-3.384845905476709,-0.1504333568826723,-0.0119826454877056,885.1177782410607,-297.7996122040969,-999.864601308295,-0.0059132881494861,-0.0875947100973917,-0.0875947100973917,511.7588367348451,-0.0016828954869652,1000.0,-988.6924232755111,612.9671573773937,-30.33164998065968,-3.2848941879042286,-0.1459911834956528,-0.0116288078151001,0.7439071210653765,-503.0057523134786,988.6924232755114,-0.0057386736106082, Neutralism,Healthy
SRR13077712.bin.11.fbc2XSRR13077712.bin.34.fbc2 ,-0.171814114441986,-0.171814114441986,30.99439993150372,-0.0033009436011752,-1000.0,1000.0,-756.0132418961733,-45.3442700230903,-6.443210843471888,-0.2863568574032342,-0.0228095202842268,-16.758032417908225,-250.81991312874072,-1000.0,-0.0112562176800565,-0.0830490636352578,-0.0830490636352578,969.0056000684964,-0.0015955631822635,0.0,0.0,-243.98675810382667,-940.744727035387,-3.114427642297869,-0.138415106058801,-0.0110253415892884,926.1205900293504,-0.0311453933171605,0.0,-0.0054408704513662, Neutralism,Healthy
SRR13077712.bin.27.fbc2XSRR13077712.bin.14.fbc2 ,-0.0815969602099357,-0.0815969602099357,227.6681090769212,-0.0015676649416036,-1000.0,1000.0,889.2795858293325,-15.070684209401406,-3.0599722294426783,-0.1359949336831505,-0.0108325647463516,2.191564235047508,-500.1666114299924,-1000.0,-0.0053457374508525,-0.2021221471144372,-0.2021221471144372,772.3318909230788,-0.0038832304920788,1000.0,-1000.0,110.72041417066748,-586.2657064675952,-7.579794094466365,-0.3368702451906529,-0.0268331227005091,997.8084357649524,-329.6171015735323,1000.0,-0.0132418159780627, Amensalism,Healthy
SRR13077712.bin.28.fbc2XSRR13077712.bin.36.fbc2 ,-0.1110281027393966,-0.1110281027393966,29.16165229157241,-0.0021331047596504,-1000.0,999.8334471803672,-1000.0,-239.93747144418035,-4.163671173490684,-0.1850468378991081,-0.0147397538891027,1000.0,-8.40686449242105,-999.8334471803672,-0.0072738872304398,-0.163393375384885,-0.163393375384885,970.8383477084276,-0.0031391618709903,0.0,-0.245105758886666,91.77220964871776,-44.45087740097426,-6.127424230834663,-0.2723222923081039,-0.0216916085284992,0.0,-356.2088017704036,0.245105758886666,-0.0107045419800897, Amensalism,Healthy
SRR13077712.bin.10.fbc2XSRR13077712.bin.52.fbc2 ,-0.0806270687774031,-0.0806270687774031,8.555182590342156,-0.0015490311004668,-1000.0,999.8790516516784,0.0,324.6773616962603,-3.023600275862236,-0.1343784479622627,-0.0107038049039829,599.5034628873927,-167.13658007220215,-999.8790516516784,-0.0052821960524624,-0.1338543403804806,-0.1338543403804806,991.4448174096578,-0.0025716491908269,1000.0,-1000.0,-99.47476408917748,-244.92512919452972,-5.019679204975546,-0.2230905673009147,-0.017770095908304,400.49653711260726,-0.2733148759970163,1000.0,-0.0087693237405801, Competition,Healthy
SRR13077712.bin.10.fbc2XSRR13077712.bin.5.fbc2 ,-0.0902600141296261,-0.0902600141296261,16.87270935409299,-0.0017341020966341,999.864601308295,-1000.0,26.481069811184625,-32.07049312944355,-3.384845905476709,-0.1504333568826723,-0.0119826454877056,995.8142159724828,-107.16017864098274,1000.0,-0.0059132881494861,-0.0839843336059402,-0.0839843336059402,349.955594392909,-0.0016135318655869,-1000.0,999.8740154319316,762.0889135282382,-35.30344794252835,-3.149501254476604,-0.1399738893433095,-0.0111495051914971,4.185784027517229,-253.779506788327,-999.8740154319318,-0.0055021436618289, Neutralism,Healthy
SRR13077712.bin.28.fbc2XSRR13077712.bin.48.fbc2 ,-0.1230844088115645,-0.1230844088115645,996.7969058036128,-0.0023647340790375,-1000.0,999.8153615631122,-553.5498122317395,-496.8494808133376,-4.615795390806284,-0.2051406813525318,-0.016340312485795,8.169280643654474,-138.4776465944858,-999.8153615631124,-0.0080637432093908,-0.0543803971263514,-0.0543803971263514,3.203094196387042,-0.0010447722791013,1000.0,-1000.0,-446.45018776826055,-5.972304912992968,-2.0393223547142725,-0.0906339952106236,-0.0072193764484609,991.8307193563456,-249.0768007254817,1000.0,-0.0035626734717197, Amensalism,Healthy
SRR13077712.bin.27.fbc2XSRR13077712.bin.33.fbc2 ,-0.0643382591021008,-0.0643382591021008,275.8452063851937,-0.001236085669575,-1000.0,1000.0,202.2900600353989,-18.64422625838415,-2.412752701039153,-0.1072304318367969,-0.0085413519768735,4.27338301604334,-402.4837395559367,-1000.0,-0.0042150521333041,-0.1754271520551356,-0.1754271520551356,657.5905608607793,-0.0033703583487749,0.0,0.0,797.7099399646011,1000.0,-6.578703571776032,-0.2923785867585593,-0.0232891761902465,334.8682623337779,-500.0657893949686,0.0,-0.0114929219694204, Amensalism,Healthy
SRR13077712.bin.12.fbc2XSRR13077712.bin.41.fbc2 ,-0.1307165258853047,-0.1307165258853047,483.1176276374458,-0.0025113645702958,-1000.0,999.6352745234522,732.5309437585463,-1000.0,-4.902007845750063,-0.2178608764754699,-0.017353529180923,898.9002218172891,-16.23603054564353,-999.635274523452,-0.0085637531848306,-0.1498443310091488,-0.1498443310092625,516.8823723625542,-0.0028788536217234,1000.0,-1000.0,-633.381753192329,281.7541285691782,-5.619320749793815,-0.2497405516819526,-0.0198928785258658,101.0997781827109,-140.1715183991289,1000.0,-0.0098168908499474, Competition,Healthy
SRR13077712.bin.28.fbc2XSRR13077712.bin.14.fbc2 ,-0.0865979060583868,-0.0865979060583868,7.972063502208925,-0.0016637445928608,-1000.0,999.8700948221896,-480.98235697323264,-64.13129802447418,-3.247512983143224,-0.1443298434306825,-0.0114964751367097,409.8160236504423,-0.1462015560977079,-999.8700948221896,-0.0056733690616965,-0.2286485057071559,-0.2286485057071559,992.027936497791,-0.0043928627417244,1000.0,-1000.0,975.0426522906369,-638.4021514454288,-8.574560571470101,-0.3810808428453356,-0.0303546815454183,590.1839763495577,-334.43922502344776,1000.0,-0.014979661949269, Amensalism,Healthy
SRR13077712.bin.27.fbc2XSRR13077712.bin.36.fbc2 ,-0.0815969602099357,-0.0815969602099357,227.6681090769207,-0.0015676649416036,1000.0,-1000.0,893.6290565331301,-15.070684209399587,-3.0599722294426783,-0.1359949336831505,-0.0108325647463516,2.1915642350473945,-500.1666114299924,1000.0,-0.0053457374508525,-0.1387482081236157,-0.1387482081236157,772.3318909230793,-0.0026656716257775,-1000.0,999.7918643594564,-205.00629097755476,-37.746203445400624,-5.203204416574522,-0.2312470135393596,-0.0184197909343311,756.362582764581,0.0,-999.7918643594564,-0.0090899402440527, Amensalism,Healthy
SRR13077712.bin.5.fbc2XSRR13077712.bin.41.fbc2 ,-0.0833543313917744,-0.0833543313917744,279.2855932196567,-0.0016014280766967,-1000.0,999.874960495772,631.6097026822522,-36.28486109745211,-3.125875505734029,-0.1389238856528436,-0.0110658680099504,-1.5208842515734204,-391.8791486145343,-999.874960495772,-0.0054608697415687,-0.1730378033166744,-0.1730378033166744,720.7144067803433,-0.0033244534738514,1000.0,-1000.0,-824.6725632659036,201.53807243589492,-6.489100469315531,-0.2883963388610482,-0.0229719735046955,147.7051406947935,-146.38941795704898,1000.0,-0.0113363863459881, Neutralism,Healthy
SRR13077712.bin.27.fbc2XSRR13077712.bin.10.fbc2 ,-0.0815969602099357,-0.0815969602099357,448.1926241960209,-0.0015676649416036,-1000.0,1000.0,1000.0,-540.82152948258,-3.0599722294426783,-0.1359949336831505,-0.0108325647463516,526.6824615180192,-399.71702785588536,-1000.0,-0.0053457374508525,-0.0902600141296261,-0.0902600141296261,19.744807281127123,-0.0017341020966341,999.864601308295,-1000.0,0.0,558.8513551185029,-3.384845905476709,-0.1504333568826723,-0.0119826454877056,473.3175384819808,-293.6878800247697,1000.0,-0.0059132881494861, Neutralism,Healthy
SRR13077712.bin.41.fbc2XSRR13077712.bin.36.fbc2 ,-0.0779300565769745,-0.0779300565769745,31.14576864415972,-0.0014972153040844,1000.0,-1000.0,187.28905681186552,-13.835932038428837,-2.9224594684773137,-0.129883427628215,-0.0103457577511107,-0.4330901924791988,-76.09786626477694,1000.0,-0.0051055041868721,-0.1740463430739964,-0.1740463430739964,968.8542313558404,-0.0033438298381724,-1000.0,999.73891376624,-560.2522190657967,-47.34899832901931,-6.526921775916094,-0.2900772384566608,-0.0231058641813888,940.2377356012336,-58.961475669558354,-999.7389137662398,-0.0114024597479556, Amensalism,Healthy
SRR13077712.bin.52.fbc2XSRR13077712.bin.30.fbc2 ,-0.1370588235464538,-0.1370588235464538,589.9423114365884,-0.0026332146694585,-1000.0,1000.0,-334.5949474367126,3.809645708818493,-5.139850709797884,-0.2284313725773472,-0.0181955133660949,9.658289089745152,-279.6938845221878,-1000.0,-0.0089792620228763,-0.0875947100973917,-0.0875947100973917,410.0576885634116,-0.0016828954869652,1000.0,-988.6924232755116,511.2660092059602,-30.33164998065968,-3.2848941879042286,-0.1459911834956528,-0.0116288078151001,0.7439071210653765,-401.304604142045,988.6924232755114,-0.0057386736106082, Amensalism,Healthy
SRR13077712.bin.27.fbc2XSRR13077712.bin.52.fbc2 ,-0.0815969602099357,-0.0815969602099357,227.66810907692135,-0.0015676649416036,0.0,0.0,889.279585829333,-15.070684209401747,-3.0599722294426783,-0.1359949336831505,-0.0108325647463516,3.45151222525476,-500.1666114299924,0.0,-0.0053457374508525,-0.1527814702184287,-0.1527814702184287,772.3318909230786,-0.0029352828091759,-1000.0,1000.0,110.72041417066704,-713.2665744452139,-5.72946657374473,-0.2546357836973811,-0.020282804211547,646.5531145239779,-185.68065915409613,-1000.0,-0.0100093143793174, Amensalism,Healthy
SRR13077712.bin.12.fbc2XSRR13077712.bin.33.fbc2 ,-0.1520870748460083,-0.1520870748460083,747.5996646561189,-0.0029219418798902,-1000.0,999.5756463807896,100.96761359879224,-998.9078430285216,-5.703426013530248,-0.2534784580767564,-0.0201906183897335,373.0704104384543,-3.4229669177900632,-999.5756463807896,-0.0099638218102882,-0.1624653185900797,-0.1624653185900797,252.40033534388112,-0.0031213317693072,1000.0,-1000.0,899.0323864012078,1000.0,-6.092621120375611,-0.2707755309834283,-0.021568402525645,14.79117970827258,-500.060928396136,1000.0,-0.0106437413331832, Amensalism,Healthy
SRR13077712.bin.48.fbc2XSRR13077712.bin.41.fbc2 ,-0.0468677788197737,-0.0468677788197737,2.760588709682338,-0.0009004376333905,-1000.0,1000.0,-1000.0,-5.1472346745800905,-1.7575912298106005,-0.078112964699585,-0.0062220240470196,854.8099175040561,-214.66699440252728,-1000.0,-0.0030704923299254,-0.181476816493614,-0.181476816493614,814.3518490997085,-0.0034865862919559,1000.0,-1000.0,0.0,177.21936340547654,-6.8055723807556205,-0.30246136082269,-0.0240923112770587,145.1900824959439,-152.30292336837226,1000.0,-0.0118892592554402, Amensalism,Healthy
SRR13077712.bin.14.fbc2XSRR13077712.bin.48.fbc2 ,-0.2194102709552225,-0.2194102709552225,998.4671062132104,-0.0042153750423494,-1000.0,1000.0,730.603264988541,-455.7507469461668,-8.228117006450134,-0.3656837849254089,-0.0291282415428213,404.19590500465006,-303.13643316793457,-1000.0,-0.0143744288944844,-0.032632769571478,-0.032632769571478,1.5328937867896002,-0.0006269504240208,1000.0,-1000.0,-1000.0,-3.1946509637372174,-1.2237633412057676,-0.0543879492859105,-0.0043322274301544,595.8040949953499,-149.71895651473722,1000.0,-0.0021379009459678, Amensalism,Healthy
SRR13077712.bin.28.fbc2XSRR13077712.bin.30.fbc2 ,-0.1494539767915057,-0.1494539767915057,589.9423114365884,-0.0028713540209537,-1000.0,999.7758046780428,-1000.0,-543.2141545211848,-5.604682054151908,-0.2490899613191004,-0.0198410562849176,999.2560928789346,-131.96613804032052,-999.7758046780426,-0.0097913172114658,-0.0875947100973917,-0.0875947100973917,410.0576885634116,-0.0016828954869652,1000.0,-988.6924232755116,511.26600920596,-30.33164998065979,-3.2848941879042286,-0.1459911834956528,-0.0116288078151001,0.7439071210653765,-401.304604142045,988.6924232755114,-0.0057386736106082, Amensalism,Healthy
SRR13077712.bin.48.fbc2XSRR13077712.bin.36.fbc2 ,-0.0548283049365636,-0.0548283049365636,3.2294766978640155,-0.001053377616472,1000.0,-1000.0,-1000.0,-6.021496205389099,-2.0561193708919063,-0.0913805082276439,-0.0072788393297287,1000.0,-251.12833860108867,1000.0,-0.0035920176720765,-0.1640284667181504,-0.1640284667181504,996.770523302136,-0.0031513634336306,-1000.0,999.7539415431056,636.6031788384541,-44.62365286954832,-6.151240826918524,-0.2733807778635082,-0.0217759213260251,0.0,-357.0775322752271,-999.7539415431056,-0.0107461493084883, Neutralism,Healthy
SRR13077712.bin.27.fbc2XSRR13077712.bin.53.fbc2 ,-0.0815969602099357,-0.0815969602099357,227.6681090769207,-0.0015676649416036,-1000.0,1000.0,894.4128890039262,-15.070684209400383,-3.0599722294426783,-0.1359949336831505,-0.0108325647463516,3.451512225255101,-500.1666114299924,-1000.0,-0.0053457374508525,-0.0214587068207947,-0.0214587068207947,672.2174122790841,-0.0004122710244018,999.9678098784136,-1000.0,105.58711099607376,-984.9293157905996,-0.804724180687117,-0.0357645113680291,-0.0028487927787637,659.8018250290024,-0.0357686340782947,1000.0,-0.0014058441933002, Neutralism,Healthy
SRR13077712.bin.28.fbc2XSRR13077712.bin.34.fbc2 ,-0.1694765336337695,-0.1694765336337695,1000.0,-0.0032560333071387,-1000.0,999.7457689193828,351.84657127104015,-730.2495735160863,-6.355549093100194,-0.2824608893896538,-0.0224991901519615,1000.0,-179.56098998714026,-999.7457689193828,-0.0111030735771464,0.0,0.0,0.0,0.0,1000.0,-1000.0,0.0,0.0,0.0,0.0,0.0,0.0,0.0,1000.0,0.0, Amensalism,Healthy
SRR13077712.bin.28.fbc2XSRR13077712.bin.40.fbc2 ,-0.134092627514974,-0.134092627514974,333.30878857161497,-0.0025762272337033,-1000.0,999.7988481775916,-124.4585223735818,-334.0915050670216,-5.028615224308396,-0.2234877125249568,-0.0178017301849422,1000.0,-113.3650836974781,-999.7988481775914,-0.0087849348669806,-0.0883509576377719,-0.0883509576377719,666.691211428385,-0.0016974247384951,1000.0,-1000.0,770.3812447647888,-665.9084949329784,-3.313254269778554,-0.1472515960630289,-0.011729204942867,-4.127627736558452,-333.5137356345388,1000.0,-0.0057882183582478, Amensalism,Healthy
SRR13077712.bin.12.fbc2XSRR13077712.bin.52.fbc2 ,-0.1087067980591882,-0.1087067980591882,606.5601314442681,-0.0020885071672864,-1000.0,999.6966861040896,547.9865288140145,-607.467942266049,-4.0766197951116965,-0.1811779967652,-0.0144315845261644,186.2117678904035,-46.14232271229196,-999.6966861040896,-0.0071218094406049,-0.1177813892616086,-0.1177813892616086,393.4398685557319,-0.0022628508984325,1000.0,-1000.0,-83.5296432040368,-392.532057733951,-4.416926554108954,-0.1963023154360144,-0.0156362997079213,423.6230635143895,-193.59584236483303,1000.0,-0.0077163215635209, Competition,Healthy
SRR13077712.bin.40.fbc2XSRR13077712.bin.30.fbc2 ,-0.0802358593862209,-0.0802358593862209,590.1466980437315,-0.0015415150699027,1000.0,-1000.0,682.8523275770306,-503.1897118977959,-3.008929510313237,-0.1337264323103681,-0.0106518691327437,-7.892649648591032,-341.15139144804266,1000.0,-0.0052565663881978,-0.081154818330333,-0.081154818330333,409.8533019562685,-0.0015591703810287,-989.5237471097122,1000.0,317.14767242296944,-28.101691769988747,-3.0433914417570804,-0.1352580305505171,-0.0107738673326593,0.6892156752107894,-401.7437371748348,-1000.0,-0.0053167709991157, Neutralism,Healthy
SRR13077712.bin.27.fbc2XSRR13077712.bin.50.fbc2 ,-0.0805081560200733,-0.0805081560200733,278.1520148562022,-0.0015467465133269,-1000.0,1000.0,621.7427870450399,-23.330010749944563,-3.019140921811413,-0.1341802600335313,-0.0106880184072224,5.3473965785029804,-403.1079686406404,-1000.0,-0.0052744056105211,-0.059194976305207,-0.059194976305207,22.9611001231782,-0.0011372713987611,1000.0,-1000.0,378.2572129549601,228.90544547630657,-2.219874161373582,-0.0986582938420497,-0.0078585453653658,23.51035011358738,-271.18259091941513,1000.0,-0.0038780954697585, Neutralism,Healthy
SRR13077712.bin.10.fbc2XSRR13077712.bin.53.fbc2 ,-0.0902600141296261,-0.0902600141296261,35.833208268445105,-0.0017341020966341,-1000.0,999.864601308295,112.79277297164047,259.32462838147126,-3.384845905476709,-0.1504333568826723,-0.0119826454877056,722.0147244991756,-125.64442997962828,-999.864601308295,-0.0059132881494861,-0.0214329298399889,-0.0214329298399889,721.8856245536722,-0.0004117757894164,999.967848546361,-1000.0,-1000.0,-5.61325344191232,-0.8037575166684974,-0.0357215497333527,-0.0028453707050175,277.9852755008244,-0.0357256674911923,1000.0,-0.0014041554419463, Neutralism,Healthy
SRR13077712.bin.11.fbc2XSRR13077712.bin.41.fbc2 ,-0.1606202263577643,-0.1606202263577643,179.69094401492976,-0.003085883311428,-1000.0,1000.0,-793.4632699855472,-42.39003843654723,-6.023428211998294,-0.2677003772629405,-0.0213234536817026,38.34360187843936,-508.0568552645624,-1000.0,-0.0105228620918751,-0.1828404629492297,-0.1828404629492297,818.8861376561058,-0.0035127850710523,1000.0,-1000.0,68.56860944431583,170.64063416590284,-6.856710563775437,-0.3047341049153829,-0.024273344841049,185.4367659080556,-167.0491895569511,1000.0,-0.0119785970923658, Neutralism,Healthy
SRR13077712.bin.14.fbc2XSRR13077712.bin.30.fbc2 ,-0.1816649440395394,-0.1816649440395394,589.9423114365884,-0.0034902006540278,1000.0,-1000.0,488.73399079403976,-587.4122552991718,-6.812627362518128,-0.3027749067325658,-0.0241172865189582,999.2560928789346,-310.40560503237805,1000.0,-0.0119015842300314,-0.0875947100973917,-0.0875947100973917,410.0576885634116,-0.0016828954869652,-988.6924232755116,1000.0,511.2660092059602,-30.33164998065968,-3.2848941879042286,-0.1459911834956528,-0.0116288078151001,0.7439071210653765,-401.304604142045,-1000.0,-0.0057386736106082, Amensalism,Healthy
SRR13077712.bin.50.fbc2XSRR13077712.bin.34.fbc2 ,-0.0583000262196264,-0.0583000262196264,5.062492017423892,-0.0011200773528798,-1000.0,1000.0,359.38602044751065,246.9642300276153,-2.186312587492353,-0.097166710366082,-0.0077397345087319,29.72128229461987,-272.12591456849225,-1000.0,-0.003819463773425,-0.0852715695427832,-0.0852715695427832,994.937507982576,-0.0016382626232598,1000.0,-1000.0,107.32714974422515,-966.351853921206,-3.1977739622979016,-0.1421192825712296,-0.0113203947270221,950.4733183669588,-0.0319788864068186,1000.0,-0.0055864755454422, Neutralism,Healthy
SRR13077712.bin.40.fbc2XSRR13077712.bin.50.fbc2 ,-0.0883509576377719,-0.0883509576377719,970.2966764128532,-0.0016974247384951,-1000.0,1000.0,608.8914726743187,-365.7080371027584,-3.313254269778554,-0.1472515960630289,-0.011729204942867,7.466950192497052,-336.2067134177041,-1000.0,-0.0057882183582478,-0.0592857748126789,-0.0592857748126789,29.70332358714677,-0.0011390158465474,1000.0,-1000.0,391.1085273256813,225.1511528719,-2.2232792013462586,-0.0988096246877603,-0.0078705994995971,29.862424819363014,-270.65115297448835,1000.0,-0.0038840440366811, Neutralism,Healthy
SRR13077712.bin.55.fbc2XSRR13077712.bin.5.fbc2 ,-0.0311837297241481,-0.0311837297241481,8.392718921955407,-0.0005991110417653,1000.0,-1000.0,39.193555281493445,-9.330293253440232,-1.169422815761436,-0.0519728828735424,-0.0041398572985826,910.301959418368,-263.0329333086444,1000.0,-0.0020429686524039,-0.0839843336059402,-0.0839843336059402,296.85811542269494,-0.0016135318655869,-1000.0,999.8740154319316,635.9548646408523,-45.53511973523814,-3.149501254476604,-0.1399738893433095,-0.0111495051914971,19.716867270763828,-398.8177297043527,-999.8740154319318,-0.0055021436618289, Neutralism,Healthy
SRR13077712.bin.55.fbc2XSRR13077712.bin.30.fbc2 ,-0.0311837297241481,-0.0311837297241481,8.392718921955407,-0.0005991110417653,-1000.0,1000.0,39.19355528149413,-9.330293253439775,-1.169422815761436,-0.0519728828735424,-0.0041398572985826,910.301959418368,-263.0329333086446,-1000.0,-0.0020429686524039,-0.0875947100973917,-0.0875947100973917,754.299384015806,-0.0016828954869652,999.8685995203764,-1000.0,849.7882160562983,-30.33164998065968,-3.2848941879042286,-0.1459911834956528,-0.0116288078151001,12.18288432517761,-736.9670666913554,1000.0,-0.0057386736106082, Neutralism,Healthy
SRR13077712.bin.27.fbc2XSRR13077712.bin.5.fbc2 ,-0.0815951694154364,-0.0815951694154364,278.30708892509074,-0.0015676305363285,1000.0,-1000.0,649.940291043047,-23.64501031586974,-3.059905072759875,-0.1359919490257652,-0.0108323270060282,6.679516952207791,-403.1499321349229,1000.0,-0.0053456201288781,-0.0750218281179968,-0.0750218281179968,290.7251286977271,-0.0014413415584613,-1000.0,999.8874600511152,350.05970895695305,-46.421085785574974,-2.8133978282091903,-0.1250363801965477,-0.0099596701689961,13.423725610212044,-383.87074944649726,-999.8874600511152,-0.0049149747143246, Amensalism,Healthy
SRR13077712.bin.56.fbc2XSRR13077712.bin.30.fbc2 ,-0.1290861077276304,-0.1290861077276304,566.4349060668933,-0.0024800404943334,999.8063584382062,-1000.0,-1000.0,-969.6683500193402,-4.840865442014774,-0.2151435128794219,-0.0171370798154839,999.2560928789346,-252.70292173350924,1000.0,-0.0084569380854873,-0.0875947100973917,-0.0875947100973917,433.5650939331067,-0.0016828954869652,-988.6924232755116,1000.0,534.7734145756551,-30.33164998065979,-3.2848941879042286,-0.1459911834956528,-0.0116288078151001,0.7439071210653765,-424.81200951174014,-1000.0,-0.0057386736106082, Neutralism,Healthy
SRR13077712.bin.53.fbc2XSRR13077712.bin.36.fbc2 ,-0.0169953562898399,-0.0169953562898399,29.68444555365795,-0.000326519813484,999.974505332966,-1000.0,-162.97561262454542,-782.0598462067136,-0.6373438194575556,-0.028325593816362,-0.0022562519109214,762.8652841343414,-0.0283288590144366,1000.0,-0.0011134325638977,-0.1675855828187877,-0.1675855828187877,970.315554446342,-0.0032197038005961,-1000.0,999.748605527253,1000.0,-45.59135998325689,-6.284636439414271,-0.2793093046980175,-0.0222481532617848,172.7922624257967,-356.35538543700045,-999.7486055272528,-0.0109791899599258, Amensalism,Healthy
SRR13077712.bin.11.fbc2XSRR13077712.bin.40.fbc2 ,-0.1737734371372425,-0.1737734371372425,291.72675855940224,-0.0033385866885282,-1000.0,1000.0,-597.3389233328065,-45.86136407934839,-6.516687514916384,-0.2896223952287755,-0.0230696340177019,0.5385006785110136,-293.75504806827007,-1000.0,-0.0113845806077961,-0.0883509576377719,-0.0883509576377719,708.2732414405978,-0.0016974247384951,1000.0,-1000.0,695.5954525842774,-954.1386359206516,-3.313254269778554,-0.1472515960630289,-0.011729204942867,111.54744147189764,-353.5534619642708,1000.0,-0.0057882183582478, Neutralism,Healthy
SRR13077712.bin.33.fbc2XSRR13077712.bin.53.fbc2 ,-0.1763491318439491,-0.1763491318439491,513.3722483326706,-0.0033880716972589,-1000.0,1000.0,1000.0,972.013421514182,-6.613278788089474,-0.2939152197398016,-0.0234115754282129,485.68975263258,-500.0661351595311,-1000.0,-0.0115533244877497,-0.0214587068207947,-0.0214587068207947,486.6277516673295,-0.0004122710244018,999.9678098784136,-1000.0,0.0,-6.817359009545271,-0.804724180687117,-0.0357645113680291,-0.0028487927787637,514.3102473674201,-0.0357686340782947,1000.0,-0.0014058441933002, Neutralism,Healthy
SRR13077712.bin.40.fbc2XSRR13077712.bin.52.fbc2 ,-0.079756533072441,-0.079756533072441,585.6249510596215,-0.0015323061109029,-1000.0,1000.0,679.2318534994902,-487.64241017019447,-2.9909542670548035,-0.1329275551207729,-0.0105882352263506,-3.722691727255551,-341.6022323978782,-1000.0,-0.0052251638381903,-0.1219242854705271,-0.1219242854705271,414.3750489403785,-0.0023424454461746,1000.0,-1000.0,-73.43736802829665,-422.752360013787,-4.572289539642497,-0.2032071424507648,-0.0161862980327214,409.3454437762898,-202.2150281260772,1000.0,-0.0079877389712237, Amensalism,Healthy
SRR13077712.bin.55.fbc2XSRR13077712.bin.40.fbc2 ,-0.0311837297241481,-0.0311837297241481,8.392718921955293,-0.0005991110417653,-1000.0,1000.0,39.1935552814939,-9.330293253440232,-1.169422815761436,-0.0519728828735424,-0.0041398572985826,997.4487695041698,-263.0329333086444,-1000.0,-0.0020429686524039,-0.0883509576377719,-0.0883509576377719,991.6072810780448,-0.0016974247384951,1000.0,-1000.0,857.9217628853694,-759.6204080722346,-3.313254269778554,-0.1472515960630289,-0.011729204942867,-10.29902275523466,-416.8465866163424,1000.0,-0.0057882183582478, Neutralism,Healthy
SRR13077712.bin.33.fbc2XSRR13077712.bin.30.fbc2 ,-0.1762285644867915,-0.1762285644867915,590.9826975948799,-0.0033857553215739,-1000.0,1000.0,887.9342765697149,1000.0,-6.608757384797855,-0.2937142741446905,-0.0233955692718836,428.8517680873927,-500.0660899438767,-1000.0,-0.0115454256465454,-0.0742692695063169,-0.0742692695063169,409.01730240512006,-0.0014268831797608,1000.0,-990.4126006892404,112.06572343028506,-25.71741472149404,-2.7851760850604705,-0.1237821158438237,-0.0098597627720664,0.6307394407791662,-401.5957904761592,990.4126006892402,-0.0048656716429604, Amensalism,Healthy
SRR13077712.bin.12.fbc2XSRR13077712.bin.53.fbc2 ,-0.1765854151398116,-0.1765854151398116,999.830244879934,-0.0033926112419067,-1000.0,999.507291069342,1000.0,-1000.0,-6.622139661359597,-0.2943090252329057,-0.0234429436814025,304.7435284140631,-293.6213540220284,-999.507291069342,-0.0115688043348427,-0.0147634112506693,-0.0147634112506693,0.169755120065929,-0.0002836390250422,999.9778534649288,-1000.0,0.0,0.0,-0.5536435220475369,-0.0246056854177822,-0.0019599456626337,695.2564715859369,-0.0246085218080907,1000.0,-0.0009672090752701, Amensalism,Healthy
SRR13077712.bin.14.fbc2XSRR13077712.bin.41.fbc2 ,-0.2333728961206134,-0.2333728961206134,974.9559903649468,-0.0044836291281171,1000.0,-1000.0,1000.0,-755.1550099198265,-8.75173020412501,-0.388954826867689,-0.0309818772756216,1000.0,-319.5400028428362,1000.0,-0.0152891753269841,-0.0924098474915808,-0.0924098474915808,25.04400963505327,-0.0017754053312728,-1000.0,1000.0,0.0,479.3493906436072,-3.465466928228807,-0.1540164124860439,-0.0122680508389976,-3.485759811165167,-218.18544662611384,-1000.0,-0.0060541321795426, Amensalism,Healthy
SRR13077712.bin.28.fbc2XSRR13077712.bin.52.fbc2 ,-0.1204373468949597,-0.1204373468949597,451.0351046818066,-0.0023138779422424,-1000.0,999.819332410268,-663.4253723014199,-427.60804563765214,-4.516527771846995,-0.2007289114915238,-0.0159888965810068,997.3153621621336,-115.98081814691592,-999.819332410268,-0.0078903237831582,-0.1335264208895523,-0.1335264208895523,548.9648953181934,-0.0025653491045432,1000.0,-1000.0,-336.5746276985801,-29.19280059059156,-5.007381877559851,-0.2225440348159963,-0.0177265623121911,2.684637837866262,-262.53902238034505,1000.0,-0.0087478404464036, Competition,Healthy
SRR13077712.bin.12.fbc2XSRR13077712.bin.34.fbc2 ,-0.176600404551209,-0.176600404551209,1000.0,-0.0033928992228311,-1000.0,999.5072492458604,1000.0,-976.9231846258772,-6.622701780127613,-0.2943340075853484,-0.0234449336301167,380.0395523834022,-259.3685100906408,-999.5072492458604,-0.0115697863500372,0.0,0.0,0.0,0.0,1000.0,-1000.0,0.0,0.0,0.0,0.0,0.0,0.0,0.0,1000.0,0.0, Amensalism,Healthy
SRR13077712.bin.10.fbc2XSRR13077712.bin.33.fbc2 ,-0.0902600141296261,-0.0902600141296261,16.872709354094013,-0.0017341020966341,-1000.0,999.864601308295,-109.0826952798584,0.0,-3.384845905476709,-0.1504333568826723,-0.0119826454877056,963.7437228430394,-258.75919029674856,-999.864601308295,-0.0059132881494861,-0.1763491318439491,-0.1763491318439491,832.6786901199835,-0.0033880716972589,1000.0,-1000.0,1000.0,1000.0,-6.613278788089474,-0.2939152197398016,-0.0234115754283266,36.25627715696055,-500.0661351595311,1000.0,-0.0115533244877497, Neutralism,Healthy
SRR13077712.bin.55.fbc2XSRR13077712.bin.28.fbc2 ,-0.0224635203758225,-0.0224635203758225,5.819929132060111,-0.0004315757997801,1000.0,-1000.0,29.503802370531275,-7.7656422307309185,-0.8424057507613725,-0.0374392006262951,-0.002982188776059,376.6138280718626,-189.5631729262041,1000.0,-0.0014716734771127,-0.1502705858982835,-0.1502705858982835,994.1800708679398,-0.0028870429567859,-1000.0,999.774579685938,41.822549981117845,-558.1521783349142,-5.635305758546679,-0.2504509764970635,-0.019949466831008,623.3861719281374,-191.04008703302293,-999.774579685938,-0.0098448164824276, Competition,Healthy
SRR13077712.bin.28.fbc2XSRR13077712.bin.12.fbc2 ,-0.1005216397346657,-0.1005216397346657,43.20632525775636,-0.0019312514838247,0.0,-0.1507921158595309,-365.5589589336964,-179.1326770143089,-3.769667708883048,-0.1675360662245566,-0.0133449477534668,711.5354713818813,-0.1697087241439021,0.1507921158595309,-0.0065855675599095,-0.1691892755999333,-0.1691892755999333,956.7936747422436,-0.0032505144207561,-1000.0,999.5279277906748,871.9711929096397,-820.8673229856911,-6.344776613292197,-0.2819821260000026,-0.0224610546473513,288.4645286181187,-251.3076645660445,-999.5279277906748,-0.0110842541747615, Amensalism,Healthy
SRR13077712.bin.56.fbc2XSRR13077712.bin.50.fbc2 ,-0.1280851083928382,-0.1280851083928382,557.1439424910545,-0.002460808998876,-1000.0,999.8078600333658,-380.6668435987174,-1000.0,-4.803326909225007,-0.2134751806546546,-0.0170041901824333,981.7004312287384,-232.34875915658856,-999.8078600333658,-0.0083913586862536,-0.0592857748126789,-0.0592857748126789,29.70332358714745,-0.0011390158465474,1000.0,-1000.0,402.6713833737847,225.1511528718995,-2.2232792013462586,-0.0988096246877603,-0.0078705994995971,18.299568771261647,-270.65115297448824,1000.0,-0.0038840440366811, Neutralism,Healthy
SRR13077712.bin.14.fbc2XSRR13077712.bin.53.fbc2 ,-0.232901155353943,-0.232901155353943,1000.0,-0.0044745659049567,1000.0,-1000.0,1000.0,-689.1516345572453,-8.734039426895606,-0.3881685922565339,-0.0309192504033717,710.399814790213,-334.45979358080933,1000.0,-0.0152582697359093,-0.0061420764553759,-0.0061420764553759,0.0,-0.0001180033900709,-1000.0,999.9907862953,0.0,-291.39683638569227,-0.2303343572647236,-0.0102367940924068,-0.0008154034256904,289.600185209787,-0.0102379741263121,-999.9907862953,-0.0004023915603283, Amensalism,Healthy
SRR13077712.bin.40.fbc2XSRR13077712.bin.48.fbc2 ,-0.0883509576377719,-0.0883509576377719,996.770523302136,-0.0016974247384951,-1000.0,1000.0,605.80211713371,-332.39996073131465,-3.313254269778554,-0.1472515960630289,-0.011729204942867,0.0,-335.230239427078,-1000.0,-0.0057882183582478,-0.0548283049365636,-0.0548283049365636,3.2294766978640155,-0.001053377616472,1000.0,-1000.0,-1000.0,-6.021496205389326,-2.0561193708919063,-0.0913805082276439,-0.0072788393297287,1000.0,-251.12833860108867,1000.0,-0.0035920176720765, Neutralism,Healthy
SRR13077712.bin.55.fbc2XSRR13077712.bin.52.fbc2 ,-0.0224870073700458,-0.0224870073700458,5.826014226460302,-0.0004320270387552,-1000.0,1000.0,32.47157886363698,-6.728200090592509,-0.8432865378638326,-0.0374783456167051,-0.0029853068381271,651.86358305777,-189.76137290010345,-1000.0,-0.0014732122023133,-0.1557827792350963,-0.1557827792350963,994.1739857735396,-0.0029929448460279,0.0,0.0,-86.06091512756336,-610.403659991512,-5.8420188332827365,-0.2596379653917893,-0.0206812488859213,348.13641694223,-134.8563469530884,0.0,-0.0102059419249371, Amensalism,Healthy
SRR13077712.bin.56.fbc2XSRR13077712.bin.5.fbc2 ,-0.1289379714967253,-0.1289379714967253,572.7408490427786,-0.0024771944572421,999.8065806567824,-1000.0,-1000.0,-966.5839164160165,-4.835310176823668,-0.2148966191613226,-0.0171174136992249,995.814215972482,-252.70258199487785,1000.0,-0.008447233098991,-0.0839843336059402,-0.0839843336059402,349.955594392909,-0.0016135318655869,-1000.0,999.8740154319316,760.2015491696918,-33.416083583983664,-3.149501254476604,-0.1399738893433095,-0.0111495051914971,4.185784027517912,-494.8319219756653,-999.8740154319318,-0.0055021436618289, Neutralism,Healthy
SRR13077712.bin.28.fbc2XSRR13077712.bin.53.fbc2 ,-0.1694765336337695,-0.1694765336337695,1000.0,-0.0032560333071387,-1000.0,999.7457689193828,0.0,-730.2495735160858,-6.355549093100194,-0.2824608893896538,-0.0224991901519615,1000.0,-245.78024206159955,-999.7457689193828,-0.0111030735771464,0.0,0.0,0.0,0.0,1000.0,-1000.0,-1000.0,1000.0,0.0,0.0,0.0,0.0,0.0,1000.0,0.0, Amensalism,Healthy
SRR13077712.bin.56.fbc2XSRR13077712.bin.41.fbc2 ,-0.1020552934720626,-0.1020552934720626,205.1207074478837,-0.0019607164932722,999.8469072562092,-1000.0,-472.6361297430912,-850.86014755805,-3.827181344609585,-0.1700921557867332,-0.0135485509681529,835.337360956464,-167.52108684917982,1000.0,-0.0066860432418707,-0.181476816493614,-0.181476816493614,794.8792925521163,-0.0034865862919559,-1000.0,1000.0,105.84648919675146,172.35122426858038,-6.8055723807556205,-0.30246136082269,-0.0240923112770587,164.66263904353605,-148.6518190156985,-1000.0,-0.0118892592554402, Amensalism,Healthy
SRR13077712.bin.55.fbc2XSRR13077712.bin.14.fbc2 ,-0.0224635203758225,-0.0224635203758225,5.819929132060111,-0.0004315757997801,-1000.0,1000.0,29.503802370531503,-7.76564223073126,-0.8424057507613725,-0.0374392006262951,-0.002982188776059,376.6138280718626,-189.56317292620383,-1000.0,-0.0014716734771127,-0.2290814410049506,-0.2290814410049506,994.1800708679398,-0.0044011804227466,1000.0,-1000.0,821.5944822040224,-596.3288698172182,-8.590796102610284,-0.3818024016750314,-0.0304121567213542,623.3861719281374,-334.4413189778637,1000.0,-0.0150080252416273, Amensalism,Healthy
SRR13077712.bin.55.fbc2XSRR13077712.bin.33.fbc2 ,-0.0311837297241481,-0.0311837297241481,8.392718921955407,-0.0005991110417653,0.0,0.0,39.1935552814939,-9.33029325343955,-1.169422815761436,-0.0519728828735424,-0.0041398572985826,910.301959418368,-263.0329333086445,0.0,-0.0020429686524039,-0.1763491318439491,-0.1763491318439491,532.5753904100084,-0.0033880716972589,-1000.0,1000.0,960.806444718506,1000.0,-6.613278788089474,-0.2939152197398016,-0.0234115754282129,10.612185931682802,-500.0661351595311,-1000.0,-0.0115533244877497, Neutralism,Healthy
SRR13077712.bin.11.fbc2XSRR13077712.bin.5.fbc2 ,-0.1737734371372425,-0.1737734371372425,153.46079465267348,-0.0033385866885282,1000.0,-1000.0,-796.2362055690949,-45.86136407934839,-6.516687514916384,-0.2896223952287755,-0.0230696340177019,0.5385006785108999,-293.75504806826984,1000.0,-0.0113845806077961,-0.0839843336059402,-0.0839843336059402,356.9933901156169,-0.0016135318655869,-1000.0,999.8740154319316,762.5416369544864,-37.88283998292263,-3.149501254476604,-0.1399738893433095,-0.0111495051914971,11.575259777218092,-259.875484633372,-999.8740154319318,-0.0055021436618289, Neutralism,Healthy
SRR13077712.bin.5.fbc2XSRR13077712.bin.52.fbc2 ,-0.0839843336059402,-0.0839843336059402,285.82264928502354,-0.0016135318655869,-1000.0,999.8740154319316,632.0056539662537,-35.185313206987985,-3.149501254476604,-0.1399738893433095,-0.0111495051914971,4.185784027516888,-398.5625093015059,-999.8740154319318,-0.0055021436618289,-0.1477683368440239,-0.1477683368440239,714.1773507149765,-0.0028389690075982,1000.0,-1000.0,178.93858542535463,-964.814686793012,-5.541468774946338,-0.2462805614067065,-0.019617275842279,908.5382867806808,-94.44376830120972,1000.0,-0.0096808843157987, Amensalism,Healthy
SRR13077712.bin.55.fbc2XSRR13077712.bin.27.fbc2 ,-0.0311837297241481,-0.0311837297241481,8.392718921955407,-0.0005991110417653,0.0,0.0,39.1935552814939,-9.330293253440232,-1.169422815761436,-0.0519728828735424,-0.0041398572985826,997.4487695041698,-263.0329333086444,0.0,-0.0020429686524039,-0.0815969602099357,-0.0815969602099357,271.82250084435736,-0.0015676649416036,-1000.0,1000.0,658.8084352267201,-16.330632199609227,-3.0599722294426783,-0.1359949336831505,-0.0108325647463516,2.191564235047508,-403.1816324348997,-1000.0,-0.0053457374508525, Neutralism,Healthy
SRR13077712.bin.33.fbc2XSRR13077712.bin.5.fbc2 ,-0.1762285644867915,-0.1762285644867915,659.9420426887741,-0.0033857553215739,1000.0,-1000.0,818.9749314758203,1000.0,-6.608757384797855,-0.2937142741446905,-0.0233955692718836,359.8924229934987,-500.0660899438767,1000.0,-0.0115454256465454,-0.0695480320434853,-0.0695480320434853,288.9697580499135,-0.0013361773687847,-1000.0,999.8956712710478,181.0250685241797,-43.03407745052653,-2.6081246913857967,-0.1159133867391801,-0.0092329856180413,12.444294178142512,-385.047583317104,-999.895671271048,-0.0045563648274082, Amensalism,Healthy
SRR13077712.bin.11.fbc2XSRR13077712.bin.52.fbc2 ,-0.1695229354272669,-0.1695229354272669,0.0,-0.0032569247920264,0.0,0.0,-704.7371645408177,-44.73959420671224,-6.357289209384817,-0.2825382257120736,-0.0225053503131675,-16.534560368892357,-250.8089794067903,0.0,-0.0111061135409045,-0.1724072912086285,-0.1724072912086285,1000.0,-0.00331233988868,-1000.0,1000.0,548.5072906893747,-955.2604057932878,-6.465455599019492,-0.2873454853478279,-0.0228882686311635,955.4669168346044,-236.1685426313504,-1000.0,-0.0112950790205559, Neutralism,Healthy
SRR13077712.bin.34.fbc2XSRR13077712.bin.52.fbc2 ,0.0,0.0,0.0,0.0,-1000.0,1000.0,0.0,0.0,0.0,0.0,0.0,0.0,0.0,-1000.0,0.0,-0.1724072912086285,-0.1724072912086285,1000.0,-0.00331233988868,0.0,0.0,143.09937663916298,27.66711388223689,-6.465455599019492,-0.2873454853478279,-0.0228882686311635,16.640334392635282,-500.3520354833748,0.0,-0.0112950790205559, Amensalism,Healthy
SRR13077712.bin.40.fbc2XSRR13077712.bin.33.fbc2 ,-0.084775038769294,-0.084775038769294,744.0729749443751,-0.0016287231271689,-1000.0,1000.0,508.6899022293248,-455.1168393223154,-3.179153533619683,-0.1412917312820809,-0.0112544768087445,324.9941731988281,-392.4348249998268,-1000.0,-0.005553945863653,-0.1456367758718215,-0.1456367758718215,255.92702505562488,-0.0027980168274552,1000.0,-1000.0,491.3100977706752,1000.0,-5.461532986118186,-0.2427279597862934,-0.0193342962780889,675.0058268011719,-500.05461728847297,1000.0,-0.009541237381768, Amensalism,Healthy
SRR13077712.bin.50.fbc2XSRR13077712.bin.5.fbc2 ,-0.059194976305207,-0.059194976305207,22.961100123178085,-0.0011372713987611,1000.0,-1000.0,378.25721295496055,228.90544547630637,-2.219874161373582,-0.0986582938420497,-0.0078585453653658,23.51035011358738,-271.18259091941513,1000.0,-0.0038780954697585,-0.0838196565543967,-0.0838196565543967,293.5464705218794,-0.0016103680413834,-1000.0,999.8742624633284,621.7427870450394,-51.86489805754479,-3.143325691031805,-0.1396994275906991,-0.0111276431659916,14.99792925012639,-381.9792682237951,-999.8742624633284,-0.0054913550211495, Neutralism,Healthy
SRR13077712.bin.34.fbc2XSRR13077712.bin.5.fbc2 ,-0.0612088931603693,-0.0612088931603693,714.1773507149765,-0.001175963365199,1000.0,-1000.0,-594.9523480494845,-693.3484974758919,-2.2953981714993006,-0.1020148219339489,-0.0081259068537065,685.7316279241013,-0.0229548048893093,1000.0,-0.0040100350754528,-0.0839843336059402,-0.0839843336059402,285.82264928502354,-0.0016135318655869,-1000.0,999.8740154319316,632.0056539662562,-35.185313206989235,-3.149501254476604,-0.1399738893433095,-0.0111495051914971,4.185784027516547,-398.5625093015067,-999.8740154319318,-0.0055021436618289, Amensalism,Healthy
SRR13077712.bin.50.fbc2XSRR13077712.bin.33.fbc2 ,-0.059194976305207,-0.059194976305207,22.961100123178085,-0.0011372713987611,-1000.0,1000.0,378.2572129549603,228.90544547630748,-2.219874161373582,-0.0986582938420497,-0.0078585453653658,23.51035011358749,-271.18259091941513,-1000.0,-0.0038780954697585,-0.1645456769335851,-0.1645456769335851,738.4286145252909,-0.0031613002292942,1000.0,-1000.0,621.7427870450397,771.0945545236925,-6.170636756521276,-0.2742427948892327,-0.0218445845843007,479.5933521069824,-500.0617085804754,1000.0,-0.0107800337817707, Neutralism,Healthy
SRR13077712.bin.10.fbc2XSRR13077712.bin.36.fbc2 ,-0.0902600141296261,-0.0902600141296261,30.83256025806827,-0.0017341020966341,999.864601308295,-1000.0,-29.88017454556666,596.9500074037333,-3.384845905476709,-0.1504333568826723,-0.0119826454877056,451.55304936039374,-298.3483667876558,1000.0,-0.0059132881494861,-0.1740673434949258,-0.1740673434949258,969.1674397419316,-0.0033442333044604,-1000.0,999.7388822635912,50.297641978132106,-47.35471145620647,-6.527709313890455,-0.2901122391581339,-0.0231086521334873,548.4469506396063,-293.57773067612845,-999.7388822635912,-0.0114038355681032, Neutralism,Healthy
SRR13077712.bin.14.fbc2XSRR13077712.bin.34.fbc2 ,-0.2367286865439837,-0.2367286865439837,1000.0,-0.0045481015666837,-1000.0,1000.0,1000.0,-767.6644970734253,-8.877575890986805,-0.3945478109067153,-0.0314273818255514,1000.0,-322.84032120446034,-1000.0,-0.0155090263422152,0.0,0.0,0.0,0.0,1000.0,-1000.0,0.0,0.0,0.0,0.0,0.0,0.0,0.0,1000.0,0.0, Amensalism,Healthy
SRR13077712.bin.50.fbc2XSRR13077712.bin.30.fbc2 ,-0.0592857748126789,-0.0592857748126789,29.703323587147,-0.0011390158465474,1000.0,-1000.0,391.1085273256817,225.15115287190065,-2.2232792013462586,-0.0988096246877603,-0.0078705994995971,29.86242481936324,-270.65115297448824,1000.0,-0.0038840440366811,-0.0875947100973917,-0.0875947100973917,510.9928522955379,-0.0016828954869652,0.0,10.885396951761436,608.8914726743183,-30.33164998065979,-3.2848941879042286,-0.1459911834956528,-0.0116288078151001,0.9549970074291424,-501.8175881014439,-10.885396951761436,-0.0057386736106082, Neutralism,Healthy
SRR13077712.bin.53.fbc2XSRR13077712.bin.41.fbc2 ,-0.0214468245213765,-0.0214468245213765,181.1138623438942,-0.0004120427381621,-1000.0,999.9678277030044,-130.39809285007425,-1000.0,-0.8042785819028495,-0.0357447075356276,-0.0028472153206848,814.5632340919444,-0.0357488279630615,-999.9678277030042,-0.0014050657371171,-0.1828404629492297,-0.1828404629492297,818.8861376561058,-0.0035127850710523,1000.0,-1000.0,58.88197735385416,168.41633311237092,-6.856710563775437,-0.3047341049153829,-0.024273344841049,185.4367659080556,-148.07063931419702,1000.0,-0.0119785970923658, Neutralism,Healthy
SRR13077712.bin.56.fbc2XSRR13077712.bin.12.fbc2 ,0.0,0.0,0.0,0.0,1000.0,-1000.0,-1000.0,0.0,0.0,0.0,0.0,691.6568097622048,-38.04822026562306,1000.0,0.0,-0.176600404551209,-0.176600404551209,1000.0,-0.0033928992228311,-1000.0,999.5072492458604,898.9971696691919,-1000.0,-6.6227017801275,-0.2943340075853484,-0.0234449336301167,308.3431902377952,-260.4285931786711,-999.5072492458604,-0.0115697863500372, Amensalism,Healthy
SRR13077724.bin.7.fbc2XSRR13077724.bin.8.fbc2 ,-0.0817600202700532,-0.0817600202700532,976.3794220137042,-0.0015707976997418,-1000.0,1000.0,76.06108418828126,-954.1422030505646,-3.06608715400148,-0.1362667004501645,-0.0108542121050732,944.4381004917022,-0.1669443795254892,-1000.0,-0.0053564201559765,-0.086180535194785,-0.086180535194785,23.620577986295643,-0.0016557259403953,0.0,0.0,-1000.0,-45.8577969494354,-3.23186113473264,-0.1436342253247176,-0.0114410662478121,31.46682313731708,-496.1090213462497,0.0,-0.005646025456599, Neutralism,Healthy
SRR13077724.bin.8.fbc2XSRR13077724.bin.35.fbc2 ,-0.0481020031969592,-0.0481020031969592,7.866835412761475,-0.0009241499172958,-1000.0,1000.0,-1000.0,-17.61647841809247,-1.803875948131804,-0.0801700053282274,-0.0063858759286858,8.253541324918274,-277.23680224783675,-1000.0,-0.0031513512180936,-0.1586759850260932,-0.1586759850260932,992.1331645872384,-0.0030485299716929,999.761970779811,-1000.0,1000.0,12.00442223153084,-5.950517107625728,-0.2644599750434508,-0.0210653421042934,-11.158820987982152,-722.7631977521633,1000.0,-0.0103954872034819, Amensalism,Healthy
SRR13077724.bin.24.fbc2XSRR13077724.bin.15.fbc2 ,-0.0876885961233711,-0.0876885961233711,973.8869936070678,-0.0016846992531327,1000.0,-1000.0,1000.0,-951.9641816240412,-3.288415013085796,-0.1461476602056564,-0.0116412718388119,1000.0,-0.2119351660388702,1000.0,-0.0057448244530178,-0.1552402100036261,-0.1552402100036261,26.11300639293222,-0.0029825208454212,-1000.0,999.7671247723904,-746.6685207436034,-48.03581837595869,-5.821671913781756,-0.258733683339301,-0.0206092190418303,0.0,-450.5415015528939,-999.7671247723904,-0.010170396082799, Neutralism,Healthy
SRR13077724.bin.19.fbc2XSRR13077724.bin.22.fbc2 ,-0.0117148468613095,-0.0117148468613095,294.55329637810337,-0.0002250691039762,-1000.0,1000.0,310.2249229820261,-294.9709803714694,-0.439319136100039,-0.0195247447688871,-0.0015552275083337,4.457897603044216,-2.071175359643462,-1000.0,-0.0007674856444737,-0.0894855947663018,-0.0894855947663018,705.4467036218966,-0.0017192237227163,999.865763011732,-1000.0,-191.53506417385077,-705.0290196285306,-3.3558043610396453,-0.1491426579437984,-0.0118798359237644,-0.4629353718099764,-349.6733629657015,1000.0,-0.0058625528944276, Amensalism,Healthy
SRR13077724.bin.14.fbc2XSRR13077724.bin.35.fbc2 ,-0.0958387788504069,-0.0958387788504069,508.5199047585961,-0.0018412829750786,-1000.0,1000.0,-1000.0,-728.8473919867743,-3.5940554774556404,-0.1597312980841252,-0.0127232653575219,708.7222795466441,-307.3238063154515,-1000.0,-0.0062787749449171,-0.126606813296803,-0.126606813296803,491.4800952414039,-0.0024324075561708,1000.0,-735.9669624351752,141.14954484026043,-243.64360014220745,-4.747889281045786,-0.2110113554946338,-0.0168079362128992,-15.983617616191736,-692.6761936845485,735.9669624351752,-0.0082945097664151, Competition,Healthy
SRR13077724.bin.43.fbc2XSRR13077724.bin.37.fbc2 ,-0.0730300181171514,-0.0730300181171514,995.1072174046258,-0.0014030743153625,-1000.0,999.8904479574526,98.29923921494516,-166.7146452488022,-2.7387028484816938,-0.1217166968619949,-0.0096952435194452,991.5712456378978,-715.1176812488129,-999.8904479574528,-0.0047844834155057,-0.0853286749286326,-0.0853286749286326,4.8927825953742285,-0.0016393597488786,1000.0,-1000.0,203.43306842477955,-30.833699783137035,-3.1999154746113163,-0.1422144582144255,-0.011327975864674,8.428754362102268,-284.8823187511871,1000.0,-0.0055902167435988, Amensalism,Healthy
SRR13077724.bin.30.fbc2XSRR13077724.bin.7.fbc2 ,-0.0889059300303642,-0.0889059300303642,168.23585763649135,-0.0017080870322843,0.0,0.0,427.3207394899755,-3.187099665856408,-3.334066320925785,-0.1481765500506071,-0.0118028813931232,-6.157050227298441,-253.94386887098983,0.0,-0.0058245767801281,-0.0813371147673933,-0.0813371147673933,831.7641423635087,-0.0015626727140443,-1000.0,1000.0,50.23216397516626,-852.030259972754,-3.0502277507753206,-0.1355618579456177,-0.0107980684542781,966.7639413684568,-0.1660808560513942,-1000.0,-0.0053287139550093, Neutralism,Healthy
SRR13077724.bin.27.fbc2XSRR13077724.bin.37.fbc2 ,-0.1276403060553548,-0.1276403060553548,830.047810393185,-0.0024522633248125,-1000.0,999.8085272796002,0.0,-33.00010444773386,-4.786646351560194,-0.2127338434256671,-0.016945139574318,1000.0,65.49395348018334,-999.8085272796004,-0.0083622179375879,-0.0854688672631027,-0.0854688672631027,169.95218960681495,-0.001642053165483,1000.0,-1000.0,1000.0,-374.6971955649785,-3.205172835291137,-0.1424481121051712,-0.0113465873733957,0.0,-375.134215550416,1000.0,-0.0055994012942619, Neutralism,Healthy
SRR13077724.bin.2.fbc2XSRR13077724.bin.17.fbc2 ,-0.0295401095197576,-0.0295401095197576,330.428046598581,-0.0005675333241015,-0.0443130019463069,0.0,-1000.0,-655.750263523722,-1.1077853213255366,-0.0492335158663763,-0.0039216552695506,659.1237629916554,-0.463963716344324,0.0,-0.0019352886351953,-0.0291761449519754,-0.0291761449519754,669.571953401419,-0.0005605407291113,-0.1195171928073932,1000.0,0.0,-344.24973647627803,-1.094136265438351,-0.0486269082532544,-0.003873336438346,340.87623700834456,-753.0757664318863,-1000.0,-0.0019114438863425, Competition,Healthy
SRR13077724.bin.8.fbc2XSRR13077724.bin.24.fbc2 ,-0.0822264130817984,-0.0822264130817984,20.707955820015968,-0.0015797581763763,0.0,0.0,0.0,-40.0960236836479,-3.083577377265214,-0.1370440218029216,-0.0109161289989287,26.365334327301294,-475.1754896577613,0.0,-0.0053869753814979,-0.0881752658292498,-0.0881752658292498,979.292044179984,-0.0016940492954518,-1000.0,1000.0,1000.0,-959.903976316352,-3.3066656413077453,-0.1469587763821209,-0.0117058806316663,973.6346656726988,-0.2131114013701562,-1000.0,-0.0057767080975281, Neutralism,Healthy
SRR13077724.bin.34.fbc2XSRR13077724.bin.19.fbc2 ,-0.0898992641180029,-0.0898992641180029,0.0,-0.0017271712606543,-1000.0,1000.0,-734.1531439313899,-21.46054456254899,-3.3713173988427343,-0.1498321068633004,-0.0119347534111966,17.77887175987655,-61.4797784074583,-1000.0,-0.0058896539989063,-0.0382672586742955,-0.0382672586742955,1000.0,-0.0007352018957362,1000.0,-1000.0,1000.0,-978.539455437451,-1.4350626363893753,-0.0637787644570835,-0.0050802450996343,46.98233214390757,-16.238493108530406,1000.0,-0.0025070384645005, Neutralism,Healthy
SRR13077724.bin.43.fbc2XSRR13077724.bin.35.fbc2 ,-0.0026627363683928,-0.0026627363683928,31.925119662548013,-5.115727890370181e-05,-1000.0,999.996005639661,0.0,-1.284171757576928,-0.0998554274643765,-0.0044378939472835,-0.0003534967974019,32.07160085717601,-30.61487355147267,-999.996005639661,-0.0001744463211252,-0.1670633686121618,-0.1670633686121618,968.074880337452,-0.0032096708666813,508.1718665021445,0.0039943603389929,1000.0,-481.2710836926765,-6.2650528548538205,-0.2784389476869364,-0.0221788256889112,-21.091100328935,-874.074198523119,-0.0039943603389929,-0.0109449776555266, Amensalism,Healthy
SRR13077724.bin.43.fbc2XSRR13077724.bin.13.fbc2 ,-0.0026299870226011,-0.0026299870226011,31.58715091392014,-5.052808876371273e-05,999.9960547668256,-1000.0,-61.52942031594557,-1.166372464647793,-0.0986272923934166,-0.0043833117043732,-0.0003491490937221,31.00129743010825,-30.438401636087747,1000.0,-0.0001723007828786,-0.0864907769165483,-0.0864907769165483,968.41284908608,-0.0016616863961189,-1000.0,999.7586732846958,-938.4705796840544,-998.8336275353522,-3.243495527123173,-0.1441512948609897,-0.0114822529969842,968.9987025698916,-228.0885858174928,-999.7586732846956,-0.0056663506106815, Amensalism,Healthy
SRR13077724.bin.7.fbc2XSRR13077724.bin.19.fbc2 ,-0.0769468528663992,-0.0769468528663992,34.043442910924114,-0.0014783257034878,0.0,0.0,-31.26528640981212,36.5080090540971,-2.885588290404144,-0.1282447547773699,-0.0102152306110383,777.261857171758,-0.1571164557664133,0.0,-0.0050410906488878,-0.0382672586742955,-0.0382672586742955,965.956557089076,-0.0007352018957362,-1000.0,1000.0,1000.0,-959.662901696534,-1.4350626363893753,-0.0637787644570835,-0.0050802450996343,50.80140701027312,-8.655048523527284,-1000.0,-0.0025070384645005, Neutralism,Healthy
SRR13077724.bin.7.fbc2XSRR13077724.bin.22.fbc2 ,-0.0790168233754684,-0.0790168233754684,294.5532963781036,-0.0015180945893007,-1000.0,1000.0,-4.629922082109147,-257.1875924568835,-2.9632143717815325,-0.1316947056257049,-0.0104900336124273,853.6046751065601,-0.1613430929556898,-1000.0,-0.0051767025496474,-0.0894855947663018,-0.0894855947663018,705.4467036218964,-0.0017192237227163,999.865763011732,-1000.0,808.4649358261495,-718.7915588487739,-3.3558043610396453,-0.1491426579437984,-0.0118798359237644,-0.4629353718099764,-349.6733629657015,1000.0,-0.0058625528944276, Neutralism,Healthy
SRR13077724.bin.8.fbc2XSRR13077724.bin.3.fbc2 ,-0.0861808059401028,-0.0861808059401028,27.230154360997854,-0.0016557311420228,-1000.0,1000.0,-1000.0,-50.01685617089038,-3.2318712879646228,-0.1436346765667622,-0.0114411021910427,35.62583714801144,-495.6005650613013,-1000.0,-0.0056460431941331,-0.0861036692643892,-0.0861036692643892,64.1026515868939,-0.0016542491692916,1000.0,-1000.0,829.7689770020424,-82.39481781302914,-3.228978581120828,-0.1435061154406867,-0.0114308617602318,-21.82631242277193,-317.7198165734958,1000.0,-0.0056409896674267, Neutralism,Healthy
SRR13077724.bin.26.fbc2XSRR13077724.bin.35.fbc2 ,-0.0665976490682851,-0.0665976490682851,132.86996893810783,-0.0012794937381386,-0.185820875584568,1000.0,-555.0981981377315,-590.7714006350603,-2.4974822122142086,-0.1109960817803994,-0.0088413017302855,1000.0,-249.9785204988716,-1000.0,-0.004363073646914,-0.1584944941589583,-0.1584944941589583,867.1300310618922,-0.0030450431154349,-0.2377569664540715,0.0,1000.0,25.762556827806293,-5.9437110083340485,-0.2641574902650063,-0.0210412479277692,-20.00931326634384,-750.0214795011284,0.0,-0.0103835970236332, Amensalism,Healthy
SRR13077724.bin.14.fbc2XSRR13077724.bin.24.fbc2 ,-0.0518774485115045,-0.0518774485115045,7.966724671938323,-0.000996684889742,-1000.0,1000.0,42.14369356307361,-305.2803406271556,-1.9454591368521503,-0.0864624141859167,-0.0068870925881583,675.4613275331778,-500.1253829591307,-1000.0,-0.0033986954740612,-0.0893224838119977,-0.0893224838119977,992.0332753280618,-0.0017160899867576,1000.0,-1000.0,957.8563064369264,376.0950319642288,-3.349687527899846,-0.1488708063533295,-0.011858181808634,324.53867246682216,-0.2158841203372503,1000.0,-0.0058518668549822, Amensalism,Healthy
SRR13077724.bin.27.fbc2XSRR13077724.bin.24.fbc2 ,-0.0912477717697584,-0.0912477717697584,217.51003565687935,-0.0017530791886883,-1000.0,999.8631195769494,627.5703148972436,-1000.0,-3.4218878607221086,-0.1520796196163019,-0.0121137771936901,189.03369803689816,-439.2684968415365,-999.8631195769494,-0.0059780000333375,-0.0704552447093647,-0.0704552447093647,782.4899643431206,-0.0013536070068767,1000.0,-1000.0,372.4296851027564,583.8516678476926,-2.6421461249877893,-0.1174254078489411,-0.009353424417668,810.9663019631018,-0.1702837614686814,1000.0,-0.0046157998935996, Competition,Healthy
SRR13077724.bin.7.fbc2XSRR13077724.bin.37.fbc2 ,-0.081835345372724,-0.081835345372724,990.3698508004222,-0.0015722448678161,-1000.0,1000.0,75.8779706444027,-973.8837027011516,-3.0689119249465198,-0.1363922422879113,-0.0108642120369495,951.5645076335366,-0.167098184557517,-1000.0,-0.0053613549994224,-0.0854688672631027,-0.0854688672631027,9.63014919957766,-0.001642053165483,0.0,0.0,924.1220293555972,-26.116297298848394,-3.205172835291137,-0.1424481121051712,-0.0113465873733957,15.998885242947154,-429.02012780916095,0.0,-0.0055994012942619, Neutralism,Healthy
SRR13077724.bin.1.fbc2XSRR13077724.bin.35.fbc2 ,-0.0436150619146928,-0.0436150619146928,508.51990475859566,-0.0008379454739042,-1000.0,999.9345732174006,0.0,-115.9762855594554,-1.635610908803642,-0.0726917698578972,-0.0057902032243646,541.4357473646853,-19.028116773402644,-999.9345732174004,-0.0028573940659271,-0.126606813296803,-0.126606813296803,491.48009524140434,-0.0024324075561708,1000.0,-235.903659028524,1000.0,-743.706903548857,-4.747889281045786,-0.2110113554946338,-0.0168079362128992,-15.983617616191736,-817.6920195362113,235.9036590285241,-0.0082945097664151, Competition,Healthy
SRR13077724.bin.34.fbc2XSRR13077724.bin.24.fbc2 ,-0.0898992641180029,-0.0898992641180029,0.0,-0.0017271712606543,-1000.0,1000.0,-618.4461180119337,61.88535123673614,-3.3713173988427343,-0.1498321068633004,-0.0119347534111966,-16.637823482337012,-161.54090672021096,-1000.0,-0.0058896539989063,-0.0451802906616194,-0.0451802906616194,1000.0,-0.0008680171116566,1000.0,-1000.0,-78.47397574829063,585.4243805367346,-1.6943086407510464,-0.0753004844359566,-0.0059979982415825,1000.0,-0.1091965526460398,1000.0,-0.0029599383507274, Amensalism,Healthy
SRR13077724.bin.2.fbc2XSRR13077724.bin.35.fbc2 ,-0.0441755892489936,-0.0441755892489936,494.1361503536552,-0.0008487144908713,-1000.0,999.933732372554,-1000.0,-980.6394592674294,-1.6566312761340214,-0.073625982081694,-0.0058646171318059,985.6863652558422,-0.6929349713997226,-999.933732372554,-0.0028941164138132,-0.1278278026444468,-0.1278278026444468,505.8638496463448,-0.0024558655646842,39.880345173610976,0.0662676274458817,0.0,-19.3605407325706,-4.793677671771434,-0.2130463377407068,-0.0169700310523239,-16.137762771079792,-654.7530728522954,-0.0662676274458817,-0.0083745015757585, Amensalism,Healthy
SRR13077724.bin.19.fbc2XSRR13077724.bin.37.fbc2 ,-0.0382672586742955,-0.0382672586742955,965.956557089076,-0.0007352018957362,-1000.0,1000.0,1000.0,-953.950927015886,-1.4350626363893753,-0.0637787644570835,-0.0050802450996343,45.08943232962656,-11.511035863850566,-1000.0,-0.0025070384645005,-0.0854688672631027,-0.0854688672631027,34.043442910924114,-0.001642053165483,0.0,0.0,0.0,-46.04907298411388,-3.205172835291137,-0.1424481121051712,-0.0113465873733957,8.938483565214597,-286.1631586255967,0.0,-0.0055994012942619, Neutralism,Healthy
SRR13077724.bin.17.fbc2XSRR13077724.bin.42.fbc2 ,-0.0004061677176423,-0.0004061677176423,4.801931770656665,-7.803414405316289e-06,-1000.0,999.9993907094064,262.8419910392008,-250.62558180414,-0.0152317185985566,-0.0006769461959947,-5.392159323491797e-05,500.8064990724788,-379.538177251328,-999.9993907094064,-2.660964298684121e-05,-0.1831672424549424,-0.1831672424549424,995.1980682293432,-0.0035190632555668,1000.0,-1000.0,737.1580089607992,-161.25533761563145,-6.868965140540354,-0.3052787374249419,-0.024316727096334,499.1935009275212,-354.4889844952231,1000.0,-0.0120000057016795, Amensalism,Healthy
SRR13077724.bin.2.fbc2XSRR13077724.bin.43.fbc2 ,-0.0010342253241333,-0.0010342253241333,11.568563746344124,-1.9869842958541994e-05,-1000.0,999.9984485626646,-1000.0,-22.95842975381652,-0.0387845424959323,-0.0017237088735555,-0.0001373006145968,23.076586366335164,-0.0162227806707733,-999.9984485626646,-6.775616441245802e-05,-0.0824407977410146,-0.0824407977410146,988.431436253656,-0.0015838769978699,999.8763308840034,-1000.0,0.0,-31.26187519816267,-3.0916170285215685,-0.1374013295683198,-0.0109445900554874,976.923413633665,-948.688731267132,1000.0,-0.0054010205628856, Amensalism,Healthy
SRR13077724.bin.27.fbc2XSRR13077724.bin.22.fbc2 ,-0.1269436744480572,-0.1269436744480572,694.5959242236747,-0.0024388794322476,-1000.0,999.8095722939306,-502.0271296936392,-676.8964138570118,-4.760521930170853,-0.2115727907467999,-0.0168526568767219,1000.0,-287.0238483554207,-999.8095722939308,-0.0083165788639689,-0.0656475907785534,-0.0656475907785534,305.40407577632527,-0.0012612409371968,999.9015223076276,-1000.0,-419.22867874003487,-323.1035861429882,-2.4618540224475964,-0.109412651297589,-0.0087151748756468,-0.3396143471459254,-416.8538226514049,1000.0,-0.0043008315956285, Amensalism,Healthy
SRR13077724.bin.24.fbc2XSRR13077724.bin.3.fbc2 ,-0.0896625557209063,-0.0896625557209063,1000.0,-0.0017226235488578,-1000.0,1000.0,703.3910684251787,-968.8732058617792,-3.362440583828402,-0.1494375928681393,-0.0119033287229513,860.1480063513736,-2.754864367632877,-1000.0,-0.005874146301835,-0.0856009462202109,-0.0856009462202109,0.0,-0.0016445907054958,1000.0,-1000.0,296.6089315748213,-31.126794138220703,-3.2101259357461918,-0.1426682437003137,-0.0113641217748181,139.85199364862638,-334.5311498417127,1000.0,-0.0056080543056395, Neutralism,Healthy
SRR13077724.bin.30.fbc2XSRR13077724.bin.14.fbc2 ,-0.0888420347117744,-0.0888420347117744,167.48610014023234,-0.0017068594564761,-1000.0,1000.0,424.1838184255876,-4.6221782530165,-3.331670178961417,-0.1480700578529195,-0.0117943988445858,-4.71525614394659,-253.5367744121604,-1000.0,-0.0058203907467486,-0.1242436486609221,-0.1242436486609221,832.5138998597677,-0.0023870057380008,1000.0,-1000.0,575.8161815744124,-178.434277094751,-4.659268110100015,-0.2070727477681657,-0.016494209649295,910.5526729605436,-746.4632255878396,1000.0,-0.0081396895664056, Amensalism,Healthy
SRR13077724.bin.8.fbc2XSRR13077724.bin.13.fbc2 ,-0.0854677041745617,-0.0854677041745617,13.970480317044348,-0.0016420308198803,1000.0,-1000.0,-1000.0,-31.29365916211134,-3.205129218240131,-0.1424461736241937,-0.011346432965297,14.657579903467196,-492.5965551170408,1000.0,-0.0055993250957726,-0.0843951562335405,-0.0843951562335405,931.208307066698,-0.0016214247115158,-1000.0,999.7645204891488,8.195164628622479,-968.7063408378888,-3.1649075371168465,-0.1406585937226054,-0.0112040447564822,985.3424200965328,-214.46051203673235,-999.7645204891488,-0.0055290582662337, Neutralism,Healthy
SRR13077724.bin.7.fbc2XSRR13077724.bin.27.fbc2 ,-0.0689597233820222,-0.0689597233820222,89.50014827860286,-0.0013248746087128,1000.0,-1000.0,-206.6578412308568,323.021025428528,-2.586062494927546,-0.1149328723032567,-0.0091548835459889,280.44719295540926,-9.94305145070848,1000.0,-0.0045178224156643,-0.1157081842083016,-0.1157081842083016,910.4998517213972,-0.0022230198694614,-1000.0,999.826426608588,1000.0,-1000.0,-4.339179173905109,-0.1928469736805027,-0.0153610672983859,719.5528070445907,-939.662444473712,-999.826426608588,-0.0075804977550433, Amensalism,Healthy
SRR13077724.bin.34.fbc2XSRR13077724.bin.1.fbc2 ,-0.0898992641180029,-0.0898992641180029,0.0,-0.0017271712606543,1000.0,-1000.0,-575.9947605347015,1.838290282935077,-3.3713173988427343,-0.1498321068633004,-0.0119347534111966,-15.676721762623856,-168.9511992450782,1000.0,-0.0058896539989063,-0.0857686424986923,-0.0857686424986923,1000.0,-0.0016478125360208,-1000.0,999.8713387971892,-424.0052394652985,-1000.0,-3.2164147233925178,-0.1429477374979342,-0.0113863846237336,1000.0,-8.1851233675319,-999.8713387971892,-0.0056190407477743, Neutralism,Healthy
SRR13077724.bin.13.fbc2XSRR13077724.bin.35.fbc2 ,-0.0460083898796028,-0.0460083898796028,272.87028002977854,-0.0008839267987923,-1000.0,999.8716273110044,-495.3435462458367,-531.3643746032268,-1.7253632364590883,-0.0766806497993002,-0.0061079341800223,1000.0,-0.2041782512640111,-999.8716273110044,-0.0030141903840785,-0.1466103306999002,-0.1466103306999002,727.1297199702215,-0.0028167210508627,1000.0,-1000.0,1000.0,211.3323925086393,-5.498042320903437,-0.2443505511664625,-0.0194635424618354,-18.579430058330782,-876.2457746241623,1000.0,-0.0096050187836453, Competition,Healthy
SRR13077724.bin.26.fbc2XSRR13077724.bin.8.fbc2 ,-0.1177298358157941,-0.1177298358157941,981.3113781281922,-0.0022618604383524,-239.30778175376813,1000.0,-109.61456786751285,6.632899938572336,-4.414993245414507,-0.1962163930262477,-0.0156294556289822,977.1224026363896,-505.6850346607426,-1000.0,-0.0077129440948056,-0.0858164215087526,-0.0858164215087526,18.688621871807868,-0.0016487304804968,1000.0,-1000.0,-414.3437161809768,-38.415808886678064,-3.2182064867540703,-0.1430273691812544,-0.0113927276200911,22.877597363610448,-494.3149653392574,1000.0,-0.0056221709384089, Neutralism,Healthy
SRR13077724.bin.26.fbc2XSRR13077724.bin.14.fbc2 ,-0.0575074277976455,-0.0575074277976455,5.538230460842897,-0.0011048497175352,-0.1604573244774201,1000.0,-1000.0,-673.9278310811062,-2.156589309145147,-0.0958457129960379,-0.0076345115481899,1000.0,-249.98145233536684,-1000.0,-0.0037675375367598,-0.1299698703082867,-0.1299698703082867,994.4617695391572,-0.0024970196025151,1000.0,-1000.0,1000.0,-233.1624382258888,-4.87400747263905,-0.2166164505138113,-0.017254405453059,0.0,-500.3141250659901,1000.0,-0.0085148368443697, Amensalism,Healthy
SRR13077724.bin.19.fbc2XSRR13077724.bin.13.fbc2 ,0.0,0.0,0.0,0.0,1000.0,-1000.0,0.0,0.0,0.0,0.0,0.0,0.0,0.0,1000.0,0.0,-0.087121506978633,-0.087121506978633,1000.0,-0.0016738041686039,-1000.0,999.756913420586,-912.197522533406,-1000.0,-3.267148570927475,-0.1452025116310551,-0.0115659868054081,940.240889502218,-240.86480994429644,-999.756913420586,-0.0057076722150668, Amensalism,Healthy
SRR13077724.bin.8.fbc2XSRR13077724.bin.42.fbc2 ,-0.0854678410945553,-0.0854678410945553,13.970502697877803,-0.00164203345048,-1000.0,1000.0,-911.704946077159,-31.296455595777047,-3.2051343528856933,-0.1424464018242588,-0.0113464511424581,14.66080740281052,-492.5972298318928,-1000.0,-0.0055993340658915,-0.1823255306065903,-0.1823255306065903,986.0294973021224,-0.0035028920385684,0.0,0.0,1000.0,-968.703544404223,-6.837400056807269,-0.3038758843442792,-0.0242049839863511,985.3391925971896,-298.427283530036,0.0,-0.0119448618514752, Neutralism,Healthy
SRR13077724.bin.8.fbc2XSRR13077724.bin.15.fbc2 ,-0.0233721275401421,-0.0233721275401421,6.681520992807691,-0.0004490322294259,1000.0,-1000.0,0.0,-12.987875557953544,-0.8764794795296211,-0.0389535459003127,-0.0031028127051513,9.08504907162478,-134.544573139735,1000.0,-0.0015311999022742,-0.1413478083808286,-0.1413478083808286,145.11974457459837,-0.0027156159151218,-1000.0,999.7879647093492,-1000.0,-43.632982200801166,-5.300692173157017,-0.2355796806347143,-0.0187649059732848,2.769738140285881,-87.62955595346193,-999.7879647093492,-0.0092602502704721, Competition,Healthy
SRR13077724.bin.26.fbc2XSRR13077724.bin.22.fbc2 ,-0.1015964285193149,-0.1015964285193149,623.1171586839764,-0.0019519006440305,-0.2834745305256092,1000.0,-31.50114505373142,-270.60608424969723,-3.809973424008831,-0.1693273808655249,-0.0134876334499267,1000.0,-434.5418824640201,-1000.0,-0.0066559811959905,-0.0702764115237641,-0.0702764115237641,376.8828413160236,-0.0013501712107881,999.8945786318582,-1000.0,-381.2163346549143,-441.0286333092431,-2.635439691558986,-0.1171273525396827,-0.0093296830668805,-0.3635606019406623,-400.7084455445234,1000.0,-0.0046040838288945, Competition,Healthy
SRR13077724.bin.14.fbc2XSRR13077724.bin.19.fbc2 ,-0.1388919136976483,-0.1388919136976483,1000.0,-0.0026684325398491,-1000.0,1000.0,-800.7555471519613,-34.310892387280774,-5.208593527450262,-0.2314865228294138,-0.0184388688501258,906.6184967965888,-910.0775388492784,-1000.0,-0.0090993549607674,0.0,0.0,0.0,0.0,1000.0,-1000.0,0.0,0.0,0.0,0.0,0.0,0.0,0.0,1000.0,0.0, Amensalism,Healthy
SRR13077724.bin.42.fbc2XSRR13077724.bin.14.fbc2 ,-0.1831672580203758,-0.1831672580203758,995.198237779658,-0.0035190635546769,-1000.0,1000.0,1000.0,-161.25535131897982,-6.868965724259397,-0.3052787633672551,-0.0243167291627059,190.12249663407687,-331.3744554602122,-1000.0,-0.0120000067214505,-0.0514926522495216,-0.0514926522495216,4.801762220341857,-0.0009892920701304,1000.0,-1000.0,0.0,-134.7472566155268,-1.9310288704188,-0.0858210870824223,-0.0068360082044591,809.8775033659231,-569.6124943408718,1000.0,-0.0033734859590595, Amensalism,Healthy
SRR13077724.bin.34.fbc2XSRR13077724.bin.15.fbc2 ,-0.0898992641180029,-0.0898992641180029,561.5859952763751,-0.0017271712606543,1000.0,-1000.0,-322.4467693006136,-958.7981434662164,-3.3713173988427343,-0.1498321068633004,-0.0119347534111966,394.23783837697647,-78.92664166684449,1000.0,-0.0058896539989063,-0.1585583095877609,-0.1585583095877609,68.94174703126328,-0.003046269156357,-1000.0,999.7621473042724,-677.5532306993864,-41.20185653378349,-5.946104154346244,-0.2642638493130107,-0.0210497198703478,-16.730384370875754,-326.9535845263754,-999.7621473042724,-0.010387777823098, Neutralism,Healthy
SRR13077724.bin.22.fbc2XSRR13077724.bin.13.fbc2 ,-0.0790411953265675,-0.0790411953265675,512.2296090846362,-0.0015185628304834,999.8814306141958,-1000.0,-309.23904365970293,-320.9374369090877,-2.9641283457037844,-0.1317353255443549,-0.0104932691585872,-0.408903413363987,-370.1367843060802,1000.0,-0.005178299251952,-0.0588012327955311,-0.0588012327955311,487.7703909153638,-0.0011297066819224,-1000.0,999.8359326985805,-690.7609563402971,-679.0625630909122,-2.205108363699196,-0.0980020546592186,-0.0078062731722639,1000.0,-69.76206701693548,-999.8359326985805,-0.0038522997854215, Competition,Healthy
SRR13077724.bin.42.fbc2XSRR13077724.bin.13.fbc2 ,-0.1622492574181251,-0.1622492574181251,767.3433340679298,-0.0031171807380587,1000.0,-1000.0,1000.0,-142.8397263188915,-6.084518598122145,-0.2704154290303222,-0.0215397189002715,130.3161565713997,-331.5847486721598,1000.0,-0.0106295863168952,-0.0396032203785807,-0.0396032203785807,232.65666593207013,-0.0007608687873243,-1000.0,999.8894990260216,-393.60380735513615,-459.6248561583999,-1.4851626119783532,-0.0660053672975209,-0.0052576033201603,869.6838434286003,-0.1757530811764809,-999.8894990260216,-0.0025945625646954, Competition,Healthy
SRR13077724.bin.42.fbc2XSRR13077724.bin.35.fbc2 ,-0.1384882210658133,-0.1384882210658133,508.51990475859566,-0.0026606766775785,-1000.0,1000.0,466.1499853918551,-621.921171845173,-5.193454627185815,-0.2308137017763556,-0.0183852758417515,1000.0,-283.7079483018133,-1000.0,-0.009072907470454,-0.126606813296803,-0.126606813296803,491.48009524140434,-0.0024324075561708,1000.0,-733.5741544740514,62.83417225808762,-246.036408103329,-4.747889281045786,-0.2110113554946338,-0.0168079362128992,-15.983617616191736,-693.2743956748294,733.5741544740513,-0.0082945097664151, Competition,Healthy
SRR13077724.bin.17.fbc2XSRR13077724.bin.27.fbc2 ,-0.0533634973585321,-0.0533634973585321,848.1211081413649,-0.001025235299835,-0.2586508028946355,1000.0,-1000.0,-253.10311340095268,-2.001187538887621,-0.0889391622642961,-0.0070843759220906,1000.0,-557.7744253884314,-1000.0,-0.0034960523726113,-0.0850751089990353,-0.0850751089990353,151.87889185863514,-0.001634488165223,-0.1276208359394104,0.0,795.4813610997612,-746.8968865990473,-3.190406484312348,-0.1417918483316498,-0.0112943132215832,0.0,-420.0361127530566,0.0,-0.0055736046433594, Amensalism,Healthy
SRR13077724.bin.7.fbc2XSRR13077724.bin.3.fbc2 ,-0.0819138919746365,-0.0819138919746365,965.3038229928056,-0.0015737539284828,-1000.0,1000.0,63.98387969528085,-999.896038257705,-3.071857505513435,-0.1365231532910229,-0.010874639645408,994.893031445074,-0.1672585675131586,-1000.0,-0.0053665008958887,-0.0861036692643892,-0.0861036692643892,34.696177007194365,-0.0016542491692916,999.8708362248576,-1000.0,936.0161203047192,-0.1039617422950414,-3.228978581120828,-0.1435061154406867,-0.0114308617602318,5.1069685549258566,-442.8436570108733,1000.0,-0.0056409896674267, Neutralism,Healthy
SRR13077724.bin.34.fbc2XSRR13077724.bin.35.fbc2 ,-0.0898992641180029,-0.0898992641180029,0.0,-0.0017271712606543,1000.0,-1000.0,-407.3040378522202,-994.9392663756212,-3.3713173988427343,-0.1498321068633004,-0.0119347534111966,756.2177326323867,-93.93712777907297,1000.0,-0.0058896539989063,-0.1684074758165934,-0.1684074758165934,1000.0,-0.0032354942519532,-1000.0,1000.0,1000.0,-5.0607336243789405,-6.315458295304097,-0.2806791263609511,-0.0223572652813572,2.803717544069628,-781.2961846582634,-1000.0,-0.0110330353993504, Neutralism,Healthy
SRR13077724.bin.17.fbc2XSRR13077724.bin.14.fbc2 ,-0.0008545776273649,-0.0008545776273649,10.103273306888129,-1.6418398217865615e-05,-0.0023844439737104,1000.0,104.0470365883698,-190.1083251722007,-0.0320475640397717,-0.001424296045684,-0.0001134511317104,552.5260580315721,-249.99972437613985,-1000.0,-5.598673794793285e-05,-0.1383010661337493,-0.1383010661337493,989.8967266931118,-0.0026570810016437,1000.0,-1000.0,0.0,-504.4583237511914,-5.186436119470386,-0.2305017768895823,-0.0183604297211559,447.4739419684279,-750.0002756238601,1000.0,-0.0090606462155164, Amensalism,Healthy
SRR13077724.bin.2.fbc2XSRR13077724.bin.27.fbc2 ,-0.0448172424943322,-0.0448172424943322,501.3141160300788,-0.0008610421228922,999.9327698310478,-1000.0,-1000.0,-994.8818421405078,-1.680693950855925,-0.0746954041572962,-0.0059498010689367,1000.0,-0.7039098609318444,1000.0,-0.0029361536388705,-0.0850935373703123,-0.0850935373703123,498.6858839699212,-0.0016348422165037,-1000.0,999.8723515197336,1000.0,1000.0,-3.1910975677068336,-0.1418225622837781,-0.0112967597161741,0.0,-698.8643443783353,-999.8723515197336,-0.005574811958354, Amensalism,Healthy
SRR13077724.bin.42.fbc2XSRR13077724.bin.15.fbc2 ,-0.1831672580203758,-0.1831672580203758,995.1982377796584,-0.0035190635546769,1000.0,-1000.0,1000.0,-614.5078942593427,-6.868965724259397,-0.3052787633672551,-0.0243167291627059,1000.0,-283.06066420281013,1000.0,-0.0120000067214505,-0.1566973878499311,-0.1566973878499311,4.801762220341743,-0.0030105165773193,-1000.0,999.7649388656424,-1000.0,-47.11999164452948,-5.876317622783972,-0.2611623130832186,-0.0208026695493117,-6.731062953468268,-186.12607084605,-999.7649388656422,-0.0102658615286372, Neutralism,Healthy
SRR13077724.bin.19.fbc2XSRR13077724.bin.24.fbc2 ,-3.816210947487636e-05,-3.816210947487636e-05,0.959526536090948,-7.331817382300911e-07,-1000.0,1000.0,1.3117631975741233,-1.2639893211271556,-0.0014311194303034,-6.36035157914606e-05,-5.066285811169945e-06,0.0164494198630791,-0.0067468464994998,-1000.0,-2.500149727364618e-06,-0.0896366855624629,-0.0896366855624629,999.040473463909,-0.0017221265237745,0.0,0.0,998.688236802426,-998.7360106788728,-3.361470425551168,-0.1493944759374382,-0.0118998942792813,999.9835505801368,-2.561717508052209,0.0,-0.0058724514460712, Amensalism,Healthy
SRR13077724.bin.15.fbc2XSRR13077724.bin.35.fbc2 ,-0.1571416072557667,-0.1571416072557667,10.393173817983438,-0.0030190510519787,-1000.0,999.7642724938612,-735.1600315801556,-55.80024506899986,-5.892976319897457,-0.2619026787594976,-0.0208616427692049,-2.9791391970759378,-104.24263731257588,-999.7642724938612,-0.0102949640872793,-0.1679699037744058,-0.1679699037744058,989.6068261820164,-0.0032270874884261,250.5511375289227,0.2357275061388009,1000.0,-245.44127557040565,-6.299048881353315,-0.2799498396240096,-0.02229917454531,0.4996341031951488,-890.0066351465122,-0.2357275061388009,-0.0110043683356479, Neutralism,Healthy
SRR13077724.bin.1.fbc2XSRR13077724.bin.14.fbc2 ,-0.0008694019604718,-0.0008694019604718,10.136594624033023,-1.6703207734281023e-05,-1000.0,999.9986958135432,-8.841252293064372,-19.99432086257366,-0.0326034921938571,-0.001449003267453,-0.0001154191651266,10.06805719634292,-0.0148389441239942,-999.9986958135432,-5.6957938227242266e-05,-0.1382991174763219,-0.1382991174763219,989.863405375967,-0.0026570435634312,1000.0,-1000.0,1000.0,-508.3347338167068,-5.186363042755943,-0.2304985291270895,-0.0183601710232323,453.0880758128951,-707.7340609119454,1000.0,-0.0090605185512231, Amensalism,Healthy
SRR13077724.bin.8.fbc2XSRR13077724.bin.14.fbc2 ,-0.0854678410945553,-0.0854678410945553,13.97050269787792,-0.00164203345048,-1000.0,1000.0,-1000.0,-31.29645559577716,-3.2051343528856933,-0.1424464018242588,-0.0113464511424581,14.66080740281052,-492.5972298318928,-1000.0,-0.0055993340658915,-0.1378640559869381,-0.1378640559869381,986.029497302122,-0.002648685033364,1000.0,-1000.0,0.0,-46.15915944968583,-5.170047777187051,-0.2297734266448969,-0.0183024135806135,908.7264566297372,-500.3332045771981,1000.0,-0.0090320159638395, Neutralism,Healthy
SRR13077724.bin.1.fbc2XSRR13077724.bin.43.fbc2 ,-0.0857686424986923,-0.0857686424986923,1000.0,-0.0016478125360208,-1000.0,999.8713387971892,-424.0052394652994,-1000.0,-3.2164147233925178,-0.1429477374979342,-0.0113863846237336,1000.0,-6.884208326611315,-999.8713387971892,-0.0056190407477743,0.0,0.0,0.0,0.0,0.0,0.0,0.0,0.0,0.0,0.0,0.0,0.0,0.0,0.0,0.0, Amensalism,Healthy
SRR13077724.bin.7.fbc2XSRR13077724.bin.43.fbc2 ,-0.0670496176127244,-0.0670496176127244,209.50069178082185,-0.00128817709151,-1000.0,1000.0,-181.4708008585212,265.1947301462605,-2.51443151021806,-0.111749362687874,-0.0089013037022596,254.50835295290744,-39.101284496254266,-1000.0,-0.0043926838819743,-0.0639697782542043,-0.0639697782542043,790.4993082191781,-0.0012290063065165,999.9040391875872,-1000.0,-818.5291991414788,-45.58923310136163,-2.398934279879313,-0.1066162970903406,-0.0084924335779987,745.4916470470926,-751.1778659453279,1000.0,-0.0041909115052476, Competition,Healthy
SRR13077724.bin.42.fbc2XSRR13077724.bin.37.fbc2 ,-0.1831672580203758,-0.1831672580203758,995.198237779658,-0.0035190635546769,-1000.0,1000.0,107.4108964794068,-161.2553513189796,-6.868965724259397,-0.3052787633672551,-0.0243167291627059,986.084017639866,-283.06066420281013,-1000.0,-0.0120000067214505,-0.0853941157954523,-0.0853941157954523,4.801762220341857,-0.0016406170182108,0.0,0.0,892.5891035205932,-26.015054924373885,-3.2023695762661646,-0.1423235263257538,-0.0113366635955571,13.915982360133851,-357.07629440047424,0.0,-0.0055945040319329, Neutralism,Healthy
SRR13077724.bin.22.fbc2XSRR13077724.bin.37.fbc2 ,-0.0894855947663018,-0.0894855947663018,805.6421552900347,-0.0017192237227163,-1000.0,999.865763011732,0.0,-323.88312213973586,-3.3558043610396453,-0.1491426579437984,-0.0118798359237644,-0.4629353718099764,-399.7710887997706,-999.865763011732,-0.0058625528944276,-0.0854688672631027,-0.0854688672631027,194.3578447099653,-0.001642053165483,1000.0,-1000.0,1000.0,-676.1168778602641,-3.205172835291137,-0.1424481121051712,-0.0113465873733957,667.5634110262276,-437.7055224530409,1000.0,-0.0055994012942619, Neutralism,Healthy
SRR13077724.bin.34.fbc2XSRR13077724.bin.27.fbc2 ,-0.0898992641180029,-0.0898992641180029,0.0,-0.0017271712606543,1000.0,-1000.0,-806.3776580169097,64.63415731572923,-3.3713173988427343,-0.1498321068633004,-0.0119347534111966,0.0,-123.57369931902916,1000.0,-0.0058896539989063,-0.1276403060553548,-0.1276403060553548,1000.0,-0.0024522633248125,-1000.0,999.8085272796002,1000.0,935.3658426842708,-4.786646351560194,-0.2127338434256671,-0.016945139574318,1000.0,-354.0406145795496,-999.8085272796004,-0.0083622179375879, Neutralism,Healthy
SRR13077724.bin.7.fbc2XSRR13077724.bin.17.fbc2 ,-0.0691461148272765,-0.0691461148272765,17.96583448620038,-0.0013284556163171,1000.0,-1000.0,-212.8679418538693,375.5214304533752,-2.593052371081398,-0.1152435247121275,-0.0091796283085159,285.6281467543324,-0.1411882628980265,1000.0,-0.0045300336514628,-0.0315653960370809,-0.0315653960370809,982.0341655137996,-0.000606443727861,-724.6594576689333,1000.0,1000.0,-1000.0,-1.1837357057937652,-0.052608993395097,-0.0041905261597321,714.3718532456676,-999.858811737102,-1000.0,-0.0020679731121617, Competition,Healthy
SRR13077724.bin.17.fbc2XSRR13077724.bin.3.fbc2 ,-0.05774891821045,-0.05774891821045,1000.0,-0.0011094893028484,-336.5649210875516,1000.0,-628.453061473835,-376.2146321473996,-2.165645454804803,-0.0962481970175304,-0.007666571082268,1000.0,-627.1282703016936,-1000.0,-0.0037833585225826,-0.0856009462202109,-0.0856009462202109,0.0,-0.0016445907054958,1000.0,-663.8350539520502,1000.0,-376.0491898043242,-3.2101259357461918,-0.1426682437003137,-0.0113641217748181,0.0,-372.8717296983064,663.8350539520502,-0.0056080543056395, Neutralism,Healthy
SRR13077724.bin.22.fbc2XSRR13077724.bin.3.fbc2 ,-0.0894855947663018,-0.0894855947663018,811.3288659820666,-0.0017192237227163,-1000.0,999.865763011732,-85.65290181368027,-378.54201409022926,-3.3558043610396453,-0.1491426579437984,-0.0118798359237644,-3.306290717826073,-399.7710887997706,-999.865763011732,-0.0058625528944276,-0.0861036692643892,-0.0861036692643892,64.10265158689072,-0.0016542491692916,1000.0,-1000.0,586.1924141103843,-621.4579859097707,-3.228978581120828,-0.1435061154406867,-0.0114308617602318,517.2368556739743,-600.2289112002294,1000.0,-0.0056409896674267, Neutralism,Healthy
SRR13077724.bin.24.fbc2XSRR13077724.bin.35.fbc2 ,-0.0457870336515497,-0.0457870336515497,508.51990475859566,-0.0008796740374918,-1000.0,1000.0,93.2325691823114,-756.3563998577918,-1.717062144004558,-0.0763117227525072,-0.0060785475990314,688.5489837745765,-0.1106629939166623,-1000.0,-0.0029996884678666,-0.126606813296803,-0.126606813296803,491.48009524140434,-0.0024324075561708,1000.0,-735.9669624351752,906.7674308176886,-243.64360014220824,-4.747889281045786,-0.2110113554946338,-0.0168079362128992,-15.983617616191736,-692.6761936845485,735.9669624351752,-0.0082945097664151, Competition,Healthy
SRR13077724.bin.27.fbc2XSRR13077724.bin.3.fbc2 ,-0.1276403060553548,-0.1276403060553548,964.0266311776572,-0.0024522633248125,-1000.0,999.8085272796002,-282.33294973637726,571.0024183276339,-4.786646351560194,-0.2127338434256671,-0.016945139574318,1000.0,-511.28829532063,-999.8085272796004,-0.0083622179375879,-0.0861036692643892,-0.0861036692643892,35.97336882234276,-0.0016542491692916,999.8708362248576,-1000.0,667.3567333786257,-75.96268369610777,-3.228978581120828,-0.1435061154406867,-0.0114308617602318,0.0,-300.4936927692547,1000.0,-0.0056409896674267, Neutralism,Healthy
SRR13077724.bin.26.fbc2XSRR13077724.bin.2.fbc2 ,-0.1261809494451427,-0.1261809494451427,982.4730069693574,-0.0024242257337618,-0.3540917760907405,1000.0,-4.312262147164347,-25.73215544625043,-4.731918936606576,-0.2103015824085332,-0.0167513998206914,965.037902444401,-739.2861954617238,-1000.0,-0.0082666097523542,-0.0015669048042354,-0.0015669048042354,17.526993030642643,-3.01038387533481e-05,999.9976494922744,-1000.0,-533.5340694015241,-34.78315602121052,-0.0587605858709139,-0.0026115080071349,-0.0002080175254377,34.96209755559903,-0.0246101652282959,1000.0,-0.0001026540899147, Amensalism,Healthy
SRR13077724.bin.30.fbc2XSRR13077724.bin.37.fbc2 ,-0.0889059300303642,-0.0889059300303642,168.249749188059,-0.0017080870322843,0.0,0.0,426.4653561930679,-2.939213535296062,-3.334066320925785,-0.1481765500506071,-0.0118028813931232,-6.157050227298214,-253.9647061983408,0.0,-0.0058245767801281,-0.0854688672631027,-0.0854688672631027,831.750250811941,-0.001642053165483,-1000.0,1000.0,437.22966321469903,-997.060786464704,-3.205172835291137,-0.1424481121051712,-0.0113465873733957,600.651169351225,-335.91433796912816,-1000.0,-0.0055994012942619, Neutralism,Healthy
SRR13077724.bin.15.fbc2XSRR13077724.bin.3.fbc2 ,-0.1585583095877609,-0.1585583095877609,68.94713892766913,-0.003046269156357,-1000.0,999.7621473042724,0.0,-41.19107274096962,-5.946104154346244,-0.2642638493130107,-0.0210497198703478,-11.034180906770302,-486.3850629102145,-999.7621473042724,-0.010387777823098,-0.0860708374360683,-0.0860708374360683,38.53963543977443,-0.0016536183945845,1000.0,-195.4384617779509,1000.0,-958.8089272590304,-3.2277473528644123,-0.1434513957267427,-0.0114265031063496,299.2507481591813,-513.6149370897855,195.43846177795103,-0.0056388387254173, Neutralism,Healthy
SRR13077724.bin.17.fbc2XSRR13077724.bin.35.fbc2 ,-0.002700361772554,-0.002700361772554,31.925119662547782,-5.188014938539709e-05,-499.4582623195294,1000.0,-464.1226713270223,-301.4794368435239,-0.1012664198804031,-0.0045006029542946,-0.0003584918318892,1000.0,-125.13644712063252,-1000.0,-0.0001769113092677,-0.1670633686121618,-0.1670633686121618,968.0748803374522,-0.0032096708666813,999.7493888987274,-1000.0,482.5106358462304,27.155388271075708,-6.2650528548538205,-0.2784389476869364,-0.0221788256889112,-21.091100328935116,-874.8635528793675,1000.0,-0.0109449776555266, Amensalism,Healthy
SRR13077724.bin.34.fbc2XSRR13077724.bin.22.fbc2 ,-0.0898992641180029,-0.0898992641180029,194.3578447099653,-0.0017271712606543,1000.0,-1000.0,-698.9332141493027,-323.01601171507787,-3.3713173988427343,-0.1498321068633004,-0.0119347534111966,130.73933928737188,-29.36264553370495,1000.0,-0.0058896539989063,-0.0894855947663018,-0.0894855947663018,805.6421552900347,-0.0017192237227163,-1000.0,999.865763011732,-91.33961250571248,-676.9839882849221,-3.3558043610396453,-0.1491426579437984,-0.0118798359237644,-0.4629353718099764,-399.7710887997706,-999.865763011732,-0.0058625528944276, Neutralism,Healthy
SRR13077724.bin.27.fbc2XSRR13077724.bin.15.fbc2 ,-0.1276403060553548,-0.1276403060553548,931.0636448651436,-0.0024522633248125,0.0,-0.1914727203997017,-964.7052401846172,-14.68810093280524,-4.786646351560194,-0.2127338434256671,-0.016945139574318,1000.0,-155.5077839205294,0.1914727203997017,-0.0083622179375879,-0.1585583095877609,-0.1585583095877609,68.93635513485651,-0.003046269156357,-1000.0,999.7621473042724,-35.294759815382804,-41.20185653378394,-5.946104154346244,-0.2642638493130107,-0.0210497198703478,-4.839074711584203,-500.0,-999.7621473042724,-0.010387777823098, Neutralism,Healthy
SRR13077724.bin.34.fbc2XSRR13077724.bin.42.fbc2 ,-0.0898992641180029,-0.0898992641180029,1.0144194965303086,-0.0017271712606543,-1000.0,1000.0,-881.1752288130581,603.0129727060287,-3.3713173988427343,-0.1498321068633004,-0.0119347534111966,0.0,-302.4844798076564,-1000.0,-0.0058896539989063,-0.1831672580203758,-0.1831672580203758,998.9855805034696,-0.0035190635546769,1000.0,-1000.0,920.4888269447991,-163.1268948892573,-6.868965724259397,-0.3052787633672551,-0.0243167291627059,1000.0,-697.5155201923436,1000.0,-0.0120000067214505, Neutralism,Healthy
SRR13077724.bin.19.fbc2XSRR13077724.bin.15.fbc2 ,-0.0381950637536192,-0.0381950637536192,960.3609903900046,-0.0007338148656117,1000.0,-1000.0,1000.0,-950.310416162994,-1.4323552505782118,-0.0636584395894033,-0.0050706607212305,39.39038212631317,-8.637986114373575,1000.0,-0.0025023086916462,-0.1579534868668588,-0.1579534868668588,39.63900960999536,-0.0030346491232648,-1000.0,999.763054596454,-1000.0,-48.64054018345018,-5.923422663210886,-0.2632558114448784,-0.0209694254418764,-5.395008891618204,-375.6871670885565,-999.763054596454,-0.0103481535104492, Neutralism,Healthy
SRR13077724.bin.30.fbc2XSRR13077724.bin.24.fbc2 ,-0.0888420347117744,-0.0888420347117744,167.48610014023257,-0.0017068594564761,-1000.0,1000.0,425.03724815384703,-4.622178253017182,-3.331670178961417,-0.1480700578529195,-0.0117943988445858,-4.7152561439463625,-253.5367744121603,-1000.0,-0.0058203907467486,-0.0749593901665548,-0.0749593901665548,832.5138998597674,-0.001440141982016,0.0,0.0,520.8106110010135,-995.3778217469828,-2.811056339054062,-0.1249323169441822,-0.0099513810961298,790.3352356789383,-0.1811698613438466,0.0,-0.0049108841587894, Amensalism,Healthy
SRR13077724.bin.30.fbc2XSRR13077724.bin.34.fbc2 ,-0.0889059300303642,-0.0889059300303642,169.92037479456394,-0.0017080870322843,-1000.0,1000.0,425.84660596843673,-5.909214613527979,-3.334066320925785,-0.1481765500506071,-0.0118028813931232,-6.157050227298441,-253.5006435298669,-1000.0,-0.0058245767801281,-0.0898992641180029,-0.0898992641180029,830.0796252054361,-0.0017271712606543,1000.0,-1000.0,-737.7928944839584,-817.8363644636138,-3.3713173988427343,-0.1498321068633004,-0.0119347534111966,-11.29854987737258,-80.38351923984419,1000.0,-0.0058896539989063, Neutralism,Healthy
SRR13077724.bin.42.fbc2XSRR13077724.bin.43.fbc2 ,-0.1831664428755175,-0.1831664428755175,995.1893585963892,-0.0035190478938602,-1000.0,1000.0,999.5461284071398,-214.42469578040925,-6.868935155464556,-0.3052774047924913,-0.0243166209465925,301.7294655695639,-307.2049319489654,-1000.0,-0.0119999533180816,-0.000401234825631,-0.000401234825631,4.810641403610816,-7.708642215220607e-06,999.9993981092184,-1000.0,0.4538715928601959,-0.1922553090277006,-0.0150467299359888,-0.000668724709385,-5.326671748662193e-05,4.775926689836751,-4.63379509215838,1000.0,-2.628646984703664e-05, Amensalism,Healthy
SRR13077724.bin.14.fbc2XSRR13077724.bin.37.fbc2 ,-0.1388668270202515,-0.1388668270202515,999.5710271598946,-0.0026679505671154,-1000.0,1000.0,-0.1014888395744719,-493.8941515457268,-5.207652750541456,-0.2314447117004192,-0.0184355384189984,447.9038526605359,-500.3356281813478,-1000.0,-0.0090977114340375,-0.0851898103853727,-0.0851898103853727,0.4289728401054162,-0.0016366918421226,1000.0,-1000.0,1000.0,-26.376512463862586,-3.194707907503925,-0.1419830173090304,-0.0113095406294405,16.554458756523218,-358.80893081853344,1000.0,-0.0055811191817838, Neutralism,Healthy
SRR13077724.bin.30.fbc2XSRR13077724.bin.8.fbc2 ,-0.0889059300303642,-0.0889059300303642,256.8354917802858,-0.0017080870322843,-1000.0,1000.0,591.9809465671935,-12.302451301035944,-3.334066320925785,-0.1481765500506071,-0.0118028813931232,-6.157050227298441,-377.50570362642577,-1000.0,-0.0058245767801281,-0.0861808059401028,-0.0861808059401028,23.62988289394445,-0.0016557311420228,0.0,0.0,408.01905343280646,-45.86532557742498,-3.2318712879646228,-0.1436346765667622,-0.0114411021910427,31.47430655454741,-496.108733784742,0.0,-0.0056460431941331, Neutralism,Healthy
SRR13077724.bin.2.fbc2XSRR13077724.bin.3.fbc2 ,-0.0448172424943322,-0.0448172424943322,501.3141160300788,-0.0008610421228922,-1000.0,999.9327698310478,-959.154963405616,-994.8818421405072,-1.680693950855925,-0.0746954041572962,-0.0059498010689367,1000.0,-0.7039098609318444,-999.9327698310478,-0.0029361536388705,-0.0861036692643892,-0.0861036692643892,64.10265158689276,-0.0016542491692916,1000.0,-549.5514861881544,924.4134776732196,-5.11815785949284,-3.228978581120828,-0.1435061154406867,-0.0114308617602318,0.0,-654.2755248757993,549.5514861881543,-0.0056409896674267, Neutralism,Healthy
SRR13077724.bin.34.fbc2XSRR13077724.bin.3.fbc2 ,-0.0898992641180029,-0.0898992641180029,935.8973484131084,-0.0017271712606543,1000.0,-1000.0,-1000.0,485.17497671040087,-3.3713173988427343,-0.1498321068633004,-0.0119347534111966,975.1425684881264,-336.90353916052584,1000.0,-0.0058896539989063,-0.0861036692643892,-0.0861036692643892,64.10265158689162,-0.0016542491692916,-597.5224033103899,1000.0,937.2698755517938,112.62085747988,-3.228978581120828,-0.1435061154406867,-0.0114308617602318,-21.797181094899656,-418.34129655503045,-1000.0,-0.0056409896674267, Neutralism,Healthy
SRR13077724.bin.13.fbc2XSRR13077724.bin.15.fbc2 ,-0.0845920263543575,-0.0845920263543575,927.2010268454133,-0.0016252070385007,-1000.0,999.7639711817974,-4.144772022333086,-970.966059794699,-3.172290374677345,-0.1409867105907096,-0.0112301806360619,1000.0,-211.871024571068,-999.7639711817972,-0.005541956001366,-0.1581662219189183,-0.1581662219189183,72.79897315458675,-0.0030387362520514,0.0,-0.2372645265596702,-995.8552279776668,-29.03394020530095,-5.931400452454454,-0.2636103698648639,-0.0209976675016605,-6.406765087352596,-71.68283177252101,0.2372645265596702,-0.0103620906194237, Neutralism,Healthy
SRR13077724.bin.1.fbc2XSRR13077724.bin.8.fbc2 ,-0.0504617750287934,-0.0504617750287934,976.379347807172,-0.0009694865519804,-1000.0,999.924302490024,-1000.0,-954.142058983468,-1.8923698853399171,-0.0841029583813224,-0.0066991520739065,864.3226762013542,-45.120374539527575,-999.924302490024,-0.0033059491421454,-0.0861808059401028,-0.0861808059401028,23.62065219282806,-0.0016557311420228,1000.0,-1000.0,82.38048075776328,-45.85794101653187,-3.2318712879646228,-0.1436346765667622,-0.0114411021910427,31.46692199365475,-496.1105799249653,1000.0,-0.0056460431941331, Amensalism,Healthy
SRR13077724.bin.1.fbc2XSRR13077724.bin.37.fbc2 ,-0.0857022064449211,-0.0857022064449211,999.2254039245868,-0.0016465361468362,-1000.0,999.871438457652,-420.9454867566857,-963.1268213529872,-3.213923301170894,-0.1428370107414593,-0.0113775647748752,989.2223963623088,-1.8773720647201344,-999.871438457652,-0.0056146882608345,-0.0852094338254119,-0.0852094338254119,0.7745960754131147,-0.0016370688534834,1000.0,-1000.0,1000.0,-36.873178647012764,-3.195443807238576,-0.1420157230422774,-0.0113121457777651,10.777603637691412,-289.88721414404495,1000.0,-0.0055824047905161, Neutralism,Healthy
SRR13077724.bin.17.fbc2XSRR13077724.bin.8.fbc2 ,-0.0569222046178765,-0.0569222046178765,986.029497302122,-0.0010936062366226,-0.3972969517544698,1000.0,412.0310073961318,-968.7035444042226,-2.134642821512557,-0.0948703410297184,-0.0075568190952708,985.3391925971894,-507.4027701681072,-1000.0,-0.0037291972670345,-0.0854678410945553,-0.0854678410945553,13.97050269787792,-0.00164203345048,1000.0,-1000.0,587.9689926038682,-31.29645559577739,-3.2051343528856933,-0.1424464018242588,-0.0113464511424581,14.660807402810631,-492.5972298318928,1000.0,-0.0055993340658915, Neutralism,Healthy
SRR13077724.bin.26.fbc2XSRR13077724.bin.7.fbc2 ,-0.1089468456062832,-0.1089468456062832,963.0966977235884,-0.0020931190317696,-0.4910656359904806,1000.0,775.7992689627542,-138.11145743579686,-4.08562183178401,-0.1815780760105099,-0.0144634525098581,745.4916470470926,-749.9180912745036,-1000.0,-0.0071375358985505,-0.0670496176127244,-0.0670496176127244,36.90330227641152,-0.00128817709151,1000.0,-1000.0,-181.470800858521,437.7921196506695,-2.51443151021806,-0.111749362687874,-0.0089013037022596,254.50835295290744,-39.10128449625461,1000.0,-0.0043926838819743, Competition,Healthy
SRR13077724.bin.30.fbc2XSRR13077724.bin.35.fbc2 ,-0.0889059300303642,-0.0889059300303642,168.2358576364918,-0.0017080870322843,-1000.0,1000.0,427.3207394899773,-3.187099665856522,-3.334066320925785,-0.1481765500506071,-0.0118028813931232,-6.157050227298669,-253.9438688709897,-1000.0,-0.0058245767801281,-0.1554924008144098,-0.1554924008144098,831.7641423635082,-0.0029873660098473,32.28743663079331,0.0,572.6792605100227,-7.24610991588986,-5.831129335671221,-0.2591540013573876,-0.0206426991283024,-19.63031066120334,-746.0561311290103,0.0,-0.0101869180937228, Neutralism,Healthy
SRR13077724.bin.34.fbc2XSRR13077724.bin.13.fbc2 ,-0.0898992641180029,-0.0898992641180029,1.013135632559738,-0.0017271712606543,1000.0,-1000.0,-528.3558781097934,0.0,-3.3713173988427343,-0.1498321068633004,-0.0119347534111966,57.2948716338924,-177.3838172143636,1000.0,-0.0058896539989063,-0.087121506978633,-0.087121506978633,998.9868643674404,-0.0016738041686039,-1000.0,999.756913420586,85.33823860270331,-1000.0,-3.267148570927475,-0.1452025116310551,-0.0115659868054081,942.7051283661076,-240.0297664289385,-999.756913420586,-0.0057076722150668, Neutralism,Healthy
SRR13077724.bin.43.fbc2XSRR13077724.bin.14.fbc2 ,-0.0008454495846308,-0.0008454495846308,10.136594624030296,-1.6243027516793518e-05,-1000.0,999.998731744408,-999.0627454733484,-0.4103739190003352,-0.0317052527888108,-0.0014090826409756,-0.0001122393204013,10.185738634854944,-9.717941796311948,-999.998731744408,-5.5388724035765335e-05,-0.1382991174762082,-0.1382991174763219,989.8634053759696,-0.0026570435634312,1000.0,-1000.0,-0.9372545266517136,829.5701681943078,-5.186363042755943,-0.2304985291270895,-0.0183601710232323,784.0379005922914,-990.282058203688,1000.0,-0.0090605185512231, Amensalism,Healthy
SRR13077724.bin.2.fbc2XSRR13077724.bin.8.fbc2 ,-0.043018707649594,-0.043018707649594,482.0109243055779,-0.000826488139296,-1000.0,999.935467806085,-1000.0,-954.1420589834682,-1.6132469937085716,-0.0716978460826567,-0.0057110330424166,961.499088612134,-1.8977944627409895,-999.9354678060848,-0.0028183245549371,-0.0861808059401028,-0.0861808059401028,23.622498333050657,-0.0016557311420228,1000.0,-1000.0,0.0,-45.85794101653176,-3.2318712879646228,-0.1436346765667622,-0.0114411021910427,31.46692199365316,-496.1105799249653,1000.0,-0.0056460431941331, Neutralism,Healthy
SRR13077724.bin.34.fbc2XSRR13077724.bin.17.fbc2 ,-0.0898992641180029,-0.0898992641180029,0.0,-0.0017271712606543,1000.0,-1000.0,-836.2232511497614,0.0,-3.3713173988427343,-0.1498321068633004,-0.0119347534111966,-7.08381324696154,-55.26592897776868,1000.0,-0.0058896539989063,-0.05774891821045,-0.05774891821045,1000.0,-0.0011094893028484,0.0,999.5880317863677,-163.77674885023862,-1000.0,-2.165645454804803,-0.0962481970174167,-0.007666571082268,1000.0,-944.7340710222312,-999.5880317863677,-0.0037833585225826, Neutralism,Healthy
SRR13077724.bin.17.fbc2XSRR13077724.bin.13.fbc2 ,-0.0019860704196617,-0.0019860704196617,23.48038564688011,-3.815697255049599e-05,-0.0055415371191429,1000.0,-1000.0,-1.159934952353865,-0.0744797393715543,-0.0033101173661407,-0.0002636646801192,45.515926622131474,-768.023752358109,-1000.0,-0.0001301152763062,-0.0865358823908764,-0.0865358823908764,976.5196143531198,-0.0016625529758584,-0.2414525686767774,0.0,74.93805514071391,-998.840065047646,-3.245187030071065,-0.1442264706514606,-0.0114882410628069,954.4840733778684,-231.97624764189092,0.0,-0.0056693056475296, Amensalism,Healthy
SRR13077724.bin.34.fbc2XSRR13077724.bin.8.fbc2 ,-0.0898992641180029,-0.0898992641180029,52.75545417412559,-0.0017271712606543,-1000.0,1000.0,142.62501079101685,-950.0693246350488,-3.3713173988427343,-0.1498321068633004,-0.0119347534111966,911.3619906267232,-55.98634929994682,-1000.0,-0.0058896539989063,-0.0861808059401028,-0.0861808059401028,27.187063958029057,-0.0016557311420228,1000.0,-1000.0,-463.2439934311385,-49.93067536495107,-3.2318712879646228,-0.1436346765667622,-0.0114411021910427,35.53965634207225,-495.6005650613012,1000.0,-0.0056460431941331, Neutralism,Healthy
SRR13077724.bin.14.fbc2XSRR13077724.bin.15.fbc2 ,-0.1382991174763219,-0.1382991174763219,989.86340537597,-0.0026570435634312,-1000.0,1000.0,122.56235932121945,38.54530584763506,-5.186363042755943,-0.2304985291270895,-0.0183601710232323,1000.0,-588.635479263569,-1000.0,-0.0090605185512231,-0.1571257174708762,-0.1571257174708762,10.136594624030067,-0.0030187457726924,0.0,-0.2357036699351056,-1000.0,-54.36165547494352,-5.892380436173539,-0.26187619578468,-0.0208595332895811,0.0,-21.244295842637484,0.2357036699351056,-0.010293923084987, Neutralism,Healthy
SRR13077724.bin.43.fbc2XSRR13077724.bin.15.fbc2 ,-0.0826641390150371,-0.0826641390150371,991.1092067555824,-0.001588167896557,-1000.0,999.875995850638,0.0,-42.318020019398205,-3.099992562300258,-0.1377735650250997,-0.0109742401650692,991.5271569600768,-947.9817134409952,-999.875995850638,-0.0054156525271764,-0.1570459696716852,-0.1570459696716852,8.890793244417637,-0.0030172136343935,0.0,-0.235584040575759,-1000.0,-51.30316186077653,-5.889389809439422,-0.2617432827862558,-0.0208489462138459,-2.9773260701761046,-52.01828655900477,0.235584040575759,-0.0102886984933547, Neutralism,Healthy
SRR13077724.bin.43.fbc2XSRR13077724.bin.19.fbc2 ,-0.0834056816863721,-0.0834056816863721,1000.0,-0.001602414633794,-1000.0,999.8748834653971,-906.1849046596548,-42.46469819803656,-3.127801196043833,-0.1390094694772869,-0.0110726851191884,1000.0,-956.8264309576704,-999.8748834653971,-0.0054642339010797,0.0,0.0,0.0,0.0,1000.0,-1000.0,0.0,0.0,0.0,0.0,0.0,0.0,0.0,1000.0,0.0, Amensalism,Healthy
SRR13077724.bin.26.fbc2XSRR13077724.bin.27.fbc2 ,-0.1186656833115193,-0.1186656833115193,862.2156165218003,-0.0022798402172838,999.5419470011924,0.1269518040461434,-1000.0,-114.4582571900844,-4.450088515394555,-0.1977761388525323,-0.0157536959017079,1000.0,-633.5572169452421,-0.1269518040461434,-0.0077742551410437,-0.0846291162987427,-0.0846291162987427,137.78438347819974,-0.0016259196214605,-1000.0,999.8730481959536,996.4876104179252,-885.5417428099156,-3.173681286780493,-0.1410485271644574,-0.0112351045845571,0.0,-366.4427830547579,-999.873048195954,-0.0055443859092747, Amensalism,Healthy
SRR13077724.bin.27.fbc2XSRR13077724.bin.35.fbc2 ,-0.0903759808231825,-0.0903759808231825,206.3327723425018,-0.0017363300830766,-1000.0,999.864427347115,1000.0,-1000.0,-3.389194779022432,-0.1506266347051905,-0.0119980408738911,168.11943653972958,-270.88155971074457,-999.8644273471148,-0.0059208855832366,-0.1522584797029367,-0.1522584797029367,793.6672276574982,-0.0029252349606849,999.7715976542707,-1000.0,0.0,24.74892113240776,-5.709853876782631,-0.2537641328382278,-0.0202133735782581,-19.22204070241503,-729.1184402892554,1000.0,-0.0099750512158607, Amensalism,Healthy
SRR13077724.bin.17.fbc2XSRR13077724.bin.22.fbc2 ,-0.0438401343265013,-0.0438401343265013,518.3014915264389,-0.0008422696316756,-0.1223228186020151,1000.0,-500.0,-687.1103935785754,-1.6440513620738102,-0.0730668905441689,-0.0058200831546173,1000.0,-453.6275554532182,-1000.0,-0.0028721394438662,-0.0770640628060164,-0.0770640628060164,481.6985084735611,-0.0014805775755348,-0.1156034970967994,0.0,-325.4754558719568,-312.88960642142456,-2.88998378699091,-0.1284401046766561,-0.0102307910468653,-0.3986751237611088,-377.0330440432491,0.0,-0.00504876953255, Competition,Healthy
SRR13077724.bin.7.fbc2XSRR13077724.bin.24.fbc2 ,-0.0774277917495283,-0.0774277917495283,18.06632110934106,-0.0014875656436288,-1000.0,1000.0,-14.454611141353324,161.28828755176232,-2.9036240067185872,-0.129046319582585,-0.0102790785972501,692.339630529528,-0.1580984766021629,-1000.0,-0.0050725988446629,-0.0884131181064731,-0.0884131181064731,981.9336788906588,-0.0016986189838235,0.0,0.0,949.8014394623372,407.1713884808341,-3.3155853530388413,-0.1473551968441597,-0.0117374571780146,307.660369470472,-0.213686268161382,0.0,-0.0057922907346892, Neutralism,Healthy
SRR13077724.bin.1.fbc2XSRR13077724.bin.24.fbc2 ,-0.0006843549988388,-0.0006843549988388,7.97908161831117,-1.314803068908077e-05,-1000.0,999.9989734017618,260.9262885744529,930.0235453805471,-0.0256640355962645,-0.0011405916646936,-9.08528922991536e-05,97.20897341063984,-44.670705953029824,-999.9989734017616,-4.483478471684066e-05,-0.0893213711949556,-0.0893213711949556,992.0209183816888,-0.0017160686109036,1000.0,-1000.0,739.0737114255471,-1000.0,-3.3496458035846217,-0.1488689519916306,-0.0118580341010101,870.8145659924771,-0.2158814312454069,1000.0,-0.0058517939629609, Amensalism,Healthy
SRR13077724.bin.43.fbc2XSRR13077724.bin.24.fbc2 ,-0.0006751086330041,-0.0006751086330041,8.09427630582411,-1.2970386819688429e-05,-1000.0,999.9989872721984,0.8676037000204815,-0.2267695086553658,-0.0253172871105107,-0.0011251810550447,-8.962537276602234e-05,8.028708665870113,-7.750132449138618,-999.9989872721984,-4.4229018953956256e-05,-0.0893109990876155,-0.0893109990876155,991.9057236941758,-0.0017158693389092,1000.0,-1000.0,999.1323962999796,-999.7732304913446,-3.3492568385995583,-0.1488516651460258,-0.0118566571314886,991.97129133413,-0.2158563628285037,1000.0,-0.0058511144454769, Amensalism,Healthy
SRR13077724.bin.22.fbc2XSRR13077724.bin.15.fbc2 ,-0.0894855947663018,-0.0894855947663018,829.9498125070484,-0.0017192237227163,-1000.0,999.865763011732,-73.23893746369265,-852.3450052549372,-3.3558043610396453,-0.1491426579437984,-0.0118798359237644,-3.306290717826073,-399.7710887997706,-999.865763011732,-0.0058625528944276,-0.1585583095877609,-0.1585583095877609,68.93635513485606,-0.003046269156357,0.0,-0.2378526957274971,341.6237589963325,-41.20185653378337,-5.946104154346244,-0.2642638493130107,-0.0210497198703478,-16.730384370875754,-500.0,0.2378526957274971,-0.010387777823098, Neutralism,Healthy
SRR13077724.bin.27.fbc2XSRR13077724.bin.19.fbc2 ,-0.1274456920586999,-0.1274456920586999,701.98743062009,-0.0024485243430945,-1000.0,999.8088192192904,0.0,-702.3448152786425,-4.779348121039561,-0.2124094867644999,-0.0169193032108978,996.0747287470384,-43.40767212945661,-999.8088192192904,-0.0083494680100102,-0.0118524275775371,-0.0118524275775371,298.01256937991,-0.0002277123453495,1000.0,-1000.0,314.84321313160444,-297.6551847213575,-0.4444785583349357,-0.019754045962486,-0.0015734923066474,3.925271252961352,-1.803009272363056,1000.0,-0.0007764990978103, Amensalism,Healthy
SRR13077724.bin.26.fbc2XSRR13077724.bin.37.fbc2 ,-0.126158883941116,-0.126158883941116,983.7037867074208,-0.0024238018048663,-28.61238646796835,1000.0,-1000.0,-26.71671492646772,-4.731091456892159,-0.2102648065686025,-0.0167484704713842,1000.0,-714.7901088397145,-1000.0,-0.0082651641544089,-0.0854068298407355,-0.0854068298407355,16.296213292578955,-0.0016408612841587,1000.0,-1000.0,1000.0,-31.894590786293747,-3.202846366396898,-0.1423447164011122,-0.0113383514735687,0.0,-285.20989116028545,1000.0,-0.0055953369790131, Neutralism,Healthy
SRR13077724.bin.26.fbc2XSRR13077724.bin.3.fbc2 ,-0.1260546849506454,-0.1260546849506454,979.9898783015474,-0.0024217999030042,-34.53183517605066,1000.0,-1000.0,-26.95673988619012,-4.727183884642727,-0.2100911415843711,-0.016734637329705,1000.0,-709.6616826422214,-1000.0,-0.00825833766919,-0.0860291675580811,-0.0860291675580811,20.010121698452508,-0.0016528178205135,999.8709479845738,-1000.0,690.2306360476857,-41.28756772214388,-3.226184688406533,-0.1433819459300593,-0.0114209711398416,-18.677267860110533,-290.3383173577786,1000.0,-0.0056361087679306, Neutralism,Healthy
SRR13077724.bin.13.fbc2XSRR13077724.bin.37.fbc2 ,-0.0854729930554185,-0.0854729930554185,950.1761325594056,-0.0016421324314705,-1000.0,999.7615131069851,23.403923629659403,-981.077991182465,-3.205327556860197,-0.1424549884255839,-0.0113471351011185,984.2533603465686,-220.85623457516704,-999.761513106985,-0.005599671591085,-0.0851654632781446,-0.0851654632781446,49.82386744059431,-0.0016362240783109,1000.0,-1000.0,762.7374185135054,-18.922008817535016,-3.193794865252812,-0.141942438796832,-0.0113063083814495,15.74663965343143,-350.9611790522722,1000.0,-0.0055795241071336, Neutralism,Healthy
SRR13077724.bin.1.fbc2XSRR13077724.bin.27.fbc2 ,-0.0747215934384257,-0.0747215934384257,871.199441444624,-0.0014355733609363,999.8879104319758,-1000.0,-613.9171141663955,-300.6191766580464,-2.802138710473855,-0.1245359890639292,-0.0099198119243055,918.5864695533188,-24.34406366261851,1000.0,-0.0048953051608577,-0.083237309100923,-0.083237309100923,128.80055855537603,-0.0015991798097729,-1000.0,999.8751360404494,800.0793109968081,-699.3808233419536,-3.1214870461744795,-0.1387288485015005,-0.0110503324858655,-23.438634751340032,-420.34399788970575,-999.8751360404495,-0.0054532031514327, Competition,Healthy
SRR13077724.bin.26.fbc2XSRR13077724.bin.17.fbc2 ,-0.1261445761106188,-0.1261445761106188,981.7657521706057,-0.0024235269185055,999.643727774137,0.0023136429696251,-4.306828012243386,-25.648496483191025,-4.73055489812964,-0.2102409601843646,-0.016746571007161,964.8192256292824,-738.7931974726251,-0.0023136429696251,-0.008264226792221,-0.0015423298741552,-0.0015423298741552,18.23424782939435,-2.9631697884724417e-05,-1000.0,999.9976863570304,-229.9410319114163,-35.897419946868695,-0.0578390000230228,-0.0025705497902208,-0.000204755032314,35.1807743707177,-261.20680252737486,-999.9976863570304,-0.0001010440897744, Amensalism,Healthy
SRR13077724.bin.1.fbc2XSRR13077724.bin.42.fbc2 ,-0.0004118406272404,-0.0004118406272404,4.801762220341857,-7.912403981565671e-06,-1000.0,999.9993821994972,-1.9170900351662112,-4.929300519391916,-0.0154444587037374,-0.0006864010454008,-5.467471151261878e-05,4.725025352807506,-1.186830189426722,-999.9993821994972,-2.6981297577138937e-05,-0.1831672580203703,-0.1831672580203703,995.198237779658,-0.0035190635546769,1000.0,-1000.0,1000.0,-280.3372093677839,-6.868965724259395,-0.3052787633672551,-0.0243167291627427,995.2749746471924,-554.4071092238503,1000.0,-0.0120000067214113, Amensalism,Healthy
SRR13077724.bin.7.fbc2XSRR13077724.bin.42.fbc2 ,-0.077823034436733,-0.077823034436733,18.15854356771877,-0.0014951591630278,-1000.0,1000.0,-34.77604319896284,48.85870813025281,-2.918446025129697,-0.1297050573945171,-0.0103315498166693,795.3842805251911,-0.1589055158488008,-1000.0,-0.0050984927460149,-0.1819410515366826,-0.1819410515366826,981.8414564322812,-0.0034955053129124,0.0,0.0,887.2213034986335,-160.18362826705263,-6.822981685418426,-0.303235085894471,-0.024153941712143,204.61571947480888,-283.0784287745887,0.0,-0.0119196731169495, Neutralism,Healthy
SRR13077724.bin.1.fbc2XSRR13077724.bin.15.fbc2 ,-0.0578253817941458,-0.0578253817941458,909.9331564020506,-0.0011109583438155,-1000.0,999.913256372517,-961.5610863864794,-964.7416711653932,-2.168512919990917,-0.0963756363236143,-0.0076767221555655,854.6434386483834,-31.42502755480632,-999.913256372517,-0.0037883679523247,-0.1527975208516636,-0.1527975208516636,90.0668435979494,-0.0029355911786979,0.0,-0.2292109592333417,268.3715000350767,-35.25832883460669,-5.730068489450446,-0.2546625347526969,-0.0202849350448559,-10.142115251485734,-500.0,0.2292109592333417,-0.0100103659193564, Amensalism,Healthy
SRR13077724.bin.30.fbc2XSRR13077724.bin.3.fbc2 ,-0.0889059300303642,-0.0889059300303642,681.5614515278432,-0.0017080870322843,-1000.0,1000.0,423.1285043854903,-522.1616093621062,-3.334066320925785,-0.1481765500506071,-0.0118028813931232,96.11211663506036,-250.9681526261851,-1000.0,-0.0058245767801281,-0.0861036692643892,-0.0861036692643892,64.10265158689253,-0.0016542491692916,1000.0,-794.1479794159649,0.0,-419.8130547688087,-3.228978581120828,-0.1435061154406867,-0.0114308617602318,903.8878833649396,-744.1949646212418,794.147979415965,-0.0056409896674267, Neutralism,Healthy
SRR13077724.bin.8.fbc2XSRR13077724.bin.27.fbc2 ,-0.0854677041745617,-0.0854677041745617,13.970480317044236,-0.0016420308198803,1000.0,-1000.0,-824.6329964420702,-31.29365916211213,-3.205129218240131,-0.1424461736241937,-0.011346432965297,14.65757990346708,-492.5965551170409,1000.0,-0.0055993250957726,-0.1270166733937685,-0.1270166733937685,869.3330758971952,-0.0024402819095712,-1000.0,999.8094627884998,-175.36700355792982,-968.706340837888,-4.763259467771036,-0.211694455656243,-0.016862347995243,985.3424200965328,-507.4034448829591,-999.8094627884998,-0.0083213613116868, Neutralism,Healthy
SRR13077724.bin.26.fbc2XSRR13077724.bin.19.fbc2 ,-0.1264955947210637,-0.1264955947210637,983.6602930546896,-0.0024302707919332,-0.354761455859375,1000.0,0.0,-46.83506277011804,-4.743718466932705,-0.2108259912017729,-0.0167931711723667,999.719879506375,-743.7221769676064,-1000.0,-0.0082872234005435,-0.0006498557883105,-0.0006498557883105,16.339706945310468,-1.2485221645874844e-05,1000.0,-1000.0,17.16528550754549,-16.319106038220752,-0.0243702787495294,-0.0010830929805933,-8.627288184470672e-05,0.2801204936250769,-0.131308106416327,1000.0,-4.2574605913614505e-05, Amensalism,Healthy
SRR13077724.bin.34.fbc2XSRR13077724.bin.43.fbc2 ,-0.0898992641180029,-0.0898992641180029,0.0,-0.0017271712606543,1000.0,-1000.0,-823.2795141994399,-36.38046451482364,-3.3713173988427343,-0.1498321068633004,-0.0119347534111966,4.027730871577546,-51.92855710477488,1000.0,-0.0058896539989063,-0.0831865404837799,-0.0831865404837799,1000.0,-0.0015982044280917,-1000.0,999.875212198252,113.4372340339537,-47.84027825843748,-3.11958316938535,-0.1386442341396332,-0.0110435925982983,995.9722691284225,-948.0714428952252,-999.875212198252,-0.0054498770998634, Neutralism,Healthy
SRR13077724.bin.27.fbc2XSRR13077724.bin.13.fbc2 ,-0.0850751089990353,-0.0850751089990353,182.9424402921641,-0.001634488165223,-1000.0,999.8723791640604,1000.0,-94.56236949493848,-3.190406484312348,-0.1417918483316498,-0.0112943132215832,0.0,-67.29839811138572,-999.8723791640606,-0.0055736046433594,-0.0784034517391774,-0.0784034517391774,817.0575597078359,-0.0015063103120382,0.0,-0.218761446610415,-66.7378054118443,-905.4376305050616,-2.9402122872843397,-0.1306724195652577,-0.0104086042558719,1000.0,-176.3592546868961,0.218761446610415,-0.0051365181639084, Competition,Healthy
SRR13077724.bin.24.fbc2XSRR13077724.bin.37.fbc2 ,-0.0895513101278311,-0.0895513101278311,997.1364656548216,-0.0017204862656399,-1000.0,1000.0,812.2234627797934,-396.8511631510846,-3.358268756537882,-0.1492521835463094,-0.0118885600957128,633.4985003945776,-1.9243036655381047,-1000.0,-0.0058668581658594,-0.0853280374102496,-0.0853280374102496,2.863534345178323,-0.0016393475007134,0.0,0.0,187.7765372202066,-375.52820186308736,-3.199891566998872,-0.1422133956838251,-0.0113278912297118,366.5014996054224,-312.2035137585804,0.0,-0.0055901749773283, Neutralism,Healthy
SRR13077724.bin.17.fbc2XSRR13077724.bin.24.fbc2 ,-0.0006738592990132,-0.0006738592990132,7.966724671938323,-1.2946384231327102e-05,-0.2511079521616466,1000.0,237.8934969086024,-1000.0,-0.0252704357643551,-0.0011230988317265,-8.945951503847027e-05,277.7784941716461,-249.93747572537973,-1000.0,-4.4147170228825416e-05,-0.0893224838119977,-0.0893224838119977,992.0332753280618,-0.0017160899867576,1000.0,-1000.0,762.1065030913976,380.5116224431397,-3.349687527899846,-0.1488708063533295,-0.011858181808634,722.2215058283539,-0.2158841203372503,1000.0,-0.0058518668549822, Amensalism,Healthy
SRR13077724.bin.8.fbc2XSRR13077724.bin.19.fbc2 ,-0.0861808059401028,-0.0861808059401028,23.66558873602128,-0.0016557311420228,0.0,0.0,0.0,-45.94412182247186,-3.2318712879646228,-0.1436346765667622,-0.0114411021910427,31.5531027995944,-496.1105799249653,0.0,-0.0056460431941331,-0.0382672586742955,-0.0382672586742955,966.2702232229394,-0.0007352018957362,-1000.0,1000.0,1000.0,-954.055878177528,-1.4350626363893753,-0.0637787644570835,-0.005080245099748,962.269801543551,-11.615393349961437,-1000.0,-0.0025070384645005, Neutralism,Healthy
SRR13077724.bin.26.fbc2XSRR13077724.bin.1.fbc2 ,-0.125937699895303,-0.125937699895303,974.2250982557198,-0.0024195523515118,-0.354243596654328,1000.0,-989.6636173003332,-32.715073122735134,-4.722796821451766,-0.209896166492058,-0.0167191067488374,974.6370064531902,-731.0245265712342,-1000.0,-0.0082506735185461,-0.0022106783331992,-0.0022106783331992,25.77490174428021,-4.24722062462024e-05,999.9966837701392,-1000.0,-10.336382699666842,-26.55115351548875,-0.0829027734642977,-0.0036844638885895,-0.0002934829449259,25.362993546809776,-0.0377318360821163,1000.0,-0.000144830223121, Amensalism,Healthy
SRR13077724.bin.26.fbc2XSRR13077724.bin.42.fbc2 ,-0.0532632645242756,-0.0532632645242756,5.1294979679855714,-0.0010233095970306,-0.6596049027190247,1000.0,-20.06286785763064,-624.1906082711795,-1.9974287016860897,-0.0887721075404215,-0.0070710693153159,852.9069866214923,-249.85507377765384,-1000.0,-0.0034894857258223,-0.1831371705548008,-0.1831371705548008,994.8705020320144,-0.0035184855053103,1000.0,-1000.0,1000.0,-161.22886315247808,-6.867837412508379,-0.3052286175914105,-0.0243127348421694,147.09301337850775,-309.9030276177775,1000.0,-0.0119980355733559, Amensalism,Healthy
SRR13077724.bin.30.fbc2XSRR13077724.bin.15.fbc2 ,-0.0889059300303642,-0.0889059300303642,191.40339776525136,-0.0017080870322843,1000.0,-1000.0,423.98254790163264,-22.20606232712214,-3.334066320925785,-0.1481765500506071,-0.0118028813931232,1.999503191499457,-250.9681526261851,1000.0,-0.0058245767801281,-0.1585583095877609,-0.1585583095877609,68.9471389276705,-0.003046269156357,-1000.0,999.7621473042724,341.6345427891465,-41.191072740970526,-5.946104154346244,-0.2642638493130107,-0.0210497198703478,-16.730384370875754,-500.0,-999.7621473042724,-0.010387777823098, Neutralism,Healthy
SRR13077724.bin.1.fbc2XSRR13077724.bin.22.fbc2 ,-0.0634947048455387,-0.0634947048455387,740.3020847210755,-0.0012198790556112,-1000.0,999.9047518433364,-553.3849399547494,-656.4373849832114,-2.381118525055058,-0.1058245080758979,-0.0084293642744341,741.1946164948824,-5.073976030180006,-999.9047518433364,-0.0041597875797378,-0.0626320415822192,-0.0626320415822192,259.6979152789245,-0.0012033053137656,999.9060459211,-1000.0,-446.6150600452506,-343.56261501678864,-2.3487677411233108,-0.1043867359702517,-0.0083148397181957,-2.314112548086541,-426.80718482896873,1000.0,-0.0041032711200159, Competition,Healthy
SRR13077724.bin.19.fbc2XSRR13077724.bin.35.fbc2 ,0.0,0.0,0.0,0.0,-1000.0,1000.0,0.0,0.0,0.0,0.0,0.0,0.0,0.0,-1000.0,0.0,-0.1684074758165934,-0.1684074758165934,1000.0,-0.0032354942519532,1000.0,-5.060733624378372,1000.0,-1000.0,-6.315458295304097,-0.2806791263609511,-0.0223572652813572,2.803717544069628,-999.7639032881864,5.060733624378372,-0.0110330353993504, Amensalism,Healthy
SRR13077724.bin.43.fbc2XSRR13077724.bin.3.fbc2 ,-0.0731637327738781,-0.0731637327738781,1000.0,-0.0014056432809184,-1000.0,999.8902473726228,98.47922067144918,-170.0906785500349,-2.743717289402525,-0.121939554623168,-0.0097129950714816,996.4575540290582,-713.356243012437,-999.8902473726228,-0.0047932435880966,-0.0856009462202109,-0.0856009462202109,0.0,-0.0016445907054958,999.8715903577164,-1000.0,659.4194368619706,-39.74112736170696,-3.2101259357461918,-0.1426682437003137,-0.0113641217748181,-0.0147067523834039,-286.64375698756305,1000.0,-0.0056080543056395, Amensalism,Healthy
SRR13077724.bin.1.fbc2XSRR13077724.bin.13.fbc2 ,-0.0025265474858997,-0.0025265474858997,29.457706362807585,-4.8540777811467706e-05,999.9962099360672,-1000.0,0.0,0.0,-0.0947482004627318,-0.0042109124764238,-0.0003354167747602,31.86695519260593,-1.4074174023249952,1000.0,-0.0001655240523632,-0.0865917751788174,-0.0865917751788174,970.5422936371924,-0.0016636268045431,-1000.0,999.7583914791696,63.598461298074426,-1000.0,-3.247283068679394,-0.1443196252979532,-0.0114956612196692,968.133044807394,-228.85423046234155,-999.7583914791696,-0.0056729674035977, Amensalism,Healthy
SRR13077724.bin.15.fbc2XSRR13077724.bin.37.fbc2 ,-0.1585583095877609,-0.1585583095877609,68.94174703126237,-0.003046269156357,-1000.0,999.7621473042724,-1000.0,-41.20185653378405,-5.946104154346244,-0.2642638493130107,-0.0210497198703478,-16.730384370875754,-386.1379947595051,-999.7621473042724,-0.010387777823098,-0.0854688672631027,-0.0854688672631027,931.0582529687376,-0.001642053165483,1000.0,-1000.0,1000.0,-726.3265046305063,-3.205172835291137,-0.1424481121051712,-0.0113465873733957,4.438847378514652,-312.5051991508352,1000.0,-0.0055994012942619, Neutralism,Healthy
SRR13077724.bin.30.fbc2XSRR13077724.bin.17.fbc2 ,-0.0889059300303642,-0.0889059300303642,168.23585763649157,-0.0017080870322843,1000.0,-1000.0,426.4666959738333,-3.18709966585584,-3.334066320925785,-0.1481765500506071,-0.0118028813931232,-6.157050227298328,-253.94386887098983,1000.0,-0.0058245767801281,-0.0528911988191111,-0.0528911988191111,831.7641423635084,-0.0010161613605532,0.0,999.6043574059016,-1000.0,-996.8129003341442,-1.9834758445920213,-0.0881519980318898,-0.007021675001738,1000.0,-746.0561311290102,-999.604357405902,-0.003465110239631, Neutralism,Healthy
SRR13077724.bin.7.fbc2XSRR13077724.bin.15.fbc2 ,-0.0817550388509289,-0.0817550388509289,931.048711913825,-0.001570701995206,1000.0,-1000.0,61.48767422380479,-958.8110450552308,-3.065900345518912,-0.1362583980848057,-0.0108535507869191,984.9826622696098,-0.1669342080514297,1000.0,-0.005356093803698,-0.1585582190249397,-0.1585582190249397,68.95128808617505,-0.00304626741638,-1000.0,999.7621474401255,-1000.0,-41.18895494476931,-5.946100758143416,-0.2642636983748616,-0.02104970784751,-11.035570783990806,-395.6173809725533,-999.7621474401255,-0.0103877718900093, Neutralism,Healthy
SRR13077724.bin.2.fbc2XSRR13077724.bin.22.fbc2 ,-0.0386777235280533,-0.0386777235280533,432.6385167353944,-0.0007430878679315,-1000.0,999.9419796992686,-1000.0,-858.5941360615162,-1.4504555021346732,-0.0644628725467555,-0.0051347371677366,863.0129301921766,-0.6066958630852923,-999.9419796992686,-0.0025339296297488,-0.0819202331588258,-0.0819202331588258,567.3614832646056,-0.001573875757117,999.8771117808828,-1000.0,720.5221596905217,-141.40586393848378,-3.0720953066232823,-0.1365337219314142,-0.0108754814817757,-3.0267676848177416,-364.1299095954887,1000.0,-0.005366916331809, Amensalism,Healthy
SRR13077724.bin.13.fbc2XSRR13077724.bin.24.fbc2 ,-0.0454893972007539,-0.0454893972007539,267.2361334972684,-0.0008739557579247,-1000.0,999.8730754052744,-451.6078633999982,-527.9383203010025,-1.7059004625970149,-0.0758156620013323,-0.0060390342873688,998.9438589769892,-0.2018750405267155,-999.8730754052744,-0.0029801891346323,-0.0659779164989231,-0.0659779164989231,732.7638665027316,-0.0012675872526415,1000.0,-1000.0,1000.0,891.5090768246516,-2.474241586007452,-0.109963194164834,-0.0087590279156302,1.0561410230108097,-0.1594624763796446,1000.0,-0.0043224725313848, Competition,Healthy
SRR13077724.bin.1.fbc2XSRR13077724.bin.17.fbc2 ,-0.085768642498806,-0.085768642498806,1000.000000000026,-0.0016478125360208,-0.1286612028108038,0.0,-575.4363816476479,-1000.0,-3.2164147233926315,-0.1429477374979342,-0.0113863846237336,990.418068459293,-156.53992488270342,0.0,-0.0056190407477743,0.0,0.0,-2.592059900052845e-11,0.0,-0.11065061179238,1000.0,-424.56361835235214,0.0,0.0,0.0,0.0,4.9349019390093645,-843.4600751172966,-1000.0,0.0, Amensalism,Healthy
SRR13077724.bin.30.fbc2XSRR13077724.bin.42.fbc2 ,-0.0888420347117744,-0.0888420347117744,167.48610014023257,-0.0017068594564761,-1000.0,1000.0,424.24355850656434,-4.596575361167538,-3.331670178961417,-0.1480700578529195,-0.0117943988445858,-4.71525614394659,-253.5367744121604,-1000.0,-0.0058203907467486,-0.168232178620542,-0.168232178620542,832.5138998597674,-0.0032321263904577,0.0,0.0,575.7564414934357,-530.0799795900293,-6.308884465221581,-0.280386964367608,-0.0223339933577335,1000.0,-354.7053755751434,0.0,-0.011021550991245, Neutralism,Healthy
SRR13077724.bin.22.fbc2XSRR13077724.bin.35.fbc2 ,-0.0758725996300881,-0.0758725996300881,492.8831371308625,-0.0014576868325093,-1000.0,999.8861838121206,-337.0000681875663,-294.5347729088859,-2.845302658905439,-0.1264543327168894,-0.010072616012394,-0.3925113333795025,-354.21583915678093,-999.8861838121206,-0.004970712098725,-0.1277662206744025,-0.1277662206744025,507.1168628691376,-0.0024546824337221,999.808338395576,-1000.0,471.5742838698234,18.78934214198398,-4.791368282825374,-0.2129437011241179,-0.0169618556169552,-18.108462328522933,-645.7841608432191,1000.0,-0.0083704670989845, Competition,Healthy
SRR13077724.bin.42.fbc2XSRR13077724.bin.24.fbc2 ,-0.1831672580203758,-0.1831672580203758,995.198237779658,-0.0035190635546769,-1000.0,1000.0,948.227178793355,-161.2631988307063,-6.868965724259397,-0.3052787633672551,-0.0243167291627059,147.11717917707165,-283.06066420281013,-1000.0,-0.0120000067214505,-0.0004323497395262,-0.0004323497395262,4.801762220341857,-8.306431141136272e-06,0.0,0.0,-492.14826994685177,-838.7368011692937,-0.0162135720861442,-0.0007205828992482,-5.739743903632189e-05,852.8828208229284,-0.0010449490342807,0.0,-2.832493009918835e-05, Amensalism,Healthy
SRR13077724.bin.8.fbc2XSRR13077724.bin.22.fbc2 ,-0.0861808059401028,-0.0861808059401028,25.571898229028196,-0.0016557311420228,-1000.0,1000.0,-419.7741276963982,-48.31550963594964,-3.2318712879646228,-0.1436346765667622,-0.0114411021910427,33.92449061307184,-496.00435649355154,-1000.0,-0.0056460431941331,-0.0894855947663018,-0.0894855947663018,974.4281017709718,-0.0017192237227163,999.865763011732,-1000.0,-91.33961250571258,-951.6844903640504,-3.3558043610396453,-0.1491426579437984,-0.0118798359237644,168.32301110912704,-399.7710887997707,1000.0,-0.0058625528944276, Neutralism,Healthy
SRR13077724.bin.34.fbc2XSRR13077724.bin.7.fbc2 ,-0.0898992641180029,-0.0898992641180029,0.0,-0.0017271712606543,-1000.0,1000.0,-758.084834457217,0.0,-3.3713173988427343,-0.1498321068633004,-0.0119347534111966,-3.4296094288903305,-61.38196869896649,-1000.0,-0.0058896539989063,-0.0813218824747536,-0.0813218824747536,1000.0,-0.0015623800667299,1000.0,-1000.0,78.60283317284757,-1000.0,-3.0496565237067443,-0.135536470791294,-0.0107960462612481,955.5493098188256,-0.1660497534950309,1000.0,-0.0053277160276365, Neutralism,Healthy
SRR13077724.bin.14.fbc2XSRR13077724.bin.13.fbc2 ,-0.1067545328097594,-0.1067545328097594,732.4813290599307,-0.002050999669791,1000.0,-1000.0,1000.0,-68.8471123522969,-4.003407785348827,-0.177924221349599,-0.014172407717865,0.0,-500.2580157584528,1000.0,-0.0069939088738237,-0.0455374912133947,-0.0455374912133947,267.51867094006934,-0.0008748797542921,-1000.0,999.8729412132772,-452.5826371608915,-528.4964871215686,-1.7077040388876412,-0.0758958186889913,-0.0060454191025201,1000.0,-0.2020884744548539,-999.8729412132772,-0.0029833399622702, Competition,Healthy
SRR13077724.bin.8.fbc2XSRR13077724.bin.37.fbc2 ,-0.0861808059401028,-0.0861808059401028,23.62249833305077,-0.0016557311420228,-1000.0,1000.0,-413.6836546857933,-45.85794101653187,-3.2318712879646228,-0.1436346765667622,-0.0114411021910427,31.466921993653383,-496.1105799249653,-1000.0,-0.0056460431941331,-0.0854688672631027,-0.0854688672631027,976.3775016669492,-0.001642053165483,0.0,0.0,-372.8507602235886,-812.254144781974,-3.205172835291137,-0.1424481121051712,-0.0113465873733957,21.45046891127004,-250.23237617999587,0.0,-0.0055994012942619, Neutralism,Healthy
SRR13077724.bin.30.fbc2XSRR13077724.bin.27.fbc2 ,-0.0889059300303642,-0.0889059300303642,220.3161617842284,-0.0017080870322843,1000.0,-1000.0,531.4813477854495,-3.187099665856522,-3.334066320925785,-0.1481765500506071,-0.0118028813931232,-6.157050227298328,-332.06432509259525,1000.0,-0.0058245767801281,-0.1276403060553548,-0.1276403060553548,779.6838382157716,-0.0024522633248125,-1000.0,999.8085272796002,-274.9912283381095,-996.8129003341436,-4.786646351560194,-0.2127338434256671,-0.016945139574318,1000.0,-422.7877595388216,-999.8085272796004,-0.0083622179375879, Neutralism,Healthy
SRR13077724.bin.34.fbc2XSRR13077724.bin.14.fbc2 ,-0.0898992641180029,-0.0898992641180029,0.0,-0.0017271712606543,1000.0,-1000.0,-655.4943197858308,-54.76842681455287,-3.3713173988427343,-0.1498321068633004,-0.0119347534111966,472.3254617169137,-84.68991680761792,1000.0,-0.0058896539989063,-0.1388919136976483,-0.1388919136976483,1000.0,-0.0026684325398491,-1000.0,1000.0,0.0,144.5536906880161,-5.208593527450262,-0.2314865228294138,-0.0184388688501258,527.6745382830863,-915.310083192382,-1000.0,-0.0090993549607674, Neutralism,Healthy
SRR13077724.bin.2.fbc2XSRR13077724.bin.13.fbc2 ,0.0,0.0,0.0,0.0,1000.0,-1000.0,0.0,0.0,0.0,0.0,0.0,0.0,0.0,1000.0,0.0,-0.087121506978633,-0.087121506978633,969.877358171694,-0.0016738041686039,-1000.0,999.756913420586,26.584847492326617,-1000.0,-3.267148570927475,-0.1452025116310551,-0.0115659868054081,1000.0,-225.68194574043676,-999.756913420586,-0.0057076722150668, Amensalism,Healthy
SRR13077724.bin.2.fbc2XSRR13077724.bin.1.fbc2 ,-0.001091257072403,-0.001091257072403,12.20650540147892,-2.096555374464515e-05,-1000.0,999.9983630095636,-611.6531629821279,-24.22445888220102,-0.0409232933188832,-0.0018187617872627,-0.0001448719763175,24.349131171739828,-0.0171173763854994,-999.9983630095636,-7.149253826810309e-05,-0.0847217071008117,-0.0847217071008117,987.7934945985212,-0.0016276985033982,999.8729093008562,-1000.0,-388.3468370178721,-975.775541117799,-3.177153539697997,-0.1412028451679816,-0.0112473966582911,975.6508688282602,-243.51870360132045,1000.0,-0.0055504518965108, Amensalism,Healthy
SRR13077724.bin.30.fbc2XSRR13077724.bin.22.fbc2 ,-0.0889059300303642,-0.0889059300303642,168.25135051965162,-0.0017080870322843,-1000.0,1000.0,426.4087758101237,-2.9648348407808958,-3.334066320925785,-0.1481765500506071,-0.0118028813931232,-6.157050227298214,-253.9671081957298,-1000.0,-0.0058245767801281,-0.0894855947663018,-0.0894855947663018,831.7486494803484,-0.0017192237227163,999.865763011732,-1000.0,-843.0457825924881,-854.1438422282372,-3.3558043610396453,-0.1491426579437984,-0.0118798359237644,-1.507453744526174,-399.7710887997707,1000.0,-0.0058625528944276, Neutralism,Healthy
SRR13077724.bin.26.fbc2XSRR13077724.bin.15.fbc2 ,-0.1256262497305442,-0.1256262497305442,983.7725882093956,-0.0024135686787758,-47.49028025825066,1000.0,-594.8664933433779,-20.27102099803153,-4.711117111173394,-0.2093770828843162,-0.0166777595703706,1000.0,-738.1745427960471,-1000.0,-0.0082302691946551,-0.1573273859314667,-0.1573273859314667,16.227411790604265,-0.0030226202868561,-0.2360061919987401,0.0,-405.1335066566221,-54.26135617066871,-5.899943216547285,-0.2622123098858537,-0.0208863061822057,-4.598219354130606,-217.9841361958654,0.0,-0.0103071351782091, Neutralism,Healthy
SRR13077724.bin.8.fbc2XSRR13077724.bin.43.fbc2 ,-0.0857057981919524,-0.0857057981919524,17.191308853298437,-0.0016466051525867,-1000.0,1000.0,85.82748092145357,-36.156455111822766,-3.214057995480516,-0.1428429969865874,-0.0113780416043027,20.26996789832549,-493.76983545959166,-1000.0,-0.005614923570306,-0.0635849324223727,-0.0635849324223727,982.8086911467016,-0.0012216125345503,999.9046164933038,-1000.0,86.70752285511162,-238.71278109871295,-2.384502154530196,-0.1059748873707349,-0.0084413426136507,979.7300321016746,-506.23016454040834,1000.0,-0.0041656987427813, Amensalism,Healthy
SRR13077724.bin.30.fbc2XSRR13077724.bin.26.fbc2 ,-0.0889059300303642,-0.0889059300303642,168.23585763649203,-0.0017080870322843,1000.0,-1000.0,427.38052253610704,-3.161478360374531,-3.334066320925785,-0.1481765500506071,-0.0118028813931232,-6.157050227298555,-253.94386887098983,1000.0,-0.0058245767801281,-0.116484666783549,-0.116484666783549,831.764142363508,-0.0022379378824552,-0.5730811983726198,1000.0,-21.51273527688977,-134.26113786720225,-4.36829809096696,-0.194141111305953,-0.0154641507680253,1000.0,-656.1649361899407,-1000.0,-0.007631368179318, Neutralism,Healthy
SRR13077724.bin.30.fbc2XSRR13077724.bin.2.fbc2 ,-0.0889059300303642,-0.0889059300303642,220.31456045263576,-0.0017080870322843,-1000.0,1000.0,531.5379281683943,-3.161478360372371,-3.334066320925785,-0.1481765500506071,-0.0118028813931232,-6.157050227298441,-332.0619230952061,-1000.0,-0.0058245767801281,-0.0448172424943322,-0.0448172424943322,503.27079552919895,-0.0008610421228922,999.9327698310478,-1000.0,-959.1549634056158,-996.8385216396276,-1.680693950855925,-0.0746954041572962,-0.0059498010689367,1000.0,-0.7039098609318444,1000.0,-0.0029361536388705, Neutralism,Healthy
SRR13077724.bin.26.fbc2XSRR13077724.bin.24.fbc2 ,-0.0756579231424439,-0.0756579231424439,311.4666526782157,-0.0014535624043219,-0.3840805657116561,1000.0,0.0,-557.8008206219343,-2.837252063775054,-0.1260965385707777,-0.0100441162135211,999.0076089350746,-554.6641791794355,-1000.0,-0.0049566477986218,-0.0619954091256431,-0.0619954091256431,688.5333473217843,-0.001191074142639,1000.0,-1000.0,899.4604410907791,916.4072951603492,-2.3248933512882104,-0.1033256818760719,-0.0082303223258577,0.992391064925414,-0.1498371271470659,1000.0,-0.0040615628264504, Competition,Healthy
SRR13077724.bin.30.fbc2XSRR13077724.bin.43.fbc2 ,-0.0889059300303642,-0.0889059300303642,168.23585763649135,-0.0017080870322843,-1000.0,1000.0,427.380522536105,-3.1614783603716887,-3.334066320925785,-0.1481765500506071,-0.0118028813931232,-6.157050227298441,-253.94386887098997,-1000.0,-0.0058245767801281,-0.067376076239725,-0.067376076239725,831.7641423635087,-0.0012944491112421,999.8989294133949,-1000.0,-946.1914964116678,-82.39675215774923,-2.526674053692318,-0.1122934603996554,-0.0089446433586317,865.382388718951,-746.05613112901,1000.0,-0.0044140714693412, Amensalism,Healthy
SRR13077724.bin.42.fbc2XSRR13077724.bin.22.fbc2 ,-0.1600518289551473,-0.1600518289551473,743.4072581313233,-0.003074963092331,-1000.0,1000.0,607.1655775589761,-140.9051715156295,-6.002112708788218,-0.2667530482585789,-0.0212479949678936,1000.0,-573.1728676823509,-1000.0,-0.0104856241448487,-0.0623583828140681,-0.0623583828140681,256.59274186867674,-0.0011980477005408,999.9064564355403,-1000.0,-448.476097299261,-340.433701718973,-2.3385052481496587,-0.1039306380233711,-0.0082785096108182,-3.803274308282653,-426.8271323176491,1000.0,-0.0040853426588682, Competition,Healthy
SRR13077724.bin.2.fbc2XSRR13077724.bin.42.fbc2 ,-0.0004318689053661,-0.0004318689053661,4.83076834953124,-8.29719317607669e-06,-1000.0,999.999352155156,-1000.0,-9.586916599281608,-0.0161955402976445,-0.0007197815090194,-5.7333604900122737e-05,9.636256105598704,-0.0067742631777036,-999.999352155156,-2.8293428727010905e-05,-0.1831645951405107,-0.1831645951405107,995.1692316504686,-0.0035190123945767,1000.0,-1000.0,1000.0,-538.2628967028115,-6.8688658634519015,-0.3052743252342225,-0.0243163756468902,990.3637438944012,-354.48902285161944,1000.0,-0.0119998322657011, Amensalism,Healthy
SRR13077724.bin.26.fbc2XSRR13077724.bin.13.fbc2 ,-0.1250854860967365,-0.1250854860967365,980.1437304731162,-0.0024031793678886,-0.3490137395932606,1000.0,-968.8670808342532,-13.726948533277778,-4.690837903492934,-0.2084758101611896,-0.0166059694319073,929.9940031863124,-743.4105362448838,-1000.0,-0.0081948416443538,-0.0032657312007131,-0.0032657312007131,19.856269526883693,-6.274219401802839e-05,-0.0091120488430078,0.0,-31.132919165746895,-37.71410383930015,-0.1224683708477414,-0.0054428853345598,-0.0004335485609772,70.00599681368772,-0.2576005538288655,0.0,-0.0002139508817435, Amensalism,Healthy
SRR13077724.bin.17.fbc2XSRR13077724.bin.15.fbc2 ,-0.057322983161498,-0.057322983161498,985.2487263090444,-0.0011013061125595,-1000.0,999.9140100187273,-62.33884195105429,-527.2697942225453,-2.14967244039417,-0.0955383052692013,-0.0076100252381365,1000.0,-514.349245336704,-999.9140100187273,-0.0037554538440645,-0.1572878520653375,-0.1572878520653375,14.751273690955712,-0.0030218607505503,0.0,-0.2359468874018375,379.8480941368744,-54.61841060530787,-5.898460654793325,-0.2621464201089338,-0.020881057786255,0.0,-485.650754663296,0.2359468874018375,-0.0103045451593288, Neutralism,Healthy
SRR13077724.bin.30.fbc2XSRR13077724.bin.19.fbc2 ,-0.0884665887316487,-0.0884665887316487,374.08277460778913,-0.0016996462773022,-1000.0,1000.0,352.02342093062475,-152.08440974437644,-3.317590557982271,-0.1474443145527857,-0.0117445557758628,3.756660180788231,-250.6592279919369,-1000.0,-0.0057957938054187,-0.0247962873661435,-0.0247962873661435,625.9172253922109,-0.0004763936093468,0.0,0.0,647.9765790693752,-621.8390841011086,-0.9298869778779136,-0.0413271456102393,-0.0032918798405034,32.918121926427375,-5.608268733954674,0.0,-0.0016245022078464, Amensalism,Healthy
SRR13077724.bin.42.fbc2XSRR13077724.bin.19.fbc2 ,-0.1831672580203702,-0.1831672580203702,995.198237779658,-0.0035190635546769,0.0,0.0,994.9620911761044,-350.9371628933137,-6.868965724259391,-0.3052787633672837,-0.0243167291627427,995.2440380233114,-446.89355438138233,0.0,-0.0120000067214113,-0.0001909736192649,-0.0001909736192649,4.801762220341857,-3.669041676560188e-06,-1000.0,1000.0,5.0379088238956165,-4.761012412556505,-0.0071617125197281,-0.0003182893654415,-2.535307798503112e-05,4.755961976688586,-0.0290511968168781,-1000.0,-1.251143211707035e-05, Amensalism,Healthy
SRR13077724.bin.7.fbc2XSRR13077724.bin.35.fbc2 ,-0.077823034436733,-0.077823034436733,18.15854356771865,-0.0014951591630278,-1000.0,1000.0,-38.34585531347591,48.85870813025622,-2.918446025129697,-0.1297050573945171,-0.0103315498166693,795.3842805251902,-0.1589055158488008,-1000.0,-0.0050984927460149,-0.1676429671948653,-0.1676429671948653,981.8414564322812,-0.0032208062862082,999.7485194451764,-1000.0,306.834611651929,13.372264386163463,-6.286788414152738,-0.2794049453248135,-0.0222557714373579,-21.164272395077436,-842.3301861764735,1000.0,-0.0109829494358564, Neutralism,Healthy
SRR13077724.bin.2.fbc2XSRR13077724.bin.24.fbc2 ,-0.0007122222418729,-0.0007122222418729,7.966724671938323,-1.368342441310233e-05,-1000.0,999.9989315982202,-1000.0,-15.810388632425884,-0.0267090866564103,-0.0011870370697124,-9.455246288325724e-05,15.891757523218416,-0.0111718645331393,-999.99893159822,-4.666047732371226e-05,-0.0893224838119977,-0.0893224838119977,992.0332753280618,-0.0017160899867576,1000.0,-1000.0,693.3565146779642,-984.189611367574,-3.349687527899846,-0.1488708063533295,-0.011858181808634,853.5382559847455,-0.2158841203372503,1000.0,-0.0058518668549822, Amensalism,Healthy
SRR13077724.bin.35.fbc2XSRR13077724.bin.3.fbc2 ,-0.1684074758165934,-0.1684074758165934,1000.0,-0.0032354942519532,-0.2526273911960288,0.0,534.4305547781146,-4.808106233182684,-6.315458295304097,-0.2806791263609511,-0.0223572652813572,2.803717544069628,-781.2382915551757,0.0,-0.0110330353993504,-0.0798859077070801,-0.0798859077070801,0.0,-0.0015347916946666,999.880163464481,-1000.0,-126.82295294676852,-89.06391052061429,-2.99580595255793,-0.1331431795117623,-0.0106054106100828,-14.801406401477152,-218.7617084448243,1000.0,-0.0052336396787495, Neutralism,Healthy
SRR13077724.bin.43.fbc2XSRR13077724.bin.22.fbc2 ,-0.0523488426276799,-0.0523488426276799,627.6412058423048,-0.0010057414530137,-1000.0,999.921471707351,-934.3972802704504,-26.7987956652936,-1.963136914319989,-0.0872480710462468,-0.00694967344009,629.9659973257026,-598.2696782819162,-999.9214717073512,-0.0034295783547122,-0.0699834433509067,-0.0699834433509067,372.3587941576952,-0.001344542619563,999.8950181122603,-1000.0,-65.60271972954956,-437.2793748254992,-2.624453075503993,-0.1166390722515871,-0.0092907895015059,-0.3620449911835521,-401.7303217180838,1000.0,-0.0045848903329215, Competition,Healthy
SRR13077724.bin.34.fbc2XSRR13077724.bin.37.fbc2 ,-0.0898992641180029,-0.0898992641180029,599.8173223012591,-0.0017271712606543,-1000.0,1000.0,-84.69351294963758,-609.855112220491,-3.3713173988427343,-0.1498321068633004,-0.0119347534111966,622.4729716811446,-95.54933227895516,-1000.0,-0.0058896539989063,-0.0854688672631027,-0.0854688672631027,400.1826776987409,-0.001642053165483,1000.0,-1000.0,1000.0,-390.14488777950896,-3.205172835291137,-0.1424481121051712,-0.0113465873733957,377.5270283188554,-375.2055224530409,1000.0,-0.0055994012942619, Neutralism,Healthy
SRR13077724.bin.22.fbc2XSRR13077724.bin.24.fbc2 ,-0.0706110483777138,-0.0706110483777138,382.0503408879015,-0.0013566003531195,-1000.0,999.8940766444316,-378.4682629681297,-445.311146495236,-2.6479889271822685,-0.1176850806294851,-0.0093741084397152,-0.3652917770731392,-399.5412285583643,-999.8940766444316,-0.004626007204024,-0.0556400675213808,-0.0556400675213808,617.9496591120985,-0.0010689734393736,1000.0,-1000.0,202.8095249919295,909.7524725491346,-2.086561325589855,-0.0927334458689301,-0.0073866064662979,616.6247092928861,-0.1344768586778855,1000.0,-0.0036451994284334, Competition,Healthy
SRR13077724.bin.17.fbc2XSRR13077724.bin.19.fbc2 ,-0.0435600703310683,-0.0435600703310683,514.9904253361451,-0.0008368889592702,-1000.0,1000.0,-423.52865130948817,-515.572061814086,-1.6335486663087977,-0.0726001172184851,-0.0057829027086881,993.6116985105682,-500.0163360724854,-1000.0,-0.0028537913511854,-0.0192895919459488,-0.0192895919459488,485.0095746638549,-0.0003705973476826,1000.0,-1000.0,512.4011151761001,-484.42793818591394,-0.7233800808260185,-0.0321493199098767,-0.0025608276723687,6.388301489431797,-2.934362004003333,1000.0,-0.0012637369554795, Competition,Healthy
SRR13077724.bin.14.fbc2XSRR13077724.bin.22.fbc2 ,-0.1162880053959725,-0.1162880053959725,740.302084721076,-0.0022341595657735,-1000.0,1000.0,261.165494208522,-632.5955217015864,-4.360923081126316,-0.1938133423266208,-0.0154380425991575,577.7981329503668,-500.2810572733682,-1000.0,-0.0076184841191206,-0.0626320415821055,-0.0626320415821055,259.69791527892403,-0.0012033053137656,999.9060459211,-1000.0,-446.61506004525086,-343.5626150167883,-2.3487677411233108,-0.1043867359702517,-0.0083148397181957,-2.314112548086541,-426.8071848289688,1000.0,-0.0041032711200159, Competition,Healthy
SRR13077724.bin.27.fbc2XSRR13077724.bin.43.fbc2 ,-0.091045513988206,-0.091045513988206,215.7288126360977,-0.0017491933523388,-1000.0,999.8634229830508,1000.0,-982.949442169067,-3.414302980191792,-0.1517425233137146,-0.0120869260645122,184.18153462527448,-250.69432441104172,-999.8634229830508,-0.0059647493313832,-0.0654126730090638,-0.0654126730090638,784.2711873639023,-0.0012567276274921,0.0,-0.0981252931517246,0.0,-17.05055783093303,-2.45304435785954,-0.1090211216817351,-0.0086839879056697,790.6476976728497,-749.3056755889583,0.0981252931517246,-0.0042854412096176, Competition,Healthy
SRR13077724.bin.26.fbc2XSRR13077724.bin.43.fbc2 ,-0.1259400589219694,-0.1259400589219694,974.2808105347278,-0.0024195976737928,-0.3541656100616137,1000.0,-1000.0,-32.659490844904326,-4.722885287444001,-0.2099000982032066,-0.016719419926062,974.5802516525216,-731.0804296816953,-1000.0,-0.0082508280677302,-0.00214512652974,-0.00214512652974,25.71918946527217,-4.121280551316886e-05,-0.003217895858711,0.0,0.0,-1.1175828973033504,-0.0804445115707039,-0.0035752108829001,-0.0002847804864813,25.41974834747839,-24.71679120792828,0.0,-0.0001405356670147, Amensalism,Healthy
SRR13077724.bin.19.fbc2XSRR13077724.bin.3.fbc2 ,-0.0382672586742955,-0.0382672586742955,965.956557089076,-0.0007352018957362,-1000.0,1000.0,1000.0,-959.6629016965328,-1.4350626363893753,-0.0637787644570835,-0.0050802450996343,560.5895086808598,-8.655048523527284,-1000.0,-0.0025070384645005,-0.0861036692643892,-0.0861036692643892,34.043442910924114,-0.0016542491692916,1000.0,-736.6176572877433,0.0,-40.3370983034672,-3.228978581120828,-0.1435061154406867,-0.0114308617602318,439.4104913191402,-396.4714157824782,736.6176572877434,-0.0056409896674267, Neutralism,Healthy
SRR13077724.bin.7.fbc2XSRR13077724.bin.14.fbc2 ,-0.0770860862393192,-0.0770860862393192,17.98659054577604,-0.0014810006962306,-1000.0,1000.0,-18.339006180341016,194.3754437078105,-2.8908096890146453,-0.128476810398979,-0.0102337148110791,664.1182012589647,-0.157400753996626,-1000.0,-0.005050212374158,-0.1353368283847658,-0.1353368283847658,982.013409454224,-0.0026001311889558,1000.0,-1000.0,1000.0,-462.0642619502416,-5.075274071643662,-0.2255613806412384,-0.0179669065156531,335.88179874103525,-999.8425992460034,1000.0,-0.0088664473543076, Neutralism,Healthy
SRR13077724.bin.14.fbc2XSRR13077724.bin.3.fbc2 ,-0.1388919136976483,-0.1388919136976483,1000.0,-0.0026684325398491,-1000.0,1000.0,-1000.0,-503.3071218682253,-5.208593527450262,-0.2314865228294138,-0.0184388688501258,430.602688676393,-500.3356888135093,-1000.0,-0.0090993549607674,-0.0856009462202109,-0.0856009462202109,0.0,-0.0016445907054958,999.8715903577164,-1000.0,171.55704371969205,-496.6928781317747,-3.2101259357461918,-0.1426682437003137,-0.0113641217748181,456.93704401768446,-499.6643111864907,1000.0,-0.0056080543056395, Neutralism,Healthy
SRR13077724.bin.2.fbc2XSRR13077724.bin.15.fbc2 ,-0.0438392544200496,-0.0438392544200496,491.2048896485917,-0.0008422527265565,-1000.0,1000.0,-939.0548749413964,-972.3415407384596,-1.644018364650492,-0.0730654240333024,-0.0058199663408231,979.838899708272,-1.9339933446310624,-1000.0,-0.0028720817977045,-0.1581073549685925,-0.1581073549685925,75.50122848213573,-0.0030376052827705,0.0,-0.2371762204793412,-60.94512505860371,-27.65845926154043,-5.929192879612401,-0.2635122582810254,-0.0209898525040443,-18.56146933673051,-500.0,0.2371762204793412,-0.0103582340142338, Neutralism,Healthy
SRR13077724.bin.30.fbc2XSRR13077724.bin.13.fbc2 ,-0.0889059300303642,-0.0889059300303642,168.23585763649135,-0.0017080870322843,1000.0,-1000.0,427.3207394899755,-3.1870996658561808,-3.334066320925785,-0.1481765500506071,-0.0118028813931232,-6.157050227298441,-253.94386887098983,1000.0,-0.0058245767801281,-0.0792789236081716,-0.0792789236081716,831.7641423635087,-0.0015231301365474,-1000.0,999.7787958102668,-56.046571166900776,-915.6155164857996,-2.9730434074654117,-0.1321315393470286,-0.0105248292436499,1000.0,-181.1369727552764,-999.7787958102666,-0.0051938737657337, Neutralism,Healthy
SRR13077724.bin.17.fbc2XSRR13077724.bin.37.fbc2 ,-0.0575956877576118,-0.0575956877576118,994.6932182423049,-0.0011065453940091,-850.6061236503461,1000.0,298.8878197634008,-864.6890526663601,-2.159899150908245,-0.095992812929353,-0.00764622867257,1000.0,-624.7680047685085,-1000.0,-0.0037733197934812,-0.085328752914279,-0.085328752914279,5.306781757695148,-0.0016393612471574,1000.0,-1000.0,625.7606428705126,-135.3109473336399,-3.1999183991545124,-0.1422145881905407,-0.0113279862177932,0.0,-375.2319952314915,1000.0,-0.005590221852799, Neutralism,Healthy
SRR13077724.bin.2.fbc2XSRR13077724.bin.19.fbc2 ,-0.0447321956221027,-0.0447321956221027,501.2100115521649,-0.0008594081771777,-1000.0,1000.0,-1000.0,-992.1467093188372,-1.6775046032785963,-0.0745536593701711,-0.0059385105042792,999.7967784754348,-1.97338594755842,-1000.0,-0.0029305818841762,-0.0003162834215518,-0.0003162834215518,8.02383427202551,-6.076530673426034e-06,1000.0,-1000.0,8.298568158015541,-7.853290681162655,-0.0118609625173817,-0.0005271390359197,-4.1988826953165415e-05,0.2032215245652795,-0.0973511142805654,1000.0,-2.0720969596384936e-05, Amensalism,Healthy
SRR13077724.bin.26.fbc2XSRR13077724.bin.34.fbc2 ,-0.1264955947210637,-0.1264955947210637,1000.0,-0.0024302707919332,-0.6037853093024523,1000.0,-178.58536380187672,-63.20586635561017,-4.743718466932705,-0.2108259912017729,-0.0167931711723667,1000.0,-749.8964925585333,-1000.0,-0.0082872234005435,-0.0898992641180029,-0.0898992641180029,-0.6046567507922873,-0.0017271712606543,1000.0,-1000.0,-821.4146361981233,372.2312060644176,-3.3713173988427343,-0.1498321068633004,-0.0119347534111966,0.0,-214.39257921217904,1000.0,-0.0058896539989063, Neutralism,Healthy
SRR13077724.bin.7.fbc2XSRR13077724.bin.1.fbc2 ,-0.0670496176127244,-0.0670496176127244,238.49146073215115,-0.00128817709151,-1000.0,1000.0,-181.4708008585208,236.2039611949301,-2.51443151021806,-0.111749362687874,-0.0089013037022596,254.50835295290744,-39.10128449625449,-1000.0,-0.0043926838819743,-0.0650059526014956,-0.0650059526014956,761.5085392678488,-0.0012489135946225,999.90248482653,-1000.0,-299.8098697683889,-783.0330405279212,-2.43779191280396,-0.108343254335864,-0.0086299929390634,745.4916470470926,-0.531068589443862,1000.0,-0.004258795357714, Competition,Healthy
SRR13077724.bin.27.fbc2XSRR13077724.bin.14.fbc2 ,-0.0822694792332185,-0.0822694792332185,102.86939497112644,-0.0015805855759936,-1000.0,999.8765878782224,913.9284676576935,-1000.0,-3.0851924034528797,-0.1371157987221067,-0.0109218463304614,-18.12397417800844,-477.16498677097536,-999.8765878782224,-0.0053897968143701,-0.1300404915357376,-0.1300404915357376,897.1306050288736,-0.0024983763984209,1000.0,-1000.0,86.07153234230645,0.0,-4.876655843290678,-0.2167341525595247,-0.0172637809127991,923.851457405582,-500.3142957509163,1000.0,-0.0085194635184961, Amensalism,Healthy
SRR13077724.bin.3.fbc2XSRR13077724.bin.37.fbc2 ,-0.0861036692643892,-0.0861036692643892,40.39299738060163,-0.0016542491692916,-746.1843814607437,1000.0,0.0,0.0,-3.228978581120828,-0.1435061154406867,-0.0114308617602318,435.5669410982666,-389.28824031758165,-1000.0,-0.0056409896674267,-0.0854688672631027,-0.0854688672631027,959.6070026193984,-0.001642053165483,1000.0,-1000.0,146.66900970081133,-1000.0,-3.205172835291137,-0.1424481121051712,-0.0113465873733957,64.2509789609685,-375.0320528777902,1000.0,-0.0055994012942619, Neutralism,Healthy
SRR13077724.bin.34.fbc2XSRR13077724.bin.2.fbc2 ,-0.0848939390353962,-0.0848939390352825,498.6858839699212,-0.0016310074743159,1000.0,-1000.0,-40.8450365943836,-5.118157859493408,-3.183612419238443,-0.1414898983923649,-0.0112702616471551,0.0,-280.2072666455201,1000.0,-0.0055617354872765,-0.0448172424943322,-0.0448172424943322,501.3141160300788,-0.0008610421228922,-1000.0,999.9327698310478,-959.1549634056164,-994.8818421405066,-1.680693950855925,-0.0746954041572962,-0.0059498010689367,1000.0,-0.7039098609318444,-999.9327698310478,-0.0029361536388705, Neutralism,Healthy
SRR13077724.bin.7.fbc2XSRR13077724.bin.13.fbc2 ,-0.0059544081298099,-0.0059544081298099,1.547099373424203,-0.0001143978506661,1000.0,-1000.0,-18.65413109013184,32.466771253171146,-0.2232965967507425,-0.0099240135497211,-0.0007904891484713,24.72575354577407,-0.0121582035742449,1000.0,-0.0003900966709124,-0.0868265776045973,-0.0868265776045973,979.4730192204164,-0.0016681378982639,-1000.0,999.7577363330354,-954.742939492587,-1000.0,-3.256088407755442,-0.1447109626742531,-0.0115268328769388,975.274246454226,-230.91759209070472,-999.7577363330354,-0.005688350233072, Amensalism,Healthy
SRR13077724.bin.2.fbc2XSRR13077724.bin.7.fbc2 ,-0.0322483726408791,-0.0322483726408791,360.7219794005209,-0.0006195652764517,-1000.0,999.9516243432124,-793.3421587691432,-715.8700221898953,-1.2093480501213207,-0.0537472877347227,-0.0042811960604467,719.5528070445907,-0.5065003163398387,-999.9516243432124,-0.0021127175928086,-0.0689597233820222,-0.0689597233820222,639.2780205994791,-0.0013248746087128,1000.0,-1000.0,-206.6578412308568,-226.75684689234856,-2.586062494927546,-0.1149328723032567,-0.0091548835459889,280.44719295540926,-9.94305145070848,1000.0,-0.0045178224156643, Competition,Healthy
SRR13077724.bin.2.fbc2XSRR13077724.bin.37.fbc2 ,-0.0441762231256461,-0.0441762231256461,494.98051672222687,-0.000848726669119,-1000.0,999.9337314216782,-946.2728833207389,-979.8154057658584,-1.65665504717947,-0.0736270385427815,-0.0058647012833716,987.3703928906508,-1.9488589084440944,-999.9337314216782,-0.0028941579415686,-0.0852187237168209,-0.0852187237168209,275.3970573418353,-0.0016372473336332,1000.0,-1000.0,101.22705409196124,-20.184594234141517,-3.1957921879840114,-0.1420312061947015,-0.0113133790755455,12.629607109349308,-374.6771184533296,1000.0,-0.0055830134077723, Neutralism,Healthy
SRR13077724.bin.30.fbc2XSRR13077724.bin.1.fbc2 ,-0.0888420347117744,-0.0888420347117744,167.48610014023234,-0.0017068594564761,-1000.0,1000.0,425.03724815384726,-4.62217825301741,-3.331670178961417,-0.1480700578529195,-0.0117943988445858,-4.71525614394659,-253.5367744121603,-1000.0,-0.0058203907467486,-0.0714035870522593,-0.0714035870522593,832.5138998597677,-0.0013718268405682,999.8928877602872,-1000.0,-402.7547019282324,-995.3778217469826,-2.6777099649378897,-0.1190059784205459,-0.0094793234684402,822.4296967825258,-1.2187157226528598,1000.0,-0.0046779295263377, Amensalism,Healthy
SRR13077724.bin.17.fbc2XSRR13077724.bin.43.fbc2 ,-0.0010465113504096,-0.0010465113504096,12.372416329780547,-2.010588571010885e-05,-791.6703693454368,1000.0,4.982848701471767,-155.69479035184463,-0.0392452814658099,-0.0017441855841298,-0.0001389316701079,23.87107992559117,-52.08280013052956,-1000.0,-6.856107017938484e-05,-0.0823737518683174,-0.0823737518683174,987.6275836702192,-0.001582588892802,999.8764314592532,-1000.0,-904.6340320942536,-42.91564856292723,-3.0891027374495934,-0.137289586447082,-0.0109356892489813,976.1289200744088,-947.9171998694704,1000.0,-0.0053966281243447, Amensalism,Healthy
SRR13077724.bin.2.fbc2XSRR13077724.bin.14.fbc2 ,-0.0245725984707405,-0.0245725984707405,274.86241652768354,-0.0004720960321265,-1000.0,999.9631387418136,-1000.0,-545.4790776261473,-0.9214984079339956,-0.0409543307845297,-0.0032621835817963,548.2864107366065,-0.385443931999589,-999.9631387418136,-0.0016098474694672,-0.1149989901391563,-0.1149989901391563,725.1375834723165,-0.0022093946232644,1000.0,-1000.0,1000.0,-454.5209223738527,-4.312583646922576,-0.1916649835652606,-0.0152669168464854,451.7135892633935,-695.1267041473394,1000.0,-0.0075340356652304, Competition,Healthy
SRR13077724.bin.42.fbc2XSRR13077724.bin.27.fbc2 ,-0.1736282015373262,-0.1736282015373262,891.2915194572272,-0.0033357963792468,1000.0,-1000.0,147.20539120643843,-152.85743172872697,-6.511241026451216,-0.2893803358955438,-0.023050352980249,1000.0,-323.64828722424534,1000.0,-0.0113750656530555,-0.0821396504863969,-0.0821396504863969,108.7084805427728,-0.0015780912677882,-1000.0,999.876782633814,852.7946087935616,-847.142568271273,-3.0803236882616147,-0.1368994174773661,-0.0109046106601908,-18.095372892621413,-450.3559357737504,-999.876782633814,-0.0053812912229886, Amensalism,Healthy
SRR13077724.bin.1.fbc2XSRR13077724.bin.19.fbc2 ,-0.0857686424986923,-0.0857686424986923,1000.0,-0.0016478125360208,-1000.0,999.8713387971892,-424.0052394652995,-1000.0,-3.2164147233925178,-0.1429477374979342,-0.0113863846237336,1000.0,-6.884208326611201,-999.8713387971892,-0.0056190407477743,0.0,0.0,0.0,0.0,1000.0,-1000.0,0.0,0.0,0.0,0.0,0.0,0.0,0.0,1000.0,0.0, Amensalism,Healthy
SRR13077724.bin.13.fbc2XSRR13077724.bin.3.fbc2 ,-0.087121506978633,-0.087121506978633,969.8773581716944,-0.0016738041686039,-1000.0,999.756913420586,-411.2550840718292,-1000.0,-3.267148570927475,-0.1452025116310551,-0.0115659868054081,1000.0,-225.68194574043676,-999.756913420586,-0.0057076722150668,-0.0860167304742844,-0.0860167304742844,30.122641828305632,-0.0016525788755643,1000.0,-535.1003064443835,898.864085913201,0.0,-3.225718284622303,-0.1433612174570271,-0.0114193200303134,0.0,-414.9752417770962,535.1003064443835,-0.0056352939657244, Neutralism,Healthy
SRR13077724.bin.35.fbc2XSRR13077724.bin.37.fbc2 ,-0.1671395664747024,-0.1671395664747024,969.8847254687066,-0.0032111348025409,-1000.0,999.7492745946138,0.0,25.34336765790704,-6.26791035521569,-0.2785659441244661,-0.0221889414858651,-21.10072001263416,-778.8856238831759,-999.749274594614,-0.010949969676858,-0.0853286749286326,-0.0853286749286326,30.11527453129338,-0.0016393597488786,1000.0,-1000.0,1000.0,-430.34454349264047,-3.1999154746113163,-0.1422144582144255,-0.011327975864674,216.21174672988516,-221.11437611682413,1000.0,-0.0055902167435988, Neutralism,Healthy
SRR13077724.bin.1.fbc2XSRR13077724.bin.3.fbc2 ,-0.0857686424986923,-0.0857686424986923,1000.0,-0.0016478125360208,-1000.0,999.8713387971892,-845.2460701712473,-858.7604344112805,-3.2164147233925178,-0.1429477374979342,-0.0113863846237336,1000.0,-8.185123367531787,-999.8713387971892,-0.0056190407477743,-0.0856009462202109,-0.0856009462202109,0.0,-0.0016445907054958,1000.0,-898.6446781676559,710.1339900591433,-141.23956558871953,-3.2101259357461918,-0.1426682437003137,-0.0113641217748181,0.0,-314.1693236444048,898.6446781676559,-0.0056080543056395, Neutralism,Healthy
SRR13077724.bin.42.fbc2XSRR13077724.bin.3.fbc2 ,-0.1831672580203758,-0.1831672580203758,995.198237779658,-0.0035190635546769,-1000.0,1000.0,448.0896345271635,-161.25535131897914,-6.868965724259397,-0.3052787633672551,-0.0243167291627059,645.4052795921052,-283.06066420281013,-1000.0,-0.0120000067214505,-0.0857037050675444,-0.0857037050675444,4.801762220341857,-0.0016465649388237,1000.0,-1000.0,0.0,-399.32860504832456,-3.213979501106337,-0.1428395084459452,-0.0113777637275234,354.5947204078948,-314.84839435447327,1000.0,-0.0056147864414697, Neutralism,Healthy
SRR13077735.bin.9.fbc2XSRR13077735.bin.20.fbc2 ,-0.1274571414851379,-0.1274571414851379,996.3113266380664,-0.0024487443129146,-1000.0,999.8088020440508,103.3955708504186,30.60167157047272,-4.779777486630451,-0.2124285691419345,-0.0169208232019855,1000.0,-423.41311528696247,-999.8088020440508,-0.0083502181068979,-0.0906810918303335,-0.0906810918303335,3.6886733619336383,-0.0017421919659454,1000.0,-1000.0,896.6044291495814,969.3983284295272,-3.4006367641948145,-0.151135153050518,-0.0120385464850869,-170.22520471683117,-500.1964147222469,1000.0,-0.0059408746041071, Neutralism,Healthy
SRR13077735.bin.38.fbc2XSRR13077735.bin.23.fbc2 ,-0.1392794888948856,-0.1392794888948856,634.4409475159675,-0.0026758787491871,-1000.0,1000.0,-551.549186117115,528.9901279108115,-5.223128006889851,-0.232132481491476,-0.018490322156822,905.6867550114443,-592.1103645917608,-1000.0,-0.0091247465346668,-0.086999185968466,-0.086999185968466,365.55905248403246,-0.0016714541012561,1000.0,-981.286232737348,264.3684325738286,-121.5648081575032,-3.262561403791437,-0.1449986432807009,-0.0115497478394672,94.31324498855564,-407.8896354082392,981.2862327373476,-0.0056996584851276, Amensalism,Healthy
SRR13077735.bin.20.fbc2XSRR13077735.bin.1.fbc2 ,-0.0906810918303335,-0.0906810918303335,3.6886733619336383,-0.0017421919659454,-0.2530185392222392,1000.0,-360.0275315079706,-61.90825375117561,-3.4006367641948145,-0.151135153050518,-0.0120385464850869,743.6268400230122,-750.1331600874413,-1000.0,-0.0059408746041071,-0.1133430990178112,-0.1133430990178112,996.3113266380664,-0.0021775811530915,1000.0,-1000.0,-639.9724684920294,-383.4586694908862,-4.25048598013268,-0.1889051650297233,-0.0150470857678328,256.37315997698784,-63.77626767189963,1000.0,-0.0074255517320125, Neutralism,Healthy
SRR13077735.bin.42.fbc2XSRR13077735.bin.28.fbc2 ,-0.0861641073847749,-0.0861641073847749,17.03327442136947,-0.0016554103243606,0.0,0.0,-933.7001085766104,-18.514634904257942,-3.2312450744969965,-0.1436068456413295,-0.0114388853415903,10.758276045716798,-498.01513624235366,0.0,-0.0056449492061574,-0.0894052878770708,-0.0894052878770708,513.3923452893023,-0.0017176808429439,-1000.0,1000.0,0.0,-981.485365095742,-3.352792767835353,-0.1490088131283755,-0.0118691746249623,989.2417239542832,-0.0335291300549442,-1000.0,-0.0058572916746015, Neutralism,Healthy
SRR13077735.bin.41.fbc2XSRR13077735.bin.33.fbc2 ,-0.1143277969674727,-0.1143277969674727,997.2692354894588,-0.0021964994614336,-1000.0,1000.0,956.1619717750832,0.0,-4.287413193751945,-0.190546328279197,-0.0151778112784768,-9.27937555475262,-501.2729702803753,-1000.0,-0.0074900631634591,-0.0628309081969291,-0.0628309081969291,2.7307645105413485,-0.0012071259980075,1000.0,-0.1753109086923814,43.8380282249168,-1000.0,-2.356225449314365,-0.1047181803281773,-0.0083412406463594,986.8394295191912,-247.15154785435584,0.1753109086923814,-0.0041162996532193, Amensalism,Healthy
SRR13077735.bin.38.fbc2XSRR13077735.bin.7.fbc2 ,-0.1421120395270918,-0.1421120395270918,571.4495413142486,-0.0027302985499773,-1000.0,999.7868182892166,0.0,696.900709706689,-5.329351648686838,-0.2368533992118955,-0.018866362980475,1000.0,-499.7041756998461,-999.7868182892166,-0.0093103180554408,-0.2291067411498488,-0.2291067411498488,428.5504586857514,-0.0044016664966193,950.2756257760492,0.213181710783374,1000.0,303.099290293311,-8.591744884776745,-0.3818445685831193,-0.030415515491768,0.0,-500.29582430015387,-0.213181710783374,-0.0150096827535435, Competition,Healthy
SRR13077735.bin.44.fbc2XSRR13077735.bin.26.fbc2 ,-0.0970420499401143,-0.0970420499401143,944.6784973232492,-0.0018644005751866,1000.0,-1000.0,1000.0,487.5227339726707,-3.639179414784508,-0.1617367499001147,-0.0128830079747785,146.14654603100394,-681.2232820840183,1000.0,-0.0063576059615115,-0.0910640867402889,-0.0910640867402889,55.3215026767507,-0.0017495501775783,-1000.0,999.8633951221386,0.0,-329.7747836096745,-3.414999478021741,-0.1517734779005195,-0.0120893917267039,853.8534539689961,-318.7767179159817,-999.8633951221386,-0.0059659661053501, Amensalism,Healthy
SRR13077735.bin.41.fbc2XSRR13077735.bin.11.fbc2 ,-0.0679594232298086,-0.0679594232298086,162.12494884902685,-0.0013056565461511,0.0,0.0,1000.0,-1000.0,-2.548550182227814,-0.1132657053830143,-0.0090220867342623,-281.6224078143615,-324.2830932705008,0.0,-0.0044522888225628,-0.1634485095629543,-0.1634485095629543,837.8750511509731,-0.0031402211251361,-1000.0,1000.0,-1000.0,0.0,-6.129491820770681,-0.272414182604848,-0.0216989279746258,849.3196553900011,-332.2088204516873,-1000.0,-0.0107081540367062, Amensalism,Healthy
SRR13077735.bin.55.fbc2XSRR13077735.bin.52.fbc2 ,-0.0865644567029448,-0.0865644567029448,28.089518546792533,-0.001663101953909,-1000.0,1000.0,737.0957572595717,-45.24700409712796,-3.2462585969674365,-0.1442740945049081,-0.0114920345017708,0.4204903987787247,-286.1787111586764,-1000.0,-0.0056711776629754,-0.1158121273423375,-0.1158121273423375,971.9104814532076,-0.002225016855732,1000.0,-1000.0,-543.2186724782499,-130.95349637576578,-4.343077151266584,-0.193020212237343,-0.0153748664732802,999.5795096012212,-499.4885590161701,1000.0,-0.0075873074781611, Amensalism,Healthy
SRR13077735.bin.52.fbc2XSRR13077735.bin.44.fbc2 ,-0.0848524904255327,-0.0848524904255327,355.6579943563286,-0.0016302111513368,-1000.0,1000.0,0.0,-29.104795466614632,-3.1820580525690048,-0.1414208173757742,-0.011264759055507,342.5161938790777,-499.6252806836428,-1000.0,-0.0055590200259985,-0.0773854725384808,-0.0773854725384808,644.3420056436714,-0.00148675259436,1000.0,-1000.0,1000.0,826.5506224973501,-2.902036991586442,-0.1289757875641726,-0.0102734604273564,657.4838061209223,-500.3747193163573,1000.0,-0.0050698263469257, Competition,Healthy
SRR13077735.bin.50.fbc2XSRR13077735.bin.3.fbc2 ,-0.0560536108160931,-0.0560536108160931,250.6003280099551,-0.0010769185555545,-743.5429078613745,1000.0,1000.0,-84.8525464480449,-2.1020696361233604,-0.0934226846934507,-0.0074415072188003,-3.623868631555752,-64.13529448486065,-1000.0,-0.0036722922743592,-0.1685080499748892,-0.1685080499748892,749.3996719900449,-0.0032374265124417,-0.252778262094921,0.0,0.0,-78.04214811807242,-6.319229932515782,-0.2808467499580729,-0.022370617201318,1000.0,-503.0164126566217,0.0,-0.0110396244075445, Competition,Healthy
SRR13077735.bin.23.fbc2XSRR13077735.bin.32.fbc2 ,-0.086999185968466,-0.086999185968466,365.46758443759927,-0.0016714541012561,1000.0,-981.412001301194,264.1340457048418,-121.54194114589484,-3.262561403791437,-0.1449986432807009,-0.0115497478394672,94.41614654079468,-407.81817599696296,981.412001301194,-0.0056996584851276,-0.2098663793204878,-0.2098663793204878,634.5324155624007,-0.0040320149724948,-1000.0,999.6851802709444,108.54168173094376,1000.0,-7.870210985341146,-0.3497772988674796,-0.0278612234602633,905.5838534592052,-592.181824003037,-999.6851802709444,-0.0137491710563608, Neutralism,Healthy
SRR13077735.bin.55.fbc2XSRR13077735.bin.20.fbc2 ,-0.1173794749839771,-0.1173794749839771,996.3113266380664,-0.0022551292023536,-1000.0,1000.0,1000.0,-832.4840136829428,-4.401854344005415,-0.1956324583065907,-0.0155829427884555,431.1882893540128,-286.3446748666802,-1000.0,-0.007689990580161,-0.0906810918303335,-0.0906810918303335,3.6886733619336383,-0.0017421919659454,1000.0,-845.4958996892644,0.0,1000.0,-3.4006367641948145,-0.151135153050518,-0.0120385464850869,62.999751636984,-538.8224397999307,845.4958996892644,-0.0059408746041071, Neutralism,Healthy
SRR13077735.bin.32.fbc2XSRR13077735.bin.5.fbc2 ,-0.227584597728196,-0.227584597728196,972.5506034266992,-0.0043724226268295,-1000.0,999.6586012412944,572.4122905032605,8.151952102187352,-8.534662898053057,-0.3793076628803646,-0.0302134403516447,1000.0,-34.41587233931682,-999.6586012412944,-0.0149099611576275,-0.1329445267741675,-0.1329445267741675,27.449396573300877,-0.002554169582595,0.0,0.0,181.15958233596257,991.8480478978126,-4.985560233356296,-0.2215742112902035,-0.0176493118157168,-9.252710404487289,-537.7171072119445,0.0,-0.008709718276691, Amensalism,Healthy
SRR13077735.bin.22.fbc2XSRR13077735.bin.20.fbc2 ,-0.0719420661309868,-0.0719420661309868,841.4842465997951,-0.0013821722599232,-1000.0,1000.0,-404.6167461532853,-678.3470204652864,-2.697903499386598,-0.1199034435516068,-0.009550810316341,1000.0,-501.7530828435277,-1000.0,-0.0047132074064393,-0.0906810918303335,-0.0906810918303335,3.6886733619336383,-0.0017421919659454,999.8639696512946,-1000.0,-348.6586483675179,1000.0,-3.4006367641948145,-0.151135153050518,-0.0120385464850869,0.0,-498.2469171564724,1000.0,-0.0059408746041071, Amensalism,Healthy
SRR13077735.bin.23.fbc2XSRR13077735.bin.45.fbc2 ,-0.0866861063904025,-0.0866861063904025,362.5166449157657,-0.0016654391237125,-977.8802434825208,1000.0,260.5663202059636,-118.89629209881753,-3.250820588790816,-0.1444768439839663,-0.0115081843449615,95.46676323231212,-406.3096875728492,-1000.0,-0.0056791474119108,-0.0871355107356066,-0.0871355107356066,637.4833550842343,-0.0016740732129392,999.8692883635304,-1000.0,739.4336797940364,353.801262644987,-3.267673726612884,-0.1452258512260869,-0.011567845901709,85.35481080306135,-215.2440332434044,1000.0,-0.0057085896562512, Amensalism,Healthy
SRR13077735.bin.7.fbc2XSRR13077735.bin.28.fbc2 ,-0.2849213398238817,-0.2849213398238817,999.882224531592,-0.0054739930801588,-616.677224396079,1000.0,36.22724990854567,1000.0,-10.684851313014748,-0.4748688997065073,-0.0378252921841522,1000.0,-595.9375462459055,-1000.0,-0.0186663164034825,-0.088727936469013,-0.088727936469013,0.1177754684081264,-0.0017046673673348,1000.0,-1000.0,963.7727500914544,-14.018502561882542,-3.3273913742910963,-0.1478798941149079,-0.0117792515081873,0.0,-0.033275107010013,1000.0,-0.0058129157225721, Neutralism,Healthy
SRR13077735.bin.22.fbc2XSRR13077735.bin.52.fbc2 ,-0.0573268251023364,-0.0573268251023364,667.3355354536886,-0.0011013799251031,-1000.0,1000.0,-593.0966515012274,-344.3274017423835,-2.1498165172315566,-0.0955447085037803,-0.0076105352825379,668.1540149312395,-497.9415572836804,-1000.0,-0.0037557055446768,-0.0832720471863694,-0.0832720471863694,332.66446454631136,-0.0015998472082401,1000.0,-1000.0,-374.53767250851104,-9.936922984106786,-3.122789761086665,-0.1387867453106537,-0.0110549442085812,331.84598506876046,-499.6322601206294,1000.0,-0.0054554789799112, Competition,Healthy
SRR13077735.bin.7.fbc2XSRR13077735.bin.3.fbc2 ,-0.2042946720686131,-0.2042946720686131,9.1536581721532,-0.0039249696843626,-0.8244832062767955,1000.0,507.5677405256961,243.89297183446087,-7.66126607590752,-0.3404911201143932,-0.0271215405185785,1000.0,-805.8562673247063,-1000.0,-0.0133841466234798,-0.197239548208131,-0.197239548208131,990.8463418278468,-0.0037894245573397,-0.2958782694349793,0.0,492.4322594743039,-349.81100813433954,-7.396691476155524,-0.328732580346923,-0.026184923691062,-20.729402838604983,-194.14373267529368,0.0,-0.0129219377404297, Amensalism,Healthy
SRR13077735.bin.41.fbc2XSRR13077735.bin.22.fbc2 ,-0.0647653525148825,-0.0647653525148825,8.048286458709526,-0.0012442911146308,0.0,0.0,1000.0,-197.19093192987225,-2.4287691553173545,-0.1079422541913572,-0.0085980516018935,-513.6028019942752,-209.93345282260907,0.0,-0.0042430327007423,-0.0852126694458093,-0.0852126694458093,991.9517135412904,-0.0016371310172189,-1000.0,1000.0,-409.1764957193227,-516.4800975282087,-3.195565146425679,-0.1420211157430913,-0.0113125753289295,1000.0,-739.0665129645562,-1000.0,-0.00558261676872, Amensalism,Healthy
SRR13077735.bin.9.fbc2XSRR13077735.bin.33.fbc2 ,-0.1268245383253088,-0.1268245383253088,973.758091887346,-0.0024365905537706,-1000.0,999.809751009559,0.0,0.0,-4.756054199681444,-0.2113742305422192,-0.0168368407266825,997.7552336680076,-371.2296570968925,-999.8097510095592,-0.0083087737884852,-0.063068735142906,-0.063068735142906,26.241908112654077,-0.0012116951996858,1000.0,-0.1759744938483436,1000.0,-1000.0,-2.365144211095753,-0.1051145585715858,-0.0083728138297374,2.244766331992423,-249.9796586668356,0.1759744938483436,-0.0041318806308936, Neutralism,Healthy
SRR13077735.bin.50.fbc2XSRR13077735.bin.13.fbc2 ,-0.0797408219530098,-0.0797408219530098,610.23614266492,-0.001532004264277,-382.0114050900052,1000.0,1000.0,-622.1590220247533,-2.990365083471943,-0.132901369921683,-0.0105861494657801,-18.952143885299165,-154.5270534507364,-1000.0,-0.0052241345409811,-0.068144797381592,-0.068144797381592,389.7638573350801,-0.0013092180092826,1000.0,-1000.0,0.0,-186.48303706523416,-2.5555019088014888,-0.1135746623026534,-0.0090466964439883,0.5787267288102385,-292.810362076503,1000.0,-0.0044644334114991, Neutralism,Healthy
SRR13077735.bin.28.fbc2XSRR13077735.bin.26.fbc2 ,-0.088723049042187,-0.088723049042187,0.0,-0.0017045734686007,1000.0,-1000.0,350.55557860048225,-387.9048044818748,-3.327208090621639,-0.1478717484036451,-0.0117786026681869,378.2129525859573,-0.0332732741076142,1000.0,-0.0058125955280274,-0.1346883211330123,-0.1346883211330123,1000.0,-0.0025876718757444,-1000.0,999.7979545799412,649.4444213995178,1000.0,-5.050954364439804,-0.2244805352215735,-0.017880812661474,621.7870474140427,-763.5821659827162,-999.7979545799412,-0.0088239610963682, Neutralism,Healthy
SRR13077735.bin.41.fbc2XSRR13077735.bin.23.fbc2 ,-0.1109066508885234,-0.1109066508885234,712.7771249530779,-0.002130771390739,-1000.0,1000.0,938.9183690439772,-1000.0,-4.159116600744596,-0.1848444181474633,-0.0147236303100726,-256.2370736069705,-284.3761472423721,-1000.0,-0.007265930442486,-0.0756921783556663,-0.0756921783556663,287.2228750469221,-0.001454220525602,0.0,-0.1135455386361172,61.08163095602277,88.46573528182444,-2.8385366704667376,-0.1261536305927393,-0.0100486638316397,152.7594963629324,-328.6872734726403,0.1135455386361172,-0.0049588919921461, Competition,Healthy
SRR13077735.bin.37.fbc2XSRR13077735.bin.13.fbc2 ,-0.3871245024910195,-0.3871245024910195,662.6794565901616,-0.0074375504801764,-1000.0,1000.0,167.7994135619199,1000.0,-14.517577908691692,-0.6452075041518128,-0.0513934738177113,957.83253224664,-714.2480278915131,-1000.0,-0.0253620471372642,-0.0650078380389231,-0.0650078380389231,337.3205434098384,-0.0012489498182048,1000.0,-1000.0,-747.0919931593525,-154.34719438251955,-2.437862618697636,-0.1083463967314628,-0.0086302432439424,42.16746775336014,-285.75197210848694,1000.0,-0.0042589188801684, Amensalism,Healthy
SRR13077735.bin.9.fbc2XSRR13077735.bin.44.fbc2 ,-0.1161025532055646,-0.1161025532055646,551.2122339578896,-0.00223059660334,-1000.0,999.8258350172086,-143.17113774489894,-1000.0,-4.353968428021631,-0.1935042553426456,-0.0154134225292636,1000.0,-311.5580701058477,-999.8258350172086,-0.0076063344174599,-0.0618645590316191,-0.0618645590316191,448.7877660421104,-0.0011885602119718,1000.0,-1000.0,1000.0,495.6183021777658,-2.319986334497002,-0.1031075983860319,-0.008212951064479,0.0,-688.4419298941523,1000.0,-0.0040529903227479, Amensalism,Healthy
SRR13077735.bin.23.fbc2XSRR13077735.bin.44.fbc2 ,-0.086999185968466,-0.086999185968466,365.4675844375988,-0.0016714541012561,-981.4120013011944,1000.0,264.1340457048418,-121.54194114589508,-3.262561403791437,-0.1449986432807009,-0.0115497478394672,94.416146540794,-407.81817599696274,-1000.0,-0.0056996584851276,-0.076480756314595,-0.076480756314595,634.5324155624012,-0.0014693709185849,1000.0,-1000.0,735.8659542951582,59.912499557026194,-2.86810917719788,-0.1274679271909917,-0.0101533530477126,732.9847245302005,-592.1818240030373,1000.0,-0.0050105548325518, Amensalism,Healthy
SRR13077735.bin.50.fbc2XSRR13077735.bin.33.fbc2 ,-0.0663900220542927,-0.0663900220542927,1000.0,-0.0012755047464452,-1000.0,999.9004085893948,1000.0,-532.5775207652347,-2.4896959797982845,-0.1106500367571925,-0.0088137377981638,-31.42502359616901,0.0,-999.9004085893948,-0.0043494711854918,-0.0294598366923537,-0.0294598366923537,-0.8750109189181785,-0.0005659910988242,1000.0,-67.13043913720969,-1000.0,-467.4224792347653,-1.1047750054747212,-0.0490997278205895,-0.0039109984926426,496.629794281826,-233.22843836194613,67.13043913720958,-0.0019300296469282, Competition,Healthy
SRR13077735.bin.9.fbc2XSRR13077735.bin.11.fbc2 ,-0.0793449033502611,-0.0793449033502611,60.10403200329961,-0.0015243977588852,-1000.0,999.8809750229856,1000.0,-114.90016560695769,-2.97551771751057,-0.1322415055836927,-0.0105335885139083,135.36844362240367,-469.28374277626006,-999.8809750229858,-0.00519819635781,-0.1725215783725389,-0.1725215783725389,939.8959679967004,-0.003314535607501,1000.0,-1000.0,-1000.0,504.62752259775743,-6.469741488430032,-0.2875359639542694,-0.022903441048129,391.838085333316,-530.71625722374,1000.0,-0.0113025664217047, Amensalism,Healthy
SRR13077735.bin.33.fbc2XSRR13077735.bin.5.fbc2 ,-0.0630695503010656,-0.0630695503010656,5.599453214665573,-0.0012117108607299,999.8240232316962,0.0,1000.0,-1000.0,-2.365174780385587,-0.1051159171684048,-0.0083729220476698,401.46303685292014,-249.97965840392544,0.0,-0.0041319340350582,-0.1634166027761239,-0.1634166027761239,994.4005467853344,-0.0031396081225238,-1000.0,1000.0,-1000.0,100.096170201537,-6.128295282552358,-0.2723610046268732,-0.0216946921265162,598.5369631470799,-750.0203415960746,-1000.0,-0.0107060636977394, Neutralism,Healthy
SRR13077735.bin.52.fbc2XSRR13077735.bin.7.fbc2 ,-0.083839636954508,-0.083839636954508,339.4759954770302,-0.001610751910789,1000.0,-1000.0,-1000.0,-16.820743946066727,-3.1440749771510355,-0.139732728257627,-0.0111302957033103,338.4277020259952,-499.6297535725152,1000.0,-0.0054926640156054,-0.2573290850348257,-0.2573290850348257,660.5240045229698,-0.0049438825175229,0.0,966.8609779474682,1000.0,418.6934218037079,-9.650112602343484,-0.4288818083913384,-0.0341622281957825,661.5722979740049,-500.37024642748486,-966.860977947468,-0.0168586393846226, Amensalism,Healthy
SRR13077735.bin.32.fbc2XSRR13077735.bin.20.fbc2 ,-0.2308549009793523,-0.2308549009793523,999.1379415330792,-0.004435252660528,-1000.0,999.6536954722676,67.2312495885144,310.2947496799484,-8.65730272562314,-0.3847581682989585,-0.0306475958841474,1000.0,-338.25107069928026,-999.6536954722676,-0.0151242115723562,-0.0904257133133796,-0.0904257133133796,0.8620584669208711,-0.0017372855584198,1000.0,-346.1473469946353,100.4631721029798,689.7052503200516,-3.3910597999574748,-0.150709522189004,-0.0120046432083427,0.0,-661.7489293007197,346.1473469946354,-0.0059241437541004, Neutralism,Healthy
SRR13077735.bin.38.fbc2XSRR13077735.bin.3.fbc2 ,-0.0910741744821734,-0.0910741744821734,14.88290240813444,-0.0017497439862381,-1000.0,1000.0,0.0,1000.0,-3.4153777790003232,-0.1517902908035466,-0.012090730944692,1000.0,-444.843737712627,-1000.0,-0.0059666269929721,-0.196557783697699,-0.196557783697699,985.1170975918656,-0.0037763262957923,0.0,-0.2948555571781526,1000.0,-462.50957503180166,-7.371124586612041,-0.3275963061629454,-0.0260944147041755,0.0,-555.156262287373,0.2948555571781526,-0.0128772726687884, Amensalism,Healthy
SRR13077735.bin.7.fbc2XSRR13077735.bin.26.fbc2 ,-0.280468677967292,-0.280468677967292,944.7252206737992,-0.0053884472231402,-725.1968377317571,1000.0,389.1643858007697,1000.0,-10.51787178836878,-0.4674477966120776,-0.0372341703122174,996.955436790621,-500.0,-1000.0,-0.0183746050311128,-0.0910608271454975,-0.0910608271454975,55.274779326200814,-0.0017494875531838,-0.1365999881559219,0.0,610.8356141992303,0.0,-3.414877239770476,-0.1517680452424201,-0.0120889589927628,3.044563209379021,-500.0,0.0,-0.0059657525564489, Amensalism,Healthy
SRR13077735.bin.52.fbc2XSRR13077735.bin.33.fbc2 ,-0.115325868399509,-0.115325868399509,973.694743748134,-0.0022156747050985,1000.0,-1000.0,-1000.0,0.0,-4.324841927091143,-0.1922097806658484,-0.0153103122121365,997.7842857152492,-499.48613518321054,1000.0,-0.0075554507443484,-0.0630695503010656,-0.0630695503010656,26.30525625186601,-0.0012117108607299,-0.1759767683038262,1000.0,1000.0,-1000.0,-2.365174780385587,-0.1051159171684048,-0.0083729220476698,2.215714284750675,-249.97965840392544,-1000.0,-0.0041319340350582, Neutralism,Healthy
SRR13077735.bin.43.fbc2XSRR13077735.bin.5.fbc2 ,-0.1397434884738686,-0.1397434884738686,938.1049165837112,-0.0026847932464306,-1000.0,999.6100874768284,0.0,-626.2213963020124,-5.240528481400361,-0.232905814123228,-0.0185519213324596,1000.0,-499.7193895563476,-999.6100874768288,-0.0091551449701228,-0.1337953885596334,-0.1337953885596334,61.8950834162888,-0.0025705165909357,0.0,0.0,-1000.0,974.6570492553788,-5.017468449396688,-0.2229923142659799,-0.0177622696435264,-12.924987062845048,-500.2806104436524,0.0,-0.0087654615751944, Amensalism,Healthy
SRR13077735.bin.33.fbc2XSRR13077735.bin.1.fbc2 ,-0.0625922253552744,-0.0625922253552744,0.0,-0.0012025403526649,-0.1746449354149035,1000.0,1000.0,-992.1794095768842,-2.347274590541474,-0.104320375592124,-0.0083095538367388,782.2721284063182,-249.97981235383,-1000.0,-0.0041006626024682,-0.1136225099015746,-0.1136225099015746,1000.0,-0.0021829492776532,1000.0,-1000.0,-748.7091039960408,-7.820590423115846,-4.260964183519263,-0.1893708498359956,-0.0150841795085625,217.7278715936818,-64.56880953463633,1000.0,-0.0074438570368329, Neutralism,Healthy
SRR13077735.bin.44.fbc2XSRR13077735.bin.1.fbc2 ,-0.0398232151155752,-0.0398232151155752,0.0,-0.0007650953912161,-1000.0,1000.0,1000.0,1000.0,-1.4934126470797082,-0.0663720251925497,-0.0052868091536311,530.5678269024713,-726.1814624604935,-1000.0,-0.0026089752842608,-0.1136225099015746,-0.1136225099015746,1000.0,-0.0021829492776532,1000.0,-1000.0,0.0,-1000.0,-4.260964183519263,-0.1893708498359956,-0.0150841795085625,111.98997092479112,-27.36388718311173,1000.0,-0.0074438570368329, Amensalism,Healthy
SRR13077735.bin.5.fbc2XSRR13077735.bin.7.fbc2 ,-0.1329445267741675,-0.1329445267741675,27.449396573300877,-0.002554169582595,-1000.0,1000.0,-1000.0,991.8480478978122,-4.985560233356296,-0.2215742112902035,-0.0176493118157168,-14.898829975294577,-873.6483227540558,-1000.0,-0.008709718276691,-0.2013144603779437,-0.2013144603779437,972.5506034266992,-0.0038677129755342,410.6927359931642,0.0,747.040913286934,8.15195210218792,-7.549504988386047,-0.3355241006298683,-0.0267258966611052,1000.0,-126.3516772459442,0.0,-0.0131889012466217, Competition,Healthy
SRR13077735.bin.22.fbc2XSRR13077735.bin.43.fbc2 ,-0.0680412468612985,-0.0680412468612985,792.0609910995786,-0.00130722856602,1000.0,-1000.0,-456.3733512621898,-590.7372661267962,-2.551618654869003,-0.1134020781021263,-0.0090329493912122,914.423610911143,-499.9615122722223,1000.0,-0.004457649410142,-0.097626034640939,-0.097626034640939,207.9390089004214,-0.0018756202621261,-1000.0,999.727603669339,1000.0,-135.8560070348135,-3.661079458149402,-0.1627100577348983,-0.0129605360109508,85.57638908885724,-500.03848772777775,-999.727603669339,-0.0063958650936228, Competition,Healthy
SRR13077735.bin.5.fbc2XSRR13077735.bin.13.fbc2 ,-0.1513747870355928,-0.1513747870355928,611.6364138618301,-0.0029082571957133,-1000.0,1000.0,-278.4116865523765,453.7906939451948,-5.676714467981356,-0.2522913117260259,-0.0200960572221902,361.9037620165525,-542.941551714655,-1000.0,-0.0099171570373073,-0.0681048474485805,-0.0681048474485805,388.3635861381699,-0.0013084504793141,1000.0,-1000.0,-721.5883134476235,-184.62152440602745,-2.5540037440999868,-0.1135080790810434,-0.0090413928121506,0.5783874498788464,-292.3415644357474,1000.0,-0.0044618161344942, Neutralism,Healthy
SRR13077735.bin.42.fbc2XSRR13077735.bin.13.fbc2 ,-0.0860842020189238,-0.0860842020189238,0.0,-0.0016538751588086,-1000.0,1000.0,70.09371360764021,5.047046347454852,-3.2282485388437863,-0.1434736700315397,-0.0114282773477043,13.31192003915612,-500.38562618308015,-1000.0,-0.0056397142917603,-0.0747722355054065,-0.0747722355054065,1000.0,-0.0014365463113108,1000.0,-1000.0,589.9905582070198,-871.0211752354392,-2.8040378414988254,-0.124620392508973,-0.0099265350113455,-5.519512602903433,-367.3332915017887,1000.0,-0.0048986229217007, Neutralism,Healthy
SRR13077735.bin.42.fbc2XSRR13077735.bin.45.fbc2 ,-0.0861641073847749,-0.0861641073847749,17.03327442136981,-0.0016554103243606,-1000.0,1000.0,-933.70010857661,-18.514634904257264,-3.2312450744969965,-0.1436068456413295,-0.0114388853415903,10.758276045716912,-498.0151362423537,-1000.0,-0.0056449492061574,-0.0855898945976605,-0.0855898945976605,982.9667255786304,-0.001644378378387,999.8716069362116,-1000.0,927.8056591449816,-810.0199860698248,-3.209711488222638,-0.1426498243293963,-0.0113626545950182,916.3571873004648,-23.509680388287848,1000.0,-0.0056073302704362, Amensalism,Healthy
SRR13077735.bin.23.fbc2XSRR13077735.bin.28.fbc2 ,-0.086999185968466,-0.086999185968466,504.1017083410875,-0.0016714541012561,-670.8415999189906,1000.0,427.8246799875829,-582.6443762404964,-3.262561403791437,-0.1449986432807009,-0.0115497478394672,185.00426531679864,-547.9071977012129,-1000.0,-0.0056996584851276,-0.0894052878770708,-0.0894052878770708,495.8982916589125,-0.0017176808429439,1000.0,-1000.0,572.1753200124172,-417.3556237595036,-3.352792767835353,-0.1490088131283755,-0.0118691746249623,566.5447825461076,-110.5048369861704,1000.0,-0.0058572916746015, Neutralism,Healthy
SRR13077735.bin.52.fbc2XSRR13077735.bin.45.fbc2 ,-0.083839636954508,-0.083839636954508,339.47599547703044,-0.001610751910789,1000.0,-1000.0,-1000.0,-16.820743946067864,-3.1440749771510355,-0.139732728257627,-0.0111302957033103,466.4481457536781,-499.62975357251486,1000.0,-0.0054926640156054,-0.0910028413381951,-0.0910028413381951,660.5240045229696,-0.0017483735127825,-1000.0,999.8634869961252,1000.0,233.49779157556716,-3.4127027107236927,-0.1516714022302494,-0.012081260972991,0.7233640828939087,-201.55723525266023,-999.8634869961252,-0.0059619536784794, Competition,Healthy
SRR13077735.bin.44.fbc2XSRR13077735.bin.5.fbc2 ,-0.0971038327309088,-0.0971038327309088,972.5506034266988,-0.0018655875644526,1000.0,-1000.0,1000.0,8.151952102188261,-3.6414963347244793,-0.1618397212181435,-0.0128912100705065,514.3292986553631,-462.2828927880555,1000.0,-0.0063616535948085,-0.1329445267741675,-0.1329445267741675,27.4493965733011,-0.002554169582595,-1000.0,1000.0,-500.0,991.8480478978116,-4.985560233356296,-0.2215742112902035,-0.0176493118157168,-14.89882997529446,-537.7171072119445,-1000.0,-0.008709718276691, Amensalism,Healthy
SRR13077735.bin.32.fbc2XSRR13077735.bin.11.fbc2 ,-0.1562879055198891,-0.1562879055198891,68.73989107950501,-0.0030026494816866,-1000.0,999.7655531284728,1000.0,1000.0,-5.860961602719158,-0.2604798425331864,-0.0207483079182111,66.14817664583052,-397.6189018078426,-999.7655531284728,-0.0102390347324217,-0.17175356191035,-0.17175356191035,931.260108920495,-0.0032997802480849,1000.0,-1000.0,-920.0118914146668,0.0,-6.440940059551735,-0.2862559365172501,-0.0228014815139658,933.8518233541696,-602.3810981921574,1000.0,-0.011252250645839, Amensalism,Healthy
SRR13077735.bin.9.fbc2XSRR13077735.bin.26.fbc2 ,-0.1069105869562463,-0.1069105869562463,428.401063089286,-0.0020539978281703,-1000.0,999.8396238495766,67.79324190539,0.0,-4.009259980741035,-0.1781843115937817,-0.0141931249926301,762.4867155245684,-307.5352637326456,-999.8396238495764,-0.0070041325940337,-0.1154547811465818,-0.1154547811465818,571.598936910714,-0.0022181514149224,0.0,-0.173193262476957,932.20675809461,-1000.0,-4.329676291325995,-0.1924246352443788,-0.0153274262770537,237.51328447543165,-692.4647362673544,0.173193262476957,-0.007563896324882, Competition,Healthy
SRR13077735.bin.50.fbc2XSRR13077735.bin.43.fbc2 ,-0.0583061252594916,-0.0583061252594916,280.3439452452319,-0.0011201945294487,-727.199428684473,1000.0,1000.0,-115.00698179476797,-2.1865413079308382,-0.0971768754325239,-0.0077405441986684,-11.80049510377171,-68.22200902609723,-1000.0,-0.003819863345484,-0.1318922693175181,-0.1318922693175181,719.6560547547681,-0.0025339533010537,-0.3680060379055021,0.0,0.0,-490.80519900524536,-4.946099466837495,-0.2198204488624924,-0.0175096173099973,1000.0,-504.1689993382506,0.0,-0.0086407807564228, Amensalism,Healthy
SRR13077735.bin.50.fbc2XSRR13077735.bin.52.fbc2 ,-0.0790738959495911,-0.0790738959495911,593.9093056924416,-0.001519191084526,-398.72285555420615,1000.0,1000.0,-599.655701673337,-2.965354653620466,-0.1317898265826897,-0.0104976103940543,-12.908743884185128,-150.34894072141844,-1000.0,-0.0051804415982132,-0.087386156596267,-0.087386156596267,406.0906943075584,-0.0016788886954373,1000.0,-1000.0,-1000.0,-37.44884196605744,-3.277073211238985,-0.1456435943271117,-0.0116011208853024,518.7610828878699,-499.6140916937776,1000.0,-0.0057250104513286, Amensalism,Healthy
SRR13077735.bin.33.fbc2XSRR13077735.bin.32.fbc2 ,-0.063068735142906,-0.063068735142906,5.579993719944923,-0.0012116951996858,1000.0,-0.1759744938483436,1000.0,-1000.0,-2.3651442110956395,-0.1051145585715858,-0.0083728138297374,43.56859511740913,-249.9796586668356,0.1759744938483436,-0.0041318806308936,-0.2315716329941324,-0.2315716329941324,994.4200062800552,-0.0044490227280675,-1000.0,999.652620305395,0.0,402.32791763965065,-8.68418093353057,-0.3859527216569631,-0.0307427470506809,956.4314048825908,-750.0203413331644,-999.6526203053952,-0.015171167502558, Neutralism,Healthy
SRR13077735.bin.43.fbc2XSRR13077735.bin.55.fbc2 ,-0.1413001371348627,-0.1413001371348627,972.762915183422,-0.0027147000409968,-1000.0,999.6057441130432,263.814502243639,-610.4508371125676,-5.298904451057865,-0.2355002285580667,-0.0187585772833926,1000.0,-504.4694007065255,-999.6057441130434,-0.0092571271399037,-0.0865280724792683,-0.0865280724792683,27.237084816577863,-0.0016624029294689,1000.0,-1000.0,736.185497756361,-44.38735884134985,-3.244894150132268,-0.1442134541320001,-0.0114872042427123,0.0,-286.1785159543176,1000.0,-0.0056687939894572, Amensalism,Healthy
SRR13077735.bin.43.fbc2XSRR13077735.bin.52.fbc2 ,-0.1232867589188799,-0.1232867589188799,642.1526952381496,-0.0023686216891292,-1000.0,999.6560050720886,949.845347075878,-431.7608389206523,-4.62338373365219,-0.2054779315315045,-0.0163671758718919,661.8691535907285,-500.3780826457386,-999.6560050720884,-0.0080769999599397,-0.0848524904255327,-0.0848524904255327,357.8473047618504,-0.0016302111513368,1000.0,-1000.0,-1000.0,-29.104795466619294,-3.1820580525690048,-0.1414208173757742,-0.011264759055507,338.1308464092715,-499.62191735426137,1000.0,-0.0055590200259985, Competition,Healthy
SRR13077735.bin.55.fbc2XSRR13077735.bin.5.fbc2 ,-0.0982297441241826,-0.0982297441241826,309.37949150043687,-0.0018872189073135,1000.0,-1000.0,1000.0,-320.86121180848886,-3.6837192016948848,-0.1637162402068952,-0.0130406826493754,148.19172498295188,-286.2412963870818,1000.0,-0.0064354164738915,-0.1538596382331434,-0.1538596382331434,690.6205084995631,-0.0029559968920693,-1000.0,1000.0,-1000.0,380.8051675249303,-5.769899013571376,-0.2564327303884965,-0.0204259385243403,405.63122245059503,-713.7587036129182,-1000.0,-0.0100799494019838, Amensalism,Healthy
SRR13077735.bin.47.fbc2XSRR13077735.bin.11.fbc2 ,-0.0870815470253774,-0.0870815470253774,44.27555503092435,-0.0016730364461636,-563.5239553079563,1000.0,467.5605295266366,-700.1129732082809,-3.2656500304551628,-0.1451359117089623,-0.0115606818433207,512.6600998220622,-369.3153828808596,-1000.0,-0.0057050542816341,-0.1705022594634329,-0.1705022594634329,955.7244449690756,-0.0032757398552121,1000.0,-1000.0,-1000.0,348.39364512112843,-6.394014895570649,-0.2841704324390548,-0.0226353623994555,487.3399001779378,-500.3481456318112,1000.0,-0.0111702729062699, Neutralism,Healthy
SRR13077735.bin.43.fbc2XSRR13077735.bin.23.fbc2 ,-0.1275911581775517,-0.1275911581775517,634.5324155624012,-0.002451319081274,-1000.0,999.6439949298344,247.97257488958303,-454.1989785200767,-4.784803254206281,-0.2126519302958058,-0.0169386148512558,905.583853459206,-504.03577819574855,-999.6439949298344,-0.0083589980669103,-0.086999185968466,-0.086999185968466,365.4675844375988,-0.0016714541012561,1000.0,-981.412001301195,264.13404570484136,-121.54194114589497,-3.262561403791437,-0.1449986432807009,-0.0115497478394672,94.416146540794,-407.8181759969625,981.412001301195,-0.0056996584851276, Amensalism,Healthy
SRR13077735.bin.20.fbc2XSRR13077735.bin.3.fbc2 ,-0.0906810918303335,-0.0906810918303335,3.688673361933184,-0.0017421919659454,999.8639696512946,-1000.0,1000.0,751.8899690440367,-3.4006367641948145,-0.151135153050518,-0.0120385464850869,0.0,-500.16240713507057,1000.0,-0.0059408746041071,-0.1976722971564868,-0.1976722971564868,996.3113266380668,-0.003797738658136,-1000.0,999.703472565572,-12.992924774569133,-781.9123429897747,-7.412920018994328,-0.3294538285941826,-0.0262423741278325,1000.0,-401.21803651533605,-999.703472565572,-0.0129502888242996, Neutralism,Healthy
SRR13077735.bin.55.fbc2XSRR13077735.bin.11.fbc2 ,-0.0873990805736184,-0.0873990805736184,45.02963896531946,-0.0016791369946531,-1000.0,1000.0,768.7228040406217,-68.45188732151348,-3.277557874045669,-0.1456651342894019,-0.0116028366333011,19.941306959118265,-285.8927443940813,-1000.0,-0.0057258571519014,-0.1734061872526808,-0.1734061872526808,954.9703610346804,-0.0033315309750605,1000.0,-1000.0,-1000.0,-78.99643438947749,-6.50291525617979,-0.2890103120878393,-0.0230208790377446,980.0586930408816,-171.6640644902509,1000.0,-0.0113605206249758, Amensalism,Healthy
SRR13077735.bin.47.fbc2XSRR13077735.bin.22.fbc2 ,-0.0870815470253774,-0.0870815470253774,68.96504746314167,-0.0016730364461636,-613.9763963650964,1000.0,958.7515054945966,-178.86522384457783,-3.2656500304551628,-0.1451359117089623,-0.0115606818433207,0.0,-356.16554452022206,-1000.0,-0.0057050542816341,-0.0799796729720583,-0.0799796729720583,931.0349525368584,-0.0015365931407131,1000.0,-1000.0,-398.4229239694432,-582.0865054401625,-2.9993222490734297,-0.1332994549533168,-0.0106178586020178,1000.0,-643.834455479778,1000.0,-0.0052397826096921, Neutralism,Healthy
SRR13077735.bin.55.fbc2XSRR13077735.bin.1.fbc2 ,-0.0859797427973489,-0.0859797427973489,11.81890263878472,-0.0016518682573405,-1000.0,1000.0,733.0393312925135,-34.86077992381672,-3.224331207656178,-0.1432995713289528,-0.0114144096586414,3.377731953378884,-285.88984627268155,-1000.0,-0.0056328707577222,-0.1127272476468306,-0.1127272476468306,988.1810973612152,-0.0021657492343365,1000.0,-1000.0,266.96066870748655,-566.321388673406,-4.227390902964316,-0.1878787460780131,-0.0149653272092109,-13.214424815417374,-93.35730007092286,1000.0,-0.007385204889033, Amensalism,Healthy
SRR13077735.bin.55.fbc2XSRR13077735.bin.7.fbc2 ,-0.0854373051364518,-0.0854373051364518,5.43543763899504,-0.0016414467845606,0.0,0.0,700.4752414714981,-22.023045291449648,-3.2039892221901027,-0.1423955085607531,-0.0113423972812825,3.35642217783834,-285.888738678549,0.0,-0.0055973335353201,-0.2845265848766303,-0.2845265848766303,994.5645623610048,-0.0054664089313973,-620.3158214756002,1000.0,299.52475852850193,1000.0,-10.670047585363136,-0.4742109747943459,-0.0377728857156398,996.6435778221615,-714.111261321451,-1000.0,-0.0186404544558627, Amensalism,Healthy
SRR13077735.bin.41.fbc2XSRR13077735.bin.55.fbc2 ,-0.0997770682611189,-0.0997770682611189,982.2259359499805,-0.0019169465564345,-1000.0,1000.0,355.7144902277912,-978.1194659531058,-3.741745491851134,-0.1662951137684558,-0.013246100704805,-36.47824834593644,-108.3700595583839,-1000.0,-0.0065367877573407,-0.0848781136427305,-0.0848781136427305,17.774064050019547,-0.0016307034321698,1000.0,-1000.0,644.2855097722088,-21.88053404689424,-3.1830189502904886,-0.1414635227378085,-0.0112681607160993,17.33052902351244,-286.4465507609103,1000.0,-0.0055606987035616, Competition,Healthy
SRR13077735.bin.1.fbc2XSRR13077735.bin.26.fbc2 ,-0.111730859947329,-0.111730859947329,975.0271760958803,-0.0021466063390107,1000.0,-1000.0,-628.4985001538257,-12.307653309175748,-4.190025311374711,-0.1862180999122529,-0.0148330498028599,140.55833094131822,-144.2175971023321,1000.0,-0.0073199276160949,-0.0884460379181746,-0.0884460379181746,24.97282390411965,-0.0016992514489402,-1000.0,999.8673224468656,0.0,1000.0,-3.316819880759681,-0.147410063196844,-0.01174182751231,859.4416690586818,-500.0,-999.8673224468656,-0.0057944474409623, Amensalism,Healthy
SRR13077735.bin.38.fbc2XSRR13077735.bin.37.fbc2 ,-0.0900267656613778,-0.0900267656613778,508.9614334875489,-0.0017296208581001,-1000.0,1000.0,0.0,0.0,-3.37609884144797,-0.1500446094355538,-0.0119516801290728,494.2496935780057,-401.4248365828987,-1000.0,-0.0058980071258929,-0.355053095630069,-0.355053095630069,491.0385665124511,-0.0068213851225209,1000.0,-1000.0,156.08358064447566,1000.0,-13.314866262308556,-0.5917551593834105,-0.0471357711969631,505.7503064219943,-598.5751634171013,1000.0,-0.023260923268026, Competition,Healthy
SRR13077735.bin.47.fbc2XSRR13077735.bin.28.fbc2 ,-0.0870815470253774,-0.0870815470253774,785.023539575426,-0.0016730364461636,-489.5610327198048,1000.0,-376.7770896895246,-976.9849132548204,-3.2656500304551628,-0.1451359117089623,-0.0115606818433207,0.0,-388.5929531298991,-1000.0,-0.0057050542816341,-0.0894052878770708,-0.0894052878770708,214.97646042457404,-0.0017176808429439,1000.0,-1000.0,1000.0,-23.015086745179477,-3.352792767835353,-0.1490088131283755,-0.0118691746249623,1000.0,-172.80138029743148,1000.0,-0.0058572916746015, Neutralism,Healthy
SRR13077735.bin.22.fbc2XSRR13077735.bin.37.fbc2 ,0.0,0.0,0.0,0.0,-1000.0,1000.0,0.0,0.0,0.0,0.0,0.0,0.0,0.0,-1000.0,0.0,-0.4161090941521479,-0.4161090941521479,1000.0,-0.007994411030836,1000.0,-1000.0,280.5891188544181,1000.0,-15.604530723310631,-0.6935151569201707,-0.0552413802226965,1000.0,-1000.0,1000.0,-0.0272609416149407, Amensalism,Healthy
SRR13077735.bin.9.fbc2XSRR13077735.bin.37.fbc2 ,-0.0789201744175898,-0.0789201744175898,93.86282319241582,-0.0015162377409296,-1000.0,999.8816121571848,876.3819221276544,0.0,-2.959589933735515,-0.1315336240293163,-0.0104772027900708,0.0,-252.9961183533981,-999.8816121571848,-0.00517037069676,-0.4052566965174264,-0.4052566965174264,906.1371768075842,-0.0077859115565388,1000.0,-1000.0,123.61807787234557,1000.0,-15.197554344539752,-0.6754278275291199,-0.0538006488555993,1000.0,-747.0038816466019,1000.0,-0.026549958407827, Amensalism,Healthy
SRR13077735.bin.37.fbc2XSRR13077735.bin.45.fbc2 ,-0.3694446315897721,-0.3694446315897721,481.150549299738,-0.0070978795694145,1000.0,-1000.0,147.09436151406155,1000.0,-13.854564067994149,-0.615741052649696,-0.0490463478248557,851.1269193462094,-679.771262730658,1000.0,-0.0242037693318479,-0.0657708248993458,-0.0657708248993458,518.849450700262,-0.0012636085475605,-1000.0,999.901337444608,815.5544695727633,0.0,-2.4664754321967166,-0.1096180414989476,-0.0087315350634753,148.87308065379057,-99.56976493768934,-999.9013374446082,-0.004308905147127, Competition,Healthy
SRR13077735.bin.52.fbc2XSRR13077735.bin.20.fbc2 ,-0.1164889578085421,-0.1164889578085421,996.3113266380664,-0.0022380203229204,1000.0,-1000.0,-28.12279457470765,-141.10206304098665,-4.368459008939908,-0.1941482630143127,-0.0154647204315097,1000.0,-499.4809527316549,1000.0,-0.0076316493011745,-0.0906810918303335,-0.0906810918303335,3.6886733619336383,-0.0017421919659454,-991.047509901214,1000.0,116.04691829873492,1000.0,-3.4006367641948145,-0.151135153050518,-0.0120385464850869,0.0,-500.5190472683452,-1000.0,-0.0059408746041071, Neutralism,Healthy
SRR13077735.bin.37.fbc2XSRR13077735.bin.32.fbc2 ,-0.386422829774915,-0.386422829774915,802.9864575489632,-0.0074240697363165,1000.0,-1000.0,318.2965818408802,1000.0,-14.491264440393708,-0.6440380496247826,-0.0513003218778749,507.2320533250386,-900.1763593489801,1000.0,-0.0253160778007668,-0.1640472547594527,-0.1640472547594527,197.0135424510368,-0.0031517243950247,-1000.0,999.7539133592388,376.60958966697217,0.0,-6.151945398321345,-0.2734120912657545,-0.0217784155694289,492.7679466749614,-1.0406481797057268,-999.7539133592388,-0.0107473801868991, Amensalism,Healthy
SRR13077735.bin.28.fbc2XSRR13077735.bin.45.fbc2 ,-0.088723049042187,-0.088723049042187,0.0,-0.0017045734686007,-1000.0,1000.0,0.0,-557.8903525445716,-3.327208090621639,-0.1478717484036451,-0.0117786026681869,909.9890431282528,-0.0332732741076142,-1000.0,-0.0058125955280274,-0.1148239336059759,-0.1148239336059759,1000.0,-0.0022060313852989,999.827753069434,-1000.0,1000.0,-66.56624141820816,-4.306018841948571,-0.1913732226765887,-0.0152436768726147,90.01095687174711,-178.961526815772,1000.0,-0.0075225670238978, Neutralism,Healthy
SRR13077735.bin.7.fbc2XSRR13077735.bin.1.fbc2 ,-0.2055826646413834,-0.2055826646413834,24.97282390411965,-0.0039497149787166,-0.5736171063568918,1000.0,0.0,-275.795997546422,-7.709567158376785,-0.3426377744023057,-0.0272925305027911,1000.0,-749.9336941597951,-1000.0,-0.0134685280773965,-0.111730859947329,-0.111730859947329,975.0271760958803,-0.0021466063390107,1000.0,-1000.0,1000.0,-724.204002453578,-4.190025311374711,-0.1862180999122529,-0.0148330498028599,-14.800915105914669,-132.91017648289835,1000.0,-0.0073199276160949, Amensalism,Healthy
SRR13077735.bin.41.fbc2XSRR13077735.bin.9.fbc2 ,-0.0941358279036421,-0.0941358279036421,351.8160214666025,-0.001808565377587,1000.0,-1000.0,1000.0,-1000.0,-3.5301930174844074,-0.1568930465061839,-0.0124971867592194,-519.7715441639568,-191.76365227190388,1000.0,-0.0061672079375512,-0.1150568981229298,-0.1150568981229298,648.1839785333975,-0.00221050716857,-1000.0,999.82740360028,-295.8949134514247,0.0,-4.314755257503293,-0.1917614968715497,-0.0152746045346248,1000.0,-270.7389646340173,-999.8274036002798,-0.0075378294448, Amensalism,Healthy
SRR13077735.bin.50.fbc2XSRR13077735.bin.7.fbc2 ,-0.0618759872827467,-0.0618759872827467,346.0776356212025,-0.0011887797749068,-917.2368433463351,1000.0,1000.0,0.308678199807332,-2.320414905990333,-0.1031266454712067,-0.0082144682444322,86.57859475280816,-20.713994144621893,-1000.0,-0.0040537390323152,-0.256213206704956,-0.256213206704956,653.9223643787975,-0.0049224439328554,1000.0,-0.7148865323681548,0.0,842.479214620729,-9.6082659858522,-0.4270220111749268,-0.0340140875759971,913.4214052471918,-586.566800927367,0.7148865323681548,-0.016785533811003, Competition,Healthy
SRR13077735.bin.23.fbc2XSRR13077735.bin.3.fbc2 ,-0.0763360581491952,-0.0763360581491952,264.9620021063374,-0.0014665909346831,1000.0,-861.1244204841951,142.6214473578225,-31.434198796961937,-2.8626828430966498,-0.1272267635820299,-0.0101341433585275,130.1989342281504,-356.44080740508866,861.1244204841951,-0.0050010750871933,-0.1667990497463733,-0.1667990497463733,735.0379978936626,-0.0032045926944874,-1000.0,999.749785402417,-252.09228012403787,-511.95258807737935,-6.255140618086557,-0.2779984162439177,-0.0221437355186253,869.8010657718496,-349.53215702928094,-999.749785402417,-0.0109276610880897, Competition,Healthy
SRR13077735.bin.50.fbc2XSRR13077735.bin.37.fbc2 ,-0.0476156495815303,-0.0476156495815303,215.37044136561008,-0.0009148059477865,0.0,205.33654479511824,849.5427302730754,-62.70856557591537,-1.7856371736361325,-0.0793594159692929,-0.0063213090991212,0.0,-51.351993210880096,-205.33654479511824,-0.0031194882818681,-0.39754244975245,-0.39754244975245,784.6295586343899,-0.0076377031653009,1000.0,-1000.0,150.45726972692455,1000.0,-14.90826193939222,-0.6625707495874167,-0.0527765288720729,1000.0,-948.64800678912,1000.0,-0.0260445677936331, Amensalism,Healthy
SRR13077735.bin.43.fbc2XSRR13077735.bin.20.fbc2 ,-0.1419535865080661,-0.1419535865080661,996.3113266380664,-0.0027272543037497,-1000.0,999.603920857472,0.0,-620.520164947913,-5.323409493040799,-0.2365893108468526,-0.0188453272386368,1000.0,-501.7530828435277,-999.6039208574722,-0.0092999371756832,-0.0906810918303335,-0.0906810918303335,3.6886733619336383,-0.0017421919659454,999.8639696512946,-1000.0,1000.0,1000.0,-3.4006367641948145,-0.151135153050518,-0.0120385464850869,-193.9827058875427,-498.2469171564724,1000.0,-0.0059408746041071, Neutralism,Healthy
SRR13077735.bin.13.fbc2XSRR13077735.bin.45.fbc2 ,-0.0452821270629328,-0.0452821270629328,32.27490783689791,-0.0008699736226844,1000.0,-1000.0,-930.5770618774504,-6.76730731777991,-1.6981276134075642,-0.0754702117715169,-0.0060115177329862,437.1526172215781,-250.0171031376892,1000.0,-0.0029666100534768,-0.1125591974603139,-0.1125591974603139,967.725092163102,-0.0021625206044291,-1000.0,999.8311503912064,1000.0,-42.86489160592009,-4.221088843396046,-0.1875986624338566,-0.0149430173765949,81.95994430841597,-181.1097623818396,-999.8311503912064,-0.0073741952610362, Amensalism,Healthy
SRR13077735.bin.23.fbc2XSRR13077735.bin.33.fbc2 ,-0.0809771529693534,-0.0809771529693534,325.65006011500736,-0.0015557570214923,-1000.0,999.8785264917608,153.64473947724264,0.0,-3.036728802988705,-0.134961921615627,-0.0107502810186588,125.87564427067856,-365.4463267490296,-999.8785264917608,-0.0053051314433787,-0.0631832531385043,-0.0631832531385043,504.314316602489,-0.0012138953533167,1000.0,-0.1762940221577764,196.5991773299368,-1000.0,-2.3694387569400988,-0.105305421897583,-0.0083880168912173,874.1243557293215,-249.97962173175665,0.1762940221577764,-0.0041393831546656, Neutralism,Healthy
SRR13077735.bin.52.fbc2XSRR13077735.bin.11.fbc2 ,-0.0825616580931409,-0.0825616580931409,324.4946835262281,-0.0015861990027588,-1000.0,1000.0,-477.832655685241,570.8360262393717,-3.0961494194384613,-0.1376027634886441,-0.0109606351089723,424.8505234909876,-500.1685812300123,-1000.0,-0.0054089385994302,-0.1490084141306624,-0.1490084141306624,675.5053164737719,-0.0028627937392684,1000.0,-1000.0,-522.167344314759,429.1639737606283,-5.587972983556369,-0.2483473568844374,-0.0197819047385792,545.4995314861217,-499.8314187699877,1000.0,-0.0097621266510259, Competition,Healthy
SRR13077735.bin.9.fbc2XSRR13077735.bin.5.fbc2 ,-0.1262285566029959,-0.1262285566029959,948.1508823416386,-0.0024251403766584,-1000.0,999.8106450393936,153.41843939553746,-284.0526216322881,-4.733704255331418,-0.2103809276716219,-0.0167577200023743,1000.0,-449.66111115594174,-999.8106450393936,-0.0082697286842403,-0.13376379662418,-0.13376379662418,51.849117658361365,-0.0025699096373728,0.0,0.0,-1000.0,971.064085305517,-5.016283718435147,-0.2229396610401863,-0.017758075594088,0.0,-550.3388888440583,0.0,-0.00876339186334, Amensalism,Healthy
SRR13077735.bin.47.fbc2XSRR13077735.bin.7.fbc2 ,-0.0870815470253774,-0.0870815470253774,0.0167303644620915,-0.0016730364461636,534.982193723984,0.0,530.8028683028558,-210.91145015763695,-3.2656500304551628,-0.1451359117089623,-0.0115606818433207,0.0,-394.9040685011592,0.0,-0.0057050542816341,-0.2707111318998159,-0.2707111318998159,999.983269635538,-0.0052009823612024,-0.7553386683154031,1000.0,469.1971316971442,207.4297679078977,-10.151953500273748,-0.4511852198330643,-0.0359387881157999,1000.0,-605.0959314988409,-1000.0,-0.0177353498517049, Neutralism,Healthy
SRR13077735.bin.43.fbc2XSRR13077735.bin.13.fbc2 ,-0.1284312976257524,-0.1284312976257524,610.9455142960257,-0.0024674600888374,-1000.0,999.6416507712934,1000.0,-463.7743279789298,-4.816309371269767,-0.2140521627095495,-0.0170501492141283,1000.0,-504.0623522665143,-999.6416507712931,-0.0084140389030835,-0.0681245486406396,-0.0681245486406396,389.0544857039743,-0.0013088289844063,1000.0,-1000.0,-729.1404339675257,-184.9642086194383,-2.5547425596170115,-0.1135409144010282,-0.009044008282558,0.0,-292.2814935471275,1000.0,-0.0044631068369653, Neutralism,Healthy
SRR13077735.bin.9.fbc2XSRR13077735.bin.32.fbc2 ,-0.0860055246197362,-0.0860055246197362,149.0946434394427,-0.0016523635854355,0.0,-0.129016548747586,790.903873433122,0.0,-3.2252980532384754,-0.1433425410328936,-0.0114178323750593,222.3161053356621,-315.3765222947096,0.129016548747586,-0.0056345598261486,-0.2232515460374315,-0.2232515460374315,850.9053565605573,-0.0042891747557405,-1000.0,999.6651012350704,209.096126566878,1000.0,-8.372168881013067,-0.3720859100623102,-0.0296381975623489,777.6838946643379,-684.6234777052904,-999.6651012350702,-0.0146260859171434, Amensalism,Healthy
SRR13077735.bin.42.fbc2XSRR13077735.bin.37.fbc2 ,-0.0654779383407913,-0.0654779383407913,8.416277461269374,-0.0012579815243043,-1000.0,1000.0,60.78439302467723,-10.144311382456069,-2.45549187676545,-0.1091298972347658,-0.0086926523330248,3.64777269518288,-377.69193510261607,-1000.0,-0.0042897169979596,-0.4010244737859239,-0.4010244737859239,991.5837225387306,-0.0077046008411798,1000.0,-1000.0,23.20400179768137,1000.0,-15.038841520017286,-0.6683741229765019,-0.0532387918128733,996.352227304817,-622.3080648973839,1000.0,-0.0262726888686302, Amensalism,Healthy
SRR13077735.bin.42.fbc2XSRR13077735.bin.44.fbc2 ,-0.0860413319494455,-0.0860413319494455,0.0,-0.0016530515264321,-1000.0,1000.0,-929.9411931731976,5.044532910348835,-3.226640865938066,-0.1434022199157425,-0.0114225860475016,13.305290681808629,-500.13643334554376,-1000.0,-0.005636905705046,-0.099063604556477,-0.099063604556477,1000.0,-0.0019032392806366,1000.0,-1000.0,1000.0,-290.14198083887663,-3.7149898490285977,-0.1651060075940904,-0.0131513834290899,986.6947093181914,-499.8635666544562,1000.0,-0.0064900459469754, Neutralism,Healthy
SRR13077735.bin.37.fbc2XSRR13077735.bin.3.fbc2 ,-0.3897713937424214,-0.3897713937424214,640.3181086349555,-0.0074884033380158,1000.0,-1000.0,224.57357453249688,1000.0,-14.616839127523008,-0.6496189895706266,-0.0517448670655085,949.7390565849656,-859.5762627607392,1000.0,-0.02553545538251,-0.1221326920831415,-0.1221326920831415,359.6818913650445,-0.0023464494156542,-1000.0,999.8167892296284,655.5061562392134,-301.4416325721895,-4.580105007835186,-0.2035544868051602,-0.0162139654619295,50.26094341503449,-140.42373723926084,-999.8167892296284,-0.0080013925072535, Amensalism,Healthy
SRR13077735.bin.7.fbc2XSRR13077735.bin.11.fbc2 ,-0.2427182376303562,-0.2427182376303562,725.2682342825096,-0.0046631745942704,-456.6107495203687,1000.0,1000.0,633.8194758585682,-9.102190385741324,-0.4045303960506317,-0.0322225364461701,718.199421178588,-511.7046076056934,-1000.0,-0.0159014253663372,-0.1126993121487203,-0.1126993121487203,274.7317657174904,-0.0021652125292348,1000.0,-1000.0,-370.4669107660029,366.18052414143176,-4.226343292264801,-0.1878321869144201,-0.0149616185773311,281.80057882141205,-488.2953923943066,1000.0,-0.0073833747247817, Competition,Healthy
SRR13077735.bin.11.fbc2XSRR13077735.bin.3.fbc2 ,-0.1037992908248952,-0.1037992908248952,167.1573356306917,-0.0019942226863349,1000.0,-1000.0,-1000.0,203.66816301132167,-3.892583088181482,-0.1729988180414921,-0.0137800787626929,565.4175867547656,-361.2309540221005,1000.0,-0.0068002993605205,-0.17843753953764,-0.17843753953764,832.8426643693083,-0.003428194803746,-1000.0,999.7323265497192,778.4977722398228,-529.5257554702273,-6.691596283376157,-0.2973958992294001,-0.0236888260942578,434.5824132452344,-638.7690459778995,-999.7323265497196,-0.0116901442809194, Amensalism,Healthy
SRR13077735.bin.50.fbc2XSRR13077735.bin.55.fbc2 ,-0.0565479704529252,-0.0565479704529252,607.2589306053226,-0.0010864163391488,0.0,612.7565594202197,418.2941451566867,-615.7140056000524,-2.120608644884556,-0.0942466174216178,-0.0075071369035413,-13.439857355343406,-153.21034670199526,-612.7565594202198,-0.0037046797165203,-0.0945576058612687,-0.0945576058612687,392.7410693946774,-0.001816668700485,1000.0,-1000.0,581.7058548433133,-285.4338250316853,-3.546010136576683,-0.1575960097687812,-0.0125531807204879,168.4829220388713,-286.2215950626635,1000.0,-0.0061948402686766, Competition,Healthy
SRR13077735.bin.37.fbc2XSRR13077735.bin.28.fbc2 ,-0.4160629097927995,-0.4160629097927995,998.939380647006,-0.0079935237232575,-1000.0,1000.0,278.0993217939231,1000.0,-15.602798761036183,-0.6934381829880749,-0.0552352489273744,1000.0,-999.9667090807532,-1000.0,-0.0272579158961434,-0.0887700997335514,-0.0887700997335514,1.06061935299374,-0.001705477420387,1000.0,-1000.0,721.9006782060769,-18.562586791745503,-3.328972541267831,-0.1479501662226994,-0.0117848489752532,0.0,-0.0332909192468378,1000.0,-0.0058156780037279, Neutralism,Healthy
SRR13077735.bin.52.fbc2XSRR13077735.bin.5.fbc2 ,-0.1158319400415166,-0.1158319400415166,972.3048538141924,-0.0022253975032526,1000.0,-1000.0,-1000.0,-131.01866845379843,-4.343820148419013,-0.1930532334024519,-0.0153774967470781,1000.0,-499.48847152078815,1000.0,-0.0075886054859211,-0.1323050473895364,-0.1323050473895364,27.69514618580752,-0.0025418837154802,-1000.0,1000.0,0.0,977.0715515481916,-4.961579080713705,-0.2205084123160077,-0.0175644164737605,-9.20064587162085,-500.5115284792119,-1000.0,-0.0086678234697501, Amensalism,Healthy
SRR13077735.bin.47.fbc2XSRR13077735.bin.52.fbc2 ,-0.0870815470253774,-0.0870815470253774,0.0167303644619778,-0.0016730364461636,-324.1973038371325,1000.0,1000.0,-257.8516176372645,-3.2656500304551628,-0.1451359117089623,-0.0115606818433207,0.0,-500.5194453303216,-1000.0,-0.0057050542816341,-0.1165782942285886,-0.1165782942285886,999.983269635538,-0.0022397366806217,1000.0,-1000.0,-1000.0,-143.28732044298067,-4.371809219089187,-0.1942971570476857,-0.015476580463428,1000.0,-499.4805546696784,1000.0,-0.0076375020810246, Neutralism,Healthy
SRR13077735.bin.44.fbc2XSRR13077735.bin.33.fbc2 ,-0.0996309657552956,-0.0996309657552956,994.4200062800542,-0.001914139591804,1000.0,-1000.0,891.1161151849551,529.4959816581036,-3.736266493498988,-0.1660516095920456,-0.0132267045796652,65.31528969763599,-684.5591344411963,1000.0,-0.0065272160081804,-0.063068735142906,-0.063068735142906,5.579993719945946,-0.0012116951996858,-0.1759744938483436,1000.0,108.8838848150449,-1000.0,-2.3651442110956395,-0.1051145585715858,-0.0083728138297374,934.684710302364,-249.9796586668356,-1000.0,-0.0041318806308936, Neutralism,Healthy
SRR13077735.bin.42.fbc2XSRR13077735.bin.7.fbc2 ,-0.086074914796427,-0.086074914796427,0.0,-0.0016536967300453,1000.0,-1000.0,-934.3259149131732,4.459605654385314,-3.2279002581874465,-0.1434581913274542,-0.0114270444042858,11.5497953058416,-499.790057562524,1000.0,-0.0056391058492408,-0.2849027994443531,-0.2849027994443531,1000.0,-0.0054736368768999,0.0,483.1889977276133,112.16464073624728,911.756786356581,-10.68415602918992,-0.474837999073884,-0.0378228308195502,988.4502046941584,-500.209942437476,-483.18899772761335,-0.0186651017503436, Neutralism,Healthy
SRR13077735.bin.50.fbc2XSRR13077735.bin.26.fbc2 ,-0.0794126509127863,-0.0794126509127863,600.7376613934989,-0.001525699345052,610.4005003594411,0.1615866556783203,1000.0,-612.6114724891056,-2.978058322695233,-0.1323544181880152,-0.0105425824747271,-12.33766946749995,-152.6703034049964,-0.1615866556783203,-0.0052026347667606,-0.1077175387814577,-0.1077175387814577,399.2623386065011,-0.0020695012253781,-1000.0,999.8384133443216,0.0,1000.0,-4.0395215268735,-0.1795292313024674,-0.0143002534674678,1000.0,-632.2162490403666,-999.8384133443216,-0.0070569991785305, Amensalism,Healthy
SRR13077735.bin.9.fbc2XSRR13077735.bin.13.fbc2 ,-0.1174661013120612,-0.1174661013120612,604.6632275212514,-0.0022567934930748,-1000.0,999.8237895640644,285.61535619598567,-809.8986314866036,-4.405102922845913,-0.1957768355201778,-0.015594443036889,1000.0,-524.5789159928593,-999.8237895640644,-0.0076956658111839,-0.0683037106449546,-0.0683037106449546,395.33677247874857,-0.001312271097845,1000.0,-1000.0,-719.8740127887048,-190.10136851339644,-2.561461324098218,-0.1138395177416669,-0.0090677932863627,-3.232451781869827,-292.752927090398,1000.0,-0.0044748444438482, Neutralism,Healthy
SRR13077735.bin.23.fbc2XSRR13077735.bin.1.fbc2 ,-0.0763360581491952,-0.0763360581491952,264.9620021063372,-0.0014665909346831,-861.1244204841954,1000.0,142.6214473578225,-31.43419879696205,-2.8626828430966498,-0.1272267635820299,-0.0101341433585275,130.19893422815062,-356.44080740508866,-1000.0,-0.0050010750871933,-0.0842298857016885,-0.0842298857016885,735.0379978936628,-0.0016182494850909,1000.0,-1000.0,-280.40273364807774,-430.31286151524137,-3.158709717536908,-0.1403831428361854,-0.0111821039423603,-7.677088834986762,-1.8663635418298556,1000.0,-0.0055182307443146, Competition,Healthy
SRR13077735.bin.26.fbc2XSRR13077735.bin.13.fbc2 ,-0.1174109288198224,-0.1174109288198224,615.1694779210702,-0.0022557335028068,-1000.0,999.8238723281028,664.7941760370293,286.73634459627874,-4.403033896085049,-0.1956848813663327,-0.015587118504186,999.4226946933728,-500.013015582311,-999.8238723281028,-0.0076920512444758,-0.0679774255947904,-0.0679774255947904,384.8305220789298,-0.0013060024130027,1000.0,-1000.0,-720.2382462494821,-184.2761038115883,-2.549225289939045,-0.1132957093246886,-0.0090244766736304,0.5773053066270677,-292.2623448084373,1000.0,-0.0044534682282346, Amensalism,Healthy
SRR13077735.bin.47.fbc2XSRR13077735.bin.55.fbc2 ,-0.0870815470253774,-0.0870815470253774,8.080933338849945,-0.0016730364461636,-489.5610327198052,1000.0,17.722732576857993,-194.01378787015005,-3.2656500304551628,-0.1451359117089623,-0.0115606818433207,-6.028519148094574,-388.5929531298991,-1000.0,-0.0057050542816341,-0.1166938612777812,-0.1166938612777812,991.91906666115,-0.0022419569889962,1000.0,-1000.0,982.277267423142,-805.98621212985,-4.376143105552046,-0.1944897687963021,-0.0154919227940126,342.3124844140657,-288.8610989774013,1000.0,-0.0076450733324691, Neutralism,Healthy
SRR13077735.bin.1.fbc2XSRR13077735.bin.13.fbc2 ,-0.111730859947329,-0.111730859947329,975.02717609588,-0.0021466063390107,-1000.0,1000.0,763.2455276810474,-268.2163106872654,-4.190025311374711,-0.1862180999122529,-0.0148330498028599,8.663481368402927,-160.57814236079014,-1000.0,-0.0073199276160949,-0.044627775528852,-0.044627775528852,24.972823904120105,-0.0008574020274636,1000.0,-1000.0,-931.5198761514714,-9.198783409855196,-1.6735887394428346,-0.07437962588142,-0.0059246480096817,449.7919976264216,-250.0168559879835,1000.0,-0.0029237409136158, Amensalism,Healthy
SRR13077735.bin.3.fbc2XSRR13077735.bin.45.fbc2 ,-0.125743352472341,-0.125743352472341,390.0242675198251,-0.0024158184912721,-1000.0,999.811372892199,33.6284337224738,-140.01358823291707,-4.7155085877287775,-0.2095722541205305,-0.0166933057748792,212.2226538785751,-500.2136368687321,-999.8113728921992,-0.008237941055313,-0.0871355107356066,-0.0871355107356066,609.9757324801749,-0.0016740732129392,999.8692883635304,-1000.0,966.3715662775262,299.3660903720281,-3.267673726612884,-0.1452258512260869,-0.011567845901709,0.364261590412525,-206.074825708718,1000.0,-0.0057085896562512, Competition,Healthy
SRR13077735.bin.7.fbc2XSRR13077735.bin.13.fbc2 ,-0.2681755251811637,-0.2681755251811637,793.7403272774154,-0.0051522675347541,-0.7482638140645577,1000.0,1000.0,399.2841697878012,-10.056865569006844,-0.446959208635235,-0.0356021686648091,785.9301079669144,-729.234801997829,-1000.0,-0.01756923229334,-0.0565540280599634,-0.0565540280599634,206.25967272258455,-0.0010865327196825,1000.0,-1000.0,-830.3205343626014,-91.42721618524638,-2.1208358115491137,-0.0942567134333103,-0.0075079410930811,214.0698920330856,-270.765198002171,1000.0,-0.0037050765741923, Amensalism,Healthy
SRR13077735.bin.52.fbc2XSRR13077735.bin.26.fbc2 ,-0.1099851251153722,-0.1099851251153722,855.9238300481475,-0.0021130667649913,1000.0,-1000.0,-1000.0,0.0,-4.1245584104990485,-0.1833085418589917,-0.014601291345798,894.5424448225929,-499.5142917940765,1000.0,-0.0072055576684988,-0.0962606732373387,-0.0962606732373387,144.0761699518525,-0.0018493885347652,-1000.0,999.8555997432012,52.94308714575664,-1000.0,-3.609876962769931,-0.1604344553956025,-0.0127792747756529,105.45755517740712,-500.4857082059235,-999.8555997432012,-0.0063064149037472, Amensalism,Healthy
SRR13077735.bin.47.fbc2XSRR13077735.bin.9.fbc2 ,-0.0870815470253774,-0.0870815470253774,0.0167303644620915,-0.0016730364461636,1000.0,-0.4075291106992154,762.9048306317818,-669.4932081748582,-3.2656500304551628,-0.1451359117089623,-0.0115606818433207,-6.028519148094574,-511.0566377924883,0.4075291106992154,-0.0057050542816341,-0.1275508136619692,-0.1275508136619692,999.983269635538,-0.0024505439704398,-1000.0,999.8086615267872,237.0951693682182,-330.5067918251418,-4.783290292243351,-0.2125846894366532,-0.0169332588358201,1000.0,-488.9433622075117,-999.8086615267872,-0.0083563549392238, Neutralism,Healthy
SRR13077735.bin.37.fbc2XSRR13077735.bin.26.fbc2 ,-0.4031860281996842,-0.4031860281996842,899.5306119889024,-0.0077461292642055,1000.0,-1000.0,126.1909395044422,1000.0,-15.11990209459782,-0.6719767136661403,-0.0535257532153536,982.337504006318,-714.2857142857142,1000.0,-0.0264143007907478,-0.0937069566294894,-0.0937069566294894,100.46938801109764,-0.0018003257757754,-1000.0,999.8594305634268,597.0899642100403,-21.29250695996029,-3.514109891524299,-0.1561782610491491,-0.0124402511106609,17.662495993682228,-285.7142857142858,-999.8594305634268,-0.0061391108954467, Amensalism,Healthy
SRR13077735.bin.37.fbc2XSRR13077735.bin.20.fbc2 ,-0.3796651773376425,-0.3796651773376425,996.3113266380664,-0.0072942397182487,1000.0,-1000.0,294.5053984568808,186.2264598412453,-14.237845333345945,-0.6327752955627375,-0.0504031964534306,1000.0,-501.7530828435277,1000.0,-0.0248733574394464,-0.0906810918303335,-0.0906810918303335,3.6886733619336383,-0.0017421919659454,-1000.0,999.8639696512946,705.4946015431192,813.7735401587547,-3.4006367641948145,-0.151135153050518,-0.0120385464850869,0.0,-498.2469171564724,-999.8639696512948,-0.0059408746041071, Neutralism,Healthy
SRR13077735.bin.32.fbc2XSRR13077735.bin.26.fbc2 ,-0.2235424859231898,-0.2235424859231898,855.9238300481472,-0.004294764378983,-1000.0,999.6646647972934,784.133207128594,610.527938275141,-8.383079434161687,-0.3725708098720588,-0.029676821858402,968.220625246454,-502.7165312823596,-999.6646647972932,-0.0146451465321888,-0.0962606732373387,-0.0962606732373387,144.07616995185276,-0.0018493885347652,0.0,-0.1444002567986899,215.866792871406,-1000.0,-3.609876962769931,-0.1604344553956025,-0.0127792747756529,31.77937475354588,-497.2834687176404,0.1444002567986899,-0.0063064149037472, Amensalism,Healthy
SRR13077735.bin.41.fbc2XSRR13077735.bin.42.fbc2 ,-0.0430170655723713,-0.0430170655723713,510.88916063791726,-0.0008264565911986,0.0,0.0,1000.0,-617.9494135920653,-1.6131854140775204,-0.0716951092873614,-0.0057108150452904,-3.4914650443511164,-476.1595992802901,0.0,-0.0028182169760384,-0.0860183073509688,-0.0860183073509688,17.004452072234017,-0.0016526091710602,-1000.0,1000.0,-929.9539454476096,-18.483305915002347,-3.225777419166775,-0.1433638455849859,-0.0114195293716647,10.74007174860867,-497.1724347290254,-1000.0,-0.0056353972731812, Amensalism,Healthy
SRR13077735.bin.47.fbc2XSRR13077735.bin.44.fbc2 ,-0.0870815470253774,-0.0870815470253774,0.0167303644620915,-0.0016730364461636,-465.0178062760151,1000.0,0.0,-1000.0,-3.2656500304551628,-0.1451359117089623,-0.0115606818433207,789.0885498423631,-394.90406850115926,-1000.0,-0.0057050542816341,-0.0998268486192728,-0.0998268486192728,999.983269635538,-0.0019179029513907,1000.0,-1000.0,1000.0,553.6428218134183,-3.743612307883268,-0.1663780810320076,-0.0132527093940097,41.56909320734917,-605.0959314988407,1000.0,-0.0065400490641422, Neutralism,Healthy
SRR13077735.bin.47.fbc2XSRR13077735.bin.1.fbc2 ,-0.0870815470253774,-0.0870815470253774,0.0167303644620915,-0.0016730364461636,-73.7515382142584,1000.0,762.8773797550571,-935.3142514441524,-3.2656500304551628,-0.1451359117089623,-0.0115606818433207,593.9807119325965,-688.3537695474769,-1000.0,-0.0057050542816341,-0.1136212426042675,-0.1136212426042675,999.983269635538,-0.0021829249299116,1000.0,-1000.0,237.1226202449429,-64.68574855584757,-4.26091665853005,-0.1893687376737034,-0.0150840112660262,225.841189891481,-55.22224843140782,1000.0,-0.0074437740111079, Neutralism,Healthy
SRR13077735.bin.38.fbc2XSRR13077735.bin.11.fbc2 ,-0.0969305247234615,-0.0969305247234615,381.5601920613276,-0.0018622579198108,-1000.0,1000.0,551.976819497927,565.8159759558064,-3.634997101317481,-0.1615508745392162,-0.0128682022254906,698.582810306651,-40.95250988110263,-1000.0,-0.0063502995063799,-0.1439333834251783,-0.1439333834251783,618.4398079386724,-0.0027652907477886,1000.0,-1000.0,-1000.0,434.1840240441936,-5.3976539694346,-0.2398889723752972,-0.0191081590676276,301.417189693349,-202.92475905921916,1000.0,-0.0094296414501968, Competition,Healthy
SRR13077735.bin.55.fbc2XSRR13077735.bin.26.fbc2 ,-0.0859797427973489,-0.0859797427973489,11.81890263878472,-0.0016518682573405,1000.0,-1000.0,728.6922747863537,-34.86077992381638,-3.224331207656178,-0.1432995713289528,-0.0114144096586414,7.7247884595385585,-285.88984627268155,1000.0,-0.0056328707577222,-0.1341576984149242,-0.1341576984149242,988.1810973612152,-0.002577477395107,-1000.0,999.7987505649904,-569.5940642427908,-47.471773603089446,-5.031055451817792,-0.2235961640249115,-0.0178103688001556,992.2752115404614,-500.0148720445697,-999.7987505649904,-0.0087891979172809, Amensalism,Healthy
SRR13077735.bin.55.fbc2XSRR13077735.bin.44.fbc2 ,-0.0859797427973489,-0.0859797427973489,11.818902638784609,-0.0016518682573405,-1000.0,1000.0,728.6922747863541,-34.86077992381661,-3.224331207656178,-0.1432995713289528,-0.0114144096586414,7.724788459538445,-285.88984627268167,-1000.0,-0.0056328707577222,-0.0971992782771167,-0.0971992782771167,988.1810973612156,-0.0018674212925589,1000.0,-1000.0,271.3077252136459,954.2267675235394,-3.645075643563132,-0.1619987971284899,-0.0129038811314785,992.2752115404614,-714.1101537273183,1000.0,-0.0063679066075792, Amensalism,Healthy
SRR13077735.bin.22.fbc2XSRR13077735.bin.55.fbc2 ,-0.0839993901735169,-0.0839993901735169,977.8280572698154,-0.001613821136857,-1000.0,1000.0,-393.3177378062228,-535.9528751508836,-3.1500658916685325,-0.1399989836224904,-0.0111515040556469,1000.0,-713.8875093183619,-1000.0,-0.0055031300767041,-0.0863368473973196,-0.0863368473973196,22.171942730184696,-0.0016587290566576,1000.0,-1000.0,733.8064093129196,-40.649301058972014,-3.23772300749863,-0.1438947456622372,-0.0114618177813099,0.0,-286.11249068163806,1000.0,-0.005656266083065, Amensalism,Healthy
SRR13077735.bin.42.fbc2XSRR13077735.bin.52.fbc2 ,-0.086074914796427,-0.086074914796427,0.0,-0.0016536967300453,-1000.0,1000.0,-934.3259149131736,4.459605654386678,-3.22790025818756,-0.1434581913274542,-0.0114270444042858,11.549795305841712,-499.7900575625245,-1000.0,-0.0056391058492408,-0.116297700893142,-0.116297700893142,1000.0,-0.0022343458384739,1000.0,-1000.0,-21.58309067412506,-147.97352457973147,-4.361286672512165,-0.1938295014884943,-0.0154393297439128,988.4502046941584,-499.4818049272739,1000.0,-0.0076191193091972, Neutralism,Healthy
SRR13077735.bin.9.fbc2XSRR13077735.bin.45.fbc2 ,-0.1004780675846177,-0.1004780675846177,342.4580543520908,-0.001930414362846,-1000.0,999.8492732465512,0.0,681.6740305099222,-3.768033707211657,-0.1674634459742492,-0.0133391632471102,704.114388408686,-272.60602028566177,-999.8492732465512,-0.006582712977206,-0.0907935897251945,-0.0907935897251945,657.5419456479092,-0.0017443533088226,999.8638008936456,-1000.0,1000.0,245.4300800033004,-3.404855554126925,-0.151322649541953,-0.0120534813640915,-0.0099253703273234,-201.75572272682712,1000.0,-0.0059482447830987, Competition,Healthy
SRR13077735.bin.47.fbc2XSRR13077735.bin.20.fbc2 ,-0.0870815470253774,-0.0870815470253774,996.3113266380664,-0.0016730364461636,-1000.0,999.8693693142798,1000.0,-717.838358888012,-3.2656500304551628,-0.1451359117089623,-0.0115606818433207,-6.028519148094574,-446.9896890945363,-999.8693693142798,-0.0057050542816341,-0.0906810918303335,-0.0906810918303335,3.6886733619336383,-0.0017421919659454,1000.0,-783.0080565779599,-257.9838376378248,1000.0,-3.4006367641948145,-0.151135153050518,-0.0120385464850869,-22.80450884855816,-553.0103109054637,783.0080565779599,-0.0059408746041071, Neutralism,Healthy
SRR13077735.bin.44.fbc2XSRR13077735.bin.3.fbc2 ,-0.0398231848232626,-0.0398231848232626,0.0,-0.0007650948092532,1000.0,-1000.0,1000.0,1000.0,-1.4934115110853554,-0.0663719747053619,-0.0052868051321866,293.2611906467366,-725.8985384484029,1000.0,-0.0026089732996297,-0.1979643875416741,-0.1979643875416741,1000.0,-0.0038033503850556,-1000.0,999.7030344019356,0.0,-840.4736416877291,-7.423873717083325,-0.3299406459027523,-0.0262811511606742,706.7388093532634,-274.10146155159714,-999.7030344019356,-0.0129694248130363, Amensalism,Healthy
SRR13077735.bin.32.fbc2XSRR13077735.bin.7.fbc2 ,-0.1875681836941112,-0.1875681836941112,463.34170681928526,-0.003603615440852,-1000.0,999.7186297063816,0.0,592.8547883801307,-7.034005087379569,-0.3126136394902232,-0.0249009826959536,470.5423252300261,-282.53624398235763,-999.7186297063816,-0.0122883286531987,-0.2472439693636943,-0.2472439693636943,536.6582931807147,-0.0047501242913767,999.0287691555518,0.2813702936184654,1000.0,407.1452116198693,-9.271910107974918,-0.4120732822727859,-0.0328233588530793,529.4576747699739,-717.4637560176424,-0.2813702936184654,-0.0161979238334879, Competition,Healthy
SRR13077735.bin.9.fbc2XSRR13077735.bin.1.fbc2 ,-0.0757838378402766,-0.0757838378402766,12.525677932657004,-0.0014559815147094,-1000.0,999.886316963332,998.861862315954,125.57106576604065,-2.8419739979949554,-0.1263063964005368,-0.0100608322666175,39.531324986081245,-435.7027246047521,-999.886316963332,-0.0049648969651343,-0.1126737105915935,-0.1126737105915935,987.4743220673432,-0.0021647206646093,1000.0,-1000.0,1.138137684045773,-990.116089440517,-4.225383206822357,-0.1877895176527317,-0.0149582197923336,236.9289606749462,-0.2300665122320424,1000.0,-0.0073816974662577, Amensalism,Healthy
SRR13077735.bin.22.fbc2XSRR13077735.bin.23.fbc2 ,-0.0545089042559538,-0.0545089042559538,634.5324155624012,-0.0010472411960336,-1000.0,1000.0,-615.3480049795787,-327.4023872473888,-2.044141507866016,-0.0908481737600368,-0.0072364366649253,637.5605344256926,-473.4661069690761,-1000.0,-0.0035710924786371,-0.086999185968466,-0.086999185968466,365.4675844375988,-0.0016714541012561,1000.0,-978.8394830085504,265.42030485116334,-121.54194114589518,-3.262561403791437,-0.1449986432807009,-0.0115497478394672,94.416146540794,-408.4613055701237,978.8394830085504,-0.0056996584851276, Amensalism,Healthy
SRR13077735.bin.28.fbc2XSRR13077735.bin.13.fbc2 ,-0.0894052878770708,-0.0894052878770708,18.01890146305664,-0.0017176808429439,-1000.0,1000.0,1000.0,307.3381060469701,-3.352792767835353,-0.1490088131283755,-0.0118691746249623,71.01797822678054,-0.0335291300549442,-1000.0,-0.0058572916746015,-0.0745797621419797,-0.0745797621419797,981.9810985369434,-0.0014328484561474,1000.0,-1000.0,-419.25053981035694,-850.760153096838,-2.796819886989624,-0.1242996035699661,-0.0099009828319367,-5.505304666658276,-365.1006639139032,1000.0,-0.0048860132354775, Neutralism,Healthy
SRR13077735.bin.20.fbc2XSRR13077735.bin.28.fbc2 ,-0.0906810918303335,-0.0906810918303335,34.33651301950499,-0.0017421919659454,-1000.0,1000.0,0.0,1000.0,-3.4006367641948145,-0.151135153050518,-0.0120385464850869,104.08532517560025,-500.1964147222469,-1000.0,-0.0059408746041071,-0.0894052878770708,-0.0894052878770708,442.1949089210898,-0.0017176808429439,1000.0,-1000.0,1000.0,-90.98254831110512,-3.352792767835353,-0.1490088131283755,-0.0118691746249623,895.9146748243998,-2.207082468760177,1000.0,-0.0058572916746015, Neutralism,Healthy
SRR13077735.bin.9.fbc2XSRR13077735.bin.7.fbc2 ,-0.0757838378402766,-0.0757838378402766,12.52567793265689,-0.0014559815147094,-1000.0,999.886316963332,976.8989347709212,0.0,-2.8419739979949554,-0.1263063964005368,-0.0100608322666175,0.0,-398.85812853998857,-999.886316963332,-0.0049648969651343,-0.2839492992603709,-0.2839492992603709,987.4743220673432,-0.0054553179493268,570.3901340228745,0.1136830366680214,23.101065229078927,1000.0,-10.64839876475196,-0.473248832100694,-0.0376962470295438,1000.0,-601.1418714600114,-0.1136830366680214,-0.0186026342070135, Amensalism,Healthy
SRR13077735.bin.42.fbc2XSRR13077735.bin.55.fbc2 ,-0.0860842020189238,-0.0860842020189238,0.0,-0.0016538751588086,-1000.0,1000.0,-929.9062863923598,5.047046347454966,-3.2282485388437863,-0.1434736700315397,-0.0114282773477043,13.311920039156462,-500.3856261830804,-1000.0,-0.0056397142917603,-0.1174823047106201,-0.1174823047106201,1000.0,-0.0022571047975361,1000.0,-1000.0,1000.0,-835.2313400262054,-4.405710567411234,-0.195803841184329,-0.0155965941507929,432.70801729251616,-286.34522711607644,1000.0,-0.00769672735953, Neutralism,Healthy
SRR13077735.bin.41.fbc2XSRR13077735.bin.7.fbc2 ,-0.0989003309592817,-0.0989003309592817,440.4808048226082,-0.0019001024199951,1000.0,-1000.0,1000.0,-1000.0,-3.708866916606553,-0.1648338849321362,-0.0131297077219869,-454.9752543184821,-221.7146262233357,1000.0,-0.0064793492521175,-0.249105298366544,-0.249105298366544,559.5191951773918,-0.0047858846947974,0.0,984.5288847670022,0.0,1000.0,-9.341711912404662,-0.4151754972775734,-0.0330704632414153,1000.0,-653.8832832180491,-984.5288847670024,-0.0163198668094537, Competition,Healthy
SRR13077735.bin.55.fbc2XSRR13077735.bin.45.fbc2 ,-0.0854373051364518,-0.0854373051364518,5.43543763899504,-0.0016414467845606,-1000.0,1000.0,696.1556101132448,-22.023045291450217,-3.2039892221901027,-0.1423955085607531,-0.0113423972812825,7.676053536092013,-285.888738678549,-1000.0,-0.0055973335353201,-0.1085213927331096,-0.1085213927331096,994.5645623610048,-0.0020849451053663,999.8372074861747,-1000.0,303.84438988675515,191.0592369232163,-4.069666899474555,-0.1808689878886298,-0.0144069706778964,336.3574985261969,-213.0673572820508,1000.0,-0.0071096628091709, Amensalism,Healthy
SRR13077735.bin.47.fbc2XSRR13077735.bin.37.fbc2 ,-0.0870815470253774,-0.0870815470253774,98.198469067082,-0.0016730364461636,-673.7142579035826,1000.0,-58.96730552321833,-162.66855805163482,-3.2656500304551628,-0.1451359117089623,-0.0115606818433207,-6.028519148094574,-340.59556997029745,-1000.0,-0.0057050542816341,-0.3940727768150509,-0.3940727768150509,901.801530932918,-0.0075710427822741,1000.0,-1000.0,53.8411620611048,1000.0,-14.778145537919158,-0.6567879613585319,-0.0523159056251643,1000.0,-659.4044300297026,1000.0,-0.0258172558874321, Neutralism,Healthy
SRR13077735.bin.38.fbc2XSRR13077735.bin.32.fbc2 ,-0.0809565982824551,-0.0809565982824551,100.4773443183724,-0.0015553621187791,-1000.0,999.8785573257657,-249.8030081888012,956.6160767684192,-3.0359579805101475,-0.1349276638042056,-0.0107475522407867,803.8452649560768,-588.5348124108666,-999.8785573257657,-0.0053037848250596,-0.2021337631671258,-0.2021337631671258,899.5226556816276,-0.0038834536632066,0.0,-0.3032200620190224,1000.0,43.38392323158087,-7.580229708718775,-0.336889605278543,-0.0268346648124406,196.1547350439232,-338.362426226005,0.3032200620190224,-0.0132425769913879, Competition,Healthy
SRR13077735.bin.42.fbc2XSRR13077735.bin.20.fbc2 ,-0.0846887844089678,-0.0846887844089678,16.741626519828856,-0.001627065982916,-1000.0,1000.0,-931.0365967969924,-18.19762278527037,-3.175918903965794,-0.1411479740149843,-0.0112430259416669,10.574070205118232,-489.48799895637495,-1000.0,-0.0055482950016312,-0.0906810918303335,-0.0906810918303335,28.149550648813147,-0.0017421919659454,1000.0,-958.7376547144876,-27.727913544763965,1000.0,-3.4006367641948145,-0.151135153050518,-0.0120385464850869,989.4259297948818,-510.51200104362505,958.7376547144876,-0.0059408746041071, Neutralism,Healthy
SRR13077735.bin.42.fbc2XSRR13077735.bin.22.fbc2 ,-0.0860995849222945,-0.0860995849222945,12.308142192722016,-0.0016541706997941,0.0,0.0,-921.299925889516,-14.14463558700595,-3.2288254139753008,-0.1434993082039,-0.0114303195352931,4.96911613252712,-496.4980026473233,0.0,-0.0056407220861274,-0.0718283888892301,-0.0718283888892301,840.1545988254065,-0.0013799882591456,-1000.0,1000.0,592.7479786021981,-672.1916582194173,-2.6936404827015394,-0.1197139814820502,-0.0095357188707794,995.0308838674728,-503.5019973526767,-1000.0,-0.0047057599637128, Amensalism,Healthy
SRR13077735.bin.5.fbc2XSRR13077735.bin.26.fbc2 ,-0.1329445267741675,-0.1329445267741675,27.449396573300877,-0.002554169582595,-1000.0,1000.0,-1000.0,991.848047897811,-4.985560233356296,-0.2215742112902035,-0.0176493118157168,-9.252710404487289,-537.7171072119445,-1000.0,-0.008709718276691,-0.1334559500861587,-0.1334559500861587,972.5506034266992,-0.0025639951985567,0.0,-0.2001967451051314,1000.0,-228.98494634781628,-5.004739147965438,-0.2224265834768175,-0.0177172068222262,789.0674963057306,-462.2828927880555,0.2001967451051314,-0.008743223627107, Amensalism,Healthy
SRR13077735.bin.55.fbc2XSRR13077735.bin.33.fbc2 ,-0.0857845341478196,-0.0857845341478196,16.791183984681084,-0.0016481178511185,-1000.0,1000.0,696.6610509431489,-26.81987672759692,-3.2170106770238363,-0.1429742235796993,-0.0113884943508537,-1.6188216406400215,-286.1745268098909,-1000.0,-0.0056200818721663,-0.061488686078178,-0.061488686078178,968.7749550772136,-0.0011813388294967,1000.0,-982.9640151217444,53.45483055533123,-973.1801232724032,-2.3058907015653176,-0.1024811434635921,-0.0081630513121808,988.5520293379412,-4.28205595351676,982.9640151217444,-0.0040283654087716, Amensalism,Healthy
SRR13077735.bin.28.fbc2XSRR13077735.bin.1.fbc2 ,-0.088723049042187,-0.088723049042187,0.0,-0.0017045734686007,-1000.0,1000.0,1000.0,-59.7571826571068,-3.327208090621639,-0.1478717484036451,-0.0117786026681869,67.6159243128468,-0.0332732741076142,-1000.0,-0.0058125955280274,-0.1136225099015746,-0.1136225099015746,1000.0,-0.0021829492776532,1000.0,-1000.0,0.0,-146.0001421391038,-4.260964183519263,-0.1893708498359956,-0.0150841795085625,521.7316873510938,-15.975234744440968,1000.0,-0.0074438570368329, Neutralism,Healthy
SRR13077735.bin.41.fbc2XSRR13077735.bin.26.fbc2 ,-0.1212246347944301,-0.1212246347944301,855.923830048147,-0.0023290035503578,1000.0,-1000.0,1000.0,-1000.0,-4.546051899985059,-0.2020410579906411,-0.0160934145327473,-151.36918144612832,-362.0513276267942,1000.0,-0.0079419021066087,-0.0962606732373387,-0.0962606732373387,144.076169951853,-0.0018493885347652,-1000.0,999.8555997432012,0.0,0.0,-3.609876962769931,-0.1604344553956025,-0.0127792747756529,1000.0,-488.7795480179969,-999.8555997432012,-0.0063064149037472, Amensalism,Healthy
SRR13077735.bin.26.fbc2XSRR13077735.bin.45.fbc2 ,-0.0910608271454975,-0.0910608271454975,55.27477932620059,-0.0017494875531838,-1000.0,999.863400011844,0.0,-454.9011064570904,-3.414877239770476,-0.1517680452424201,-0.0120889589927628,929.3914448033464,-817.3593535580726,-999.863400011844,-0.0059657525564489,-0.1109452923000162,-0.1109452923000162,944.7252206737994,-0.0021315137810233,999.8335714039812,-1000.0,1000.0,-27.443142750587757,-4.160565694509955,-0.1849088205001408,-0.0147287602266032,70.60855519665347,-182.6406464419274,1000.0,-0.0072684619931351, Amensalism,Healthy
SRR13077735.bin.5.fbc2XSRR13077735.bin.28.fbc2 ,-0.1635184456940805,-0.1635184456940805,998.9469950859102,-0.0031415647587209,-1000.0,1000.0,-164.49599737337223,95.42150658728838,-6.132114499591125,-0.2725307428235055,-0.0217082124830767,608.378888432791,-999.9667093339764,-1000.0,-0.0107127358273828,-0.0887694245152488,-0.0887694245152488,1.053004914089911,-0.001705464447923,1000.0,-1000.0,1000.0,-61.74981948511447,-3.3289472198661088,-0.147949040858748,-0.011784759335228,391.621111567209,-0.0332906660237313,1000.0,-0.0058156337674972, Neutralism,Healthy
SRR13077735.bin.28.fbc2XSRR13077735.bin.3.fbc2 ,-0.088723049042187,-0.088723049042187,0.0,-0.0017045734686007,1000.0,-1000.0,0.0,-567.0480616317324,-3.327208090621639,-0.1478717484036451,-0.0117786026681869,549.621470686197,-0.0332732741076142,1000.0,-0.0058125955280274,-0.1979643875416741,-0.1979643875416741,1000.0,-0.0038033503850556,-1000.0,999.7030344019356,1000.0,-359.3651026126057,-7.423873717083325,-0.3299406459027523,-0.0262811511606742,450.378529313803,-773.3518011857311,-999.7030344019356,-0.0129694248130363, Neutralism,Healthy
SRR13077735.bin.9.fbc2XSRR13077735.bin.43.fbc2 ,-0.1049040040328463,-0.1049040040328463,401.5916959107972,-0.0020154467633801,0.0,-0.1573660832831365,503.0011095503048,-685.3391805689363,-3.9340110008046167,-0.1748400067214106,-0.0139267371348523,710.6381678050498,-496.3514899928636,0.1573660832831365,-0.0068726734630217,-0.1153476714659973,-0.1153476714659973,598.4083040892028,-0.0022160935920965,-1000.0,999.6781567276272,496.9988904496952,-314.6608194310637,-4.3256595651220096,-0.1922461191099955,-0.015313206721089,289.36183219495024,-503.6485100071365,-999.6781567276272,-0.0075568791488649, Competition,Healthy
SRR13077735.bin.22.fbc2XSRR13077735.bin.11.fbc2 ,-0.0051631797612117,-0.0051631797612117,60.10403200329984,-9.919653723500232e-05,0.0,0.0,0.0,-31.53905864324406,-0.1936246968551813,-0.0086052996019816,-0.0006854480720903,61.34019494672293,-44.66034545100092,0.0,-0.0003382601918247,-0.1725215783725389,-0.1725215783725389,939.8959679967002,-0.003314535607501,-1000.0,1000.0,-1000.0,-42.19419712220201,-6.469741488430032,-0.2875359639542694,-0.022903441048129,938.6598050532772,-500.3522688443696,-1000.0,-0.0113025664217047, Amensalism,Healthy
SRR13077735.bin.47.fbc2XSRR13077735.bin.23.fbc2 ,-0.0870815470253774,-0.0870815470253774,167.66825646551115,-0.0016730364461636,-409.4337095088047,1000.0,-376.8893924963529,-885.084695527146,-3.2656500304551628,-0.1451359117089623,-0.0115606818433207,596.93747516968,-600.8443415351088,-1000.0,-0.0057050542816341,-0.086999185968466,-0.086999185968466,375.9606967353702,-0.0016714541012561,999.8694928637768,-1000.0,248.18661817253545,-114.91530447285402,-3.262561403791437,-0.1449986432807009,-0.0115497478394672,106.50801570278212,-399.1556584648912,1000.0,-0.0056996584851276, Neutralism,Healthy
SRR13077735.bin.41.fbc2XSRR13077735.bin.43.fbc2 ,-0.0848127497879431,-0.0848127497879431,281.3306970510034,-0.0016294476424718,1000.0,-1000.0,1000.0,-508.6132778543995,-3.1805677366691043,-0.1413545829799432,-0.0112594832090735,-441.4528194381418,-235.71158667722693,1000.0,-0.0055564164606494,-0.1318193030996326,-0.1318193030996326,718.6693029489966,-0.0025325514524183,-1000.0,999.6321975525616,0.0,-491.3867221456005,-4.943363156567443,-0.2196988384994256,-0.0174999305363598,1000.0,-504.1695167347589,-999.6321975525616,-0.0086360004528387, Amensalism,Healthy
SRR13077735.bin.52.fbc2XSRR13077735.bin.28.fbc2 ,-0.1162189132842286,-0.1162189132842286,985.2118433552392,-0.0022328321476834,-1000.0,1000.0,-1000.0,-134.496506250254,-4.358332053926915,-0.1936981888070477,-0.0154288701401128,1000.0,-499.48215598624085,-1000.0,-0.0076139576234481,-0.0893095808321504,-0.0893095808321504,14.788156644760877,-0.0017158420909026,1000.0,-1000.0,1000.0,-21.619633223426376,-3.3492036525199183,-0.1488493013869174,-0.0118564688482365,0.0,-0.033493237614607,1000.0,-0.0058510215300202, Neutralism,Healthy
SRR13077735.bin.1.fbc2XSRR13077735.bin.45.fbc2 ,-0.0446938791848197,-0.0446938791848197,390.0242675198253,-0.0008586720304037,1000.0,-1000.0,24.804577964907367,-707.229093925699,-1.676067696391783,-0.0744897986413661,-0.0059334237304256,0.0,-0.091259663395931,1000.0,-0.0029280716238417,-0.0871355107356066,-0.0871355107356066,609.9757324801747,-0.0016740732129392,-1000.0,999.8692883635304,975.1954220350926,303.7807218790492,-3.267673726612884,-0.1452258512260869,-0.011567845901709,-4.04496266013166,-206.074825708718,-999.8692883635304,-0.0057085896562512, Competition,Healthy
SRR13077735.bin.55.fbc2XSRR13077735.bin.28.fbc2 ,-0.1169799889646583,-0.1169799889646583,981.9810985369433,-0.0022474541588053,-1000.0,1000.0,1000.0,-821.8108503789065,-4.386873196152806,-0.1949666482744305,-0.0155299082372266,425.2842566914492,-286.34252941788543,-1000.0,-0.0076638186814079,-0.0894052878770708,-0.0894052878770708,18.018901463056977,-0.0017176808429439,1000.0,-1000.0,0.0,-178.18914962109352,-3.352792767835353,-0.1490088131283755,-0.0118691746249623,574.7157433085508,-0.0335291300549442,1000.0,-0.0058572916746015, Neutralism,Healthy
SRR13077735.bin.37.fbc2XSRR13077735.bin.1.fbc2 ,-0.4001316016333476,-0.4001316016333476,721.4431295224722,-0.0076874467172274,-1000.0,1000.0,281.4630141982857,1000.0,-15.005357870818443,-0.6668860027222081,-0.0531202568162143,1000.0,-951.2198391530836,-1000.0,-0.0262141933058046,-0.0319205448275852,-0.0319205448275852,278.5568704775278,-0.0006132669515181,1000.0,-1000.0,-820.8897970451316,-4.97834064107451,-1.197054160717471,-0.0532009080460511,-0.0042376746350782,0.0,-0.0651780116095324,1000.0,-0.0020912403047077, Amensalism,Healthy
SRR13077735.bin.42.fbc2XSRR13077735.bin.11.fbc2 ,-0.0861641073847749,-0.0861641073847749,17.033274421369697,-0.0016554103243606,-1000.0,1000.0,0.0,-18.5146349042584,-3.2312450744969965,-0.1436068456413295,-0.0114388853415903,10.758276045716798,-498.0151362423535,-1000.0,-0.0056449492061574,-0.1734061872526808,-0.1734061872526808,954.97036103468,-0.0033315309750605,0.0,0.0,-1000.0,-93.34566666100376,-6.50291525617979,-0.2890103120878393,-0.0230208790377446,989.2417239542832,-501.9848637576465,0.0,-0.0113605206249758, Neutralism,Healthy
SRR13077735.bin.43.fbc2XSRR13077735.bin.32.fbc2 ,-0.0943781419166498,-0.0943781419166498,105.09136930325737,-0.0018132207860617,0.0,-0.2633340547658918,913.1430203219164,-66.77132834159124,-3.539280049019453,-0.1572969031944922,-0.0125293556319547,111.66632290491088,-502.9852323056176,0.2633340547658918,-0.006183082880625,-0.2258025822410445,-0.2258025822410445,894.9086306967426,-0.004338186018117,-1000.0,999.6612744357084,86.85697967808346,705.09403766074,-8.467835434271365,-0.3763376370684455,-0.0299768653849241,888.3336770950891,-497.0147676943824,-999.6612744357084,-0.0147932143216849, Amensalism,Healthy
SRR13077735.bin.22.fbc2XSRR13077735.bin.13.fbc2 ,-0.0678550582168782,-0.0678550582168782,789.8935886920872,-0.0013036514546911,-1000.0,1000.0,-521.3793147730094,-408.5679704973848,-2.544636383960892,-0.1130917636946833,-0.0090082315518884,790.862384234129,-589.8918638148023,-1000.0,-0.0044454514604694,-0.0568032456079663,-0.0568032456079663,210.1064113079128,-0.0010913207609064,1000.0,-1000.0,171.89610025523734,-93.29901535274736,-2.130181732941651,-0.094672076013353,-0.0075410264582842,209.13761576587103,-271.22393067994153,1000.0,-0.0037214037948842, Competition,Healthy
SRR13077735.bin.33.fbc2XSRR13077735.bin.11.fbc2 ,-0.0631832531385043,-0.0631832531385043,45.02963896531901,-0.0012138953533167,0.0,999.823705977842,1.0563536863068066,-1000.0,-2.3694387569400988,-0.105305421897583,-0.0083880168912173,988.2365346472924,-249.97962173175665,-999.8237059778422,-0.0041393831546656,-0.1734061872526808,-0.1734061872526808,954.970361034681,-0.0033315309750605,1000.0,-1000.0,-858.131092304139,889.2987932986966,-6.50291525617979,-0.2890103120878393,-0.0230208790377446,11.7634653527075,-615.9089060026492,1000.0,-0.0113605206249758, Neutralism,Healthy
SRR13077735.bin.38.fbc2XSRR13077735.bin.33.fbc2 ,-0.1779571856869779,-0.1779571856869779,1000.0,-0.0034189661034815,-1000.0,999.7330471266392,0.0,672.1455439607739,-6.67358250639893,-0.2965953094783344,-0.0236250557751418,997.7791432145495,-758.0085552058468,-999.733047126639,-0.0116586744129563,-0.0623969748636454,-0.0623969748636454,0.0,-0.0011987891424496,1000.0,-0.1741001471554,1000.0,-1000.0,-2.339952490787482,-0.103994958106,-0.0082836329742121,2.2208567854505645,-241.99144479415315,0.1741001471554,-0.0040878709756952, Neutralism,Healthy
SRR13077735.bin.3.fbc2XSRR13077735.bin.26.fbc2 ,-0.197239548208131,-0.197239548208131,990.8463418278463,-0.0037894245573397,-1000.0,999.704121730565,917.602675277449,-1000.0,-7.396691476155524,-0.328732580346923,-0.026184923691062,1000.0,-500.0,-999.704121730565,-0.0129219377404297,-0.0870809846215934,-0.0870809846215934,9.153658172153657,-0.0016730256411392,0.0,-0.1306298420605571,82.39732472255105,1000.0,-3.265628939719022,-0.1451349743692844,-0.0115606071802858,0.0,-500.0,0.1306298420605571,-0.0057050174362984, Amensalism,Healthy
SRR13077735.bin.32.fbc2XSRR13077735.bin.28.fbc2 ,-0.2318951263313238,-0.2318951263313238,1000.0,-0.0044552377777336,-1000.0,999.652135034314,930.1603887270708,965.224686078236,-8.696312275501668,-0.386491877218873,-0.0307856930442085,678.3421964441422,-769.0390924122892,-999.652135034314,-0.015192360822084,-0.088723049042187,-0.088723049042187,0.0,-0.0017045734686007,1000.0,-1000.0,69.83961127292923,34.77531392176388,-3.327208090621639,-0.1478717484036451,-0.0117786026681869,321.6578035558577,-0.0332732741076142,1000.0,-0.0058125955280274, Neutralism,Healthy
SRR13077735.bin.41.fbc2XSRR13077735.bin.52.fbc2 ,-0.1098550446287163,-0.1098550446287163,644.3420056436714,-0.0021105676200932,-1000.0,1000.0,1000.0,-1000.0,-4.119680254797231,-0.1830917410478605,-0.0145840222552351,-307.17636253584806,-289.9874502029777,-1000.0,-0.0071970355846815,-0.0848524904255327,-0.0848524904255327,355.6579943563286,-0.0016302111513368,1000.0,-1000.0,-1000.0,0.0,-3.1820580525690048,-0.1414208173757742,-0.011264759055507,677.6781058528818,-499.6252806836429,1000.0,-0.0055590200259985, Competition,Healthy
SRR13077735.bin.41.fbc2XSRR13077735.bin.32.fbc2 ,-0.0433617589449113,-0.0433617589449113,5.388496221989044,-0.0008330789422643,1000.0,-1000.0,1000.0,-11.290418996097287,-1.6261117797749876,-0.0722695982415189,-0.005756575491091,-13.392468775586964,-471.0320540577261,1000.0,-0.0028407991931089,-0.2312376903242921,-0.2312376903242921,994.611503778011,-0.0044426069226801,-1000.0,999.653121251479,0.0,330.8179695359454,-8.671657730542165,-0.3853961505404868,-0.0306984138355801,1000.0,-301.14407741802097,-999.653121251479,-0.0151492896062563, Amensalism,Healthy
SRR13077735.bin.22.fbc2XSRR13077735.bin.1.fbc2 ,-0.0021452667094763,-0.0021452667094763,24.97282390411965,-4.1215498754354485e-05,-1000.0,1000.0,-985.3658444930636,-13.03050331503482,-0.0804497684579246,-0.0035754445158318,-0.0002847990963346,25.37139920900654,-18.601079667359272,-1000.0,-0.0001405448507512,-0.111730859947329,-0.111730859947329,975.0271760958803,-0.0021466063390107,1000.0,-1000.0,371.5014998461711,-386.3295493282752,-4.190025311374711,-0.1862180999122529,-0.0148330498028599,234.06380494609311,-50.712123097556855,1000.0,-0.0073199276162085, Amensalism,Healthy
SRR13077735.bin.20.fbc2XSRR13077735.bin.13.fbc2 ,-0.0906810918303335,-0.0906810918303335,3.6886733619336383,-0.0017421919659454,-468.29064820569647,1000.0,0.0,321.3189048318786,-3.4006367641948145,-0.151135153050518,-0.0120385464850869,1000.0,-633.1237526708228,-1000.0,-0.0059408746041071,-0.0747328340263493,-0.0747328340263493,996.3113266380664,-0.0014357893185206,1000.0,-1000.0,-411.9011992989306,-866.873514358251,-2.802560244399956,-0.1245547233771731,-0.0099213041905841,-5.516604077316288,-366.8762473291772,1000.0,-0.0048960415759893, Neutralism,Healthy
SRR13077735.bin.20.fbc2XSRR13077735.bin.26.fbc2 ,-0.0906810918303335,-0.0906810918303335,3.6886733619336383,-0.0017421919659454,999.8639696512946,-1000.0,0.0,1000.0,-3.4006367641948145,-0.151135153050518,-0.0120385464850869,103.2291525186165,-498.2469171564724,1000.0,-0.0059408746041071,-0.1345227140589031,-0.1345227140589031,996.3113266380664,-0.002584490183608,-1000.0,999.7982030064608,-787.5354769337662,-1000.0,-5.044743924167733,-0.2242045234314673,-0.0178588271689932,896.7708474813835,-500.01491250835977,-999.7982030064608,-0.0088131115262513, Neutralism,Healthy
SRR13077735.bin.38.fbc2XSRR13077735.bin.22.fbc2 ,-0.176782752767167,-0.176782752767167,984.996406320518,-0.0033964025507202,-1000.0,999.7348088888366,-81.17447638371618,677.5639031709397,-6.629540030907378,-0.2946379212785359,-0.0234691416258101,984.9780045827664,-988.795328932642,-999.7348088888366,-0.0115817326981186,-0.0012888694593584,-0.0012888694593584,15.003593679482153,-2.476214137914212e-05,1000.0,-1000.0,-918.8255236162838,-7.760523578806897,-0.0483339666425308,-0.0021481157655216,-0.0001711063970333,15.021995417233711,-11.204671067357935,1000.0,-8.443890214948624e-05, Amensalism,Healthy
SRR13077735.bin.9.fbc2XSRR13077735.bin.55.fbc2 ,-0.1133904946851771,-0.1133904946851771,514.9772137981793,-0.0021784917327067,-1000.0,999.8299033655136,0.0,-341.07981629830874,-4.25226336774017,-0.1889841578087043,-0.0150533778727321,929.9225095706144,-350.8345606039743,-999.8299033655136,-0.0074286568084289,-0.1024285569192215,-0.1024285569192215,485.0227862018208,-0.0019678877409887,1000.0,-1000.0,1000.0,-420.06308246833385,-3.8411791182974175,-0.1707142615321117,-0.0135981042902812,70.07749042938553,-290.32389617935155,1000.0,-0.0067104971968774, Competition,Healthy
SRR13077735.bin.5.fbc2XSRR13077735.bin.45.fbc2 ,-0.1329445267741675,-0.1329445267741675,27.449396573300877,-0.002554169582595,-1000.0,1000.0,-1000.0,991.8480478978116,-4.985560233356296,-0.2215742112902035,-0.0176493118157168,-9.252710404487516,-819.2114262943079,-1000.0,-0.008709718276691,-0.1128978044622499,-0.1128978044622499,972.5506034266992,-0.0021690260223294,999.8306424481766,-1000.0,1000.0,-41.55847580348836,-4.233786963765624,-0.1881630074370832,-0.0149879698143422,77.45082778730966,-180.7885737056921,1000.0,-0.007396378736189, Amensalism,Healthy
SRR13077735.bin.47.fbc2XSRR13077735.bin.38.fbc2 ,-0.0870815470253774,-0.0870815470253774,0.0167303644620915,-0.0016730364461636,1000.0,-465.0178062760149,815.2821974917506,-210.91145015763675,-3.2656500304551628,-0.1451359117089623,-0.0115606818433207,0.0,-394.9040685011594,465.0178062760149,-0.0057050542816341,-0.1779961206185589,-0.1779961206185589,999.983269635538,-0.0034197141329741,-1000.0,999.7329887205016,184.7178025082494,683.301147082439,-6.6750426074721645,-0.2966602010309316,-0.0236302246585182,1000.0,-605.0959314988406,-999.7329887205016,-0.0116612251932792, Neutralism,Healthy
SRR13077735.bin.11.fbc2XSRR13077735.bin.26.fbc2 ,-0.1728022309932839,-0.1728022309932839,944.6784973232488,-0.0033199275886772,1000.0,-1000.0,-660.3529622666351,682.4696208954315,-6.480266258265488,-0.288003718322102,-0.0229406996380703,215.45432879563575,-499.9910510508419,1000.0,-0.0113209530775293,-0.0910640867402889,-0.0910640867402889,55.32150267675115,-0.0017495501775783,-1000.0,999.8633951221386,1000.0,317.5303791045685,-3.414999478021741,-0.1517734779005195,-0.0120893917267039,784.5456712043642,-500.0089489491581,-999.8633951221386,-0.0059659661053501, Amensalism,Healthy
SRR13077735.bin.47.fbc2XSRR13077735.bin.3.fbc2 ,-0.0870815470253774,-0.0870815470253774,0.0167303644620915,-0.0016730364461636,1000.0,-178.41993425005876,1000.0,-521.6579558891647,-3.2656500304551628,-0.1451359117089623,-0.0115606818433207,160.7933351212646,-528.2216526182099,178.41993425005876,-0.0057050542816341,-0.1979630627350843,-0.1979630627350843,999.983269635538,-0.0038033249325053,-1000.0,999.7030363892728,-116.03126004665262,-478.3420441108353,-7.423824035438088,-0.329938437891883,-0.0262809752833845,839.2066648787354,-471.7783473817901,-999.7030363892728,-0.0129693380197295, Neutralism,Healthy
SRR13077735.bin.47.fbc2XSRR13077735.bin.26.fbc2 ,-0.0870815470253774,-0.0870815470253774,0.0167303644619778,-0.0016730364461636,1000.0,-334.5832418894652,-414.1256936534494,-808.013670564918,-3.2656500304551628,-0.1451359117089623,-0.0115606818433207,553.6240322784311,-492.72999179107205,334.5832418894652,-0.0057050542816341,-0.1346875700047576,-0.1346875700047576,999.983269635538,-0.0025876574449057,-1000.0,999.7979557067056,286.0585244462759,-191.986329435082,-5.0509261963374,-0.2244792833412248,-0.0178807129439064,446.37596772156894,-507.270008208928,-999.7979557067056,-0.0088239118869068, Neutralism,Healthy
SRR13077735.bin.38.fbc2XSRR13077735.bin.5.fbc2 ,-0.1672320174856167,-0.1672320174856167,873.0509352069835,-0.0032129109987408,-1000.0,1000.0,626.1946983789667,548.9392526908625,-6.271377365815965,-0.2787200291427325,-0.0222012150014734,1000.0,-412.3130915895091,-1000.0,-0.0109560265058235,-0.1115993366447583,-0.1115993366447583,126.94906479301652,-0.0021440794744194,0.0,0.0,-549.1118217728311,451.0607473091375,-4.185093048551494,-0.1859988944080441,-0.0148155891683927,0.0,-587.6869084104909,0.0,-0.0073113110078111, Amensalism,Healthy
SRR13077735.bin.41.fbc2XSRR13077735.bin.38.fbc2 ,-0.0761135553817666,-0.0761135553817666,378.8634723071227,-0.0014623161456484,1000.0,-1000.0,1000.0,190.1509166368578,-2.8543387542035816,-0.1268559256362778,-0.0101046045665498,-40.01329710227935,-440.8994772127403,1000.0,-0.0049864980567235,-0.1433207912643865,-0.1433207912643865,621.1365276928773,-0.0027535214460385,-1000.0,999.7850050454964,0.0,809.8490833631422,-5.374681116091892,-0.2388679854406064,-0.0190268331919014,1000.0,-559.1005227872597,-999.7850050454964,-0.0093895081308801, Competition,Healthy
SRR13077735.bin.43.fbc2XSRR13077735.bin.7.fbc2 ,-0.0895282044425584,-0.0895282044425584,27.661762077440017,-0.0017200423524172,-1000.0,999.7501982491603,1000.0,-22.101140358896032,-3.3574022689269896,-0.1492136740710066,-0.0118854926550966,35.895478297817135,-495.4488461565138,-999.7501982491603,-0.0058653444217497,-0.2827169230220079,-0.2827169230220079,972.33823792256,-0.005431641172322,560.5420456178413,0.2498017508395378,0.0,1000.0,-10.602183353590137,-0.4711948717033465,-0.0375326405011264,964.1045217021828,-504.5511538434862,-0.2498017508395378,-0.0185218963978286, Amensalism,Healthy
SRR13077735.bin.43.fbc2XSRR13077735.bin.37.fbc2 ,-0.0834303788617489,-0.0834303788617489,92.4590546861832,-0.0016028891232053,-1000.0,999.7672124126398,323.7511657648174,-103.37068763400556,-3.1287273662194366,-0.1390506314363619,-0.0110759638412218,53.84034246334386,-367.3568736458464,-999.7672124126398,-0.0054658519101167,-0.3991958668070765,-0.3991958668070765,907.5409453138168,-0.0076694691028933,1000.0,-1000.0,59.983223711148185,1000.0,-14.97026682606429,-0.6653264446783851,-0.0529960315011521,946.159657536656,-632.6431263541537,1000.0,-0.0261528896409117, Amensalism,Healthy
SRR13077735.bin.50.fbc2XSRR13077735.bin.1.fbc2 ,-0.0560536108160931,-0.0560536108160931,250.6003280099551,-0.0010769185555545,-743.542907861374,1000.0,1000.0,-84.8525464480449,-2.1020696361233604,-0.0934226846934507,-0.0074415072188003,-3.623868631555638,-64.13529448486065,-1000.0,-0.0036722922743592,-0.0858756266989075,-0.0858756266989075,749.3996719900449,-0.0016498679481173,1000.0,-1000.0,0.0,-915.1474535519552,-3.2204267439468595,-0.1431260444982172,-0.0114005875213933,26.855802755731474,-0.7159781287989517,1000.0,-0.0056260497030962, Competition,Healthy
SRR13077735.bin.37.fbc2XSRR13077735.bin.23.fbc2 ,-0.3839072453089329,-0.3839072453089329,706.3730383868774,-0.0073757395832672,1000.0,-1000.0,110.81268587654996,1000.0,-14.396927364763997,-0.6398454088482595,-0.0509663605204195,874.2421299066755,-635.1219284921622,1000.0,-0.0251512719789843,-0.0790685452426487,-0.0790685452426487,293.6269616131226,-0.0015190882851356,-899.9508371598669,1000.0,167.21261701593903,-51.25125771976343,-2.96515399645466,-0.1317809087377099,-0.0104969000504979,125.75787009332451,-364.8780715078378,-1000.0,-0.0051800910523525, Neutralism,Healthy
SRR13077735.bin.55.fbc2XSRR13077735.bin.23.fbc2 ,-0.1036703968535448,-0.1036703968535448,630.1449916231736,-0.0019917463372394,-1000.0,1000.0,748.797791928903,-497.6155780178012,-3.887749428055031,-0.1727839947558322,-0.0137629671903596,259.9811119398821,-286.2710499493429,-1000.0,-0.0067918550099648,-0.086999185968466,-0.086999185968466,369.8550083768264,-0.0016714541012561,999.8694928637768,-1000.0,251.20220807109692,-108.52138122414794,-3.262561403791437,-0.1449986432807009,-0.0115497478394672,98.96879806370748,-403.10938450273886,1000.0,-0.0056996584851276, Amensalism,Healthy
SRR13077735.bin.42.fbc2XSRR13077735.bin.26.fbc2 ,-0.0860842020189238,-0.0860842020189238,0.0,-0.0016538751588086,1000.0,-1000.0,-937.7370048783006,5.047046347454966,-3.2282485388437863,-0.1434736700315397,-0.0114282773477043,13.311920039156348,-500.3856261830804,1000.0,-0.0056397142917603,-0.1346883211330123,-0.1346883211330123,1000.0,-0.0025876718757444,-1000.0,999.7979545799412,-62.26299512169942,-1000.0,-5.050954364439804,-0.2244805352215735,-0.017880812661474,986.6880799608437,-401.6713971992573,-999.7979545799412,-0.0088239610963682, Neutralism,Healthy
SRR13077735.bin.42.fbc2XSRR13077735.bin.50.fbc2 ,-0.0861427165505119,-0.0861427165505119,8.836568065607935,-0.0016549993573562,1000.0,-1000.0,-934.0730044027832,-6.097193476190114,-3.230442895608917,-0.1435711942508533,-0.0114360455593214,15.224229444634377,-500.2499411060724,1000.0,-0.0056435478086314,-0.0812207041223018,-0.0812207041223018,991.163431934392,-0.0015604361983605,-1000.0,1000.0,1000.0,-566.3603529821953,-3.0458622285769934,-0.1353678402037985,-0.0107826141303348,399.6942502453224,-0.0304597145910747,-1000.0,-0.0053210874363003, Neutralism,Healthy
SRR13077735.bin.42.fbc2XSRR13077735.bin.23.fbc2 ,-0.0861641073847749,-0.0861641073847749,17.033274421369356,-0.0016554103243606,-1000.0,1000.0,-929.8352181971616,-18.51463490425806,-3.2312450744969965,-0.1436068456413295,-0.0114388853415903,10.758276045716684,-498.0151362423535,-1000.0,-0.0056449492061574,-0.086999185968466,-0.086999185968466,373.8859316999544,-0.0016714541012561,1000.0,-1000.0,248.60861231677492,-112.35376451867194,-3.262561403791437,-0.1449986432807009,-0.0115497478394672,103.31994455039194,-401.330781213365,1000.0,-0.0056996584851276, Neutralism,Healthy
SRR13077735.bin.22.fbc2XSRR13077735.bin.45.fbc2 ,-0.0331584817699877,-0.0331584817699877,385.99439524705485,-0.0006370505623181,-1000.0,1000.0,-775.1471781935807,-201.3004063545127,-1.243478104154519,-0.0552641362833128,-0.0044020193857932,393.0490995449493,-287.8391400774119,-1000.0,-0.0021723424175661,-0.0874885653453247,-0.0874885653453247,614.0056047529451,-0.0016808562025971,999.8687587477008,-1000.0,970.5987749089912,295.76518912247707,-3.2809136475422065,-0.1458142755756171,-0.0116147163599862,-0.0095640717927381,-206.07866121455004,1000.0,-0.0057317196508392, Competition,Healthy
SRR13077735.bin.47.fbc2XSRR13077735.bin.32.fbc2 ,-0.0870815470253774,-0.0870815470253774,0.0167303644620915,-0.0016730364461636,1000.0,-465.0178062760162,30.80286830285604,-210.9114501576371,-3.2656500304551628,-0.1451359117089623,-0.0115606818433207,0.0,-394.90406850115903,465.0178062760162,-0.0057050542816341,-0.2318941564087708,-0.2318941564087708,999.983269635538,-0.004455219143324,-1000.0,999.652136489291,969.197131697144,305.88040089782,-8.69627590238315,-0.3864902606813984,-0.0307855642802223,1000.0,-605.095931498841,-999.652136489291,-0.0151922972786451, Neutralism,Healthy
SRR13077735.bin.43.fbc2XSRR13077735.bin.26.fbc2 ,-0.1123522786609783,-0.1123522786609783,306.8698869899756,-0.0021585452192312,0.0,-0.313485522189012,1000.0,-280.5163868481152,-4.213329169774738,-0.187253797768335,-0.0149155474648523,704.0030839045105,-503.55376409258633,0.313485522189012,-0.0073606391975999,-0.1209110578380432,-0.1209110578380432,693.1301130100244,-0.0023229790170944,-1000.0,999.818621798348,0.0,-82.12200926440778,-4.534292432770826,-0.2015184297299583,-0.0160517850079031,295.9969160954895,-285.9292309627343,-999.818621798348,-0.0079213584481294, Competition,Healthy
SRR13077735.bin.50.fbc2XSRR13077735.bin.23.fbc2 ,-0.070034254044458,-0.070034254044458,624.6494421173975,-0.0013455188096713,0.1305071362231729,211.5235475714353,752.3980982280341,-234.6568103686227,-2.6263585302023102,-0.1167237567408392,-0.0092975349749622,-9.2838244814385,-52.93977820407986,-211.5235475714353,-0.0045882191410555,-0.086999185968466,-0.086999185968466,375.3505578826025,-0.0016714541012561,999.8694928637768,-1000.0,247.6019017719659,-113.57427011937648,-3.262561403791437,-0.1449986432807009,-0.0115497478394672,104.88733437511974,-400.6714721772347,1000.0,-0.0056996584851276, Amensalism,Healthy
SRR13077735.bin.41.fbc2XSRR13077735.bin.44.fbc2 ,-0.0941358279036421,-0.0941358279036421,351.8160214666025,-0.001808565377587,-1000.0,1000.0,1000.0,-1000.0,-3.5301930174844074,-0.1568930465061839,-0.0124971867592194,-519.7715441639568,-191.763652271904,-1000.0,-0.0061672079375512,-0.0732325852329722,-0.0732325852329722,648.1839785333975,-0.0014069660948052,1000.0,-1000.0,0.0,433.8451382092512,-2.746299329370345,-0.1220543087215446,-0.0097221357149237,570.3458378115865,-806.0841248906985,1000.0,-0.0047977543831621, Competition,Healthy
SRR13077735.bin.44.fbc2XSRR13077735.bin.28.fbc2 ,-0.1002191270181356,-0.1002191270181356,1000.0,-0.0019254395200505,-1000.0,1000.0,1000.0,470.0988536872344,-3.758323162354259,-0.1670318783635593,-0.0133047870834843,120.12606098179867,-679.4547987660978,-1000.0,-0.0065657487633643,-0.088723049042187,-0.088723049042187,0.0,-0.0017045734686007,1000.0,-1000.0,-1000.0,-553.3585735208742,-3.327208090621639,-0.1478717484036451,-0.0117786026681869,879.8739390182013,-0.0332732741076142,1000.0,-0.0058125955280274, Neutralism,Healthy
SRR13077735.bin.38.fbc2XSRR13077735.bin.52.fbc2 ,-0.1671759940737729,-0.1671759940737729,911.9644798522608,-0.0032118346604192,-1000.0,1000.0,1000.0,702.2656452939411,-6.269276428670764,-0.2786266567895836,-0.0221937775033893,936.6377925525746,-499.8792295522695,-1000.0,-0.0109523561919786,-0.0591466108804752,-0.0591466108804752,88.03552014773913,-0.0011363421879195,1000.0,-1000.0,-1000.0,-133.76697514834598,-2.2180604068371395,-0.0985776848007162,-0.0078521245184219,63.36220744742536,-500.12077044773054,1000.0,-0.0038749268607034, Amensalism,Healthy
SRR13077735.bin.41.fbc2XSRR13077735.bin.13.fbc2 ,-0.1257359255117762,-0.1257359255117762,946.1990455338926,-0.0024156758023536,-1000.0,1000.0,1000.0,-983.370678281739,-4.715230068862411,-0.2095598758530741,-0.0166923197941741,-77.3713796587682,-396.7331139005478,-1000.0,-0.0082374544859931,-0.046650038921598,-0.046650038921598,53.80095446610744,-0.0008962543500956,1000.0,-1000.0,-912.6428110580016,-16.629321718261053,-1.7494257535489623,-0.0777500648692921,-0.0061931175590643,406.784478601053,-252.12304087386417,1000.0,-0.0030562273337864, Amensalism,Healthy
SRR13077735.bin.44.fbc2XSRR13077735.bin.32.fbc2 ,-0.0436357323281981,-0.0436357323281981,80.60826170501014,-0.0008383425999909,1000.0,-1000.0,1000.0,559.246697616873,-1.6363860711494451,-0.0727262205469969,-0.0057929473657623,0.0,-581.3744272761351,1000.0,-0.0028587482659077,-0.227221960573388,-0.227221960573388,919.39173829499,-0.0043654555345256,-1000.0,999.659145231862,0.0,440.753302383127,-8.521063621558596,-0.3787032676224271,-0.0301652977437925,1000.0,-418.6255727238649,-999.659145231862,-0.0148862033728391, Amensalism,Healthy
SRR13077735.bin.3.fbc2XSRR13077735.bin.13.fbc2 ,-0.196369706918972,-0.196369706918972,983.5365844027016,-0.0037727129091535,-1000.0,999.7054265760572,923.4236897294422,-462.4640919085698,-7.36407150867285,-0.3272828448650671,-0.0260694462019728,562.2839536593056,-749.9834602644735,-999.705426576057,-0.0128649510201057,-0.0437904681178906,-0.0437904681178906,16.46341559729865,-0.0008413154297386,1000.0,-1000.0,76.57631027055777,-6.537651875637266,-1.6421888267686882,-0.0729841135297419,-0.0058134896195269,437.7160463406945,-250.0165397355265,1000.0,-0.0028688856153848, Amensalism,Healthy
SRR13077735.bin.44.fbc2XSRR13077735.bin.7.fbc2 ,-0.0386510517445231,-0.0386510517445231,0.0,-0.0007425754417909,1000.0,-1000.0,1000.0,552.4941824248183,-1.4494552820705169,-0.0644184195742809,-0.0051311963027274,0.0,-572.0787077819687,1000.0,-0.0025321822564592,-0.2835166659031074,-0.2835166659031074,1000.0,-0.0054470060691755,-4.167763249924292,1000.0,0.0,447.5058175751817,-10.632174556701557,-0.4725277765052169,-0.0376388119383364,1000.0,-427.92129221803134,-1000.0,-0.0185742906960513, Amensalism,Healthy
SRR13077735.bin.20.fbc2XSRR13077735.bin.11.fbc2 ,-0.0906810918303335,-0.0906810918303335,26.783476805714827,-0.0017421919659454,-914.7163931903776,1000.0,0.0,811.0723783511366,-3.4006367641948145,-0.151135153050518,-0.0120385464850869,379.1284036644179,-521.5173164246526,-1000.0,-0.0059408746041071,-0.1734061872526808,-0.1734061872526808,973.2165231942852,-0.0033315309750605,1000.0,-1000.0,-1000.0,188.92762164886332,-6.50291525617979,-0.2890103120878393,-0.0230208790377446,620.8715963355821,-478.4826835753474,1000.0,-0.0113605206249758, Neutralism,Healthy
SRR13077735.bin.22.fbc2XSRR13077735.bin.3.fbc2 ,-0.0007863363078968,-0.0007863363078968,9.153658172153769,-1.5107325793906057e-05,1000.0,-1000.0,3.755000835524811,-12.307120343308496,-0.029488442449292,-0.0013105605131613,-0.0001043916213347,18.36036894175129,-3.053164194536521,1000.0,-5.151598099928378e-05,-0.197239548208131,-0.197239548208131,990.846341827846,-0.0037894245573397,-1000.0,999.704121730565,996.2449991644752,-91.34873994622968,-7.396691476155524,-0.328732580346923,-0.026184923691062,726.3040967148245,-996.9468358054636,-999.704121730565,-0.0129219377404297, Amensalism,Healthy
SRR13077735.bin.9.fbc2XSRR13077735.bin.38.fbc2 ,-0.076899264922531,-0.076899264922531,27.42857272971969,-0.0014774114298461,-1000.0,999.8846437155588,980.090254841656,305.43598248085914,-2.883803692225115,-0.1281654415375896,-0.010208912980147,1.1306295799540749,-313.2619908584643,-999.884643715559,-0.0050379729757423,-0.1769143442697895,-0.1769143442697895,972.5714272702804,-0.0033989307256661,0.0,-0.2653885110581768,19.90974515834409,694.5640175191409,-6.634474851304958,-0.2948572404495735,-0.0234866113141833,998.869370420046,-686.7380091415357,0.2653885110581768,-0.0115903537744088, Amensalism,Healthy
SRR13077735.bin.33.fbc2XSRR13077735.bin.3.fbc2 ,-0.0627187648290146,-0.0627187648290146,0.0,-0.0012049714664499,1000.0,-0.1749980060734515,223.2009597299757,-994.4509698335356,-2.3520199545203013,-0.1045312747151001,-0.0083263528332508,986.8629190841054,-249.9797715415068,0.1749980060734515,-0.0041089527005624,-0.1964668323305431,-0.1964668323305431,1000.0,-0.0037745789112477,-1000.0,999.7052808786098,588.7789465854348,-5.549030166464377,-7.367713814234094,-0.3274447205508295,-0.02608234027673,13.137080915894558,-750.0202284584932,-999.7052808786096,-0.012871314087306, Neutralism,Healthy
SRR13077735.bin.28.fbc2XSRR13077735.bin.11.fbc2 ,-0.0894052878770708,-0.0894052878770708,44.48802658534123,-0.0017176808429439,0.0,0.0,-492.8933546360819,-847.235439366435,-3.352792767835353,-0.1490088131283755,-0.0118691746249623,806.8313415476421,-208.30806433725277,0.0,-0.0058572916746015,-0.1734061872526808,-0.1734061872526808,955.5119734146588,-0.0033315309750605,-1000.0,1000.0,-507.1066453639181,999.2314607497595,-6.50291525617979,-0.2890103120878393,-0.0230208790377446,193.16865845235796,-791.6919356627473,-1000.0,-0.0113605206249758, Neutralism,Healthy
SRR13077735.bin.41.fbc2XSRR13077735.bin.37.fbc2 ,-0.0682597721703359,-0.0682597721703359,176.10006566376182,-0.0013114269388552,-1000.0,1000.0,1000.0,-1000.0,-2.5598135848703123,-0.1137662869506357,-0.0090619601478465,-260.7693804693088,-334.5553400236822,-1000.0,-0.0044719658617395,-0.3922588742507287,-0.3922588742507287,823.8999343362382,-0.0075361935495266,1000.0,-1000.0,0.0,1000.0,-14.710122275049343,-0.6537647904179948,-0.0520750974269503,1000.0,-665.4446599763178,1000.0,-0.0256984200037777, Amensalism,Healthy
SRR13077735.bin.41.fbc2XSRR13077735.bin.5.fbc2 ,-0.1266835264810879,-0.1266835264810879,968.40289109277,-0.0024338813925623,1000.0,-1000.0,1000.0,-1000.0,-4.750766106518313,-0.211139210801889,-0.0168181204223856,-55.35602625192973,-407.2540784416775,1000.0,-0.0082995355485309,-0.1331266654595992,-0.1331266654595992,31.597108907229995,-0.0025576688849469,-1000.0,1000.0,-1000.0,989.7780241883772,-4.992390626523161,-0.2218777757659609,-0.0176734919947421,-7.206531695875697,-592.7459215583225,-1000.0,-0.0087216508975416, Amensalism,Healthy
SRR13077735.bin.33.fbc2XSRR13077735.bin.26.fbc2 ,-0.063068735142906,-0.063068735142906,5.579993719945037,-0.0012116951996858,1000.0,-0.1759744938483436,1000.0,-1000.0,-2.3651442110956395,-0.1051145585715858,-0.0083728138297374,43.56859511740936,-249.9796586668356,0.1759744938483436,-0.0041318806308936,-0.1344378011376648,-0.1344378011376648,994.4200062800552,-0.0025828588114791,-1000.0,999.7983303839997,0.0,0.0,-5.041559599895436,-0.2240630018960701,-0.0178475543873446,956.4314048825906,-584.758179834711,-999.7983303839997,-0.0088075485471108, Neutralism,Healthy
SRR13077735.bin.47.fbc2XSRR13077735.bin.43.fbc2 ,-0.0870815470253774,-0.0870815470253774,0.0167303644620915,-0.0016730364461636,1000.0,-330.88992947220504,1000.0,-255.62074242557375,-3.2656500304551628,-0.1451359117089623,-0.0115606818433207,0.0,-495.4999761040174,330.88992947220504,-0.0057050542816341,-0.1422682895010893,-0.1422682895010893,999.983269635538,-0.0027333004707088,-1000.0,999.6030427726372,-201.00026373352463,-621.4791387067505,-5.335211187816412,-0.2371138158351868,-0.0188871062526914,1000.0,-504.5000238959826,-999.6030427726372,-0.0093205546052104, Neutralism,Healthy
SRR13077735.bin.43.fbc2XSRR13077735.bin.3.fbc2 ,-0.0883526290929239,-0.0883526290929239,15.168042781227996,-0.001697456850934,0.0,-0.246521658466122,1000.0,-17.557102964270825,-3.313316951111233,-0.1472543818215399,-0.0117294268402474,14.597683133828696,-492.1710436689189,0.246521658466122,-0.0057883278617509,-0.1965238527674273,-0.1965238527674273,984.831957218772,-0.0037756744047783,-1000.0,999.7051953424768,0.0,-347.93693814976973,-7.369852140871785,-0.3275397546124168,-0.026089910136875,985.4023168661712,-507.8289563310811,-999.7051953424768,-0.0128750497202645, Amensalism,Healthy
SRR13077735.bin.33.fbc2XSRR13077735.bin.28.fbc2 ,-0.0631832531385043,-0.0631832531385043,504.3143166024888,-0.0012138953533167,-0.1762940221577764,1000.0,-913.8370926836276,-1000.0,-2.3694387569400988,-0.105305421897583,-0.0083880168912173,984.5606257428864,-249.97962173175665,-1000.0,-0.0041393831546656,-0.0894052878770708,-0.0894052878770708,18.018901463056977,-0.0017176808429439,1000.0,-1000.0,1000.0,0.0,-3.352792767835353,-0.1490088131283755,-0.0118691746249623,15.439374257113856,-0.0335291300549442,1000.0,-0.0058572916746015, Neutralism,Healthy
SRR13077735.bin.23.fbc2XSRR13077735.bin.13.fbc2 ,-0.086999185968466,-0.086999185968466,365.4675844375988,-0.0016714541012561,-981.4120013011942,1000.0,264.1340457048418,-121.54194114589497,-3.262561403791437,-0.1449986432807009,-0.0115497478394672,94.41614654079376,-407.81817599696274,-1000.0,-0.0056996584851276,-0.0708684028920743,-0.0708684028920743,634.5324155624012,-0.0013615447242045,1000.0,-1000.0,-597.4416100017955,-460.0778758110829,-2.6576399934125448,-0.1181140048200859,-0.0094082740438352,-5.231340754581083,-322.0501196521502,1000.0,-0.0046428675093466, Neutralism,Healthy
SRR13077735.bin.47.fbc2XSRR13077735.bin.45.fbc2 ,-0.0870815470253774,-0.0870815470253774,0.0167303644620915,-0.0016730364461636,0.1722451694939764,999.4366462544472,0.0,-933.4490007759872,-3.2656500304551628,-0.1451359117089623,-0.0115606818433207,542.0969865111124,-705.0265944652496,-999.4366462544472,-0.0057050542816341,-0.1148227596331707,-0.1148227596331707,999.983269635538,-0.0022060088306261,999.827754830506,-1000.0,1000.0,-66.5509992240128,-4.30597481673135,-0.1913712660553983,-0.0152435210195562,84.1965312249306,-178.962640398006,1000.0,-0.0075224901123647, Neutralism,Healthy
SRR13077735.bin.22.fbc2XSRR13077735.bin.5.fbc2 ,-0.0651127323923219,-0.0651127323923219,761.6155620686436,-0.0012509650796346,1000.0,-1000.0,131.45138866285993,-522.7031707282634,-2.4417962677928244,-0.1085212206539836,-0.0086441686999023,888.7000443708162,-499.776707041538,1000.0,-0.0042657909214085,-0.1064663444138886,-0.1064663444138886,238.3844379313564,-0.0020454629089954,-1000.0,1000.0,-1000.0,430.2738515128119,-3.9926004159829054,-0.177443907356519,-0.0141341487012596,111.29995562918384,-500.223292958462,-1000.0,-0.0069750285197187, Competition,Healthy
SRR13077735.bin.5.fbc2XSRR13077735.bin.3.fbc2 ,-0.1313521216252411,-0.1313521216252411,9.153658172153657,-0.0025235758237158,0.0,0.0,-1000.0,1000.0,-4.925843357617396,-0.2189202027087731,-0.0174379089420426,-5.937362376540591,-537.2653329480338,0.0,-0.0086053935589234,-0.197239548208131,-0.197239548208131,990.8463418278463,-0.0037894245573397,-1000.0,999.704121730565,1000.0,-91.3487399462349,-7.396691476155524,-0.328732580346923,-0.026184923691062,1000.0,-462.7346670519662,-999.704121730565,-0.0129219377404297, Amensalism,Healthy
SRR13077735.bin.41.fbc2XSRR13077735.bin.20.fbc2 ,-0.1271438523458528,-0.1271438523458528,996.3113266380664,-0.0024427253092653,-1000.0,1000.0,1000.0,-848.8512336991334,-4.768028812861076,-0.2119064205763834,-0.0168792318868327,-10.411677502205292,-429.48981764578457,-1000.0,-0.0083296933045176,-0.0906810918303335,-0.0906810918303335,3.688673361933525,-0.0017421919659454,1000.0,-718.7449294721257,0.0,847.7713615905095,-3.4006367641948145,-0.151135153050518,-0.0120385464850869,-22.804508848558044,-570.5101823542154,718.7449294721257,-0.0059408746041071, Neutralism,Healthy
SRR13077735.bin.23.fbc2XSRR13077735.bin.5.fbc2 ,-0.086999185968466,-0.086999185968466,365.4675844375995,-0.0016714541012561,1000.0,-981.412001301194,264.13404570484386,-121.5419411458937,-3.262561403791437,-0.1449986432807009,-0.0115497478394672,94.4161465407933,-407.8181759969632,981.412001301194,-0.0056996584851276,-0.1520950986059688,-0.1520950986059688,634.5324155624005,-0.0029220960346947,-1000.0,1000.0,-1000.0,432.63356421293565,-5.703726913006904,-0.2534918310100238,-0.0201916835997053,376.47372277671184,-592.1818240030368,-1000.0,-0.0099643474783306, Neutralism,Healthy
SRR13077735.bin.50.fbc2XSRR13077735.bin.20.fbc2 ,-0.0812360527925193,-0.0812360527925193,996.3113266380664,-0.0015607310815539,-1000.0,999.878138117156,1000.0,-574.0462439938874,-3.0464378199269504,-0.1353934213208276,-0.0107846517731786,405.9587086589904,0.0,-999.878138117156,-0.0053220929879671,-0.0906810918303335,-0.0906810918303335,3.6886733619336383,-0.0017421919659454,999.5203164858104,0.1218618828440867,0.0,1000.0,-3.4006367641948145,-0.151135153050518,-0.0120385464850869,30.9104015228329,-748.6728696421176,-0.1218618828440867,-0.0059408746041071, Neutralism,Healthy
SRR13077735.bin.22.fbc2XSRR13077735.bin.44.fbc2 ,-0.0857988185675822,-0.0857988185675822,998.7750137554212,-0.0016483922875067,-1000.0,1000.0,-391.0036617221445,-515.3413644873757,-3.2175463578599874,-0.1429980309459324,-0.0113903907071062,1000.0,-745.2496672266855,-1000.0,-0.005621017700605,-0.0363075748244909,-0.0363075748244909,1.2249862445788722,-0.0006975518698482,1000.0,-1000.0,1000.0,1000.0,-1.361572421269898,-0.0605126247073712,-0.0048200834205545,0.0,-254.7503327733145,1000.0,-0.0023786518761426, Amensalism,Healthy
SRR13077735.bin.22.fbc2XSRR13077735.bin.32.fbc2 ,-0.0162215054600665,-0.0162215054600665,188.83283720560803,-0.0003116523623702,1000.0,-1000.0,-885.5804082593518,-97.67271207771898,-0.6083235956322142,-0.0270358424334062,-0.0021535178237854,189.06443854216104,-141.02020307962698,1000.0,-0.0010627345556031,-0.2209477726714794,-0.2209477726714794,811.167162794392,-0.0042449139801874,-1000.0,999.668557116423,1000.0,1000.0,-8.285774945449361,-0.368246287785837,-0.029332355603401,810.935561457839,-858.979796920373,-999.6685571164228,-0.0144751566725744, Amensalism,Healthy
SRR13077735.bin.23.fbc2XSRR13077735.bin.7.fbc2 ,-0.086999185968466,-0.086999185968466,365.4675844375988,-0.0016714541012561,-981.4120013011936,1000.0,264.1340457048407,-121.54194114589508,-3.262561403791437,-0.1449986432807009,-0.0115497478394672,94.416146540794,-407.8181759969629,-1000.0,-0.0056996584851276,-0.2552128562714415,-0.2552128562714415,634.5324155624012,-0.0049032249042966,999.2879046471412,0.0,735.8659542951593,1000.0,-9.570751787546785,-0.4253547604523646,-0.0338812840890341,905.583853459206,-592.1818240030371,0.0,-0.0167199969238254, Amensalism,Healthy
SRR13077735.bin.32.fbc2XSRR13077735.bin.1.fbc2 ,-0.1661715068428293,-0.1661715068428293,0.0,-0.003192536154529,-1000.0,999.750726777055,1000.0,1000.0,-6.231607096095672,-0.2769525114047155,-0.022060424827714,1000.0,-467.7177995672592,-999.750726777055,-0.0108865482869759,-0.1136225099015746,-0.1136225099015746,1000.0,-0.0021829492776532,1000.0,-1000.0,0.0,-688.642233515309,-4.260964183519263,-0.1893708498359956,-0.0150841795085625,0.0,-124.21852265303323,1000.0,-0.0074438570368329, Amensalism,Healthy
SRR13077735.bin.38.fbc2XSRR13077735.bin.50.fbc2 ,-0.1582047331451122,-0.1582047331451122,749.3996719900429,-0.0030394761411116,-1000.0,1000.0,-237.35918112343572,855.7216119155378,-5.932844664127742,-0.2636745552417778,-0.0210027801350634,1000.0,-935.8647055151388,-1000.0,-0.0103646136411725,-0.0560536108160931,-0.0560536108160931,250.60032800995717,-0.0010769185555545,256.45709213862733,0.0,1000.0,-84.85254644804661,-2.102069636123474,-0.0934226846934507,-0.0074415072188003,-3.623868631555638,-64.1352944848611,0.0,-0.0036722922743592, Competition,Healthy
SRR13077735.bin.42.fbc2XSRR13077735.bin.32.fbc2 ,-0.015843156402866,-0.015843156402866,0.0,-0.00030438340832,1000.0,-1000.0,-987.9118695138488,0.8208457719010767,-0.5941351061939031,-0.0264052606713676,-0.0021032893514529,2.125883178437448,-91.99256333010874,1000.0,-0.0010379474223327,-0.221484488216447,-0.221484488216447,1000.0,-0.0042552255181362,-1000.0,999.667751991548,356.00742793860263,790.1363022673286,-8.305902345519826,-0.3691408136940026,-0.0294036083299715,997.8741168215624,-908.0074366698911,-999.6677519915478,-0.0145103190167219, Amensalism,Healthy
SRR13077735.bin.9.fbc2XSRR13077735.bin.50.fbc2 ,-0.1161025532055646,-0.1161025532055646,551.2122339578896,-0.00223059660334,-1000.0,999.8258350172086,-300.61109647605633,454.328951171816,-4.353968428021631,-0.1935042553426456,-0.0154134225292636,1000.0,-232.8380907402684,-999.8258350172086,-0.0076063344174599,-0.0694623404724552,-0.0694623404724552,448.7877660421104,-0.0013345310369459,220.8227057554977,0.1741649827913534,1000.0,-161.2216061048092,-2.6049111669244667,-0.115770567454092,-0.0092216094652712,0.0,-55.27526773041325,-0.1741649827913534,-0.0045507508359605, Amensalism,Healthy
SRR13077735.bin.38.fbc2XSRR13077735.bin.1.fbc2 ,-0.0922018595374538,-0.0922018595374538,24.97282390411965,-0.001771409405137,-1000.0,1000.0,-813.5098238369158,1000.0,-3.457667160170786,-0.1536697658957564,-0.0122404389894654,1000.0,-988.4203247023054,-1000.0,-0.0060405060714856,-0.111730859947329,-0.111730859947329,975.0271760958803,-0.0021466063390107,1000.0,-1000.0,-184.94674010887456,-310.39992299312075,-4.190025311374711,-0.1862180999122529,-0.0148330498028599,0.0,-11.57967529769462,1000.0,-0.0073199276160949, Amensalism,Healthy
SRR13077735.bin.9.fbc2XSRR13077735.bin.52.fbc2 ,-0.1097966790174496,-0.1097966790174496,603.8568127727656,-0.0021094462827022,-1000.0,999.8352944342424,261.0492828959184,85.63658457298243,-4.117491482699393,-0.1829944650290826,-0.0145762738138728,700.165579459831,-370.09788588364336,-999.8352944342424,-0.0071932118241875,-0.0848524904255327,-0.0848524904255327,396.1431872272344,-0.0016302111513368,1000.0,-1000.0,-1000.0,-67.40013452828748,-3.1820580525690048,-0.1414208173757742,-0.011264759055507,299.83442054016905,-499.62191735426126,1000.0,-0.0055590200259985, Competition,Healthy
SRR13077735.bin.38.fbc2XSRR13077735.bin.55.fbc2 ,-0.1772520108322623,-0.1772520108322623,980.0108809518983,-0.0034054180755447,-1000.0,999.7341049566612,129.26138837295505,689.0578982954992,-6.647137704202237,-0.2954200180537327,-0.0235314389020686,1000.0,-713.9159629187473,-999.7341049566612,-0.0116124756376621,-0.0862544389218555,-0.0862544389218555,19.989119048101657,-0.0016571458006637,1000.0,-1000.0,732.781140819452,-39.03838454109416,-3.234632602589727,-0.1437573982030926,-0.0114508774822752,0.0,-286.08403708125275,1000.0,-0.0056508671800656, Amensalism,Healthy
SRR13077735.bin.44.fbc2XSRR13077735.bin.11.fbc2 ,-0.043305040296218,-0.043305040296218,60.1040320033012,-0.0008319892467625,-1000.0,1000.0,1000.0,1000.0,-1.6239847705169268,-0.0721750671604013,-0.0057490456954383,104.3038470266481,-701.9774713177948,-1000.0,-0.0028370833316557,-0.1725215783725389,-0.1725215783725389,939.8959679966988,-0.003314535607501,1000.0,-1000.0,-635.5175716226476,0.0,-6.469741488430032,-0.2875359639542694,-0.022903441048129,695.4778229455351,-298.02252868220523,1000.0,-0.0113025664217047, Amensalism,Healthy
SRR13077735.bin.42.fbc2XSRR13077735.bin.9.fbc2 ,-0.086074914796427,-0.086074914796427,0.0,-0.0016536967300453,1000.0,-1000.0,-934.3259149131736,4.459605654385996,-3.22790025818756,-0.1434581913274542,-0.0114270444042858,11.549795305841826,-499.7900575625244,1000.0,-0.0056391058492408,-0.1272566023141053,-0.1272566023141053,1000.0,-0.0024448914949743,-1000.0,999.8091028720714,279.98235319853825,-410.3886579155517,-4.772257055810542,-0.2120943371901376,-0.0168942002303538,988.4502046941582,-500.2099424374756,-999.8091028720714,-0.0083370799978865, Neutralism,Healthy
SRR13077735.bin.55.fbc2XSRR13077735.bin.37.fbc2 ,-0.0885951310764312,-0.0885951310764312,93.57868427097264,-0.0017021158707848,-1000.0,1000.0,759.7450108229959,-93.22294927410655,-3.322411031737147,-0.1476585517939384,-0.0117616206673574,0.0,-287.0427349336401,-1000.0,-0.0058042151194968,-0.4040299147444557,-0.4040299147444557,906.4213157290274,-0.00776234226214,1000.0,-1000.0,111.57886549240266,1000.0,-15.151548731740943,-0.6733831912407595,-0.0536377850313556,1000.0,-712.9572650663599,1000.0,-0.0264695871138656, Amensalism,Healthy
SRR13077735.bin.42.fbc2XSRR13077735.bin.33.fbc2 ,-0.0861107023058593,-0.0861107023058593,4.001939054194395,-0.001654384290191,-1000.0,1000.0,-939.6264548340076,0.0,-3.229242327605675,-0.1435178371764323,-0.0114317954454463,14.177974104112536,-500.32417660166806,-1000.0,-0.0056414504296071,-0.0631832531385043,-0.0631832531385043,995.4734297486708,-0.0012138953533167,1000.0,-982.4945203145226,-60.37354516599248,-1000.0,-2.3694387569400988,-0.105305421897583,-0.0083880168912173,985.8220258958876,-4.400065158665484,982.4945203145226,-0.0041393831546656, Neutralism,Healthy
SRR13077735.bin.41.fbc2XSRR13077735.bin.50.fbc2 ,-0.1182306164101874,-0.1182306164101874,813.9885084181865,-0.0022714815833069,1000.0,-1000.0,1000.0,-933.8656835870346,-4.433773046869874,-0.1970510273503123,-0.0156959377404746,-165.7970255769161,-356.37521019534506,1000.0,-0.0077457521990709,-0.0123177013282429,-0.0123177013282429,186.01149158181352,-0.000236651322325,-812.2046836024455,1000.0,0.0,-66.1343164129654,-0.4619268156333191,-0.0205295022137761,-0.0016352606373857,-2.171563019493192,-46.95344853320091,-1000.0,-0.000806981009191, Amensalism,Healthy
SRR13077735.bin.55.fbc2XSRR13077735.bin.13.fbc2 ,-0.1064614394165346,-0.1064614394165346,604.6632275212498,-0.002045368672725,-1000.0,1000.0,1000.0,-540.7842521654162,-3.9924164733986345,-0.1774357323610047,-0.0141334975287463,269.8298550639288,-286.2860393072001,-1000.0,-0.0069747071740948,-0.0683037106449546,-0.0683037106449546,395.33677247875016,-0.001312271097845,1000.0,-1000.0,-727.8167829401732,-190.10136851339743,-2.561461324098218,-0.1138395177416669,-0.0090677932863627,-3.232451781869827,-292.7529270903983,1000.0,-0.0044748444438482, Neutralism,Healthy
SRR13077735.bin.42.fbc2XSRR13077735.bin.43.fbc2 ,-0.086074914796427,-0.086074914796427,0.0,-0.0016536967300453,1000.0,-1000.0,-927.6180486704882,4.459605654385086,-3.22790025818756,-0.1434581913274542,-0.0114270444042858,11.549795305841144,-499.79005756252405,1000.0,-0.0056391058492408,-0.1417700142196736,-0.1417700142196736,1000.0,-0.0027237274586013,-1000.0,999.604433061189,832.9199637647548,-648.2102177867516,-5.31652533824581,-0.2362833570326756,-0.0188209567388639,988.4502046941589,-500.209942437476,-999.604433061189,-0.0092879106338159, Neutralism,Healthy
SRR13077735.bin.42.fbc2XSRR13077735.bin.38.fbc2 ,-0.0861049980223924,-0.0861049980223924,11.533516587178156,-0.0016542746977847,1000.0,-1000.0,-921.651242597206,-13.013860843287148,-3.229028410950264,-0.1435083300374344,-0.0114310381620725,5.262822917554558,-496.6444796637606,1000.0,-0.0056410767195984,-0.1240243141730843,-0.1240243141730843,988.4664834128218,-0.0023827918188317,-1000.0,999.8139516147812,1000.0,1000.0,-4.651042835038652,-0.2067071902883981,-0.0164650914684898,994.7371770824454,-503.3555203362394,-999.8139516147812,-0.0081253201024082, Amensalism,Healthy
SRR13077735.bin.32.fbc2XSRR13077735.bin.45.fbc2 ,-0.1899409569243744,-0.1899409569243744,385.9973248214005,-0.0036492018621174,-1000.0,999.715070318604,0.0,713.0830622463598,-7.122986590766914,-0.316568261540624,-0.0252159848673727,1000.0,-793.9143588130501,-999.715070318604,-0.0124437783498478,-0.0874877286064474,-0.0874877286064474,614.0026751785995,-0.0016808401269372,999.8687600028898,-1000.0,970.5891242760104,286.91693775364024,-3.2808822689486306,-0.1458128810107837,-0.0116146052770318,0.0,-206.08564118694997,1000.0,-0.0057316648328651, Competition,Healthy
SRR13077735.bin.50.fbc2XSRR13077735.bin.44.fbc2 ,-0.0790738959495911,-0.0790738959495911,593.9093056924412,-0.001519191084526,-398.7228555542065,1000.0,1000.0,-599.6557016733381,-2.965354653620466,-0.1317898265826897,-0.0104976103940543,-12.908743884184789,-150.34894072141833,-1000.0,-0.0051804415982132,-0.0605926363065236,-0.0605926363065236,406.0906943075588,-0.0011641236562809,1000.0,-1000.0,0.0,1000.0,-2.2722878882939312,-0.1009877271774257,-0.0080440944644806,1000.0,-801.5916570643935,1000.0,-0.0039696616677247, Amensalism,Healthy
SRR13077735.bin.50.fbc2XSRR13077735.bin.11.fbc2 ,-0.0560536108160931,-0.0560536108160931,250.6003280099553,-0.0010769185555545,-743.5429078613745,1000.0,1000.0,-84.8525464480449,-2.1020696361233604,-0.0934226846934507,-0.0074415072188003,-3.623868631555638,-64.13529448486065,-1000.0,-0.0036722922743592,-0.155580091713773,-0.155580091713773,749.3996719900447,-0.0029890507533991,1000.0,-1000.0,-1000.0,496.3137830488922,-5.834417837059505,-0.2593001528563263,-0.0206543407059598,312.1195898419801,-314.6109906300112,1000.0,-0.0101926630690059, Competition,Healthy
SRR13077735.bin.23.fbc2XSRR13077735.bin.11.fbc2 ,-0.086999185968466,-0.086999185968466,365.46758443759904,-0.0016714541012561,-981.4120013011936,1000.0,264.13404570484226,-121.54194114589497,-3.262561403791437,-0.1449986432807009,-0.0115497478394672,94.41614654079376,-407.81817599696296,-1000.0,-0.0056996584851276,-0.1453645540204888,-0.1453645540204888,634.532415562401,-0.0027927868208053,1000.0,-1000.0,-1000.0,907.0308049711998,-5.451324379043058,-0.2422742567008526,-0.019298156931427,0.0,-592.181824003037,1000.0,-0.0095234030587789, Amensalism,Healthy
SRR13077735.bin.52.fbc2XSRR13077735.bin.1.fbc2 ,-0.059862297484301,-0.059862297484301,82.53518086779832,-0.0011500921706328,-1000.0,1000.0,-1000.0,-132.43094103047565,-2.2448994107285216,-0.0997704958070926,-0.0079471368994745,161.1593237971947,-500.1222317959006,-1000.0,-0.0039218143020889,-0.1051346421169228,-0.1051346421169228,917.4648191322016,-0.0020198778504436,1000.0,-1000.0,607.4173417682073,-248.03703658836184,-3.942660172665569,-0.1752244035282046,-0.0139573559467862,217.3040968569428,-72.85279889232947,1000.0,-0.0068877834701197, Amensalism,Healthy
SRR13077735.bin.42.fbc2XSRR13077735.bin.47.fbc2 ,-0.0861641073847749,-0.0861641073847749,17.033274421369697,-0.0016554103243606,-1000.0,1000.0,-929.8352181971616,-18.5146349042584,-3.2312450744969965,-0.1436068456413295,-0.0114388853415903,10.758276045716798,-498.0151362423536,-1000.0,-0.0056449492061574,-0.0870815470253774,-0.0870815470253774,982.9667255786304,-0.0016730364461636,1000.0,-516.4793584438271,-70.16478180283843,-981.4853650957416,-3.2656500304551628,-0.1451359117089623,-0.0115606818433207,-6.028519148094574,-371.0948967082102,516.4793584438271,-0.0057050542816341, Neutralism,Healthy
SRR13077735.bin.47.fbc2XSRR13077735.bin.33.fbc2 ,-0.0870815470253774,-0.0870815470253774,257.9341408540854,-0.0016730364461636,-1000.0,999.8693693142798,800.4590738679576,-107.10832438658996,-3.2656500304551628,-0.1451359117089623,-0.0115606818433207,-6.028519148094574,-255.5189621706977,-999.8693693142798,-0.0057050542816341,-0.056415800765535,-0.056415800765535,396.7438929937332,-0.0010838770559757,999.7119578494346,0.1306306857202344,0.0,-892.89167561341,-2.115652141947635,-0.0940263346093388,-0.0074895904571121,956.040129551992,-249.9818044139222,-0.1306306857202344,-0.0036960207610263, Amensalism,Healthy
SRR13077735.bin.38.fbc2XSRR13077735.bin.13.fbc2 ,-0.1504639477564069,-0.1504639477564069,663.8034502424796,-0.0028907578819143,-1000.0,999.774289624576,0.0,793.2518213655537,-5.642557032550258,-0.2507732462607919,-0.0199751369643763,1000.0,-712.3664040670442,-999.774289624576,-0.0098574843775622,-0.0642023273995846,-0.0642023273995846,336.1965497575204,-0.0012334741095401,1000.0,-1000.0,-716.257557340721,-161.7331845988666,-2.407655118560569,-0.1070038789993077,-0.0085233060966629,0.0,-287.6335959329558,1000.0,-0.0042061467133862, Competition,Healthy
SRR13077735.bin.43.fbc2XSRR13077735.bin.44.fbc2 ,-0.1199817469037043,-0.1199817469037043,382.8033750666009,-0.0023051248203955,-1000.0,999.665226722328,1000.0,-356.1781368638983,-4.499442290753336,-0.1999695781728405,-0.0159284125091971,1000.0,-503.7925181364462,-999.6652267223282,-0.0078604756376989,-0.0718887774693257,-0.0718887774693257,617.1966249333991,-0.0013811484624284,1000.0,-1000.0,0.0,438.0090181947494,-2.695905118266296,-0.1198146291155808,-0.0095437358753542,0.0,-496.2074818635538,1000.0,-0.0047097162569116, Competition,Healthy
SRR13077735.bin.33.fbc2XSRR13077735.bin.20.fbc2 ,-0.0631832531385043,-0.0631832531385043,504.3143166024897,-0.0012138953533167,0.136030348705276,999.687675629137,-917.5130015880336,-1000.0,-2.3694387569400988,-0.105305421897583,-0.0083880168912173,988.2365346472924,-249.97962173175665,-999.687675629137,-0.0041393831546656,-0.0906810918303335,-0.0906810918303335,34.33651301950522,-0.0017421919659454,999.8639696512946,-1000.0,92.51474951006252,1000.0,-3.4006367641948145,-0.151135153050518,-0.0120385464850869,11.763465352707613,-500.16240713507057,1000.0,-0.0059408746041071, Neutralism,Healthy
SRR13077735.bin.38.fbc2XSRR13077735.bin.45.fbc2 ,-0.1257050757634488,-0.1257050757634488,390.0242675198251,-0.0024150831078486,-1000.0,1000.0,27.29540433257512,705.043133878517,-4.714073170702022,-0.2095084596057859,-0.0166882242751853,1000.0,-793.925174291282,-1000.0,-0.0082354333977718,-0.0871355107356066,-0.0871355107356066,609.9757324801749,-0.0016740732129392,999.8692883635304,-1000.0,966.3715662775262,294.956866121483,-3.267673726612884,-0.1452258512260869,-0.011567845901709,-4.044962660131432,-206.074825708718,1000.0,-0.0057085896562512, Competition,Healthy
SRR13077735.bin.43.fbc2XSRR13077735.bin.45.fbc2 ,-0.108140886715887,-0.108140886715887,245.53050513146763,-0.0020776347112132,-1000.0,999.698265110898,1000.0,-223.49678318828975,-4.055397521756845,-0.1802348111932588,-0.0143564558541129,612.0421172591978,-503.4182388967115,-999.698265110898,-0.0070847343650939,-0.0890895368972906,-0.0890895368972906,754.4694948685324,-0.0017116145417048,999.8663571365814,-1000.0,0.0,511.05805355859184,-3.3409517724489888,-0.1484825614954843,-0.0118272564833432,387.95788274080223,-243.77615756094625,1000.0,-0.0058366055873193, Competition,Healthy
SRR13077735.bin.20.fbc2XSRR13077735.bin.45.fbc2 ,-0.0906810918303335,-0.0906810918303335,3.6886733619336383,-0.0017421919659454,0.1718586533819461,526.3770120474517,0.0,1000.0,-3.4006367641948145,-0.151135153050518,-0.0120385464850869,-66.76379571108907,-629.918142418857,-526.3770120474517,-0.0059408746041071,-0.1145650987260751,-0.1145650987260751,996.3113266380664,-0.002201058573064,999.828141346618,-1000.0,1000.0,-69.01000003099739,-4.296312260449554,-0.1909418312101252,-0.0152093147396499,89.09081309537987,-179.20704693771188,1000.0,-0.0075056097340393, Neutralism,Healthy
SRR13077735.bin.52.fbc2XSRR13077735.bin.23.fbc2 ,-0.0988627394820014,-0.0988627394820014,634.5324155624012,-0.0018993802013937,1000.0,-1000.0,-1000.0,-75.20002120008269,-3.707457196487667,-0.164771232470116,-0.0131247171915447,905.5838534592062,-499.5634096540225,1000.0,-0.0064768864866664,-0.086999185968466,-0.086999185968466,365.4675844375988,-0.0016714541012561,-981.412001301195,1000.0,264.13404570484226,-121.54194114589484,-3.262561403791437,-0.1449986432807009,-0.0115497478394672,94.41614654079376,-407.81817599696274,-1000.0,-0.0056996584851276, Amensalism,Healthy
SRR13077735.bin.33.fbc2XSRR13077735.bin.7.fbc2 ,-0.0624528587260329,-0.0624528587260329,0.0,-0.0011998627996945,-1.7965375452021135,1000.0,1000.0,-1000.0,-2.3420481946793643,-0.1040880978766836,-0.0082910519461165,8.299308649309523,-242.25041542236363,-1000.0,-0.004091532147072,-0.2849691368687672,-0.2849691368687672,1000.0,-0.0054749113711523,999.2048786215668,0.0,0.0,1000.0,-10.686643752702594,-0.4749485614478317,-0.0378316375746408,991.7006913506904,-757.7495845776364,0.0,-0.0186694477756645, Neutralism,Healthy
SRR13077735.bin.38.fbc2XSRR13077735.bin.43.fbc2 ,-0.1646503105652073,-0.1646503105652073,866.5076733568944,-0.0031633104815682,0.0,-0.2469912824001312,268.63035043930654,605.0122411838161,-6.17456062826966,-0.2744171842753076,-0.0218584754276207,968.2691557374304,-497.05982150165545,0.2469912824001312,-0.0107868887421318,-0.0929537654590149,-0.0929537654590149,133.49232664310557,-0.0017858552441794,-1000.0,999.7406402428892,731.3696495606935,-59.42506291932386,-3.48586442675321,-0.1549229424317673,-0.0123402597372432,31.73084426256969,-502.94017849834455,-999.7406402428892,-0.0060897663826153, Amensalism,Healthy
SRR13077735.bin.11.fbc2XSRR13077735.bin.13.fbc2 ,-0.1725215783725389,-0.1725215783725389,939.8959679967002,-0.003314535607501,-1000.0,1000.0,-1000.0,297.93580857595407,-6.469741488430032,-0.2875359639542694,-0.022903441048129,598.5297993551194,-427.3704002128378,-1000.0,-0.0113025664217047,-0.0470850845381392,-0.0470850845381392,60.10403200329984,-0.000904612575141,1000.0,-1000.0,0.0,-20.308786753275285,-1.765740423873808,-0.0784751408970123,-0.0062508728944976,401.4702006448806,-253.335792038866,1000.0,-0.0030847288813902, Amensalism,Healthy
SRR13077735.bin.43.fbc2XSRR13077735.bin.1.fbc2 ,-0.0852338971002382,-0.0852338971002382,24.972823904119423,-0.0016375388491951,-1000.0,999.7621802329328,1000.0,-20.598226948861797,-3.1963612058941635,-0.1420564951670258,-0.0113153934478305,21.88917834385768,-483.7531660387933,-999.7621802329326,-0.0055840074757043,-0.111730859947329,-0.111730859947329,975.0271760958806,-0.0021466063390107,1000.0,-1000.0,0.0,-310.399922993121,-4.190025311374711,-0.1862180999122529,-0.0148330498028599,-19.54609574869346,-184.63568641545496,1000.0,-0.0073199276160949, Amensalism,Healthy
SRR13077735.bin.23.fbc2XSRR13077735.bin.26.fbc2 ,-0.086999185968466,-0.086999185968466,365.4675844375986,-0.0016714541012561,387.0854151716003,0.1774317361870316,448.471469809333,-487.6442710622328,-3.262561403791437,-0.1449986432807009,-0.0115497478394672,94.41614654079422,-499.9868880492081,-0.1774317361870316,-0.0056996584851276,-0.1182802493408416,-0.1182802493408416,634.5324155624014,-0.0022724351458691,-1000.0,999.8225682638132,551.528530190667,-512.3557289377673,-4.435634334214342,-0.1971337489013649,-0.0157025268576944,905.5838534592058,-500.0131119507919,-999.822568263813,-0.007749003847266, Amensalism,Healthy
SRR13077735.bin.41.fbc2XSRR13077735.bin.28.fbc2 ,-0.1276021263815892,-0.1276021263815892,989.9271940235304,-0.0024515298056257,0.0,0.0,1000.0,-923.3912473805244,-4.785214573448684,-0.2126702106360198,-0.0169400709567071,-33.99306871807369,-417.4637407390919,0.0,-0.0083597166370736,-0.0891698940714604,-0.0891698940714604,10.07280597646968,-0.001713158387588,-1000.0,1000.0,-347.7222986687866,-76.60875261947547,-3.343965251391637,-0.1486164901191387,-0.01183792445795,1000.0,-0.0334408517247766,-1000.0,-0.0058418701015625, Neutralism,Healthy
SRR13077735.bin.55.fbc2XSRR13077735.bin.3.fbc2 ,-0.0857532625120711,-0.0857532625120711,9.153658172153882,-0.0016475170511967,1000.0,-1000.0,716.7967454048692,-29.50072841666201,-3.215837957641384,-0.1429221041868231,-0.0113843428233622,6.015158891997089,-285.88938382648143,1000.0,-0.0056180331444011,-0.197239548208131,-0.197239548208131,990.846341827846,-0.0037894245573397,-1000.0,999.704121730565,283.20325459513083,-676.5708940767681,-7.396691476155524,-0.328732580346923,-0.026184923691062,993.9848411080028,-574.1126964276815,-999.704121730565,-0.0129219377404297, Amensalism,Healthy
SRR13077735.bin.41.fbc2XSRR13077735.bin.47.fbc2 ,-0.1261651086372239,-0.1261651086372239,991.9190666611504,-0.0024239213955752,-1000.0,1000.0,1000.0,-788.263479552992,-4.731324889574694,-0.2102751810621157,-0.0167492968431588,-10.240146805979291,-434.3493646843883,-1000.0,-0.0082655719587592,-0.0870815470253774,-0.0870815470253774,8.080933338849718,-0.0016730364461636,1000.0,-489.5610327198048,0.0,-211.73652044700805,-3.2656500304551628,-0.1451359117089623,-0.0115606818433207,11.694213428763303,-388.5929531298991,489.56103271980464,-0.0057050542816341, Neutralism,Healthy
SRR13077735.bin.50.fbc2XSRR13077735.bin.32.fbc2 ,-0.0775753019299827,-0.0775753019299827,571.2825548023616,-0.0014903996528801,-459.4815395675788,1000.0,1000.0,-538.9277469469537,-2.909155794353524,-0.1292921698832287,-0.0102986616010412,0.0,-135.1587077093286,-1000.0,-0.0050822628161313,-0.1967029635596873,-0.1967029635596873,428.7174451976384,-0.0037791155342574,-0.2950733409172699,0.0,0.0,1000.0,-7.376568984844198,-0.3278382725995925,-0.0261136883419794,1000.0,-844.6136950729593,0.0,-0.0128867839719077, Amensalism,Healthy
SRR13077735.bin.5.fbc2XSRR13077735.bin.20.fbc2 ,-0.1624989474515814,-0.1624989474515814,996.3113266380664,-0.0031219778569493,-1000.0,1000.0,-1000.0,106.09486471530954,-6.093882238214519,-0.2708315790858933,-0.0215728669911641,584.0897166999375,-501.7530828435277,-1000.0,-0.0106459444920119,-0.0906810918303335,-0.0906810918303335,3.688673361933525,-0.0017421919659454,999.8639696512946,-1000.0,1000.0,838.9595774039171,-3.4006367641948145,-0.151135153050518,-0.0120385464850869,415.9102833000625,-498.2469171564724,1000.0,-0.0059408746041071, Neutralism,Healthy
SRR13077735.bin.42.fbc2XSRR13077735.bin.3.fbc2 ,-0.0860842020189238,-0.0860842020189238,0.0,-0.0016538751588086,1000.0,-1000.0,-865.1834961721461,5.047046347454852,-3.2282485388437863,-0.1434736700315397,-0.0114282773477043,13.311920039156234,-500.3856261830803,1000.0,-0.0056397142917603,-0.1979643875416741,-0.1979643875416741,1000.0,-0.0038033503850556,-1000.0,999.7030344019356,1000.0,-1000.0,-7.423873717083325,-0.3299406459027523,-0.0262811511606742,986.688079960844,-273.0116312892799,-999.7030344019356,-0.0129694248130363, Neutralism,Healthy
SRR13077735.bin.43.fbc2XSRR13077735.bin.11.fbc2 ,-0.0923545217015089,-0.0923545217015089,60.10403200329961,-0.0017743423958336,-1000.0,999.7423122538576,1000.0,-54.36786693245256,-3.463392152639358,-0.153924202835924,-0.0122607059549864,131.7357092066061,-495.3051707110385,-999.7423122538576,-0.0060505075697392,-0.1725215783725389,-0.1725215783725389,939.8959679967004,-0.003314535607501,1000.0,-1000.0,-1000.0,337.54609886893013,-6.469741488430032,-0.2875359639542694,-0.022903441048129,491.324555684291,-504.6948292889615,1000.0,-0.0113025664217047, Amensalism,Healthy
SRR13077735.bin.32.fbc2XSRR13077735.bin.13.fbc2 ,-0.2095018082571869,-0.2095018082571869,617.4800564621369,-0.0040250107253996,-1000.0,999.6857271625604,445.2866261293216,953.47538597982,-7.856539185235192,-0.3491696804286448,-0.0278128241125159,996.6102937028332,-708.7945542931984,-999.6857271625604,-0.0137252865736172,-0.067802202286316,-0.067802202286316,382.5199435378631,-0.0013026359708874,1000.0,-1000.0,-726.6173657867924,-178.70531934093572,-2.5426542307169484,-0.1130036704772692,-0.0090012145590208,3.389706297166981,-291.2054457068016,1000.0,-0.0044419886608011, Neutralism,Healthy
SRR13077735.bin.38.fbc2XSRR13077735.bin.20.fbc2 ,-0.1727797907526564,-0.1727797907526564,996.3113266380662,-0.0033194964602216,-1000.0,1000.0,752.5256056012965,532.4953656570642,-6.479424725527906,-0.2879663179210183,-0.0229377205398577,1000.0,-374.3301617561053,-1000.0,-0.0113194829292524,-0.0906810918303335,-0.0906810918303335,3.688673361933752,-0.0017421919659454,1000.0,-498.10630591340816,44.33809780497131,467.5046343429358,-3.4006367641948145,-0.151135153050518,-0.0120385464850869,-22.804508848558044,-625.6698382438947,498.1063059134081,-0.0059408746041071, Neutralism,Healthy
SRR13077735.bin.44.fbc2XSRR13077735.bin.20.fbc2 ,-0.0988531312744953,-0.0988531312744953,996.3113266380664,-0.0018991956056879,1000.0,-1000.0,1000.0,0.0,-3.707096878554012,-0.1647552187909013,-0.0131234416351162,877.603370521234,-501.7530828435277,1000.0,-0.0064762570152652,-0.0906810918303335,-0.0906810918303335,3.6886733619336383,-0.0017421919659454,-1000.0,999.8639696512946,0.0,1000.0,-3.4006367641948145,-0.151135153050518,-0.0120385464850869,122.39662947876604,-498.2469171564723,-999.8639696512948,-0.0059408746041071, Neutralism,Healthy
SRR13077735.bin.22.fbc2XSRR13077735.bin.26.fbc2 ,-0.0811557224484431,-0.0811557224484431,944.7252206737994,-0.0015591877511269,1000.0,-1000.0,-398.4515802235097,-564.0223350608195,-3.04342534714408,-0.1352595374140719,-0.0107739873606078,996.9554367906212,-666.6133140485056,1000.0,-0.0053168302315498,-0.0910608271454975,-0.0910608271454975,55.27477932620059,-0.0017494875531838,-1000.0,999.863400011844,-259.55958234554976,-244.25193809484472,-3.414877239770476,-0.1517680452424201,-0.0120889589927628,3.0445632093789072,-333.3866859514944,-999.863400011844,-0.0059657525564489, Amensalism,Healthy
SRR13077735.bin.50.fbc2XSRR13077735.bin.5.fbc2 ,-0.0728199037193917,-0.0728199037193917,510.2618214042202,-0.0013990375354069,-974.082773694578,1000.0,1000.0,-35.81848076082258,-2.730823336540311,-0.1213665061989104,-0.0096673493698062,151.1470476851955,-6.506615789047146,-1000.0,-0.0047707179958251,-0.147426988412576,-0.147426988412576,489.7381785957798,-0.0028324109205186,0.0,0.0,-710.1888566444632,565.1337341390222,-5.528667848070654,-0.2457116473542555,-0.0195719594606771,284.35667048296955,-791.8216518815861,0.0,-0.0096585212389754, Amensalism,Healthy
SRR13077735.bin.50.fbc2XSRR13077735.bin.28.fbc2 ,-0.0811933265990774,-0.0811933265990774,981.9810985369433,-0.0015599102132455,-1000.0,999.8782022105502,1000.0,-552.3118153720269,-3.044835542527608,-0.1353222109985381,-0.0107789795735016,388.5202948674696,0.0,-999.8782022105504,-0.0053192938271422,-0.0894052878770708,-0.0894052878770708,18.018901463056977,-0.0017176808429439,1000.0,-1000.0,0.0,-447.6881846279731,-3.352792767835353,-0.1490088131283755,-0.0118691746249623,611.4797051325304,-500.0335291300549,1000.0,-0.0058572916746015, Neutralism,Healthy
SRR13077735.bin.11.fbc2XSRR13077735.bin.1.fbc2 ,-0.1037992908248952,-0.1037992908248952,167.1573356306917,-0.0019942226863349,-1000.0,1000.0,-1000.0,206.32863072978355,-3.892583088181482,-0.1729988180414921,-0.0137800787626929,562.7571190363051,-359.9007201628699,-1000.0,-0.0068002993605205,-0.0954375727899332,-0.0954375727899332,832.8426643693083,-0.0018335748854951,1000.0,-1000.0,0.0,-961.5405626029632,-3.579009826241986,-0.1590626213165933,-0.0126700024587762,27.44279137962303,-55.05459682055812,1000.0,-0.0062524903595431, Competition,Healthy
SRR13077735.bin.33.fbc2XSRR13077735.bin.45.fbc2 ,-0.0622085348989003,-0.0622085348989003,0.0,-0.0011951687780538,-0.1735743616400213,1000.0,183.40054636555783,-1000.0,-2.3328857929901687,-0.1036808914981293,-0.0082586162565121,804.0910174014916,-239.7506175426428,-1000.0,-0.0040755255332669,-0.113264024557111,-0.113264024557111,1000.0,-0.0021760619511042,999.8300930828544,-1000.0,816.5994536344422,0.0,-4.247520604298643,-0.1887733742618138,-0.0150365880824665,156.71426599460824,-187.8513154707008,1000.0,-0.0074203712533744, Neutralism,Healthy
SRR13077735.bin.38.fbc2XSRR13077735.bin.44.fbc2 ,-0.1767554160977624,-0.1767554160977624,969.6697853769048,-0.0033958773506128,-1000.0,1000.0,0.0,689.0654648378456,-6.628514876920463,-0.2945923601629374,-0.0234655124925211,1000.0,-692.9235498928089,-1000.0,-0.0115799417654898,-0.0380323216750184,-0.0380323216750184,30.330214623095344,-0.0007306882166631,1000.0,-1000.0,1000.0,310.9345351621544,-1.4262522506637652,-0.0633872027916595,-0.0050490555768192,0.0,-307.07645010719114,1000.0,-0.002491646818612, Amensalism,Healthy
SRR13077735.bin.52.fbc2XSRR13077735.bin.3.fbc2 ,-0.059862297484301,-0.059862297484301,82.53518086779832,-0.0011500921706328,1000.0,-1000.0,-409.6454410549371,-132.4309410304768,-2.2448994107285216,-0.0997704958070926,-0.0079471368994745,81.7866893821938,-500.1222317959006,1000.0,-0.0039218143020889,-0.1885073462228774,-0.1885073462228774,917.4648191322016,-0.0036216589091964,-1000.0,999.717220872371,1000.0,-867.5690589695232,-7.0692246745989,-0.3141789103715382,-0.0250256630624789,275.4102856414156,-499.8777682040994,-999.7172208723712,-0.0123498568802915, Amensalism,Healthy
SRR13077735.bin.9.fbc2XSRR13077735.bin.22.fbc2 ,-0.0757838378402766,-0.0757838378402766,12.52567793265689,-0.0014559815147094,-1000.0,999.886316963332,719.2611369259175,719.9679527293106,-2.8419739979949554,-0.1263063964005368,-0.0100608322666175,0.0,-271.67125385713314,-999.886316963332,-0.0049648969651343,-0.0848280433855279,-0.0848280433855279,987.4743220673432,-0.0016297414675818,1000.0,-1000.0,-392.265318270223,-526.442559125021,-3.181141262736901,-0.1413800723091753,-0.0112615135407168,1000.0,-728.3287461428669,1000.0,-0.0055574184043507, Amensalism,Healthy
SRR13077735.bin.44.fbc2XSRR13077735.bin.45.fbc2 ,-0.0363808644927985,-0.0363808644927985,0.0,-0.0006989599326061,1000.0,-1000.0,135.59198753433384,1000.0,-1.3643208612743365,-0.0606347741545505,-0.0048298131343926,26.37569096385596,-706.3718447653816,1000.0,-0.0023834533702711,-0.1136706591337315,-0.1136706591337315,1000.0,-0.0021838743349462,-1000.0,999.8294830919276,864.4080124656662,-17.352380524933324,-4.262769830604839,-0.1894510985563329,-0.0150905716544684,133.57420114174192,-185.53393969222748,-999.8294830919276,-0.0074470114820996, Amensalism,Healthy
SRR13077735.bin.9.fbc2XSRR13077735.bin.3.fbc2 ,-0.0757838378402766,-0.0757838378402766,12.52567793265689,-0.0014559815147094,-1000.0,999.886316963332,873.4692833008094,-104.38465338797334,-2.8419739979949554,-0.1263063964005368,-0.0100608322666175,35.696517193210184,-371.08903120074376,-999.886316963332,-0.0049648969651343,-0.196838287011019,-0.196838287011019,987.4743220673432,-0.0037817154084223,0.0,-0.2952763390934478,126.53071669919063,-895.6153466120267,-7.38164375725853,-0.3280638116849559,-0.0261316534725892,964.3034828067898,-383.0964967868261,0.2952763390934478,-0.0128956495428838, Amensalism,Healthy
SRR13077735.bin.44.fbc2XSRR13077735.bin.13.fbc2 ,-0.07769423587672,-0.07769423587672,623.4289403607027,-0.0014926846470189,-1000.0,1000.0,1000.0,591.083126502951,-2.913615943033733,-0.1294903931278668,-0.0103144509108688,707.5768706835879,-708.9247661474421,-1000.0,-0.0050900546463026,-0.0675879429735459,-0.0675879429735459,376.57105963929735,-0.001298519557622,1000.0,-1000.0,0.0,-178.14059905711292,-2.534619280083575,-0.1126465716225766,-0.0089727701430319,3.378994607614345,-291.07523385255786,1000.0,-0.0044279516914684, Amensalism,Healthy
SRR13077735.bin.52.fbc2XSRR13077735.bin.32.fbc2 ,-0.083839636954508,-0.083839636954508,339.4759954770302,-0.001610751910789,1000.0,-1000.0,126.54531712781682,-16.820743946066045,-3.1440749771510355,-0.139732728257627,-0.0111302957033103,338.4277020259947,-499.6297535725149,1000.0,-0.0054926640156054,-0.2078492251906709,-0.2078492251906709,660.5240045229698,-0.0039932608106028,-1000.0,999.68820619591,693.6547120119785,999.180036761482,-7.794565573994987,-0.346415375317747,-0.0275934322011153,661.5722979740053,-500.3702464274851,-999.68820619591,-0.0136170193641191, Competition,Healthy
SRR13077735.bin.47.fbc2XSRR13077735.bin.5.fbc2 ,-0.0870815470253774,-0.0870815470253774,0.0167303644620915,-0.0016730364461636,1000.0,-465.0178062760143,643.0210827963263,-598.6932356641671,-3.2656500304551628,-0.1451359117089623,-0.0115606818433207,387.78178550653047,-394.9040685011595,465.0178062760142,-0.0057050542816341,-0.1481679078042361,-0.1481679078042361,999.983269635538,-0.002846645683121,-1000.0,1000.0,-1000.0,-82.37817766482294,-5.556453108171468,-0.2469465130070602,-0.0196703216701052,612.2182144934695,-605.0959314988405,-1000.0,-0.0097070617792951, Neutralism,Healthy
SRR13077735.bin.22.fbc2XSRR13077735.bin.28.fbc2 ,-0.0857988185675822,-0.0857988185675822,998.7750137554212,-0.0016483922875067,0.0,0.0,0.0,-516.6107007264511,-3.2175463578599874,-0.1429980309459324,-0.0113903907071062,1000.0,-745.8855716404388,0.0,-0.005621017700605,-0.0887773912994589,-0.0887773912994589,1.2249862445788722,-0.0017056175081506,-1000.0,1000.0,1000.0,-18.60518146362176,-3.3292459826935783,-0.1479623188324694,-0.0117858169813871,0.0,-0.0332936537591876,-1000.0,-0.0058161557028597, Neutralism,Healthy
SRR13077735.bin.22.fbc2XSRR13077735.bin.33.fbc2 ,-0.0858122079188206,-0.0858122079188206,1000.0,-0.0016486495277376,-1000.0,1000.0,5.655632214805905,-514.8814767835629,-3.2180484726776517,-0.1430203465313297,-0.0113921682366253,999.1099261413032,-745.6131288418453,-1000.0,-0.0056218948896002,-0.0306039891939917,-0.0306039891939917,0.0,-0.0005879728952322,1000.0,-511.6945279679591,994.3443677851942,-485.1185232164371,-1.1476819332831385,-0.0510066486566529,-0.0040628927056332,0.8900738586966099,-122.08784523892405,511.69452796795895,-0.0020049875726044, Amensalism,Healthy
SRR13077735.bin.41.fbc2XSRR13077735.bin.3.fbc2 ,-0.064859792130278,-0.064859792130278,9.15365817215354,-0.0012461055164294,1000.0,-1000.0,1000.0,-908.6512600537684,-2.4323107406895588,-0.1080996535505391,-0.0086105891185752,-513.622637343575,-209.87502853922703,1000.0,-0.0042492198110721,-0.197239548208131,-0.197239548208131,990.8463418278466,-0.0037894245573397,-1000.0,999.704121730565,0.0,-91.34873994623172,-7.396691476155524,-0.328732580346923,-0.026184923691062,763.9404490750587,-740.7638174534663,-999.704121730565,-0.0129219377404297, Amensalism,Healthy
SRR13077735.bin.1.fbc2XSRR13077735.bin.3.fbc2 ,-0.0010489411210983,-0.0010489411210983,9.15365817215354,-2.0152567117293078e-05,1000.0,-1000.0,3.0999965267448037,-0.1600938073210045,-0.039336400434081,-0.0017482352019442,-0.0001392542391158,4.02857591586428,-0.0921387067983232,1000.0,-6.87202540348153e-05,-0.197239548208131,-0.197239548208131,990.8463418278466,-0.0037894245573397,-1000.0,999.704121730565,855.6096234861866,-529.1747228253848,-7.396691476155524,-0.328732580346923,-0.026184923691062,994.106459562994,-968.364765915308,-999.704121730565,-0.0129219377404297, Amensalism,Healthy
SRR13077735.bin.52.fbc2XSRR13077735.bin.13.fbc2 ,-0.0983049168883098,-0.0983049168883098,623.428940360702,-0.0018886631486338,-1000.0,1000.0,-1000.0,-73.3651143356226,-3.6865382597840153,-0.1638415281471452,-0.0130506623572728,903.275146825278,-499.5658730690611,-1000.0,-0.0064403413369973,-0.0675879429735459,-0.0675879429735459,376.571059639298,-0.001298519557622,1000.0,-1000.0,0.0,-178.14059905711338,-2.534619280083575,-0.1126465716225766,-0.0089727701430319,3.378994607614345,-291.075233852558,1000.0,-0.0044279516914684, Amensalism,Healthy
SRR13077735.bin.23.fbc2XSRR13077735.bin.20.fbc2 ,-0.086999185968466,-0.086999185968466,373.1801963699038,-0.0016714541012561,-992.1068254396516,1000.0,255.33630335734503,-118.16913594785036,-3.262561403791437,-0.1449986432807009,-0.0115497478394672,101.73816548120703,-403.894066545505,-1000.0,-0.0056996584851276,-0.0906810918303335,-0.0906810918303335,3.6886733619336383,-0.0017421919659454,1000.0,-907.5527626479652,-1000.0,1000.0,-3.4006367641948145,-0.151135153050518,-0.0120385464850869,559.8711507131695,-523.3082240602556,907.5527626479652,-0.0059408746041071, Neutralism,Healthy
SRR13077735.bin.7.fbc2XSRR13077735.bin.45.fbc2 ,-0.2349769519489655,-0.2349769519489655,385.99439524705485,-0.0045144467233058,-573.076142481333,1000.0,29.40122509100865,713.0944190272476,-8.811883992657613,-0.3916282532483137,-0.0311948268581545,1000.0,-606.819086379706,-1000.0,-0.0153942633265842,-0.0874885653453247,-0.0874885653453247,614.0056047529451,-0.0016808562025971,999.8687587477008,-1000.0,970.5987749089912,286.90558097275243,-3.2809136475422065,-0.1458142755756171,-0.0116147163599862,-0.0095640717927381,-206.07866121455012,1000.0,-0.0057317196508392, Competition,Healthy
SRR13077735.bin.42.fbc2XSRR13077735.bin.5.fbc2 ,-0.086074914796427,-0.086074914796427,0.0,-0.0016536967300453,1000.0,-1000.0,0.0,4.459605654384745,-3.2279002581874465,-0.1434581913274542,-0.0114270444042858,11.549795305841371,-499.79005756252377,1000.0,-0.0056391058492408,-0.1632339095887118,-0.1632339095887118,1000.0,-0.0031360981669195,-1000.0,1000.0,-1000.0,110.6276542431042,-6.121444094974663,-0.2720565159811485,-0.0216704383334445,585.4763377488248,-500.2099424374762,-1000.0,-0.010694094749283, Neutralism,Healthy
SRR13077735.bin.50.fbc2XSRR13077735.bin.45.fbc2 ,-0.0572733427626417,-0.0572733427626417,264.750320838285,-0.0011003524066381,-725.5235945509507,1000.0,1000.0,-108.6487638519634,-2.1478108729794485,-0.0954555712710316,-0.0076034351294538,-10.813005382302094,-68.64058024123881,-1000.0,-0.0037522017064475,-0.0877408789378932,-0.0877408789378932,735.249679161715,-0.0016857037260251,999.8683802530744,-1000.0,0.0,528.7048347231425,-3.290375673876952,-0.1462347982298979,-0.0116482127466497,383.2317224800056,-245.05543903506543,1000.0,-0.0057482497056753, Competition,Healthy
SRR13077735.bin.37.fbc2XSRR13077735.bin.7.fbc2 ,-0.3478944812464988,-0.3478944812464988,485.5932790420202,-0.00668385170502,1000.0,-1000.0,180.90275054724864,1000.0,-13.04641065858732,-0.5798241354108313,-0.046185415281684,781.2482861622218,-751.1750417486153,1000.0,-0.0227919343141138,-0.190130132524473,-0.190130132524473,514.4067209579798,-0.0036528363597199,-4.985380457429642,1000.0,819.0972494527514,0.0,-7.130080875668,-0.316883554207493,-0.025241099245818,218.7517138377782,-248.82495825138471,-1000.0,-0.0124561719867415, Competition,Healthy
SRR13077735.bin.47.fbc2XSRR13077735.bin.13.fbc2 ,-0.0870815470253774,-0.0870815470253774,46.08277701105453,-0.0016730364461636,-567.2169741369169,1000.0,984.6524800076318,-180.79575528851376,-3.2656500304551628,-0.1451359117089623,-0.0115606818433207,-6.028519148094574,-368.3528407392688,-1000.0,-0.0057050542816341,-0.0742799908974802,-0.0742799908974802,953.9172229889456,-0.0014270891623482,1000.0,-1000.0,-433.6432609880734,-819.2042447114862,-2.785578148558784,-0.1237999848291337,-0.0098611861114932,-5.48317625026209,-361.62341626371153,1000.0,-0.0048663740434449, Neutralism,Healthy
SRR13077735.bin.38.fbc2XSRR13077735.bin.28.fbc2 ,-0.1776771186989663,-0.1776771186989663,993.4149552474296,-0.0034135853736643,-1000.0,999.7334672540246,-610.4179118885545,681.8704149266694,-6.663079698408751,-0.2961285311649817,-0.0235878749319908,1000.0,-999.9666171728928,-999.7334672540246,-0.0116403261241657,-0.0890151716664604,-0.0890151716664604,6.585044752570411,-0.0017101858148862,1000.0,-1000.0,311.7174615856011,171.16017550862352,-3.338162997710583,-0.1483586194440249,-0.0118173839811106,0.0,-0.0333828271071752,1000.0,-0.0058317336288382, Neutralism,Healthy
SRR13077735.bin.50.fbc2XSRR13077735.bin.22.fbc2 ,-0.0570850540609626,-0.0570850540609626,262.3849044270539,-0.0010967349483053,-721.9822319635579,1000.0,1000.0,-111.3644459659647,-2.140749847708662,-0.095141756768271,-0.0075784384930557,-13.358880572263615,-69.5258502753021,-1000.0,-0.0037398661738734,-0.0633641239379585,-0.0633641239379585,737.6150955729461,-0.0012173702965583,1000.0,-1000.0,-611.9445786422831,-590.9355294505625,-2.3762216030410173,-0.1056068732299309,-0.0084120287494897,1000.0,-445.9606377963364,1000.0,-0.004151232711365, Competition,Healthy
SRR13077735.bin.55.fbc2XSRR13077735.bin.32.fbc2 ,-0.0859797427973489,-0.0859797427973489,11.818902638784948,-0.0016518682573405,1000.0,-1000.0,728.6922747863537,-34.86077992381627,-3.224331207656178,-0.1432995713289528,-0.0114144096586414,7.724788459538672,-285.88984627268167,1000.0,-0.0056328707577222,-0.2312099398511691,-0.2312099398511691,988.181097361215,-0.0044420737723385,-1000.0,999.6531628798544,84.620693864023,640.7774761249893,-8.67061705847641,-0.3853498997519864,-0.0306947297669921,894.0961061234584,-714.1101537273183,-999.6531628798544,-0.0151474715637505, Amensalism,Healthy
SRR13077735.bin.37.fbc2XSRR13077735.bin.33.fbc2 ,-0.4082849913955897,-0.4082849913955897,1000.0,-0.0078440920536877,1000.0,-1000.0,118.14265309688244,1000.0,-15.31111860239912,-0.6804749856594299,-0.0542026760911085,998.0428971781598,-785.7225072219117,1000.0,-0.0267483539031445,-0.0605693220037437,-0.0605693220037437,0.0,-0.0011636757349151,-24.22446599687987,1000.0,881.8573469031176,-1000.0,-2.27141357730784,-0.1009488700062775,-0.0080409993285002,1.957102821840067,-214.27749277808837,-1000.0,-0.0039681342561834, Neutralism,Healthy
SRR13077735.bin.20.fbc2XSRR13077735.bin.7.fbc2 ,-0.0906810918303335,-0.0906810918303335,3.6886733619336383,-0.0017421919659454,-0.136030348705276,0.0,685.2480290915073,734.9758166685122,-3.4006367641948145,-0.151135153050518,-0.0120385464850869,0.0,-500.16240713507057,0.0,-0.0059408746041071,-0.2833461400925898,-0.2833461400925898,996.3113266380664,-0.0054437298769016,-1.815466654785496,1000.0,314.7519709084927,265.02418333148785,-10.625779658616691,-0.472243566821021,-0.0376161734493507,1000.0,-499.83759286492943,-1000.0,-0.0185631188802517, Neutralism,Healthy
SRR13077735.bin.43.fbc2XSRR13077735.bin.33.fbc2 ,-0.1085152984391015,-0.1085152984391015,908.4804570451056,-0.0020848280199743,-1000.0,999.6972204266608,106.1830627763079,0.0,-4.069438357007812,-0.1808588307318359,-0.0144061616178987,997.5038568692426,-587.5648336501632,-999.6972204266608,-0.0071092635480454,-0.0631832531385043,-0.0631832531385043,91.5195429548944,-0.0012138953533167,1000.0,-0.1762940221577764,893.8169372236921,-1000.0,-2.3694387569400988,-0.105305421897583,-0.0083880168912173,2.4961431307574458,-249.97962173175665,0.1762940221577764,-0.0041393831546656, Amensalism,Healthy
SRR13077735.bin.9.fbc2XSRR13077735.bin.28.fbc2 ,-0.1271739909128655,-0.1271739909128655,985.2118433552382,-0.0024433043403178,-1000.0,999.8092267971087,766.9570270800896,-1000.0,-4.76915904097325,-0.2119566515215183,-0.0168832329915176,1000.0,-755.4788323583605,-999.8092267971087,-0.0083316678004621,-0.0893095808321504,-0.0893095808321504,14.78815664476167,-0.0017158420909026,1000.0,-1000.0,112.5116837407445,165.9264068235084,-3.3492036525199183,-0.1488493013869174,-0.0118564688482365,0.0,-0.033493237614607,1000.0,-0.0058510215300202, Neutralism,Healthy
SRR13077735.bin.43.fbc2XSRR13077735.bin.28.fbc2 ,-0.1419106228360078,-0.1419106228360078,989.9271940235304,-0.0027264288729611,-1000.0,999.6040407347843,-195.4608043847361,-617.4087723874968,-5.321798309938231,-0.2365177047266797,-0.0188396235118943,1000.0,-504.4887107035258,-999.6040407347843,-0.0092971224567008,-0.0891698940714604,-0.0891698940714604,10.072805976469567,-0.001713158387588,1000.0,-1000.0,1000.0,-23.14989215924868,-3.343965251391637,-0.1486164901191387,-0.01183792445795,0.0,-0.0334408517247766,1000.0,-0.0058418701015625, Neutralism,Healthy
SRR13077735.bin.47.fbc2XSRR13077735.bin.50.fbc2 ,-0.0870815470253774,-0.0870815470253774,0.0167303644620915,-0.0016730364461636,534.8603154180037,0.1218783059805446,0.0,-420.384578570911,-3.2656500304551628,-0.1451359117089623,-0.0115606818433207,209.47312841327448,-394.9040685011592,-0.1218783059805446,-0.0057050542816341,-0.0812470008489754,-0.0812470008489754,999.983269635538,-0.001560941418802,-1000.0,999.8781216940196,1000.0,-579.615421429089,-3.046848383613451,-0.1354116680815877,-0.0107861052039197,410.4270856420303,0.0,-999.8781216940196,-0.0053228102381126, Neutralism,Healthy
SRR13077735.bin.37.fbc2XSRR13077735.bin.52.fbc2 ,-0.385605964634351,-0.385605964634351,789.6140050217978,-0.0074083758815959,-1000.0,1000.0,82.68415991755182,1000.0,-14.460631134459732,-0.6426766077238426,-0.0511918773414663,790.3938769671845,-619.74478813995,-1000.0,-0.0252625617561079,-0.0593611400038298,-0.0593611400038298,210.38599497820223,-0.0011404637848499,1000.0,-1000.0,-1000.0,-28.497606580830507,-2.226105475650684,-0.0989352333397164,-0.007880604753609,209.6061230328155,-380.25521186005005,1000.0,-0.0038889815065203, Amensalism,Healthy
SRR13077735.bin.41.fbc2XSRR13077735.bin.1.fbc2 ,-0.0662113337978098,-0.0662113337978098,24.97282390411988,-0.0012720717347747,-1000.0,1000.0,1000.0,-329.83534351219373,-2.4829949813625944,-0.1103522229963118,-0.008790015687623,-513.9065044573334,-209.0389085170216,-1000.0,-0.0043377646157978,-0.111730859947329,-0.111730859947329,975.02717609588,-0.0021466063390107,1000.0,-1000.0,0.0,-314.77301089309003,-4.190025311374711,-0.1862180999122529,-0.0148330498028599,15.135378634641029,-1.3214132967058276,1000.0,-0.0073199276160949, Amensalism,Healthy
SRR13077735.bin.42.fbc2XSRR13077735.bin.1.fbc2 ,-0.0860842020189238,-0.0860842020189238,0.0,-0.0016538751588086,-1000.0,1000.0,-929.90628639236,5.047046347454057,-3.2282485388437863,-0.1434736700315397,-0.0114282773477043,13.31192003915578,-500.3856261830798,-1000.0,-0.0056397142917603,-0.1136225099015746,-0.1136225099015746,1000.0,-0.0021829492776532,1000.0,-1000.0,827.4691139782162,-320.490446464378,-4.260964183519263,-0.1893708498359956,-0.0150841795085625,4.935495510312535,-50.0676841008401,1000.0,-0.0074438570368329, Neutralism,Healthy
SRR13077735.bin.5.fbc2XSRR13077735.bin.11.fbc2 ,-0.1332186255833676,-0.1332186255833676,34.520176143526896,-0.0025594356500278,-1000.0,1000.0,-850.8580034706936,987.0769537769028,-4.995839228338468,-0.2220310426390597,-0.0176857003416444,-5.346426360053556,-537.7910655524104,-1000.0,-0.008727675566547,-0.1331946982521685,-0.1331946982521685,965.4798238564732,-0.0025589759510467,1000.0,-1000.0,-149.14199652930645,-541.4332015911583,-4.994941928135177,-0.2219911637537279,-0.0176825238218043,537.8707488106629,-462.2089344475896,1000.0,-0.008726107993084, Competition,Healthy
SRR13077735.bin.33.fbc2XSRR13077735.bin.13.fbc2 ,-0.0527652024760527,-0.0527652024760527,625.7062040141843,-0.0010137406816284,-779.7536041522941,1000.0,109.6270889509724,-835.113734336718,-1.97875084859038,-0.0879420041268304,-0.0070049481097385,990.1761685205596,-55.0813871800309,-1000.0,-0.0034568557241527,-0.0670101854346967,-0.0670101854346967,374.2937959858157,-0.0012874195087988,1000.0,-1000.0,-756.1039493827907,-164.88626566328196,-2.5129527618754537,-0.1116836423911991,-0.0088960688060524,5.686094247880305,-290.1316265993594,1000.0,-0.0043901005251427, Competition,Healthy
SRR13077735.bin.38.fbc2XSRR13077735.bin.26.fbc2 ,-0.176411074374073,-0.176411074374073,972.0571800573643,-0.0033892617555011,-1000.0,999.7353664421304,871.8698744338071,691.0212839278772,-6.615601698422779,-0.294018457290008,-0.0234197987305151,1000.0,-500.0,-999.7353664421302,-0.0115573825862611,-0.0887023221591789,-0.0887023221591789,27.94281994263565,-0.0017041752576005,0.0,-0.1330620041150041,94.4994711996228,-1000.0,-3.3264308106074623,-0.1478372035985558,-0.0117758510301655,0.0,-500.0,0.1330620041150041,-0.0058112376284498, Amensalism,Healthy
SRR13077735.bin.11.fbc2XSRR13077735.bin.45.fbc2 ,-0.1236196087651251,-0.1236196087651251,390.0242675198251,-0.0023750164988314,-1000.0,1000.0,-1000.0,-347.99803752466755,-4.635865954597875,-0.2060326812751327,-0.0164113640070127,1000.0,-0.2524167534976413,-1000.0,-0.0080988062610458,-0.0871355107356066,-0.0871355107356066,609.9757324801749,-0.0016740732129392,999.8692883635304,-1000.0,966.3715662775272,303.7807218790504,-3.267673726612884,-0.1452258512260869,-0.011567845901709,-4.044962660131773,-206.074825708718,1000.0,-0.0057085896562512, Competition,Healthy
SRR13077735.bin.5.fbc2XSRR13077735.bin.1.fbc2 ,-0.1327289734587111,-0.1327289734587111,24.97282390412056,-0.0025500283085193,-1000.0,1000.0,844.618474082662,991.8612652926544,-4.97747675625908,-0.2212149557644807,-0.0176206956118676,-9.237708264478442,-999.7718586782862,-1000.0,-0.0086955965321067,-0.111730859947329,-0.111730859947329,975.0271760958794,-0.0021466063390107,1000.0,-1000.0,35.627797240015525,-992.5631732691816,-4.190025311374711,-0.1862180999122529,-0.0148330498028599,243.16795158249943,-0.2281413217137924,1000.0,-0.0073199276160949, Amensalism,Healthy
SRR13077735.bin.32.fbc2XSRR13077735.bin.3.fbc2 ,-0.1661715068428293,-0.1661715068428293,0.0,-0.003192536154529,0.0,-0.2492732229450212,0.0,1000.0,-6.231607096095672,-0.2769525114047155,-0.022060424827714,1000.0,-500.2769844367663,0.2492732229450212,-0.0108865482869759,-0.1979643875416741,-0.1979643875416741,1000.0,-0.0038033503850556,-1000.0,999.7030344019356,1000.0,-359.3651026126056,-7.423873717083325,-0.3299406459027523,-0.0262811511606742,0.0,-426.7013696680174,-999.7030344019356,-0.0129694248130363, Amensalism,Healthy
SRR13077735.bin.41.fbc2XSRR13077735.bin.45.fbc2 ,-0.079956444383356,-0.079956444383356,185.8529414666125,-0.0015361468661012,-1000.0,1000.0,1000.0,-510.4627274506227,-2.998451152452958,-0.1332607406388888,-0.0106147748451803,-516.7934186857683,-200.53561006576524,-1000.0,-0.0052382608135985,-0.0874885653453247,-0.0874885653453247,814.1470585333875,-0.0016808562025971,999.8687587477008,-1000.0,0.0,218.98098067786304,-3.2809136475422065,-0.1458142755756171,-0.0116147163599862,610.4167360805473,-219.41457962923425,1000.0,-0.0057317196508392, Competition,Healthy
SRR13077735.bin.22.fbc2XSRR13077735.bin.7.fbc2 ,0.0,0.0,0.0,0.0,1000.0,-1000.0,0.0,0.0,0.0,0.0,0.0,0.0,0.0,1000.0,0.0,-0.2849691368687672,-0.2849691368687672,1000.0,-0.0054749113711523,0.0,999.2048786215668,1000.0,957.4862495058984,-10.686643752702594,-0.4749485614478317,-0.0378316375746408,1000.0,-1000.0,-999.2048786215668,-0.0186694477756645, Amensalism,Healthy
SRR13077735.bin.9.fbc2XSRR13077735.bin.23.fbc2 ,-0.1158197840587718,-0.1158197840587718,634.4409475159675,-0.002225163958883,-1000.0,999.826259198092,0.0,145.55270158743247,-4.343364286222368,-0.1930329734312863,-0.0153758829557091,905.686755011444,-336.27162153867425,-999.826259198092,-0.0075878090997321,-0.086999185968466,-0.086999185968466,365.55905248403246,-0.0016714541012561,1000.0,-981.2862327373488,264.3684325738277,-121.56480815750352,-3.262561403791437,-0.1449986432807009,-0.0115497478394672,94.31324498855588,-407.889635408239,981.2862327373488,-0.0056996584851276, Neutralism,Healthy
SRR13077735.bin.37.fbc2XSRR13077735.bin.44.fbc2 ,-0.4141078966172244,-0.4141078966172244,896.8010502179864,-0.007955963431641,-1000.0,1000.0,314.15462123316365,1000.0,-15.5294837011337,-0.6901798276953741,-0.0549757073126784,1000.0,-999.939426089772,-1000.0,-0.0271298353019346,-0.0363401570697305,-0.0363401570697305,103.19894978201364,-0.0006981778495855,1000.0,-1000.0,685.8453787668363,0.0,-1.3627942898973515,-0.0605669284495888,-0.0048244089405216,0.0,-0.0605739102280722,1000.0,-0.0023807864670288, Amensalism,Healthy
SRR13077735.bin.37.fbc2XSRR13077735.bin.5.fbc2 ,-0.3841140684705806,-0.3841140684705806,911.034089740162,-0.0073797131310584,1000.0,-1000.0,99.02045840226084,852.1908739574033,-14.404683451867411,-0.6401901141175586,-0.0509938177355024,978.6464906753354,-588.9234712040372,1000.0,-0.0251648217767979,-0.0572657411248656,-0.0572657411248656,88.96591025983798,-0.0011002063616842,-1000.0,1000.0,-1000.0,147.80912604259674,-2.1475258035326306,-0.095442901874776,-0.0076024259591349,21.35350932466463,-411.0765287959628,-1000.0,-0.0037517036932968, Amensalism,Healthy
SRR13077735.bin.37.fbc2XSRR13077735.bin.11.fbc2 ,-0.362223482481113,-0.362223482481113,672.144832123995,-0.0069591447162338,-1000.0,1000.0,262.7667802770811,693.5904783874689,-13.583763346001092,-0.6037058041351884,-0.0480876899893019,885.6720639975906,-702.4413429154524,-1000.0,-0.0237306834824266,-0.1168773856787765,-0.1168773856787765,327.855167876005,-0.002245482914077,1000.0,-1000.0,-809.5468203601381,306.4095216125311,-4.38302546451348,-0.1947956427978852,-0.0155162869364176,114.3279360024094,-242.44364011301627,1000.0,-0.0076570967370344, Competition,Healthy
SRR13077755.bin.41.fbc2XSRR13077755.bin.8.fbc2 ,-0.0637670654310795,-0.0637670654310795,100.08638758912956,-0.0012251117277628,-1000.0,1000.0,-16.879027761387192,1000.0,-2.391332334810613,-0.1062784423851326,-0.0084655220389322,86.3309923741117,-451.6995729780755,-1000.0,-0.0041776309917622,-0.1610492172402473,-0.1610492172402473,899.9136124108704,-0.0030941252111915,1000.0,-1000.0,1000.0,-42.56996477504708,-6.039515823396982,-0.2684153620671168,-0.0213804052090154,9.234370280794336,-0.3857910019520432,1000.0,-0.0105509669700722, Amensalism,Healthy
SRR13077755.bin.13.fbc2XSRR13077755.bin.8.fbc2 ,-0.1380677426925558,-0.1380677426925558,8.023526354307137,-0.0026525983225837,-0.8473916447828742,1000.0,0.0,-918.2528252772196,-5.177686243879748,-0.2301129044876688,-0.0183294544093541,178.21455703078345,-1000.0,-1000.0,-0.0090453602801972,-0.165634902153215,-0.165634902153215,991.9764736456927,-0.0031822267465031,1000.0,-1000.0,1000.0,-81.7471747227803,-6.211483853214986,-0.2760581702552827,-0.0219891868180184,9.497307991404682,37.56830489056165,1000.0,-0.010851393205371, Neutralism,Healthy
SRR13077755.bin.19.fbc2XSRR13077755.bin.20.fbc2 ,-0.1506984242242879,-0.1506984242242879,1000.0,-0.0028952627131957,-1000.0,1000.0,707.2699360571721,908.7726020053564,-5.651350147861081,-0.2511640403738511,-0.0200062653484565,-31.510533834329635,-387.26622389511215,-1000.0,-0.0098728458522145,-0.0572792325492628,-0.0572792325492628,0.0,-0.0011004655628994,999.9140756488482,-1000.0,292.7300639428279,91.22739799464352,-2.1480317462049925,-0.0954653875821804,-0.0076042170396704,1.5720205589403804,-612.7337761048879,1000.0,-0.0037525875694655, Amensalism,Healthy
SRR13077755.bin.54.fbc2XSRR13077755.bin.20.fbc2 ,-0.0918616928939854,-0.0918616928939854,418.1564683924703,-0.0017648740229105,-1000.0,1000.0,87.0108636557959,-665.2637322306347,-3.4449105515958536,-0.1531028214899379,-0.0121952794985418,654.8467986267715,-98.8189604228412,-1000.0,-0.006018220418241,-0.0868289781914199,-0.0868289781914199,581.8435316075297,-0.0016681840190813,999.869748191793,-1000.0,912.989136344204,-151.87793864226774,-3.256178432299066,-0.1447149636524045,-0.0115271515716131,345.1532013732285,-901.1810395771588,1000.0,-0.0056885075049422, Neutralism,Healthy
SRR13077755.bin.32.fbc2XSRR13077755.bin.20.fbc2 ,-0.0902854143106424,-0.0902854143106424,416.8175421941824,-0.0017345900923828,-1000.0,999.8645632055836,-157.11632570965344,-458.7547739987776,-3.3857984391048603,-0.1504756905177373,-0.0119860175386747,416.7647840753582,-201.3475364211424,-999.8645632055836,-0.005914952215221,-0.0868289781914199,-0.0868289781914199,583.1824578058176,-0.0016681840190813,999.869748191793,-1000.0,794.174472449854,-541.2452260012224,-3.256178432299066,-0.1447149636524045,-0.0115271515716131,562.8723173739158,-547.8175722966238,1000.0,-0.0056885075049422, Neutralism,Healthy
SRR13077755.bin.19.fbc2XSRR13077755.bin.45.fbc2 ,-0.1506984242242879,-0.1506984242242879,1000.0,-0.0028952627131957,1000.0,-1000.0,767.3607325832836,668.4094159009101,-5.651350147861081,-0.2511640403738511,-0.0200062653484565,-31.510533834329635,-417.311622158168,1000.0,-0.0098728458522145,-0.2210103238893452,-0.2210103238893452,0.0,-0.0042461157327124,-1000.0,999.6684632835872,232.6392674167164,331.59058409908994,-8.288120682214299,-0.3683505398155375,-0.0293406597132843,1000.0,-582.688377841832,-999.6684632835874,-0.0144792546486769, Amensalism,Healthy
SRR13077755.bin.23.fbc2XSRR13077755.bin.20.fbc2 ,-0.1482511234968342,-0.1482511234968342,668.8796733634424,-0.0028482444475912,-1000.0,1000.0,948.6421418875572,-117.61362745403916,-5.55957378457515,-0.247085205828057,-0.0196813691328543,998.6136071576988,-395.484982839399,-1000.0,-0.0097125135662281,-0.078549810805498,-0.078549810805498,331.1203266365576,-0.0015091222056753,999.8821677381808,-1000.0,51.35785811244273,-137.37098027818956,-2.945700906926959,-0.1309163513424209,-0.0104280344412472,1.3863928423010066,-604.515017160601,1000.0,-0.0051461067213267, Amensalism,Healthy
SRR13077755.bin.13.fbc2XSRR13077755.bin.27.fbc2 ,-0.1380677426925558,-0.1380677426925558,8.023526354307023,-0.0026525983225837,-1000.0,1000.0,-1000.0,-289.7655325016858,-5.177686243879748,-0.2301129044876688,-0.0183294544093541,700.5374047045209,-938.1695572634792,-1000.0,-0.0090453602801972,-0.0788647303130574,-0.0788647303130574,991.976473645693,-0.0015151725324358,1000.0,-1000.0,232.17738652195067,-633.1945346286896,-2.957510721228232,-0.1314412171883532,-0.010469842199086,286.61645911319806,-0.022818498338438,1000.0,-0.0051667383355606, Amensalism,Healthy
SRR13077755.bin.20.fbc2XSRR13077755.bin.6.fbc2 ,-0.0868289781914199,-0.0868289781914199,414.9498709117015,-0.0016681840190813,1000.0,-977.7642228558544,1000.0,0.0,-3.256178432299066,-0.1447149636524045,-0.0115271515716131,2.39044931285423,-1000.0,977.7642228558544,-0.0056885075049422,-0.0217799982307269,-0.0217799982307269,585.0501290882985,-0.0004184437700587,-1000.0,999.967327910435,0.0,-1000.0,-0.8167729480599064,-0.0362999970511737,-0.0028914464510307,997.6095506871457,0.0,-999.9673279104352,-0.0014268932558252, Neutralism,Healthy
SRR13077755.bin.54.fbc2XSRR13077755.bin.49.fbc2 ,-0.0916691332405434,-0.0916691332405434,511.116450464878,-0.001761174509852,0.0,0.0,386.6417297889657,-52.06466274321235,-3.4376893611164405,-0.1527818887341254,-0.0121697158634788,363.39841956055307,-330.4063795762554,0.0,-0.0060056050788261,-0.0418191230480715,-0.0418191230480715,488.883549535122,-0.0008034413649511,-1000.0,1000.0,613.3582702110343,-947.9353372567876,-1.5682613035758095,-0.0696985384133768,-0.0055517798321034,636.6015804394469,-0.0853897482717229,-1000.0,-0.0027397350546607, Neutralism,Healthy
SRR13077755.bin.3.fbc2XSRR13077755.bin.8.fbc2 ,-0.082471938717731,-0.082471938717731,260.50002419808106,-0.0015844752875864,0.0,0.0,0.0,329.22942847266427,-3.092784848054293,-0.1374532311961047,-0.010948724237096,-49.42872065973472,-431.537418984685,0.0,-0.0054030607306003,-0.1400581284402733,-0.1400581284402733,739.4999758019189,-0.0026908382025112,-1000.0,1000.0,1000.0,-37.01064970544326,-5.252327812610247,-0.2334302140670843,-0.0185936919792766,11.3587142165037,-0.3385074458748249,-1000.0,-0.009175758270544, Competition,Healthy
SRR13077755.bin.37.fbc2XSRR13077755.bin.19.fbc2 ,-0.0855024194720499,-0.0855024194720499,0.0200901938547986,-0.0016426977804258,-551.1892195562575,1000.0,312.62977908093944,-925.3141812162644,-3.206431078580408,-0.1425040324534165,-0.0113510416628059,474.7005481719728,-362.8800820744236,-1000.0,-0.0056015994313156,-0.1506966941897189,-0.1506966941897189,999.9799098061452,-0.0028952294752571,1000.0,-1000.0,687.3702209190606,1000.0,-5.651285269735354,-0.2511611569829028,-0.0200060356743279,-33.84962781999752,-376.1552212070128,1000.0,-0.0098727325107574, Amensalism,Healthy
SRR13077755.bin.35.fbc2XSRR13077755.bin.41.fbc2 ,-0.0824570822768464,-0.0824570822768464,987.9647512052792,-0.0015841898612052,-1000.0,999.8763064556356,-1000.0,-1000.0,-3.0922277158230145,-0.1374284704613728,-0.0109467519411055,0.8557635211357137,-0.1374443123600031,-999.8763064556356,-0.0054020874267735,-0.0574316952123581,-0.0574316952123581,12.035248794720816,-0.0011033947206442,1000.0,-1000.0,30.996412488894062,1000.0,-2.1537492571742405,-0.0957194920206347,-0.0076244575200234,-3.5449234278513586,-437.7876397240018,1000.0,-0.0037625759975981, Amensalism,Healthy
SRR13077755.bin.37.fbc2XSRR13077755.bin.28.fbc2 ,-0.1282017781758213,-0.1282017781758213,502.8152174528213,-0.0024630504932474,-1000.0,999.807685017484,-851.1633184523853,-1000.0,-4.807702149368424,-0.2136696302929976,-0.0170196789085821,983.5737848975532,-100.99828668018311,-999.807685017484,-0.0083990021821591,-0.0874564660446139,-0.0874564660446139,420.6729793907152,-0.0016802395012973,934.8608349534384,0.192314982516109,729.0941290581345,0.0,-3.279709889847709,-0.1457607767410991,-0.0116104549542797,16.426215102446918,-899.0017133198169,-0.192314982516109,-0.0057296166995683, Neutralism,Healthy
SRR13077755.bin.54.fbc2XSRR13077755.bin.41.fbc2 ,-0.0916692053527867,-0.0916692053527867,2.44444169570545,-0.0017611758953535,-1000.0,1000.0,108.83139480604676,-69.84673900994085,-3.437692065404235,-0.1527820089213492,-0.01216972543682,67.83325705582683,-465.735554366122,-1000.0,-0.0060056098030827,-0.1162825455483016,-0.1162825455483016,997.5555583042948,-0.0022340546695431,1000.0,-1000.0,-339.2235190902222,424.1334308082369,-4.360718331067119,-0.1938042425804269,-0.0154373177663273,932.1667429441732,-500.281044077425,1000.0,-0.0076181264230399, Neutralism,Healthy
SRR13077755.bin.35.fbc2XSRR13077755.bin.8.fbc2 ,-0.0083533663383832,-0.0083533663383832,100.08638758912934,-0.0001604873456244,-1000.0,999.9874691480557,0.0,-278.42410671311313,-0.3132600644933063,-0.0139222772306766,-0.0011089675581388,0.0866936592186675,-0.0139238821041089,-999.9874691480557,-0.00054726184851,-0.1610492172402473,-0.1610492172402473,899.9136124108707,-0.0030941252111915,1000.0,-1000.0,1000.0,-42.569964775047424,-6.039515823396982,-0.2684153620671168,-0.0213804052090154,13.067279768608614,-0.3857910019520432,1000.0,-0.0105509669700722, Amensalism,Healthy
SRR13077755.bin.42.fbc2XSRR13077755.bin.45.fbc2 ,-0.0854421956461237,-0.0854421956461237,2.277336831055436,-0.0016415407425256,1000.0,-1000.0,-340.30875074657604,-972.679184215067,-3.204172621469752,-0.1424036594102062,-0.0113430465305555,3.072893136491075,-11.948195401145083,1000.0,-0.0055976539318862,-0.248473197725616,-0.248473197725616,997.7226631689446,-0.0047737405902807,-1000.0,999.6272663347086,-120.53308801438902,-27.32081578493296,-9.318007470442469,-0.4141219962093601,-0.0329865474790267,996.9271068635088,-988.0518045988548,-999.6272663347088,-0.0162784554129302, Neutralism,Healthy
SRR13077755.bin.37.fbc2XSRR13077755.bin.41.fbc2 ,-0.1282017539668913,-0.1282017539668913,502.8149336704592,-0.0024630500281546,-1000.0,999.8076850537996,-848.081020071183,-1000.0,-4.807701241511609,-0.2136695899448568,-0.0170196756947689,983.5726549963648,-250.5979669705922,-999.8076850537994,-0.008399000596114,-0.0821583174952138,-0.0821583174952138,497.18506632954086,-0.0015784499038318,1000.0,-1000.0,200.05359844923464,947.4850398714808,-3.0810237208137323,-0.136930529158576,-0.0109070888355518,16.427345003635423,-500.1985689979038,1000.0,-0.0053825141720835, Amensalism,Healthy
SRR13077755.bin.31.fbc2XSRR13077755.bin.20.fbc2 ,-0.1866699987929223,-0.1866699987929223,963.649057174546,-0.0035863592466967,1000.0,-1000.0,-821.8354735579704,-43.10049782551516,-7.000322204492022,-0.3111166646548327,-0.0247817423950209,40.94452210074496,-500.0700057324964,1000.0,-0.0122294850314119,-0.0564271762870021,-0.0564271762870021,36.35094282545401,-0.0010840956058473,-1000.0,999.9153538150912,-37.52572616508246,-16.71004459135088,-2.116078736022473,-0.0940452938117459,-0.0074911006367983,1.5486359935048313,-499.9299942675036,-999.9153538150914,-0.0036967660161053, Amensalism,Healthy
SRR13077755.bin.26.fbc2XSRR13077755.bin.3.fbc2 ,-0.0894985820019655,-0.0894985820019655,13.14654214103939,-0.0017194732373582,-1000.0,999.8657435296308,186.5961118050759,275.4853391763397,-3.356291396103302,-0.1491643033366472,-0.0118815600698098,1.3550366162399996,-305.746517761301,-999.8657435296308,-0.0058634037392266,-0.1847013388000959,-0.1847013388000959,986.8534578589606,-0.0035485367684486,1000.0,-1000.0,813.4038881949241,693.8912801366678,-6.926495374526326,-0.3078355646669024,-0.0245203890702896,-30.32059465388943,-694.253482238699,1000.0,-0.0121005103806055, Neutralism,Healthy
SRR13077755.bin.18.fbc2XSRR13077755.bin.20.fbc2 ,-0.2325888207599291,-0.2325888207599291,456.83226547006575,-0.0044685652403586,-1000.0,1000.0,502.02653489603154,1000.0,-8.722326549585091,-0.3876480345998061,-0.0308777858107305,997.609550687146,-500.0872263934915,-1000.0,-0.0152378074695889,-0.0868289781914199,-0.0868289781914199,543.1677345299343,-0.0016681840190813,999.869748191793,-1000.0,497.97346510396846,-654.448231089673,-3.256178432299066,-0.1447149636524045,-0.0115271515716131,2.390449312854116,-455.90695206831936,1000.0,-0.0056885075049422, Neutralism,Healthy
SRR13077755.bin.33.fbc2XSRR13077755.bin.27.fbc2 ,0.0,0.0,0.0,0.0,-1000.0,1000.0,0.0,0.0,0.0,0.0,0.0,0.0,0.0,-1000.0,0.0,-0.1163348122502156,-0.1163348122502156,1000.0,-0.0022350588328663,1000.0,-1000.0,-787.1520814707217,-690.8022288556336,-4.3626783876197806,-0.1938913537503594,-0.0154442565350336,614.6161472047231,-0.0336599860228261,1000.0,-0.0076215506200014, Amensalism,Healthy
SRR13077755.bin.28.fbc2XSRR13077755.bin.14.fbc2 ,-0.0710639864643098,-0.0710639864643098,0.0,-0.0013653023336246,-0.3108547907883121,1000.0,819.32893019725,-26.61565424113371,-2.664974584040351,-0.1184399774405164,-0.0094342391251984,343.5124887182651,-831.3297560209026,-1000.0,-0.0046556809576259,-0.0872579166987179,-0.0872579166987179,1000.0,-0.0016764249126026,999.8691047428274,-1000.0,-1000.0,-187.03545769606933,-3.2722640795719826,-0.1454298611645299,-0.0115840961458388,656.4875112817349,-168.67024397909745,1000.0,-0.0057166089518432, Amensalism,Healthy
SRR13077755.bin.13.fbc2XSRR13077755.bin.41.fbc2 ,-0.1366884047187113,-0.1366884047187113,7.943368930355291,-0.0026260980733923,-1000.0,999.7949542624316,-1000.0,-473.2155230464217,-5.1259596123449,-0.227814007864481,-0.0181463376869714,858.7517502316714,-499.9237815932798,-999.7949542624316,-0.0089549944301552,-0.1016180345744715,-0.1016180345744715,992.0566310696448,-0.0019523157459389,1000.0,-1000.0,339.9574832031499,514.0261504881039,-3.810783673909441,-0.1693633909575282,-0.013490501804199,141.2482497683286,-500.0762184067202,1000.0,-0.0066573966935266, Amensalism,Healthy
SRR13077755.bin.28.fbc2XSRR13077755.bin.35.fbc2 ,-0.0740830900397213,-0.0740830900397213,39.447715574386166,-0.0014233062447601,-0.3101334987070459,1000.0,842.0121066520455,-27.74640162639776,-2.7781941583328944,-0.123471816732831,-0.0098350461512382,291.3340611498338,-837.8227366426759,-1000.0,-0.0048534742945776,-0.0801691949550331,-0.0801691949550331,960.5522844256138,-0.0015402342930883,999.879738506396,-1000.0,-1000.0,-972.2535983736022,-3.0064295236994667,-0.1336153249250173,-0.0106430189651973,0.8320191627809663,-0.1336307272679278,1000.0,-0.0052521989393881, Amensalism,Healthy
SRR13077755.bin.31.fbc2XSRR13077755.bin.37.fbc2 ,-0.1868066492958178,-0.1868066492958178,963.6224467140962,-0.0035889846166128,1000.0,-1000.0,-1000.0,133.80657019861496,-7.005446742748177,-0.3113444154930675,-0.0247998837008935,52.27115632159507,-533.3623575848536,1000.0,-0.0122384375426918,-0.0886110080801927,-0.0886110080801927,36.37755328590379,-0.0017024209045075,-80.50069040051483,1000.0,480.5446368570431,-1000.0,-3.323006436155538,-0.1476850134669121,-0.0117637284502052,74.47986323859277,-359.6782083667204,-1000.0,-0.0058052552843719, Amensalism,Healthy
SRR13077755.bin.14.fbc2XSRR13077755.bin.21.fbc2 ,-0.0038738506215167,-0.0038738506215167,44.39540580436096,-7.442556432124547e-05,-1000.0,999.99418885194,0.0,-36.709176032325104,-0.1452734917115776,-0.0064564177024522,-0.0005142806492131,-1.5027563388781573,-514.6358387821558,-999.99418885194,-0.0002537911742592,-0.1515439054762737,-0.1515439054762737,955.604594195639,-0.0029115063491644,0.0,-0.2273304157461098,213.00321741306172,1000.0,-5.683056588207933,-0.2525731757937137,-0.0201185088729971,1000.0,-485.3641612178442,0.2273304157461098,-0.0099282366508077, Amensalism,Healthy
SRR13077755.bin.37.fbc2XSRR13077755.bin.51.fbc2 ,-0.1282017781758213,-0.1282017781758213,502.8152174528211,-0.0024630504932474,999.807685017484,-1000.0,-851.1768323894248,-1000.0,-4.807702149368424,-0.2136696302929976,-0.0170196789085821,983.6008127716328,-100.98206995573526,1000.0,-0.0083990021821591,-0.0204333060580665,-0.0204333060580665,497.1847825471789,-0.0003925707216012,-1000.0,999.9693480780592,1000.0,0.0,-0.7662705685662559,-0.0340555100967776,-0.0027126636861112,16.399187228367282,-255.5627025075155,-999.9693480780592,-0.0013386661605636, Neutralism,Healthy
SRR13077755.bin.6.fbc2XSRR13077755.bin.51.fbc2 ,-0.0217799982307269,-0.0217799982307269,623.8048199739596,-0.0004184437700587,0.0,-0.0326720895649259,-101.17749821551196,-1000.0,-0.8167729480599064,-0.0362999970511737,-0.0028914464510307,369.4450836406563,0.0,0.0326720895649259,-0.0014268932558252,-0.0204333060580665,-0.0204333060580665,376.1951800260404,-0.0003925707216012,-1000.0,999.9693480780592,-580.8170505130247,0.0,-0.7662705685662559,-0.0340555100967776,-0.0027126636861112,630.5549163593437,-29.28500494260163,-999.9693480780592,-0.0013386661605636, Neutralism,Healthy
SRR13077755.bin.37.fbc2XSRR13077755.bin.23.fbc2 ,-0.0855024194720499,-0.0855024194720499,0.0200901938547986,-0.0016426977804258,0.0,21.90353508069518,98.7415505854733,-24.523391635835083,-3.206431078580408,-0.1425040324534165,-0.0113510416628059,1.6860266722319466,-106.56828107956404,-21.90353508069518,-0.0056015994313156,-0.1776636586400855,-0.1776636586400855,999.9799098061452,-0.0034133267749894,1000.0,-1000.0,901.2584494145268,816.0971195260754,-6.662574931975769,-0.2961060977335137,-0.0235860880154632,998.313973327768,-893.431718920436,1000.0,-0.0116394443028866, Amensalism,Healthy
SRR13077755.bin.20.fbc2XSRR13077755.bin.21.fbc2 ,-0.0655771102638027,-0.0655771102638027,0.0,-0.0012598868446502,999.9016280351702,-1000.0,369.7882917680529,159.83162348488713,-2.459210928669222,-0.1092951837730424,-0.0087058180964731,1.1574265470048886,-963.8599821248808,1000.0,-0.004296214140254,-0.153692222096538,-0.153692222096538,1000.0,-0.0029527804437066,-1000.0,999.769446902953,630.2117082319471,840.1683765151129,-5.763620731543938,-0.2561537034941921,-0.0204037128662548,998.8425734529952,-36.14001787511916,-999.769446902953,-0.0100689813131111, Amensalism,Healthy
SRR13077755.bin.33.fbc2XSRR13077755.bin.41.fbc2 ,-0.0085210701518008,-0.0085210701518008,148.80284202885673,-0.0001637093208728,-1000.0,1000.0,-686.0110991176696,-98.84827648191764,-0.3195491347039478,-0.0142017835862588,-0.0011312314072711,197.37861084075303,-0.0173990266230248,-1000.0,-0.0005582487841593,-0.1086441938904272,-0.1086441938904272,851.1971579711433,-0.0020873043974916,1000.0,-1000.0,-313.9889008823304,570.4698355347386,-4.074272072631629,-0.1810736564840454,-0.0144232733867966,802.621389159247,-500.26258289320674,1000.0,-0.0071177079954622, Amensalism,Healthy
SRR13077755.bin.23.fbc2XSRR13077755.bin.13.fbc2 ,-0.1650493367408216,-0.1650493367408216,857.9790607437208,-0.0031709766905123,-1000.0,1000.0,1000.0,71.8381926408415,-6.189524531497455,-0.2750822279012936,-0.0219114489314051,1000.0,-613.2037132120289,-1000.0,-0.0108130305146687,-0.1096502272712314,-0.1096502272712314,11.028916894135024,-0.0021066326085019,999.83551412593,-1000.0,0.0,-334.20947481308974,-4.11199938746347,-0.1827503787853857,-0.0145568313246258,0.0,-386.7962867879711,1000.0,-0.0071836171948689, Amensalism,Healthy
SRR13077755.bin.13.fbc2XSRR13077755.bin.61.fbc2 ,-0.0953797691067848,-0.0953797691067848,5.542801498534004,-0.0018324643440337,1000.0,-1000.0,-1000.0,-529.7032391613312,-3.5768421270418003,-0.1589662818446413,-0.0126623286172389,809.877348435105,-475.86687960985046,1000.0,-0.0062487034131208,-0.1604298987244874,-0.1604298987244874,994.457198501466,-0.0030822266805898,-1000.0,999.75933974078,0.0,827.5497505168389,-6.016290724633564,-0.2673831645407745,-0.0212981863628556,190.12265156489505,-268.0329816178196,-999.75933974078,-0.010510392980791, Amensalism,Healthy
SRR13077755.bin.14.fbc2XSRR13077755.bin.33.fbc2 ,-0.0872579166987179,-0.0872579166987179,1000.0,-0.0016764249126026,-1000.0,999.8691047428274,-1000.0,-381.8608164533549,-3.2722640795719826,-0.1454298611645299,-0.0115840961458388,1000.0,-0.1435774116361017,-999.8691047428274,-0.0057166089518432,0.0,0.0,0.0,0.0,0.0,0.0,0.0,0.0,0.0,0.0,0.0,0.0,0.0,0.0,0.0, Amensalism,Healthy
SRR13077755.bin.37.fbc2XSRR13077755.bin.34.fbc2 ,-0.1282017781758213,-0.1282017781758213,502.8152174528211,-0.0024630504932474,-1000.0,999.807685017484,-851.1633184523843,-1000.0,-4.807702149368424,-0.2136696302929976,-0.0170196789085821,983.5737848975529,-250.5979670835086,-999.807685017484,-0.0083990021821591,-0.0882681413838781,-0.0882681413838781,25.996728222828096,-0.0016958336481138,1000.0,-1000.0,307.6641031583554,380.0354718943429,-3.310148572745902,-0.1471135689731681,-0.0117182105084339,16.426215102447145,-312.67230475914425,1000.0,-0.0057827927400921, Neutralism,Healthy
SRR13077755.bin.34.fbc2XSRR13077755.bin.45.fbc2 ,-0.088091532986823,-0.088091532986823,14.902579748555354,-0.0016924405953204,1000.0,-1000.0,-827.1292713701403,-13.776472087438265,-3.3035255712386515,-0.146819221644705,-0.0116947645136633,6.524632106219087,-288.0969464998466,1000.0,-0.0057712224300985,-0.2637810618282401,-0.2637810618282401,985.0974202514446,-0.0050678398046102,-1000.0,999.6043030680588,1000.0,-120.01986939283472,-9.892068549747364,-0.4396351030470669,-0.0350187730496145,993.4753678937808,-711.9030535001534,-999.6043030680588,-0.0172813337336492, Neutralism,Healthy
SRR13077755.bin.49.fbc2XSRR13077755.bin.26.fbc2 ,-0.0441160081330735,-0.0441160081330735,515.735124876654,-0.0008475698008396,-1000.0,1000.0,0.0,-1000.0,-1.654396921328157,-0.0735266802217893,-0.0058567073236872,775.4402271188719,-0.0900797184318662,-1000.0,-0.0028902130208052,-0.0895019323218093,-0.0895019323218093,14.513850007038856,-0.0017195376046856,999.8657385038292,-1000.0,1000.0,0.0,-3.3564170366352077,-0.1491698872030156,-0.0118820048480756,1.0380195094953706,-500.0,1000.0,-0.0058636232317894, Neutralism,Healthy
SRR13077755.bin.61.fbc2XSRR13077755.bin.41.fbc2 ,-0.1623343410018378,-0.1623343410018378,1000.0,-0.0031188153890298,-1000.0,999.7564828944204,228.5206716331525,96.66286441486386,-6.087709322413616,-0.2705572350030252,-0.0215510143385699,1000.0,-232.9581923420864,-999.7564828944204,-0.0106351604767951,-0.0551051321616569,-0.0551051321616569,0.0,-0.001058696102973,1000.0,-1000.0,55.01629358248965,903.337135585136,-2.0665006843468063,-0.0918418869360948,-0.007315590071812,-6.377511215800496,-422.9389530468417,1000.0,-0.0036101537112926, Amensalism,Healthy
SRR13077755.bin.49.fbc2XSRR13077755.bin.21.fbc2 ,-0.0030901947131951,-0.0030901947131951,36.10284769242321,-5.936973514053534e-05,1000.0,-1000.0,90.67196540366147,-70.1384207252712,-0.1158855670805678,-0.0051503245219919,-0.0004102448697267,16.906795093458186,-0.006309815448958,1000.0,-0.0002024507967917,-0.1520929315671537,-0.1520929315671537,963.8971523075768,-0.0029220544008694,-1000.0,999.7718459923772,436.3992689898005,1000.0,-5.703645646759696,-0.2534882192785517,-0.0201913959102739,983.0932049065418,-381.2317355096027,-999.7718459923772,-0.0099642055071171, Amensalism,Healthy
SRR13077755.bin.32.fbc2XSRR13077755.bin.23.fbc2 ,-0.0902854143106424,-0.0902854143106424,-536.0720654526609,-0.0017345900923828,-1000.0,999.8645632055836,-73.42324646170448,-75.98654550441972,-3.3857984391048603,-0.1504756905177373,-0.0119860175386747,1.380943485083094,-203.8995156270811,-999.8645632055836,-0.005914952215221,-0.1776654433066369,-0.1776654433066369,1000.0,-0.0034133610625985,1000.0,-1000.0,1000.0,640.165112867794,-6.662641858859047,-0.2961090721778419,-0.0235863249423573,998.6190565149168,-796.1004843729189,1000.0,-0.0116395612233191, Neutralism,Healthy
SRR13077755.bin.54.fbc2XSRR13077755.bin.6.fbc2 ,-0.0916691332405434,-0.0916691332405434,498.1937229398552,-0.001761174509852,1000.0,-1000.0,329.52500193658125,-52.06466274321224,-3.4376893611164405,-0.1527818887341254,-0.0121697158634788,173.41498289491074,-98.82143610736853,1000.0,-0.0060056050788261,-0.0206460299683612,-0.0206460299683612,501.8062770601448,-0.0003966576363154,-1000.0,999.9690289717594,670.4749980634188,-947.9353372567878,-0.7742479399814783,-0.0344100499471551,-0.0027409042667159,606.775494978426,0.0,-999.9690289717594,-0.0013526025396686, Neutralism,Healthy
SRR13077755.bin.23.fbc2XSRR13077755.bin.3.fbc2 ,-0.0961754079253296,-0.0961754079253296,82.6574502657977,-0.0018477503924714,-1000.0,1000.0,189.8641349552281,-48.84937340730221,-3.606679423473224,-0.1602923465422918,-0.0127679552116433,960.6509605333154,-397.0709590121911,-1000.0,-0.006300828838107,-0.1748756033736072,-0.1748756033736072,917.3425497342024,-0.003359761832371,0.0,0.0,810.1358650447719,653.4816302029751,-6.558019913412068,-0.2914593389560878,-0.023215954261559,-88.50748265900006,-602.9290409878089,0.0,-0.0114567878482603, Competition,Healthy
SRR13077755.bin.42.fbc2XSRR13077755.bin.41.fbc2 ,-0.0854949644156022,-0.0854949644156022,2.8963394367629007,-0.0016425545517222,-1000.0,1000.0,-379.6776804033829,-1000.0,-3.206151506084666,-0.1424916073592612,-0.0113500519521494,4.022320437275084,1.2070919868294825,-1000.0,-0.0056011110212921,-0.1164462990703896,-0.1164462990703896,997.1036605632372,-0.0022372007506419,1000.0,-1000.0,-358.5649897041782,418.95587374086,-4.366859261178888,-0.1940771651172781,-0.0154590571868311,945.0573999285534,-500.2814398544294,1000.0,-0.007628854559698, Neutralism,Healthy
SRR13077755.bin.21.fbc2XSRR13077755.bin.51.fbc2 ,-0.1547329570740885,-0.1547329570740885,994.9922605113948,-0.0029727753520774,-1000.0,999.767885700512,0.0,1000.0,-5.802649392923854,-0.2578882617901854,-0.0205418776826036,998.3776538320092,-665.949816040791,-999.767885700512,-0.0101371639505032,-0.0202658943744609,-0.0202658943744609,5.007739488605239,-0.0003893543587309,0.0,-0.0304007883335089,1000.0,0.0,-0.7599924535338687,-0.0337764906241773,-0.0026904386191972,1.6223461679908269,0.0,0.0304007883335089,-0.0013276983634114, Neutralism,Healthy
SRR13077755.bin.34.fbc2XSRR13077755.bin.26.fbc2 ,-0.0885074529098801,-0.0885074529098801,985.7776930083958,-0.0017004313720008,-1000.0,1000.0,-25.472257761624636,-361.70172049656367,-3.3191230078479066,-0.1475124215165806,-0.0117499807801095,664.9153790798755,-358.8386339381817,-1000.0,-0.005798470978334,-0.0895019323218093,-0.0895019323218093,14.222306991604228,-0.0017195376046856,999.8657385038292,-1000.0,787.7641552951791,294.30201495359233,-3.3564170366352077,-0.1491698872030156,-0.0118820048480756,-8.303133142148113,-546.2529926474235,1000.0,-0.0058636232317894, Neutralism,Healthy
SRR13077755.bin.31.fbc2XSRR13077755.bin.8.fbc2 ,-0.0953744298310539,-0.0953744298310539,189.8339812781969,-0.0018323617642863,-1000.0,1000.0,-1000.0,-401.9179555419596,-3.576641898562343,-0.1589573830517565,-0.0126616197911744,750.9570229741446,-500.03576770163886,-1000.0,-0.0062483536162289,-0.1534416188640079,-0.1534416188640079,810.1660187218031,-0.0029479657803221,1000.0,-1000.0,1000.0,-40.55316062269594,-5.754222845518257,-0.2557360314400512,-0.0203704435417648,12.421489652507375,-0.3675671133152036,1000.0,-0.0100525633107508, Amensalism,Healthy
SRR13077755.bin.49.fbc2XSRR13077755.bin.20.fbc2 ,-0.0441160081330735,-0.0441160081330735,515.735124876654,-0.0008475698008396,-1000.0,1000.0,780.7207353027393,-1000.0,-1.654396921328157,-0.0735266802217893,-0.0058567073236872,494.71949181613263,-0.0900797184318662,-1000.0,-0.0028902130208052,-0.0868289781914199,-0.0868289781914199,353.7761944857907,-0.0016681840190813,999.869748191793,-1000.0,219.27926469726071,0.0,-3.256178432299066,-0.1447149636524045,-0.0115271515716131,73.84553533485428,-859.9203444872207,1000.0,-0.0056885075049422, Neutralism,Healthy
SRR13077755.bin.34.fbc2XSRR13077755.bin.33.fbc2 ,-0.0881644803093877,-0.0881644803093877,16.571091391997356,-0.0016938420808401,1000.0,-1000.0,723.9070960078186,0.0,-3.3062611729176297,-0.146940800515722,-0.0117044487788007,8.18620609256061,-321.71117021211,1000.0,-0.0057760014957466,-0.0429706289271507,-0.0429706289271507,757.8219810803926,-0.0008255644366954,0.0,501.3283052912175,-690.7157963123891,-1000.0,-1.6114439908104714,-0.0716177148784709,-0.0057046502571438,991.8137939074396,-382.5548431033913,-501.3283052912174,-0.0028151747289939, Neutralism,Healthy
SRR13077755.bin.54.fbc2XSRR13077755.bin.43.fbc2 ,-0.0918616928939854,-0.0918616928939854,538.4061822338203,-0.0017648740229105,-1000.0,1000.0,713.9642846029308,-76.44705962692785,-3.4449105515958536,-0.1531028214899379,-0.0121952794985418,1000.0,-98.8189604228412,-1000.0,-0.006018220418241,-0.0873618327716485,-0.0873618327716485,350.3380693125589,-0.0016784213788696,0.0,0.0,286.0357153970692,-35.02417279254087,-3.2761610421143814,-0.1456030546195279,-0.0115978917282291,-6.278269441482166,-500.1783826241494,0.0,-0.0057234169020148, Neutralism,Healthy
SRR13077755.bin.18.fbc2XSRR13077755.bin.51.fbc2 ,-0.2553190696170304,-0.2553190696170304,989.2804560252248,-0.0049052655065224,1000.0,-1000.0,1000.0,1000.0,-9.57473490023972,-0.4255317826949749,-0.03389538465035,997.0628329696532,-1000.0,1000.0,-0.0167269553774076,-0.0204333060580665,-0.0204333060580665,10.719543974775092,-0.0003925707216012,-1000.0,999.9693480780592,0.0,-0.417593179369419,-0.7662705685662559,-0.0340555100967776,-0.0027126636861112,2.9371670303468136,0.0,-999.9693480780592,-0.0013386661605636, Neutralism,Healthy
SRR13077755.bin.34.fbc2XSRR13077755.bin.3.fbc2 ,-0.0879715453592098,-0.0879715453592098,8.875594680877725,-0.0016901353575349,-1000.0,1000.0,186.60085740292263,-18.250740655632622,-3.299025908416752,-0.1466192422653875,-0.011678835320481,9.588535021197115,-286.6826947988536,-1000.0,-0.0057633615691656,-0.1858043731330099,-0.1858043731330099,991.1244053191222,-0.0035697285904916,0.0,0.0,813.3991425970773,710.7782108006863,-6.967860327561766,-0.3096739552217968,-0.0246668245599721,-24.70239095588238,-713.3173052011464,0.0,-0.0121727744934787, Neutralism,Healthy
SRR13077755.bin.6.fbc2XSRR13077755.bin.35.fbc2 ,0.0,0.0,0.0,0.0,-1000.0,1000.0,-126.16043388196726,0.0,0.0,0.0,0.0,638.3543304594923,0.0,-1000.0,0.0,-0.082492389066715,-0.082492389066715,989.1014214735584,-0.0015848681857733,999.8762534920588,-1000.0,-873.8395661180327,-1000.0,-3.0935517577535165,-0.1374873151112297,-0.0109514391633638,-1.7129730811725494,-0.1375031637930988,1000.0,-0.0054044005132709, Amensalism,Healthy
SRR13077755.bin.18.fbc2XSRR13077755.bin.27.fbc2 ,-0.2015657145888099,-0.2015657145888099,51.47579213755671,-0.003872540145835,0.0,0.0,1000.0,1000.0,-7.558927286786684,-0.3359428576479786,-0.0267592524074871,762.0469019666157,-500.075591983646,0.0,-0.0132053618971212,-0.0880727831790864,-0.0880727831790864,948.5242078624432,-0.001692080368457,-1000.0,1000.0,-381.01131751655134,-451.6857611307796,-3.302822433634674,-0.1467879719650682,-0.0116922753461494,237.95309803338432,-0.0330294087925722,-1000.0,-0.0057699940565498, Competition,Healthy
SRR13077755.bin.61.fbc2XSRR13077755.bin.33.fbc2 ,-0.1623343410018378,-0.1623343410018378,1000.0,-0.0031188153890298,-1000.0,999.7564828944204,-1000.0,167.2090283850714,-6.087709322413616,-0.2705572350030252,-0.0215510143385699,1000.0,-226.53277343370652,-999.7564828944204,-0.0106351604767951,0.0,0.0,0.0,0.0,0.0,0.243517105579599,0.1217585527897426,-0.243517105579599,0.0,0.0,0.0,0.0,-0.0608792763948713,-0.243517105579599,0.0, Amensalism,Healthy
SRR13077755.bin.35.fbc2XSRR13077755.bin.51.fbc2 ,-0.0784512794691636,-0.0784512794691636,939.9689712802436,-0.001507229192498,999.8823155446504,-1000.0,-1000.0,-951.4195421785216,-2.942005877700126,-0.130752132448606,-0.010414953720101,0.8141901374918916,-0.1307672047405503,1000.0,-0.0051396515464148,-0.0192321225371188,-0.0192321225371188,60.03102871975625,-0.0003694932283906,-1000.0,999.9711499687282,304.8990802771364,-48.58045782147849,-0.7212249172697511,-0.0320535375618646,-0.0025531982081474,31.57387710742296,-24.727779904523345,-999.971149968728,-0.0012599719087802, Neutralism,Healthy
SRR13077755.bin.28.fbc2XSRR13077755.bin.8.fbc2 ,-0.076139218404819,-0.076139218404819,100.08638758913004,-0.0014628091912527,-0.6618035832609621,1000.0,0.0,66.33605162574213,-2.8553011446846317,-0.1268986973412893,-0.0101080115115337,116.26715608968516,-824.2508962825041,-1000.0,-0.0049881793421491,-0.1610492172402473,-0.1610492172402473,899.91361241087,-0.0030941252111915,1000.0,-1000.0,1000.0,-42.56996477504663,-6.039515823396982,-0.2684153620671168,-0.0213804052090154,9.234370280794336,-0.3857910019520432,1000.0,-0.0105509669700722, Amensalism,Healthy
SRR13077755.bin.26.fbc2XSRR13077755.bin.6.fbc2 ,-0.0895019323218093,-0.0895019323218093,13.311920733993588,-0.0017195376046856,-1000.0,999.8657385038292,0.0,0.0,-3.3564170366352077,-0.1491698872030156,-0.0118820048480756,1.464833962853163,-332.9835841610418,-999.8657385038292,-0.0058636232317894,-0.0217799982307269,-0.0217799982307269,986.6880792660064,-0.0004184437700587,0.0,-0.0326720895649259,1000.0,-1000.0,-0.8167729480599064,-0.0362999970511737,-0.0028914464510307,70.38045838034577,0.0,0.0326720895649259,-0.0014268932558252, Neutralism,Healthy
SRR13077755.bin.21.fbc2XSRR13077755.bin.3.fbc2 ,-0.0723896749963159,-0.0723896749963159,245.81372496441736,-0.0013907718539485,-1000.0,999.8914085336464,462.83490970771913,215.4196624217443,-2.7146893048118272,-0.1206494583270796,-0.009610233510557,1000.0,-256.0653633407844,-999.8914085336464,-0.0047425320218508,-0.16215935124535,-0.16215935124535,754.1862750355826,-0.0031154534341339,1000.0,-1000.0,537.1650902922809,784.5803375782557,-6.081147021641186,-0.2702655854089926,-0.0215277832296578,-81.47742556262983,-743.9346366592156,1000.0,-0.0106236962103594, Competition,Healthy
SRR13077755.bin.31.fbc2XSRR13077755.bin.45.fbc2 ,-0.1868066492958178,-0.1868066492958178,963.6224467140962,-0.0035889846166128,1000.0,-1000.0,-1000.0,133.0636503829703,-7.005446742748177,-0.3113444154930675,-0.0247998837008935,39.77955180401227,-506.6584457650888,1000.0,-0.0122384375426918,-0.22282487859718,-0.22282487859718,36.37755328590379,-0.004280977494659,-1000.0,999.665741277217,776.5262661209717,269.93371730056515,-8.35616840115506,-0.3713747976619288,-0.0295815544881179,960.2204481959876,-493.34155423491126,-999.6657412772169,-0.0145981332567544, Amensalism,Healthy
SRR13077755.bin.61.fbc2XSRR13077755.bin.3.fbc2 ,-0.0205517648181512,-0.0205517648181512,126.60146147361183,-0.0003948465863459,-1000.0,999.9691703785396,-1000.0,0.0,-0.7707128972441524,-0.0342529413636611,-0.0027283899114536,1000.0,-85.44012057876478,-999.9691703785398,-0.0013464268594134,-0.183464798398063,-0.183464798398063,873.3985385263882,-0.0035247799884245,1000.0,-1000.0,820.0484646560371,1000.0,-6.880123802826006,-0.3057746639967718,-0.0243562297200696,-109.95776759842248,-914.5598794212352,1000.0,-0.0120194997605267, Amensalism,Healthy
SRR13077755.bin.28.fbc2XSRR13077755.bin.3.fbc2 ,-0.00195401947758,-0.00195401947758,0.0304459134734997,-3.754120029952901e-05,-856.0114462553362,1000.0,208.8195139033919,-1000.0,-0.0732777951742491,-0.0032566991292242,-0.0002594096943084,878.0834402292571,-35.997871240396535,-1000.0,-0.0001280154931464,-0.194075805652119,-0.194075805652119,999.9695540865264,-0.0037286417992845,1000.0,-1000.0,791.1804860966081,900.6142001743692,-7.27804778725158,-0.3234596760868271,-0.0257649148329619,-4.467371963921551,-964.0021287596036,1000.0,-0.0127146685355228, Amensalism,Healthy
SRR13077755.bin.32.fbc2XSRR13077755.bin.28.fbc2 ,-0.0902854143106424,-0.0902854143106424,441.4759016520732,-0.0017345900923828,-1000.0,999.8645632055836,0.0,-700.8388200152532,-3.3857984391048603,-0.1504756905177373,-0.0119860175386747,621.9921080313798,-0.150493036418652,-999.8645632055836,-0.005914952215221,-0.0874564660446139,-0.0874564660446139,558.5240983479268,-0.0016802395012973,999.504064298098,0.1354367944164778,1000.0,-57.94722960838181,-3.279709889847709,-0.1457607767410991,-0.0116104549542797,-11.301677341088634,-999.8495069635812,-0.1354367944164778,-0.0057296166995683, Neutralism,Healthy
SRR13077755.bin.28.fbc2XSRR13077755.bin.13.fbc2 ,0.0,0.0,0.0,0.0,-1000.0,1000.0,0.0,0.0,0.0,0.0,0.0,0.0,-250.0,-1000.0,0.0,-0.1380677426925558,-0.1380677426925558,38.2968617569029,-0.0026525983225837,999.6147631456054,0.0,-1000.0,-896.656478802816,-5.177686243879748,-0.2301129044876688,-0.0183294544093541,657.5306936278184,-750.0,0.0,-0.0090453602801972, Amensalism,Healthy
SRR13077755.bin.14.fbc2XSRR13077755.bin.51.fbc2 ,-0.0868209517835794,-0.0868209517835794,994.9922605113948,-0.0016680298133451,999.8697602321756,-1000.0,-1000.0,-635.6043739212188,-3.255877433523551,-0.1447015863059277,-0.0115260860101216,650.889957013256,-419.43810783829167,1000.0,-0.0056879816634136,-0.0202658943744609,-0.0202658943744609,5.007739488605125,-0.0003893543587309,-1000.0,999.9695992116664,510.9171791879569,-364.3956260787812,-0.7599924535338687,-0.0337764906241773,-0.0026904386191972,1.6223461679909406,0.0,-999.9695992116664,-0.0013276983634114, Neutralism,Healthy
SRR13077755.bin.21.fbc2XSRR13077755.bin.41.fbc2 ,-0.1443821429872969,-0.1443821429872969,1000.0,-0.0027739124493564,-1000.0,999.7834129159568,966.0650484536454,0.0,-5.414482927206905,-0.2406369049787144,-0.01916773502478,1000.0,-563.0534952838225,-999.7834129159568,-0.0094590414521462,-0.0564433913795028,-0.0564433913795028,0.0,-0.0010844071350675,1000.0,-1000.0,33.93495154635457,1000.0,-2.11668681912181,-0.0940723189658001,-0.0074932533032097,-6.532392673052868,-436.9465047161775,1000.0,-0.0036978283304733, Amensalism,Healthy
SRR13077755.bin.49.fbc2XSRR13077755.bin.3.fbc2 ,-0.0050334237205333,-0.0050334237205333,58.80565686611135,-9.670362578617642e-05,0.0,0.0,-1000.0,-114.2440601206871,-0.188758708219666,-0.0083890395342223,-0.000668222053946,1000.0,-0.0102776613451851,0.0,-0.000329759363808,-0.1924276134969886,-0.1924276134969886,941.1943431338888,-0.0036969762439866,-1000.0,1000.0,922.8512094139614,983.5217388994924,-7.216238839830567,-0.3207126891616099,-0.0255461058455921,-78.86230753591087,-999.9897223386548,-1000.0,-0.0126066889918092, Amensalism,Healthy
SRR13077755.bin.6.fbc2XSRR13077755.bin.27.fbc2 ,-0.0069535757905896,-0.0069535757905896,0.8477751509926748,-0.0001335941553861,-1000.0,999.9895689683436,137.49257861417982,-321.67182781065287,-0.2607664398236693,-0.0115892929842402,-0.0009231356141299,402.3398548847215,0.0,-999.9895689683434,-0.0004555560700509,-0.1161500658789691,-0.1161500658789691,999.1522248490072,-0.0022315094308851,1000.0,-1000.0,90.41203951052488,-678.3281721893471,-4.355750203481875,-0.1935834431317289,-0.0154197301676504,597.6601451152785,-0.0336065320295801,1000.0,-0.0076094471594387, Amensalism,Healthy
SRR13077755.bin.54.fbc2XSRR13077755.bin.26.fbc2 ,-0.0918616928939854,-0.0918616928939854,173.79341798939822,-0.0017648740229105,-1000.0,1000.0,754.8243484420441,-76.44705962692774,-3.4449105515958536,-0.1531028214899379,-0.0121952794985418,1000.0,-500.0,-1000.0,-0.006018220418241,-0.0895019323218093,-0.0895019323218093,13.908371966423148,-0.0017195376046856,999.8657385038292,-1000.0,-405.9433829805682,470.8601112864485,-3.3564170366352077,-0.1491698872030156,-0.0118820048480756,0.0,-500.0,1000.0,-0.0058636232317894, Neutralism,Healthy
SRR13077755.bin.20.fbc2XSRR13077755.bin.61.fbc2 ,-0.064158761282556,-0.064158761282556,0.0,-0.0012326371044082,999.9037556948906,-1000.0,257.39789224425726,171.80202132653676,-2.406021343136672,-0.10693126880426,-0.0085175223912301,1.1323928918587851,-892.0418076579143,1000.0,-0.0042032925258581,-0.1623343410018378,-0.1623343410018378,1000.0,-0.0031188153890298,-1000.0,999.7564828944204,-1000.0,596.6659832302541,-6.087709322413616,-0.2705572350030252,-0.0215510143385699,998.8676071081412,-107.95819234208568,-999.7564828944204,-0.0106351604767951, Amensalism,Healthy
SRR13077755.bin.19.fbc2XSRR13077755.bin.6.fbc2 ,-0.150671542203554,-0.150671542203554,999.6878299390088,-0.0028947462478754,1000.0,-1000.0,863.1097792220608,349.55374501824326,-5.650342043678052,-0.2511192370059234,-0.0200026965729875,-52.95671943891898,-458.79864326216455,1000.0,-0.0098710847053098,-0.0011211723272026,-0.0011211723272026,0.3121700609912068,-2.154029448320216e-05,-1000.0,999.9983181338076,136.89022077793925,-62.336945665792655,-0.0420451469876752,-0.0018686205454514,-0.000148843434772,1000.0,0.0,-999.9983181338076,-7.345240419454058e-05, Amensalism,Healthy
SRR13077755.bin.49.fbc2XSRR13077755.bin.8.fbc2 ,-0.0045426750399428,-0.0045426750399428,53.10582661814533,-8.727521685614192e-05,0.0,0.0,0.0,-102.9711261780874,-0.1703551141347361,-0.0075711250665335,-0.0006030717488556,131.33351655926572,-0.0092756100527822,0.0,-0.0002976084896317,-0.1627954110108476,-0.1627954110108476,946.8941733818548,-0.0031276736025347,-1000.0,1000.0,1000.0,-40.12759787635821,-6.104999934954776,-0.2713256850180414,-0.0216122245933547,44.2848234369776,-17.379872312816474,-1000.0,-0.01066536698454, Amensalism,Healthy
SRR13077755.bin.43.fbc2XSRR13077755.bin.20.fbc2 ,-0.0873618327716485,-0.0873618327716485,350.33806931256004,-0.0016784213788696,-1000.0,1000.0,786.0357153970692,-35.024172792541094,-3.2761610421143814,-0.1456030546195279,-0.0115978917282291,-6.278269441482507,-500.1783826241494,-1000.0,-0.0057234169020148,-0.0868289781914199,-0.0868289781914199,581.378363260058,-0.0016681840190813,999.869748191793,-1000.0,0.0,-531.9928120333735,-3.256178432299066,-0.1447149636524045,-0.0115271515716131,111.12516450230736,-315.3093995794627,1000.0,-0.0056885075049422, Neutralism,Healthy
SRR13077755.bin.34.fbc2XSRR13077755.bin.49.fbc2 ,-0.0885074529098801,-0.0885074529098801,177.31962766082052,-0.0017004313720008,-1000.0,1000.0,-1000.0,914.203114238584,-3.3191230078479066,-0.1475124215165806,-0.0117499807802232,122.73350525361344,-500.1807218462107,-1000.0,-0.005798470978334,-0.0441160081330735,-0.0441160081330735,515.7351248766545,-0.0008475698008396,0.0,0.0,0.0,-1000.0,-1.654396921328157,-0.0735266802217893,-0.0058567073236872,877.2664947463863,-0.0900797184318662,0.0,-0.0028902130208052, Neutralism,Healthy
SRR13077755.bin.34.fbc2XSRR13077755.bin.35.fbc2 ,-0.0880222638901386,-0.0880222638901386,10.89857852644127,-0.0016911097769707,-1000.0,1000.0,-126.16043388196738,967.443310812934,-3.3009279069170816,-0.1467037731501932,-0.0116855685587324,6.559920407924665,-477.72796564583314,-1000.0,-0.0057666843393917,-0.082492389066715,-0.082492389066715,989.1014214735588,-0.0015848681857733,999.8762534920588,-1000.0,-873.8395661180326,-1000.0,-3.0935517577535165,-0.1374873151112297,-0.0109514391633638,-1.712973081172322,-0.1375031637930988,1000.0,-0.0054044005132709, Neutralism,Healthy
SRR13077755.bin.28.fbc2XSRR13077755.bin.61.fbc2 ,-0.071062927521325,-0.071062927521325,0.0,-0.0013652819889102,999.348774537798,0.243517105579599,819.2310389107895,-26.615257634317004,-2.6649348725579785,-0.1184382125354659,-0.0094340985431244,343.60919523397433,-831.3055713272408,-0.243517105579599,-0.0046556115820521,-0.1623343410018378,-0.1623343410018378,1000.0,-0.0031188153890298,-1000.0,999.7564828944204,-977.6488766277683,698.8064393804648,-6.087709322413616,-0.2705572350030252,-0.0215510143385699,240.62506671782057,-168.69442867275916,-999.7564828944204,-0.0106351604767951, Amensalism,Healthy
SRR13077755.bin.54.fbc2XSRR13077755.bin.51.fbc2 ,-0.0918616928939854,-0.0918616928939854,752.853751906076,-0.0017648740229105,1000.0,-1000.0,-931.5339116613684,-1000.0,-3.4449105515958536,-0.1531028214899379,-0.0121952794985418,977.5670495874764,-249.33218931846,1000.0,-0.006018220418241,-0.0204333060580665,-0.0204333060580665,48.84600087342278,-0.0003925707216012,-1000.0,999.9693480780592,-6.376956684359016,0.0,-0.7662705685662559,-0.0340555100967776,-0.0027126636861112,22.43295041252361,0.0,-999.9693480780592,-0.0013386661605636, Neutralism,Healthy
SRR13077755.bin.31.fbc2XSRR13077755.bin.34.fbc2 ,-0.1880491267828574,-0.1880491267828574,983.4289086080024,-0.0036128554617107,-1000.0,1000.0,-813.1699049427541,-46.73503116757093,-7.0520409614059645,-0.3134152113046866,-0.0249648312404815,44.27815943078031,-506.7027320310888,-1000.0,-0.012319837124437,-0.0881644803093877,-0.0881644803093877,16.571091391997584,-0.0016938420808401,1000.0,-1000.0,91.35388624961432,975.7254052718068,-3.3062611729176297,-0.146940800515722,-0.0117044487788007,8.186206092560838,-493.2972679689112,1000.0,-0.0057760014957466, Neutralism,Healthy
SRR13077755.bin.26.fbc2XSRR13077755.bin.43.fbc2 ,-0.0895019323218093,-0.0895019323218093,15.161637652536228,-0.0017195376046856,-1000.0,999.8657385038292,1000.0,-439.86415633846207,-3.3564170366352077,-0.1491698872030156,-0.0118820048480756,6.250997224339699,-499.8216173758506,-999.8657385038292,-0.0058636232317894,-0.0873618327716485,-0.0873618327716485,350.33806931256004,-0.0016784213788696,1000.0,-1000.0,0.0,-35.024172792541094,-3.2761610421143814,-0.1456030546195279,-0.0115978917282291,-6.278269441482507,-500.1783826241494,1000.0,-0.0057234169020148, Neutralism,Healthy
SRR13077755.bin.28.fbc2XSRR13077755.bin.41.fbc2 ,-0.0644073329767707,-0.0644073329767707,210.4774565852904,-0.0012374127372822,-0.1797094518387894,1000.0,-720.300270639915,-353.59170324431307,-2.4153430443278694,-0.1073455549611708,-0.0085505220147297,267.4335101581514,-499.9210913553092,-1000.0,-0.0042195774342417,-0.1052047888360903,-0.1052047888360903,789.5225434147096,-0.0020212255300293,1000.0,-1000.0,-279.69972936008503,639.6227690515282,-3.945290748756065,-0.1753413147267792,-0.0139666684121948,732.5664898418486,-500.0789086446909,1000.0,-0.0068923790572625, Amensalism,Healthy
SRR13077755.bin.37.fbc2XSRR13077755.bin.43.fbc2 ,-0.1267050577654345,-0.1267050577654345,485.27026416904505,-0.0024342950579239,-1000.0,999.8099302418766,-814.8170749617249,-964.975827207459,-4.751573552430273,-0.2111750962756104,-0.016820978850319,948.7680959681392,-100.97060455979395,-999.8099302418766,-0.0083009461475285,-0.0873618327716485,-0.0873618327716485,350.33806931256026,-0.0016784213788696,1000.0,-1000.0,786.035715397069,-35.02417279254098,-3.2761610421143814,-0.1456030546195279,-0.0115978917282291,-6.278269441482507,-500.1783826241494,1000.0,-0.0057234169020148, Neutralism,Healthy
SRR13077755.bin.43.fbc2XSRR13077755.bin.42.fbc2 ,-0.0873618327716485,-0.0873618327716485,350.3380693125596,-0.0016784213788696,-1000.0,1000.0,786.0357153970695,-35.024172792541094,-3.2761610421143814,-0.1456030546195279,-0.0115978917282291,-6.27826944148228,-500.1783826241494,-1000.0,-0.0057234169020148,-0.0854949644156022,-0.0854949644156022,2.8963394367629007,-0.0016425545517222,0.0,0.0,0.0,-747.3332050980041,-3.206151506084666,-0.1424916073592612,-0.0113500519521494,4.022320437275084,-124.4488174137773,0.0,-0.0056011110212921, Neutralism,Healthy
SRR13077755.bin.18.fbc2XSRR13077755.bin.35.fbc2 ,-0.2034840670473841,-0.2034840670473841,12.0352487947207,-0.0039093961007665,-1000.0,1000.0,1000.0,1000.0,-7.630867531060517,-0.3391401117455643,-0.0270139270566005,995.1522305299012,-502.5974320898512,-1000.0,-0.013331040703747,-0.0824570822768464,-0.0824570822768464,987.9647512052792,-0.0015841898612052,999.8763064556356,-1000.0,-1000.0,-1000.0,-3.0922277158230145,-0.1374284704613728,-0.0109467519411055,0.8557635211354864,-0.1374443123600031,1000.0,-0.0054020874267735, Amensalism,Healthy
SRR13077755.bin.34.fbc2XSRR13077755.bin.13.fbc2 ,-0.0885074529098801,-0.0885074529098801,47.756714273011085,-0.0017004313720008,-1000.0,1000.0,348.05574782794747,290.7168464693834,-3.3191230078479066,-0.1475124215165806,-0.0117499807801095,35.449065688205565,-309.13599339565053,-1000.0,-0.005798470978334,-0.1380677426925558,-0.1380677426925558,38.29686175690267,-0.0026525983225837,999.3678094974572,0.0,-1000.0,-970.5149789325906,-5.177686243879748,-0.2301129044876688,-0.0183294544093541,964.5509343117948,-690.8640066043495,0.0,-0.0090453602801972, Neutralism,Healthy
SRR13077755.bin.14.fbc2XSRR13077755.bin.8.fbc2 ,-0.0165645177249871,-0.0165645177249871,189.8339812781969,-0.0003182424154601,-1000.0,999.9751516322004,-1000.0,-318.586385617303,-0.6211869180187932,-0.0276075295415694,-0.0021990550908412,987.5529367443484,-0.027255871672537,-999.9751516322004,-0.0010852066367306,-0.1534416188640079,-0.1534416188640079,810.1660187218031,-0.0029479657803221,1000.0,-1000.0,1000.0,-40.55316062269662,-5.754222845518257,-0.2557360314400512,-0.0203704435417648,12.447063255651528,-0.3675671133152036,1000.0,-0.0100525633107508, Amensalism,Healthy
SRR13077755.bin.54.fbc2XSRR13077755.bin.3.fbc2 ,-0.0917723094185021,-0.0917723094185021,9.290307004578152,-0.0017631567611715,0.0,0.0,175.62692789346897,-77.04041582694856,-3.4415585768138044,-0.1529538490307231,-0.0121834132196454,1000.0,-98.82010960068487,0.0,-0.0060123645555449,-0.1942310346211115,-0.1942310346211115,990.7096929954218,-0.003731624104148,-1000.0,1000.0,824.373072106531,898.5317338550053,-7.283869037617251,-0.3237183910351859,-0.0257855225596586,-25.834885387733834,-901.1798903993152,-1000.0,-0.0127248381951403, Neutralism,Healthy
SRR13077755.bin.45.fbc2XSRR13077755.bin.8.fbc2 ,-0.2308037125700366,-0.2308037125700366,100.08638758912934,-0.0044342692136751,-1000.0,999.6537722597992,0.0,747.0941160472885,-8.655383106181034,-0.3846728542832807,-0.0306408002662692,990.7656297192055,-999.614208998048,-999.653772259799,-0.0151208580184629,-0.1610492172402473,-0.1610492172402473,899.9136124108707,-0.0030941252111915,1000.0,-1000.0,1000.0,-42.56996477504924,-6.039515823396982,-0.2684153620671168,-0.0213804052090154,9.234370280794453,-0.3857910019520432,1000.0,-0.0105509669700722, Amensalism,Healthy
SRR13077755.bin.45.fbc2XSRR13077755.bin.61.fbc2 ,-0.2216017624053847,-0.2216017624053847,0.0,-0.0042574786244813,0.0,-0.3324239310011307,971.6719007049558,11.264684265225014,-8.310300251524609,-0.3693362706756034,-0.0294191772952672,1000.0,-597.1454492596262,0.3324239310011307,-0.0145180021095256,-0.1621018408085319,-0.1621018408085319,1000.0,-0.0031143485265374,-1000.0,999.7568316670444,-1000.0,988.735315734775,-6.078990319487502,-0.2701697346808487,-0.0215201483187001,0.0,-402.8545507403738,-999.7568316670446,-0.0106199284756485, Amensalism,Healthy
SRR13077755.bin.28.fbc2XSRR13077755.bin.6.fbc2 ,-0.0874564660446139,-0.0874564660446139,246.1358776079942,-0.0016802395012973,916.124408485166,0.0325666300665261,1000.0,80.5113115823533,-3.279709889847709,-0.1457607767410991,-0.0116104549542797,-12.981916842426813,-849.4326529553522,-0.0325666300665261,-0.0057296166995683,-0.0217096964006486,-0.0217096964006486,753.8641223920058,-0.0004170931105136,-1000.0,999.9674333699336,0.0,-1000.0,-0.8141365551457511,-0.0361828273344144,-0.0028821133934116,1000.0,0.0,-999.9674333699336,-0.0014222875067844, Neutralism,Healthy
SRR13077755.bin.31.fbc2XSRR13077755.bin.3.fbc2 ,-0.1335261051019642,-0.1335261051019642,501.0772189654108,-0.0025653430375314,-1000.0,1000.0,-1000.0,-139.14261646691068,-5.00737003519248,-0.2225435085033495,-0.0177265203891465,416.0290053843496,-500.05007549609206,-1000.0,-0.0087478197579002,-0.1213560875233952,-0.1213560875233952,498.9227810345892,-0.0023315290590062,1000.0,-1000.0,139.69065659227954,556.4658275082029,-4.550981516225306,-0.2022601458722874,-0.0161108657980548,-72.73354117556505,-499.949924503908,1000.0,-0.0079505140913624, Competition,Healthy
SRR13077755.bin.54.fbc2XSRR13077755.bin.61.fbc2 ,-0.0916692053527867,-0.0916692053527867,2.44444169570545,-0.0017611758953535,1000.0,-1000.0,362.5424990277848,-70.3075682947167,-3.437692065404235,-0.1527820089213492,-0.01216972543682,574.7946362145269,-398.8214351802412,1000.0,-0.0060056098030827,-0.1619375241699572,-0.1619375241699572,997.5555583042948,-0.0031111916266581,-1000.0,999.757078157787,637.4575009722153,638.5565866887332,-6.072828271914659,-0.2698958736166332,-0.0214983341405741,425.2053637854731,-500.0,-999.7570781577869,-0.0106091634470431, Neutralism,Healthy
SRR13077755.bin.32.fbc2XSRR13077755.bin.35.fbc2 ,-0.0902825829234643,-0.0902825829234643,-328.38028918040334,-0.0017345356949363,-1000.0,999.8645674529362,0.0,-52.15046347834471,-3.3856922590932754,-0.1504709715391072,-0.0119856416522452,966.9218319000406,-22.306337181666777,-999.8645674529364,-0.0059147667199113,-0.0781903727435064,-0.0781903727435064,937.5193239166229,-0.001502216575318,999.8827069298018,-1000.0,-1000.0,-947.8495365216552,-2.932221599792456,-0.1303172879057683,-0.0103803165352474,-1.623640741063241,-0.1303323100715943,1000.0,-0.005122558521748, Neutralism,Healthy
SRR13077755.bin.13.fbc2XSRR13077755.bin.21.fbc2 ,-0.1380677426925558,-0.1380677426925558,8.023526354307023,-0.0026525983225837,-1000.0,999.7928851229694,-551.6217406993889,-44.2820387191648,-5.177686243879748,-0.2301129044876688,-0.0183294544093541,0.0,-870.6145818758778,-999.7928851229696,-0.0090453602801972,-0.1518675217904501,-0.1518675217904501,991.976473645693,-0.002917723761584,0.0,-0.2278158713045286,1000.0,993.3583513495732,-5.695192541950064,-0.2531125363175306,-0.020161471192523,1000.0,-129.38541812412222,0.2278158713045286,-0.0099494380269788, Neutralism,Healthy
SRR13077755.bin.31.fbc2XSRR13077755.bin.14.fbc2 ,-0.1847106540735694,-0.1847106540735694,943.834370453626,-0.0035487157363149,1000.0,-1000.0,-782.2939201910899,-41.46656594268688,-6.926844707124133,-0.3078510901226536,-0.0245216257377478,43.771989120763465,-510.9413120768456,1000.0,-0.012101120660759,-0.0049008958243348,-0.0049008958243348,56.16562954637402,-9.415746058039076e-05,-1000.0,999.9926481854764,463.9086199204064,-7.156767090416224,-0.1837887720711251,-0.008168159707111,-0.0006506280527673,956.2280108792364,-326.6631967480514,-999.9926481854762,-0.0003210769406223, Amensalism,Healthy
SRR13077755.bin.35.fbc2XSRR13077755.bin.27.fbc2 ,-0.0046212147989308,-0.0046212147989308,55.36937765681705,-8.87841459871197e-05,-1000.0,999.9930677338808,100.0118194188085,-354.0522723481609,-0.173300438086926,-0.0077020246648089,-0.0006134984488426,0.0479603078237005,-0.0077029125062608,-999.9930677338808,-0.0003027539378308,-0.1125749929508401,-0.1125749929508401,944.630622343183,-0.0021628240721156,1000.0,-1000.0,899.9881805811915,-645.947727651839,-4.221681190979552,-0.1876249882514002,-0.0149451143379337,593.529415300146,-50.83985751017019,1000.0,-0.0073752300856995, Amensalism,Healthy
SRR13077755.bin.31.fbc2XSRR13077755.bin.6.fbc2 ,-0.1882512864410728,-0.1882512864410728,993.4629243481676,-0.0036167394129051,1000.0,-1000.0,-1000.0,191.09851029276388,-7.059622162207347,-0.3137521440684168,-0.0249916693430805,24.222099530810738,-514.8698624221657,1000.0,-0.0123330813979691,-0.0009301761609776,-0.0009301761609776,6.537075651832538,-1.7870819647214375e-05,-1000.0,999.9986046464044,0.0,-508.1786720458987,-0.0348825889325326,-0.0015502936016673,-0.0001234873635667,975.7779004691891,0.0,-999.9986046464044,-6.09394949151465e-05, Amensalism,Healthy
SRR13077755.bin.34.fbc2XSRR13077755.bin.14.fbc2 ,-0.0877240848263909,-0.0877240848263909,3.0507728857037364,-0.0016853810725478,-1000.0,1000.0,716.9186294361023,33.05365895449768,-3.2897458769497234,-0.1462068080439849,-0.0116459832113378,2.329966299625653,-326.08666488984966,-1000.0,-0.0057471494574201,-0.0869917126124164,-0.0869917126124164,996.9492271142964,-0.0016713105209191,999.8695040745288,-1000.0,-998.3146189274464,-196.7621301065909,-3.2622811450431755,-0.1449861876873228,-0.011548755699323,997.6700337003743,-248.49432967931372,1000.0,-0.0056991688762764, Neutralism,Healthy
SRR13077755.bin.49.fbc2XSRR13077755.bin.43.fbc2 ,-0.0309813278896626,-0.0309813278896626,362.1850589888989,-0.0005952224378233,0.0,0.0,548.2763766324952,-702.2695207651819,-1.161832533096458,-0.0516355464827711,-0.0041129870454597,347.4264204309102,-0.0632602406938076,0.0,-0.0020297085130778,-0.0870144790588938,-0.0870144790588938,352.9211479471662,-0.001671747916589,-1000.0,1000.0,290.8624799935658,-34.88491545243551,-3.2631349108426093,-0.1450241317647851,-0.0115517781036942,-10.229341914259408,-500.1776733685759,-1000.0,-0.0057006603956324, Amensalism,Healthy
SRR13077755.bin.23.fbc2XSRR13077755.bin.8.fbc2 ,-0.1056961908725497,-0.1056961908725497,189.8339812781969,-0.0020306664913505,0.0,0.0,188.9383647077632,304.25364991316656,-3.9637188443784903,-0.1761603181209921,-0.0140319054548854,865.3799014867145,-563.8303136995048,0.0,-0.006924572735329,-0.1534416188640079,-0.1534416188640079,810.1660187218031,-0.0029479657803221,-1000.0,1000.0,811.0616352922368,-40.55316062269503,-5.754222845518257,-0.2557360314400512,-0.0203704435417648,12.447063255651416,-0.3675671133152036,-1000.0,-0.0100525633107508, Amensalism,Healthy
SRR13077755.bin.49.fbc2XSRR13077755.bin.18.fbc2 ,-0.0349157373742627,-0.0349157373742627,408.1799994358496,-0.0006708114768798,-1000.0,1000.0,0.0,-791.4527821495038,-1.309377046164741,-0.0581928956237334,-0.0046353073055342,391.5471181814669,-0.0712938437682169,-1000.0,-0.0022874671362842,-0.2390891862312401,-0.2390891862312401,591.8200005641504,-0.0045934521850767,0.0,0.0,1000.0,1000.0,-8.966097123541545,-0.3984819770520289,-0.0317407545985588,608.4528818185331,-726.7666051023868,0.0,-0.0156636719509606, Amensalism,Healthy
SRR13077755.bin.23.fbc2XSRR13077755.bin.45.fbc2 ,-0.0899447226173606,-0.0899447226173606,12.517920686759226,-0.0017280446228369,1000.0,-1000.0,911.3552715279988,8.90366351680973,-3.373022140606281,-0.1499078710289723,-0.0119407883436224,1.2321476574019243,-397.2607157602301,1000.0,-0.00589263216375,-0.2448355111949922,-0.2448355111949922,987.4820793132408,-0.0047038522803859,-1000.0,999.632723213946,88.64472847200113,-294.1079074464967,-9.181590381686078,-0.4080591853248734,-0.032503619257568,998.767852342598,-602.7392842397699,-999.6327232139462,-0.0160401362761604, Competition,Healthy
SRR13077755.bin.23.fbc2XSRR13077755.bin.43.fbc2 ,-0.1481764053679626,-0.1481764053679626,668.0385629320663,-0.0028468089408306,-1000.0,1000.0,717.356185112438,266.9379836448384,-5.556771775791162,-0.2469606756133089,-0.0196714497808443,914.297840725582,-499.8230988935941,-1000.0,-0.0097076184880506,-0.0866362682388626,-0.0866362682388626,331.96143706793373,-0.001664481618377,0.0,0.0,282.64381488756203,-23.87738829185309,-3.248951605446564,-0.1443937803981043,-0.0115015679832595,-0.499336163118528,-500.17690110640586,0.0,-0.0056758823187692, Amensalism,Healthy
SRR13077755.bin.19.fbc2XSRR13077755.bin.33.fbc2 ,-0.1506984242242879,-0.1506984242242879,1000.0,-0.0028952627131957,1000.0,-1000.0,771.8619453810625,650.4045647097976,-5.651350147861081,-0.2511640403738511,-0.0200062653484565,-31.510533834329635,-419.5622285570571,1000.0,-0.0098728458522145,0.0,0.0,0.0,0.0,-0.4204790038443207,1000.0,228.13805461893756,-999.5795209961556,0.0,0.0,0.0,0.0,-249.8948802490389,-1000.0,0.0, Amensalism,Healthy
SRR13077755.bin.31.fbc2XSRR13077755.bin.19.fbc2 ,-0.1855248777947054,-0.1855248777947054,951.5213732275438,-0.0035643588432776,-1000.0,1000.0,-928.9344012790274,-41.6493548662379,-6.957378957039282,-0.3092081296579181,-0.0246297196073328,43.96494058879989,-518.9618126137183,-1000.0,-0.0121544636557473,-0.0687596976179065,-0.0687596976179065,48.47862677245621,-0.00132103165447,1000.0,-1000.0,-71.06559872097262,1000.0,-2.5785613174139144,-0.1145994960298821,-0.0091283287327996,-20.32907871481393,-376.1376295273469,1000.0,-0.004504717941927, Amensalism,Healthy
SRR13077755.bin.32.fbc2XSRR13077755.bin.41.fbc2 ,-0.0902854143106424,-0.0902854143106424,0.0,-0.0017345900923828,-1000.0,999.8645632055836,387.5409374834985,-80.408948326526,-3.3857984391048603,-0.1504756905177373,-0.0119860175386747,52.1154834203694,-2.74815634556046,-999.8645632055836,-0.005914952215221,-0.1166011754650071,-0.1166011754650071,1000.0,-0.0022401762817025,1000.0,-1000.0,-359.4482860949819,415.9478914541346,-4.372667289634137,-0.1943352924416785,-0.0154796181068377,947.8845165796306,-500.281814176244,1000.0,-0.0076390011207649, Neutralism,Healthy
SRR13077755.bin.43.fbc2XSRR13077755.bin.8.fbc2 ,-0.0864017760021624,-0.0864017760021624,331.96515028216004,-0.0016599764842339,-1000.0,1000.0,760.6768757184773,-34.63927708787708,-3.240157898789107,-0.1440029600037178,-0.0114704375057499,-0.4979846453752543,-489.3499062729557,-1000.0,-0.0056605198110446,-0.1223339403412637,-0.1223339403412637,668.03484971784,-0.0023503158566882,0.0,0.0,239.32312428152272,-82.09184058883295,-4.587652030168783,-0.2038899005686971,-0.0162406825697871,9.921282561674955,49.469174459934266,0.0,-0.0080145770713215, Amensalism,Healthy
SRR13077755.bin.31.fbc2XSRR13077755.bin.35.fbc2 ,-0.1881340806307889,-0.1881340806307889,987.4872994480852,-0.0036144876202115,1000.0,-1000.0,-1000.0,181.5181193625499,-7.055226820472967,-0.313556801051277,-0.0249761094554514,36.16640858528535,-525.3613365646521,1000.0,-0.0123254027848815,-0.0010441327640364,-0.0010441327640364,12.51270055191469,-2.006018758038408e-05,-1000.0,999.998433700553,0.0,-34.807640181421675,-0.0391560819634833,-0.0017402212735078,-0.0001386158962759,0.0214461459511312,-0.0017404218752972,-999.9984337005528,-6.840523963091982e-05, Amensalism,Healthy
SRR13077755.bin.49.fbc2XSRR13077755.bin.41.fbc2 ,-0.0441159894373868,-0.0441159894373868,515.7346944236281,-0.0008475694415892,-1000.0,1000.0,807.6724878403973,-1000.0,-1.654396220219951,-0.0735266490622734,-0.0058567048416762,481.2432934370727,-0.0900796802575314,-1000.0,-0.0028902117959432,-0.0890232165156703,-0.0890232165156703,484.26530557637193,-0.0017103403749842,1000.0,-1000.0,-202.1647203585287,951.5621933503794,-3.338464688058366,-0.1483720275260793,-0.0118184519908481,444.4759299902919,-500.2151608191677,1000.0,-0.0058322606785168, Amensalism,Healthy
SRR13077755.bin.19.fbc2XSRR13077755.bin.3.fbc2 ,-0.0661911506836077,-0.0661911506836077,18.651127525028187,-0.0012716839709128,0.0,0.0,5.795913712041397,413.03814274088086,-2.482238093252704,-0.1103185844726795,-0.0087873362386972,-13.840347063241666,-448.74919874952286,0.0,-0.0043364423406728,-0.1754669935345418,-0.1754669935345418,981.3488724749718,-0.003371123795091,-1000.0,1000.0,810.9159553130191,586.9618572591191,-6.580197669353424,-0.2924449892242364,-0.0232944654241009,-78.79846799332358,-551.2508012504771,-1000.0,-0.0114955321412253, Competition,Healthy
SRR13077755.bin.26.fbc2XSRR13077755.bin.51.fbc2 ,-0.0895019323218093,-0.0895019323218093,13.841675879232184,-0.0017195376046856,999.8657385038292,-1000.0,503.3712565096919,0.0,-3.3564170366352077,-0.1491698872030156,-0.0118820048480756,0.0,-333.3960716181375,1000.0,-0.0058636232317894,-0.0204333060580665,-0.0204333060580665,986.1583241207676,-0.0003925707216012,-1000.0,999.9693480780592,496.6287434903081,-1000.0,-0.7662705685662559,-0.0340555100967776,-0.0027126636861112,1000.0,-47.08170248727765,-999.9693480780592,-0.0013386661605636, Neutralism,Healthy
SRR13077755.bin.32.fbc2XSRR13077755.bin.6.fbc2 ,-0.0902854143106424,-0.0902854143106424,-331.52614370718106,-0.0017345900923828,-1000.0,999.8645632055836,280.5315228098252,-52.21482176705194,-3.3857984391048603,-0.1504756905177373,-0.0119860175386747,13.69125836670878,-500.1504930364187,-999.8645632055836,-0.005914952215221,-0.0206427595049945,-0.0206427595049945,956.419800628099,-0.0003965948031918,0.0,-0.0309661222315753,8.916712346749932,-947.785178232948,-0.7741252941528955,-0.0344045991751045,-0.0027404700898614,16.132772637205903,0.0,0.0309661222315753,-0.0013523882788604, Neutralism,Healthy
SRR13077755.bin.33.fbc2XSRR13077755.bin.51.fbc2 ,-0.0431980830410339,-0.0431980830410339,761.3091452370711,-0.0008299343523958,-999.9693480780592,1000.0,-946.347578738946,-500.29359045722697,-1.6199737604276834,-0.0719968050683519,-0.0057348463749349,997.0637084023624,-259.1161472556922,-1000.0,-0.0028300761415493,-0.0204333060580665,-0.0204333060580665,238.6908547629289,-0.0003925707216012,-0.0306519219407164,0.0,-53.65242126105409,-499.706409542773,-0.7662705685662559,-0.0340555100967776,-0.0027126636861112,2.9362915976377053,-58.05209342365311,0.0,-0.0013386661605636, Neutralism,Healthy
SRR13077755.bin.32.fbc2XSRR13077755.bin.14.fbc2 ,-0.0902854143106424,-0.0902854143106424,0.0,-0.0017345900923828,-1000.0,999.8645632055836,0.0,-231.64309426074036,-3.3857984391048603,-0.1504756905177373,-0.0119860175386747,175.23933282293933,-0.150493036418652,-999.8645632055836,-0.005914952215221,-0.0872579166987179,-0.0872579166987179,1000.0,-0.0016764249126026,999.8691047428274,-1000.0,-1000.0,-488.6858334115087,-3.2722640795719826,-0.1454298611645299,-0.0115840961458388,824.7606671770607,-0.1435774116361017,1000.0,-0.0057166089518432, Neutralism,Healthy
SRR13077755.bin.18.fbc2XSRR13077755.bin.61.fbc2 ,-0.2075266246490628,-0.2075266246490628,0.0,-0.0039870629135521,1000.0,-1000.0,1000.0,903.3371355851344,-7.782467712801576,-0.3458777077485138,-0.0275506047324824,535.3245919591452,-500.077827468072,1000.0,-0.0135958845351069,-0.1623343410018378,-0.1623343410018378,1000.0,-0.0031188153890298,-1000.0,999.7564828944204,-259.3314020796753,96.66286441486544,-6.087709322413616,-0.2705572350030252,-0.0215510143385699,464.6754080408548,-232.9581923420856,-999.7564828944204,-0.0106351604767951, Amensalism,Healthy
SRR13077755.bin.26.fbc2XSRR13077755.bin.8.fbc2 ,-0.0894985820019655,-0.0894985820019655,13.146542141039165,-0.0017194732373582,-1000.0,999.8657435296308,0.0,-368.2988347147889,-3.356291396103302,-0.1491643033366472,-0.0118815600698098,1.3550366162397722,-441.73953904783946,-999.8657435296308,-0.0058634037392266,-0.1653797228563007,-0.1653797228563007,986.8534578589608,-0.0031773241663586,1000.0,-1000.0,1000.0,-79.56708318151925,-6.201914359938883,-0.2756328714270921,-0.0219553099891527,9.482676314479477,35.45627589406354,1000.0,-0.010834675407068, Neutralism,Healthy
SRR13077755.bin.32.fbc2XSRR13077755.bin.54.fbc2 ,-0.0902854143106424,-0.0902854143106424,102.48009949477182,-0.0017345900923828,-1000.0,999.8645632055836,-820.8172847344294,-605.5217336060131,-3.3857984391048603,-0.1504756905177373,-0.0119860175386747,682.7731979618829,-0.150493036418652,-999.8645632055836,-0.005914952215221,-0.0918616928939854,-0.0918616928939854,897.5199005052282,-0.0017648740229105,1000.0,-1000.0,-179.18271526557055,-394.4782663939869,-3.4449105515958536,-0.1531028214899379,-0.0121952794985418,245.75220255511795,-249.33218931846,1000.0,-0.006018220418241, Neutralism,Healthy
SRR13077755.bin.13.fbc2XSRR13077755.bin.18.fbc2 ,-0.1024658793093067,-0.1024658793093067,12.480227624980216,-0.0019686047897948,-1000.0,999.8462913380122,-227.3051911226363,-333.9759820709022,-3.842578747362268,-0.1707764655154733,-0.0136030590975906,575.1671664273317,-362.82410711045327,-999.846291338012,-0.0067129423332517,-0.2031307374419384,-0.2031307374419384,987.5197723750198,-0.0039026078278538,1000.0,-1000.0,1000.0,1000.0,-7.617617297502079,-0.3385512290698216,-0.0269670200907512,424.8328335726683,-637.1758928895467,1000.0,-0.013307892693092, Competition,Healthy
SRR13077755.bin.43.fbc2XSRR13077755.bin.51.fbc2 ,-0.0873618327716485,-0.0873618327716485,350.3380693125598,-0.0016784213788696,1000.0,-1000.0,786.035715397069,-35.02417279254098,-3.2761610421143814,-0.1456030546195279,-0.0115978917282291,-6.278269441482394,-500.1783826241494,1000.0,-0.0057234169020148,-0.0204333060580665,-0.0204333060580665,649.6619306874402,-0.0003925707216012,-1000.0,999.9693480780592,-187.2471308687675,1000.0,-0.7662705685662559,-0.0340555100967776,-0.0027126636861112,646.6779394014836,-106.96743288431868,-999.9693480780592,-0.0013386661605636, Neutralism,Healthy
SRR13077755.bin.31.fbc2XSRR13077755.bin.49.fbc2 ,-0.1880799569396458,-0.1880799569396458,985.2778779259228,-0.0036134477797986,-1000.0,1000.0,-1000.0,175.76723499812533,-7.053197124865505,-0.3134665948994097,-0.0249689241585429,40.582046508851136,-527.7551416608111,-1000.0,-0.0123218569291339,-0.0012593310516422,-0.0012593310516422,14.722122074077332,-2.419464078684541e-05,1000.0,-1000.0,20.62065953872502,-28.545897620601977,-0.0472262451401093,-0.0020988850859566,-0.0001671849676085,15.787926605807456,-0.0025714064200883,1000.0,-8.250372502516257e-05, Amensalism,Healthy
SRR13077755.bin.31.fbc2XSRR13077755.bin.13.fbc2 ,-0.1882255391359422,-0.1882255391359422,994.5979861657192,-0.0036162447480592,1000.0,-1000.0,-759.8125760451134,-46.80306683940739,-7.05865661105986,-0.3137092318933128,-0.024988251209038,24.24297932891568,-507.28820019407766,1000.0,-0.0123313945908876,-0.0929571142610257,-0.0929571142610257,5.402013834280751,-0.0017859195822893,-1000.0,1000.0,-240.18742395488664,-372.3235269079908,-3.4859900103635937,-0.1549285237683761,-0.0123407043139422,975.7570206710844,-492.7117998059224,-1000.0,-0.0060899857758158, Amensalism,Healthy
SRR13077755.bin.28.fbc2XSRR13077755.bin.20.fbc2 ,-0.0862739225996165,-0.0862739225996165,380.9322228272167,-0.0016575201267414,-0.3527402048933936,1000.0,838.5827054953979,-414.33090062455017,-3.2353632610945624,-0.1437898709993987,-0.0114534640761121,392.902632948869,-707.9003979750867,-1000.0,-0.0056521436323464,-0.0868289781914199,-0.0868289781914199,582.7172894583459,-0.0016681840190813,999.869748191793,-1000.0,161.41729450460207,-585.6690993754498,-3.256178432299066,-0.1447149636524045,-0.0115271515716131,7.012503456268405,-292.09960202491334,1000.0,-0.0056885075049422, Neutralism,Healthy
SRR13077755.bin.43.fbc2XSRR13077755.bin.3.fbc2 ,-0.0864017760021624,-0.0864017760021624,331.96515028216004,-0.0016599764842339,0.0,0.0,573.2865582232303,-34.63927708787708,-3.240157898789107,-0.1440029600037178,-0.0114704375057499,-0.4979846453751406,-489.3499062729557,0.0,-0.0056605198110446,-0.1418373873797236,-0.1418373873797236,668.03484971784,-0.0027250218516883,-1000.0,1000.0,426.71344177676974,576.7042010332868,-5.319051902942192,-0.2363956456329106,-0.0188299009951151,-85.00880067702167,-510.6500937270443,-1000.0,-0.0092923245142628, Amensalism,Healthy
SRR13077755.bin.49.fbc2XSRR13077755.bin.14.fbc2 ,0.0,0.0,0.0,0.0,-1000.0,1000.0,0.0,0.0,0.0,0.0,0.0,0.0,0.0,-1000.0,0.0,-0.0872579166987179,-0.0872579166987179,1000.0,-0.0016764249126026,999.8691047428274,-1000.0,-1000.0,-1000.0,-3.2722640795719826,-0.1454298611645299,-0.0115840961458388,1000.0,-130.93746256682869,1000.0,-0.0057166089518432, Amensalism,Healthy
SRR13077755.bin.37.fbc2XSRR13077755.bin.6.fbc2 ,-0.1282017781758213,-0.1282017781758213,499.4236954455801,-0.0024630504932474,-1000.0,999.807685017484,-858.255557405458,-1000.0,-4.807702149368424,-0.2136696302929976,-0.0170196789085821,993.7483509192766,-250.8099372089612,-999.807685017484,-0.0083990021821591,0.0,0.0,0.0,0.0,0.0,0.0,1000.0,0.0,0.0,0.0,0.0,0.0,0.0,0.0,0.0, Amensalism,Healthy
SRR13077755.bin.13.fbc2XSRR13077755.bin.33.fbc2 ,-0.1380677426925558,-0.1380677426925558,38.29686175690267,-0.0026525983225837,-1000.0,999.7928851229694,-48.75740681306263,-497.2773743413952,-5.177686243879748,-0.2301129044876688,-0.0183294544093541,0.0,-953.5900803788398,-999.7928851229696,-0.0090453602801972,-0.0433252987517107,-0.0433252987517107,762.0166602254803,-0.0008323784581989,0.0,-0.0649921100198298,-951.2425931869374,-502.7226256586048,-1.6247444840042815,-0.0722088312528512,-0.0057517351465321,1000.0,-46.40991962116016,0.0649921100198298,-0.0028384105426084, Neutralism,Healthy
SRR13077755.bin.37.fbc2XSRR13077755.bin.33.fbc2 ,-0.0861095563475373,-0.0861095563475373,236.44884592485005,-0.0016543622737117,-745.6265008653841,1000.0,0.0,-498.3288098384981,-3.229199352959085,-0.1435159272459714,-0.0114316433114254,0.0,-224.82818231265992,-1000.0,-0.0056413753534343,-0.0433252987517107,-0.0433252987517107,763.55115407515,-0.0008323784581989,999.9350078899802,-1000.0,-949.1823815887168,-501.6711901615019,-1.6247444840042815,-0.0722088312528512,-0.0057517351465321,1000.0,-0.0722171550373786,1000.0,-0.0028384105426084, Amensalism,Healthy
SRR13077755.bin.14.fbc2XSRR13077755.bin.35.fbc2 ,-0.0872579166987179,-0.0872579166987179,1000.0,-0.0016764249126026,-1000.0,999.8691047428274,0.0,-53.09271226573719,-3.2722640795719826,-0.1454298611645299,-0.0115840961458388,-33.84936597945091,-584.4748809073329,-999.8691047428274,-0.0057166089518432,0.0,0.0,0.0,0.0,1000.0,-1000.0,473.4536438671314,-946.9072877342628,0.0,0.0,0.0,0.0,0.0,1000.0,0.0, Amensalism,Healthy
SRR13077755.bin.32.fbc2XSRR13077755.bin.8.fbc2 ,-0.0902854143106424,-0.0902854143106424,0.0,-0.0017345900923828,-1000.0,999.8645632055836,0.0,-186.201900299945,-3.3857984391048603,-0.1504756905177373,-0.0119860175386747,990.4797762788176,-436.37113635955575,-999.8645632055836,-0.005914952215221,-0.1660345569462151,-0.1660345569462151,1000.0,-0.0031899050326273,1000.0,-1000.0,1000.0,-85.16157410476501,-6.226471330258846,-0.2767242615769874,-0.0220422437752176,9.520223721182331,40.87610658782478,1000.0,-0.0108775761610786, Neutralism,Healthy
SRR13077755.bin.6.fbc2XSRR13077755.bin.21.fbc2 ,-0.0152491914026313,-0.0152491914026313,0.0,-0.0002929719770463,-1000.0,999.9771247480362,230.5904319946808,-712.13959497532,-0.5718607910583842,-0.0254153190044235,-0.0020244363610117,707.3597874443967,0.0,-999.977124748036,-0.00099903444152,-0.1475837992933293,-0.1475837992933293,1000.0,-0.0028354236175118,0.0,-0.2213898760581969,769.4095680053192,1000.0,-5.534548421800764,-0.2459729988222534,-0.0195927771972037,292.6402125556033,-510.7656803320984,0.2213898760581969,-0.0096687945358553, Amensalism,Healthy
SRR13077755.bin.18.fbc2XSRR13077755.bin.41.fbc2 ,-0.2028057547752269,-0.2028057547752269,0.0,-0.0038963641648024,-1000.0,1000.0,1000.0,691.7173875964324,-7.6054301041020835,-0.3380095912921206,-0.0269238763784187,27.20558097921776,-500.076057028496,-1000.0,-0.0132866018018376,-0.1154047162634697,-0.1154047162634697,1000.0,-0.002217189553562,1000.0,-1000.0,-347.96750012301163,308.28261240356755,-4.327798805307566,-0.1923411937725632,-0.0153207798151697,972.7944190207822,-488.2621889861685,1000.0,-0.0075606163776456, Amensalism,Healthy
SRR13077755.bin.18.fbc2XSRR13077755.bin.21.fbc2 ,-0.2028057547752269,-0.2028057547752269,0.0,-0.0038963641648024,1000.0,-1000.0,1000.0,705.3201780860395,-7.6054301041020835,-0.3380095912921206,-0.0269238763784187,0.0,-500.076057028496,1000.0,-0.0132866018018376,-0.1476549510013001,-0.1476549510013001,1000.0,-0.0028367906052153,-1000.0,999.778503389545,0.0,294.6798219139605,-5.537216686033503,-0.2460915850022047,-0.0196022230820744,1000.0,-421.70347236167936,-999.778503389545,-0.0096734559638207, Amensalism,Healthy
SRR13077755.bin.32.fbc2XSRR13077755.bin.13.fbc2 ,-0.0902854143106424,-0.0902854143106424,-329.80042141750573,-0.0017345900923828,-1000.0,999.8645632055836,0.0,-71.45307808909365,-3.3857984391048603,-0.1504756905177373,-0.0119860175386747,-0.5057761156236893,-8.384193249433679,-999.8645632055836,-0.005914952215221,-0.1380677426925558,-0.1380677426925558,8.023526354307023,-0.0026525983225837,999.7928851229694,-1000.0,-1000.0,-28.616336808402597,-5.177686243879748,-0.2301129044876688,-0.0183294544093541,995.9792445145326,-890.3977563226979,1000.0,-0.0090453602801972, Neutralism,Healthy
SRR13077755.bin.23.fbc2XSRR13077755.bin.21.fbc2 ,-0.0909954801717276,-0.0909954801717276,24.346417380321327,-0.0017482320878343,1000.0,-1000.0,906.4823934202786,0.0,-3.4124266592052663,-0.151659133619546,-0.0120802837269593,16.488000510422694,-397.2287147319908,1000.0,-0.0059614714194822,-0.1530514714338551,-0.1530514714338551,975.6535826196788,-0.0029404701524526,-1000.0,999.7704080904988,-176.23139231524442,1000.0,-5.739591904626309,-0.2550857857230539,-0.020318648753232,983.5119994895772,-562.7802026977993,-999.7704080904986,-0.0100270032197613, Amensalism,Healthy
SRR13077755.bin.54.fbc2XSRR13077755.bin.27.fbc2 ,-0.0916692053527867,-0.0916692053527867,2.44444169570545,-0.0017611758953535,-1000.0,1000.0,-329.36429352187065,-70.30756829471807,-3.437692065404235,-0.1527820089213492,-0.01216972543682,68.29408634060314,-249.33358865295972,-1000.0,-0.0060056098030827,-0.1161768268804053,-0.1161768268804053,997.5555583042948,-0.0022320235711958,0.0,0.0,-290.20244764192387,-688.7324174566767,-4.356753769311126,-0.1936280448006755,-0.0154232828768954,613.8720191172965,-0.0336142749821419,0.0,-0.0076112003777097, Neutralism,Healthy
SRR13077755.bin.23.fbc2XSRR13077755.bin.35.fbc2 ,-0.1776654433066369,-0.1776654433066369,1000.0,-0.0034133610625985,-1000.0,1000.0,1000.0,-19.294825546019183,-6.662641858859047,-0.2961090721778419,-0.0235863249423573,1000.0,-1000.0,-1000.0,-0.0116395612233191,0.0,0.0,0.0,0.0,1000.0,-1000.0,0.0,-980.7051744539808,0.0,0.0,0.0,0.0,0.0,1000.0,0.0, Amensalism,Healthy
SRR13077755.bin.43.fbc2XSRR13077755.bin.41.fbc2 ,-0.0867057242073769,-0.0867057242073769,333.1678650510073,-0.0016658160270708,-1000.0,1000.0,-218.18878655013748,-25.21797518863127,-3.2515562776569595,-0.1445095403455525,-0.0115107887468184,-0.4997364790314123,-499.761244312773,-1000.0,-0.0056804326521842,-0.0987856400648752,-0.0987856400648752,666.8321349489927,-0.0018978989445486,1000.0,-1000.0,-257.84211072882533,761.9581083021035,-3.7045658868727287,-0.1646427334413829,-0.0131144817070207,622.6793949235482,-500.23875568722696,1000.0,-0.0064718354009301, Amensalism,Healthy
SRR13077755.bin.43.fbc2XSRR13077755.bin.19.fbc2 ,-0.0866362682388626,-0.0866362682388626,331.9614370679333,-0.001664481618377,0.0,0.0,282.64381488756203,-23.87738829185264,-3.248951605446564,-0.1443937803981043,-0.0115015679832595,-0.499336163118528,-500.1769011064059,0.0,-0.0056758823187692,-0.1221121010989918,-0.1221121010989918,668.0385629320667,-0.0023460538155859,-1000.0,1000.0,717.356185112438,1000.0,-4.579332824170706,-0.2035201684982439,-0.0162112318654408,-25.533229780374317,-375.6991328347333,-1000.0,-0.0080000435109468, Amensalism,Healthy
SRR13077755.bin.26.fbc2XSRR13077755.bin.18.fbc2 ,-0.0895019323218093,-0.0895019323218093,13.554305035206426,-0.0017195376046856,-1000.0,999.8657385038292,-912.3002127291556,-32.665084050109954,-3.3564170366352077,-0.1491698872030156,-0.0118820048480756,1.3565896438198024,-327.25277732285895,-999.8657385038292,-0.0058636232317894,-0.2553190696170304,-0.2553190696170304,986.4456949647936,-0.0049052655065224,1000.0,-1000.0,1000.0,1000.0,-9.57473490023972,-0.4255317826949749,-0.03389538465035,998.64341035618,-672.747222677141,1000.0,-0.0167269553774076, Neutralism,Healthy
SRR13077755.bin.42.fbc2XSRR13077755.bin.21.fbc2 ,-0.0853946838930141,-0.0853946838930141,1.720001512002682,-0.001640627932602,1000.0,-1000.0,0.0,-748.4076010598369,-3.2023908805236942,-0.1423244731549857,-0.0113367390143821,2.5151154332688748,-126.373495423873,1000.0,-0.0055945412502751,-0.1549935557731032,-0.1549935557731032,998.2799984879972,-0.0029777820514027,-1000.0,999.76749477743,1000.0,1000.0,-5.812422119503935,-0.25832259295521,-0.0205764739748701,997.4848845667312,-873.626504576127,-999.76749477743,-0.0101542367950742, Neutralism,Healthy
SRR13077755.bin.23.fbc2XSRR13077755.bin.34.fbc2 ,-0.1721648539930811,-0.1721648539930811,938.0792436483634,-0.0033076821132453,-1000.0,1000.0,1000.0,258.8417550810086,-6.456363947258751,-0.2869414233218776,-0.0228560834023028,991.813793907439,-711.892630601057,-1000.0,-0.0112791960060576,-0.0881644803093877,-0.0881644803093877,16.571091391997584,-0.0016938420808401,0.0,0.0,-1000.0,-15.444051217436597,-3.3062611729176297,-0.146940800515722,-0.0117044487788007,8.186206092560838,-288.107369398943,0.0,-0.0057760014957466, Neutralism,Healthy
SRR13077755.bin.37.fbc2XSRR13077755.bin.35.fbc2 ,-0.0865284081976369,-0.0865284081976369,12.019859840658114,-0.001662409379378,-1000.0,999.8701990756568,66.47283822978852,-24.817660774499583,-3.244906739928183,-0.144214013662804,-0.0114872488115906,20.61603743672765,-250.5466583882743,-999.8701990756566,-0.0056688159837676,-0.0804451209384069,-0.0804451209384069,972.491469249304,-0.0015455354647428,999.8793245909152,-1000.0,-844.2156808693278,-975.1823392255004,-3.0167770396412834,-0.1340752015640873,-0.0106796500612063,-9.60769242177912,-0.1340906569187154,1000.0,-0.005270275934663, Amensalism,Healthy
SRR13077755.bin.23.fbc2XSRR13077755.bin.61.fbc2 ,-0.0889749125960861,-0.0889749125960861,1.600659532308896,-0.0017094123456899,1000.0,-1000.0,890.1332514274113,10.03542996404292,-3.3366532400303868,-0.148291520993439,-0.0118120393091203,0.9090825795902902,-397.2902515154111,1000.0,-0.0058290960989779,-0.162074498991501,-0.162074498991501,998.3993404676912,-0.0031138232275225,-1000.0,999.7568726823964,109.86674857258868,896.3081896712374,-6.077964972456812,-0.2701241649857593,-0.0215165185020396,71.86442364361938,-500.0,-999.7568726823966,-0.0106181372058244, Amensalism,Healthy
SRR13077755.bin.6.fbc2XSRR13077755.bin.61.fbc2 ,-0.0214132053746425,-0.0214132053746425,0.0,-0.0004113968371939,-1000.0,999.967878134954,526.3322375883706,-1000.0,-0.8030178283769374,-0.0356886756244421,-0.0028427521448293,993.2881031125804,0.0,-999.9678781349538,-0.0014028632147073,-0.1622558324394276,-0.1622558324394276,1000.0,-0.0031173070593695,0.0,-0.2433993351944536,-1000.0,1000.0,-6.08476516836663,-0.270426387399084,-0.0215405917801945,6.711896887419584,-500.0,0.2433993351944536,-0.0106300170723443, Neutralism,Healthy
SRR13077755.bin.43.fbc2XSRR13077755.bin.18.fbc2 ,-0.08685441319858,-0.08685441319858,335.9638873558242,-0.001668672683877,-1000.0,1000.0,280.9785789718105,-28.46844503719467,-3.257132271943078,-0.144757355330853,-0.0115305282459985,-0.5005934618155834,-499.90917783634734,-1000.0,-0.0056901738521446,-0.2421769271578568,-0.2421769271578568,664.0361126441758,-0.0046527747772415,0.0,0.0,719.0214210281895,1000.0,-9.081890671032056,-0.4036282119297993,-0.0321506737110439,1000.0,-500.0908221636527,0.0,-0.0158659619905847, Neutralism,Healthy
SRR13077755.bin.34.fbc2XSRR13077755.bin.20.fbc2 ,-0.0885074529098801,-0.0885074529098801,418.6216367399416,-0.0017004313720008,-1000.0,1000.0,802.2982927624673,-294.0241659589319,-3.3191230078479066,-0.1475124215165806,-0.0117499807801095,347.49857367683194,-367.5084004710636,-1000.0,-0.005798470978334,-0.0868289781914199,-0.0868289781914199,581.3783632600584,-0.0016681840190813,1000.0,-1000.0,0.0,-410.4878915605525,-3.256178432299066,-0.1447149636524045,-0.0115271515716131,304.29829379956027,-632.4915995289364,1000.0,-0.0056885075049422, Neutralism,Healthy
SRR13077755.bin.49.fbc2XSRR13077755.bin.42.fbc2 ,-0.0441160081330735,-0.0441160081330735,515.7406001775671,-0.0008475698008396,-1000.0,1000.0,802.060890969801,-1000.0,-1.654396921328157,-0.0735266802217893,-0.0058567073236872,484.05215163305866,-0.0900797184318662,-1000.0,-0.0028902130208052,-0.0854949644156022,-0.0854949644156022,2.8963394367629007,-0.0016425545517222,0.0,0.0,120.82282075150806,0.0,-3.206151506084666,-0.1424916073592612,-0.0113500519521494,5.023322747058501,-499.2934091680623,0.0,-0.0056011110212921, Neutralism,Healthy
SRR13077755.bin.43.fbc2XSRR13077755.bin.61.fbc2 ,-0.0866362682388626,-0.0866362682388626,331.9614370679333,-0.001664481618377,1000.0,-1000.0,0.0,-23.87738829185298,-3.248951605446564,-0.1443937803981043,-0.0115015679832595,-0.499336163118528,-500.1769011064059,1000.0,-0.0056758823187692,-0.1084455998773137,-0.1084455998773137,668.0385629320667,-0.0020834889505749,-1000.0,999.8373211827392,-1000.0,505.55942270768105,-4.066824587293354,-0.1807426664622653,-0.0143969086484503,437.8750815228409,-499.8230988935941,-999.8373211827392,-0.0071046973214379, Amensalism,Healthy
SRR13077755.bin.26.fbc2XSRR13077755.bin.20.fbc2 ,-0.0895019323218093,-0.0895019323218093,14.940976269882412,-0.0017195376046856,-1000.0,999.8657385038292,96.34328893447037,-42.98213371196584,-3.3564170366352077,-0.1491698872030156,-0.0118820048480756,6.440740174503389,-502.29471612689616,-999.8657385038292,-0.0058636232317894,-0.0868289781914199,-0.0868289781914199,798.2006131187318,-0.0016681840190813,999.869748191793,-1000.0,903.6567110655296,-600.8455431634386,-3.256178432299066,-0.1447149636524045,-0.0115271515716131,152.27279816559985,-497.70528387310384,1000.0,-0.0056885075049422, Neutralism,Healthy
SRR13077755.bin.26.fbc2XSRR13077755.bin.35.fbc2 ,-0.0894985820019655,-0.0894985820019655,13.146542141039047,-0.0017194732373582,-1000.0,999.8657435296308,1000.0,-1.1248309668570755,-3.356291396103302,-0.1491643033366472,-0.0118815600698098,-3.787588392586031,-500.0,-999.8657435296308,-0.0058634037392266,-0.0823643319972688,-0.0823643319972688,986.8534578589612,-0.0015824079154072,999.8764455899644,-1000.0,-873.1955930793533,-998.8751690331428,-3.08874948233165,-0.1372738866621148,-0.0109344386954717,0.8548009318274126,-0.1372897107412427,1000.0,-0.0053960109916033, Neutralism,Healthy
SRR13077755.bin.31.fbc2XSRR13077755.bin.61.fbc2 ,-0.0650566328480408,-0.0650566328480408,1.7536418472913056,-0.0012498872785045,1000.0,-1000.0,-405.0206039481752,-907.0049676833626,-2.439692475603352,-0.1084277214134772,-0.0086367210947173,962.6187587384228,-500.0243977996771,1000.0,-0.004262115619781,-0.1620496647082063,-0.1620496647082063,998.2463581527086,-0.0031133461038734,-1000.0,999.7569099362072,-594.9793960518248,1000.0,-6.077033660591724,-0.2700827745136394,-0.0215132215779476,37.38124126157732,-499.9756022003229,-999.7569099362072,-0.0106165102142767, Amensalism,Healthy
SRR13077755.bin.14.fbc2XSRR13077755.bin.43.fbc2 ,-0.0582916532758872,-0.0582916532758872,668.0385629320665,-0.0011199164894151,-1000.0,999.912556920504,-1000.0,-976.1226117081468,-2.1859985932514974,-0.0971527554597742,-0.0077386229420426,1000.0,-73.81171857122217,-999.9125569205038,-0.003818915228976,-0.0866362682388626,-0.0866362682388626,331.9614370679335,-0.001664481618377,1000.0,-1000.0,0.0,-23.87738829185309,-3.248951605446564,-0.1443937803981043,-0.0115015679832595,-0.4993361631186417,-500.17690110640586,1000.0,-0.0056758823187692, Amensalism,Healthy
SRR13077755.bin.23.fbc2XSRR13077755.bin.18.fbc2 ,-0.1346642565889624,-0.1346642565889624,515.9307750864537,-0.0025872095405929,0.0,0.0,444.7798358200816,0.0,-5.050051918611871,-0.2244404276483464,-0.0178776179255919,1000.0,-406.1461154788648,0.0,-0.0088223845334596,-0.2259045593763176,-0.2259045593763176,484.0692249135464,-0.004340145232959,-1000.0,1000.0,555.2201641799184,1000.0,-8.471659684598876,-0.3765075989605293,-0.0299904035598501,0.0,-593.8538845211352,-1000.0,-0.0147998952444368, Competition,Healthy
SRR13077755.bin.43.fbc2XSRR13077755.bin.13.fbc2 ,-0.0870260888162874,-0.0870260888162874,344.5342346728189,-0.0016719709666404,-1000.0,1000.0,0.0,-34.889569912387856,-3.2635702890157745,-0.145043481360517,-0.0115533193798,-5.373146216820487,-495.05350733446056,-1000.0,-0.0057014209963881,-0.1377568551303056,-0.1377568551303056,31.455519336461748,-0.0026466254587376,1000.0,-993.924978392146,-1000.0,-536.9380302852902,-5.166027631785028,-0.2295947585504336,-0.0182881819202975,1000.0,-504.9464926655394,993.924978392146,-0.0090249928144885, Neutralism,Healthy
SRR13077755.bin.34.fbc2XSRR13077755.bin.6.fbc2 ,-0.0885074529098801,-0.0885074529098801,51.6081173617988,-0.0017004313720008,1000.0,-1000.0,0.0,0.0,-3.3191230078479066,-0.1475124215165806,-0.0117499807801095,50.715994686468775,-359.72108465106817,1000.0,-0.005798470978334,-0.0217799982307269,-0.0217799982307269,948.3918826382012,-0.0004184437700587,-1000.0,999.967327910435,1000.0,-1000.0,-0.8167729480599064,-0.0362999970511737,-0.0028914464510307,54.71230480992358,0.0,-999.9673279104352,-0.0014268932558252, Neutralism,Healthy
SRR13077755.bin.20.fbc2XSRR13077755.bin.8.fbc2 ,-0.072577094154326,-0.072577094154326,172.25476311746502,-0.0013943726062279,-1000.0,999.8911273869056,151.94033045904212,209.4204419544853,-2.7217177212788783,-0.1209618235905054,-0.009635114708999,320.23222240284235,-820.5599600141228,-999.8911273869056,-0.004754810587201,-0.1549317494183242,-0.1549317494183242,827.745236882535,-0.0029765946094357,1000.0,-1000.0,848.0596695409579,-40.952941146157855,-5.81010431589209,-0.2582195823639495,-0.0205682687508215,8.883601962783018,-0.3711366988708278,1000.0,-0.0101501876180236, Amensalism,Healthy
SRR13077755.bin.32.fbc2XSRR13077755.bin.27.fbc2 ,-0.0902854143106424,-0.0902854143106424,0.0,-0.0017345900923828,-1000.0,999.8645632055836,651.7023030106441,-68.46415241764555,-3.3857984391048603,-0.1504756905177373,-0.0119860175386747,11.398098463704288,-500.1504930364187,-999.8645632055836,-0.005914952215221,-0.1163348122502156,-0.1163348122502156,1000.0,-0.0022350588328663,1000.0,-1000.0,222.72933713522684,-695.7429381586064,-4.3626783876197806,-0.1938913537503594,-0.0154442565350336,614.6161472047231,-0.0336599860228261,1000.0,-0.0076215506200014, Neutralism,Healthy
SRR13077755.bin.6.fbc2XSRR13077755.bin.33.fbc2 ,-0.0053526331274724,-0.0053526331274724,243.58147326519335,-0.0001028363712975,-1000.0,999.9919705361268,-175.29613914573974,-246.0299702453485,-0.2007293982804867,-0.0089210552124541,-0.0007105993258846,0.0,0.0,-999.9919705361268,-0.0003506720262294,-0.0432580609793831,-0.0432580609793831,756.4185267348066,-0.0008310866662668,256.17322116023934,0.008029463873072,-824.7038608542603,-753.9700297546515,-1.6222229964948838,-0.0720967682990476,-0.0057428088639426,1000.0,-324.8013310867341,-0.008029463873072,-0.0028340055320086, Amensalism,Healthy
SRR13077755.bin.34.fbc2XSRR13077755.bin.19.fbc2 ,-0.0877240848263909,-0.0877240848263909,3.050772885703964,-0.0016853810725478,0.0,0.0,0.0,191.9812458206584,-3.2897458769497234,-0.1462068080439849,-0.0116459832113378,3.153915398375716,-403.33439357727127,0.0,-0.0057471494574201,-0.1504357118434427,-0.1504357118434427,996.949227114296,-0.002890215405273,-1000.0,1000.0,1000.0,808.0187541793416,-5.641498155976137,-0.2507261864057,-0.0199713884502443,-31.45560155876626,-596.6656064227287,-1000.0,-0.0098556345319593, Neutralism,Healthy
SRR13077755.bin.28.fbc2XSRR13077755.bin.21.fbc2 ,-0.0721807542850001,-0.0721807542850001,19.100702048430207,-0.0013867580073565,-0.2013988654141485,1000.0,687.5591023917857,4.638086507935327,-2.7068545573760048,-0.1203012571415911,-0.0095824978311611,286.41850529259773,-834.5103054708392,-1000.0,-0.0047288448051858,-0.1505587865393636,-0.1505587865393636,980.8992979515696,-0.0028925799526859,-0.2258526427089009,0.0,312.4408976082143,995.3619134920646,-5.646113587125342,-0.2509313108989772,-0.0199877274733353,713.5814947074023,-165.48969452916083,0.0,-0.0098636976388206, Amensalism,Healthy
SRR13077755.bin.37.fbc2XSRR13077755.bin.20.fbc2 ,-0.1282017781758213,-0.1282017781758213,502.8152174528211,-0.0024630504932474,-1000.0,999.807685017484,-848.0809913837344,-1000.0,-4.807702149368424,-0.2136696302929976,-0.0170196789085821,983.5737848975529,-203.6365474224076,-999.807685017484,-0.0083990021821591,-0.0868289781914199,-0.0868289781914199,385.8714114587469,-0.0016681840190813,999.869748191793,-1000.0,0.0,0.0,-3.256178432299066,-0.1447149636524045,-0.0115271515716131,16.42621510244726,-796.3634525775924,1000.0,-0.0056885075049422, Neutralism,Healthy
SRR13077755.bin.27.fbc2XSRR13077755.bin.51.fbc2 ,-0.1160111597873765,-0.1160111597873765,994.9922605113948,-0.0022288407259338,1000.0,-1000.0,751.7363913049844,-686.5619656107659,-4.350541078265451,-0.1933519329788851,-0.0154012894165589,613.0917092872503,-0.0435069709711797,1000.0,-0.0076003468756198,-0.0202658943744609,-0.0202658943744609,5.007739488605239,-0.0003893543587309,-1000.0,999.9695992116664,248.2636086950156,-313.4380343892341,-0.7599924535338687,-0.0337764906241773,-0.0026904386191972,1.6223461679909406,0.0,-999.9695992116664,-0.0013276983634114, Neutralism,Healthy
SRR13077755.bin.33.fbc2XSRR13077755.bin.8.fbc2 ,-0.0057332709907313,-0.0057332709907313,100.08638758912956,-0.0001101492986208,-1000.0,999.9913995427672,-126.91947806184304,-66.49994200814865,-0.215003720364507,-0.0095554516512947,-0.000761131653121,133.0030582437107,-34.00658722440903,-999.9913995427672,-0.0003756091081186,-0.1610492172402473,-0.1610492172402473,899.9136124108704,-0.0030941252111915,1000.0,-1000.0,1000.0,-42.569964775046174,-6.039515823396982,-0.2684153620671168,-0.0213804052090154,9.234370280794336,-0.3857910019520432,1000.0,-0.0105509669700722, Amensalism,Healthy
SRR13077755.bin.31.fbc2XSRR13077755.bin.18.fbc2 ,-0.1872700649810212,-0.1872700649810212,976.0017999033844,-0.0035978878959213,-1000.0,1000.0,-810.4146401896237,-39.18754734220852,-7.022825320623724,-0.3121167749684446,-0.0248614053606388,37.024641054716085,-500.0702307717278,-1000.0,-0.0122687977250279,-0.2041475248962569,-0.2041475248962569,23.99820009661562,-0.003922142649344,1000.0,-1000.0,1000.0,1000.0,-7.655747901454788,-0.3402458748270192,-0.027102005706638,962.975358945284,-499.9297692282722,1000.0,-0.013374506434161, Amensalism,Healthy
SRR13077755.bin.49.fbc2XSRR13077755.bin.28.fbc2 ,-0.0441160081330735,-0.0441160081330735,515.735124876654,-0.0008475698008396,1000.0,-1000.0,-724.5597728811281,-1000.0,-1.654396921328157,-0.0735266802217893,-0.0058567073236872,1000.0,-0.0900797184318662,1000.0,-0.0028902130208052,-0.0874564660446139,-0.0874564660446139,484.264875123346,-0.0016802395012973,-4.20852948379229,1000.0,34.58788854377735,0.0,-3.279709889847709,-0.1457607767410991,-0.0116104549542797,-10.498254021128446,-823.9852352583393,-1000.0,-0.0057296166995683, Neutralism,Healthy
SRR13077755.bin.23.fbc2XSRR13077755.bin.27.fbc2 ,-0.0937513341668818,-0.0937513341668818,55.36937765681751,-0.0018011783702149,0.0,0.0,722.2006882359997,35.43559578155282,-3.5157740960671617,-0.1562522236114318,-0.012446142537783,411.25161545235005,-439.7017173713107,0.0,-0.006142018242258,-0.1125749929508401,-0.1125749929508401,944.6306223431824,-0.0021628240721156,-1000.0,1000.0,277.7993117640003,-645.9477276518375,-4.221681190979552,-0.1876249882514002,-0.0149451143379337,588.74838454765,-180.8116688055186,-1000.0,-0.0073752300856995, Amensalism,Healthy
SRR13077755.bin.37.fbc2XSRR13077755.bin.21.fbc2 ,-0.0856465042692207,-0.0856465042692207,1.705278668576625,-0.001645465980232,1000.0,-981.4949250401116,96.38021343613444,-24.56471734253944,-3.2118344107250323,-0.1427441737820345,-0.0113701699231114,0.00371326822858,-105.43847074779706,981.4949250401116,-0.0056110389924697,-0.1550133070077208,-0.1550133070077208,998.2947213314231,-0.0029781615179445,-1000.0,999.7674651486808,903.6197865638655,1000.0,-5.813162811671418,-0.2583555116794969,-0.0205790960887952,999.9962867317712,-872.6832310123701,-999.7674651486808,-0.01015553077616, Amensalism,Healthy
SRR13077755.bin.32.fbc2XSRR13077755.bin.33.fbc2 ,-0.0857832591422038,-0.0857832591422038,242.61155373173915,-0.0016480933552429,-1000.0,999.87131687082,891.9365454264921,-59.998146399674056,-3.21696286296708,-0.1429720985703397,-0.0113883250850221,0.0,-500.1429885795039,-999.87131687082,-0.0056199983414444,-0.0431495760967663,-0.0431495760967663,757.3884462682609,-0.0008290024226198,440.1719750680968,0.1286831291801036,-739.3694349377597,-940.001853600326,-1.6181546987618276,-0.0719159601612773,-0.0057284067402179,1000.0,-364.8128962963504,-0.1286831291801036,-0.0028268982611052, Neutralism,Healthy
SRR13077755.bin.61.fbc2XSRR13077755.bin.35.fbc2 ,-0.1623343410018378,-0.1623343410018378,1000.0,-0.0031188153890298,-1000.0,999.7564828944204,0.0,542.5537929119864,-6.087709322413616,-0.2705572350030252,-0.0215510143385699,1000.0,-500.0,-999.7564828944204,-0.0106351604767951,0.0,0.0,0.0,0.0,1000.0,-1000.0,-1000.0,0.0,0.0,0.0,0.0,0.0,0.0,1000.0,0.0, Amensalism,Healthy
SRR13077755.bin.37.fbc2XSRR13077755.bin.26.fbc2 ,-0.1282017781758213,-0.1282017781758213,499.4236954455801,-0.0024630504932474,-1000.0,999.807685017484,-858.242326719225,-1000.0,-4.807702149368424,-0.2136696302929976,-0.0170196789085821,993.774812291743,-250.8099372089612,-999.807685017484,-0.0083990021821591,-0.0895019323218093,-0.0895019323218093,14.940976269882412,-0.0017195376046856,999.8657385038292,-1000.0,730.6962643010331,0.0,-3.3564170366352077,-0.1491698872030156,-0.0118820048480756,1.9061131665412177,-332.66984319796154,1000.0,-0.0058636232317894, Neutralism,Healthy
SRR13077755.bin.14.fbc2XSRR13077755.bin.3.fbc2 ,-0.005131259108225,-0.005131259108225,58.80565686610498,-9.85832681408283e-05,-1000.0,999.9923026184211,-1000.0,-435.9044728571919,-0.1924276386386054,-0.0085520985137463,-0.0006812103830498,1000.0,-38.71494472184418,-999.9923026184211,-0.0003361689445,-0.1924276134969886,-0.1924276134969886,941.194343133895,-0.0036969762439866,1000.0,-1000.0,829.097173620888,999.8664405715592,-7.21623883983068,-0.3207126891616099,-0.0255461058455921,-78.8623075359078,-961.2850552781558,1000.0,-0.0126066889918092, Amensalism,Healthy
SRR13077755.bin.14.fbc2XSRR13077755.bin.45.fbc2 ,-0.0872579166987179,-0.0872579166987179,1000.0,-0.0016764249126026,999.8691047428274,-1000.0,108.17186810393468,-1000.0,-3.2722640795719826,-0.1454298611645299,-0.0115840961458388,0.0,-0.1435774116362154,1000.0,-0.0057166089518432,-0.2257805073438703,-0.2257805073438703,0.0,-0.0043377619085731,-1000.0,999.6613075501746,891.8281318960653,612.790045422506,-8.467007602302033,-0.3763008455731551,-0.0299739347885861,1000.0,-999.8564225883638,-999.6613075501746,-0.0147917681084663, Amensalism,Healthy
SRR13077755.bin.13.fbc2XSRR13077755.bin.6.fbc2 ,-0.1380677426925558,-0.1380677426925558,8.023526354307023,-0.0026525983225837,-1000.0,999.7928851229694,-1000.0,-23.68089910632466,-5.177686243879748,-0.2301129044876688,-0.0183294544093541,584.7467194004498,-891.8859878744814,-999.7928851229696,-0.0090453602801972,-0.0211955912706116,-0.0211955912706116,977.955139921542,-0.0004072159706538,0.0,-0.0317954229857377,1000.0,-976.3191008936752,-0.7948570695244825,-0.0353259854509815,-0.002813862356902,13.638531583334952,0.0,0.0317954229857377,-0.0013886064598409, Neutralism,Healthy
SRR13077755.bin.28.fbc2XSRR13077755.bin.18.fbc2 ,-0.0483075160105954,-0.0483075160105954,23.33036194973852,-0.0009280982902737,-0.7160136931631769,1000.0,80.33806427192985,-973.6625602334866,-1.811582895804236,-0.0805125266844015,-0.0064131591860814,519.1548499335504,-375.8153919478983,-1000.0,-0.0031648151699528,-0.2083096617703859,-0.2083096617703859,976.6696380502616,-0.0040021068543865,1000.0,-1000.0,919.66193572807,1000.0,-7.811832432267693,-0.3471827696173477,-0.0276545583637926,480.8451500664496,-624.1846080521017,1000.0,-0.0136471843734398, Competition,Healthy
SRR13077755.bin.14.fbc2XSRR13077755.bin.19.fbc2 ,-0.0856304581667473,-0.0856304581667473,981.3488724749718,-0.0016451576976805,-1000.0,999.8715460869612,115.68347511952676,-1000.0,-3.211232664928275,-0.1427174302780258,-0.0113680396913196,1000.0,-329.1329113717088,-999.8715460869612,-0.005609987749267,-0.0661911506836077,-0.0661911506836077,18.651127525028077,-0.0012716839709128,1000.0,-1000.0,-140.94455060273867,1000.0,-2.482238093252704,-0.1103185844726795,-0.0087873362386972,-13.840347063241666,-375.378966592133,1000.0,-0.0043364423406728, Amensalism,Healthy
SRR13077755.bin.42.fbc2XSRR13077755.bin.61.fbc2 ,-0.0852548124662462,-0.0852548124662462,0.0792435701655449,-0.0016379406813484,1000.0,-1000.0,-400.42687518656055,-1000.0,-3.197145554222743,-0.1420913541104482,-0.0113181701084386,5.648962580786474,0.3430891974012411,1000.0,-0.0055853777234915,-0.1623214770490904,-0.1623214770490904,999.9207564298345,-0.0031185682430532,-1000.0,999.7565021915852,-599.5731248134394,480.3074417388066,-6.08722691059279,-0.2705357950817415,-0.0215493065592227,402.9027589621044,-409.5708347609215,-999.7565021915852,-0.01063431770865, Neutralism,Healthy
SRR13077755.bin.32.fbc2XSRR13077755.bin.19.fbc2 ,-0.0902854143106424,-0.0902854143106424,0.0,-0.0017345900923828,-1000.0,999.8645632055836,-883.739116401196,-535.5579303828507,-3.3857984391048603,-0.1504756905177373,-0.0119860175386747,475.73073857389136,-83.08840487580733,-999.8645632055836,-0.005914952215221,-0.1506984242242879,-0.1506984242242879,1000.0,-0.0028952627131957,1000.0,-1000.0,855.6994256339676,327.72767731799763,-5.651350147861081,-0.2511640403738511,-0.0200062653484565,-34.04514055829418,-460.2136653215276,1000.0,-0.0098728458522145, Neutralism,Healthy
SRR13077755.bin.43.fbc2XSRR13077755.bin.6.fbc2 ,-0.0873618327716485,-0.0873618327716485,350.33806931256004,-0.0016784213788696,1000.0,-1000.0,786.035715397069,-35.02417279254098,-3.2761610421143814,-0.1456030546195279,-0.0115978917282291,-6.278269441482507,-500.1783826241494,1000.0,-0.0057234169020148,-0.0210171718092624,-0.0210171718092624,649.66193068744,-0.0004037881230942,-1000.0,999.9684722233455,0.0,-964.975827207459,-0.7881661511947868,-0.0350286196821798,-0.0027901759308406,307.82686521657524,0.0,-999.9684722233454,-0.0013769174998969, Neutralism,Healthy
SRR13077755.bin.37.fbc2XSRR13077755.bin.42.fbc2 ,-0.1282017781758213,-0.1282017781758213,502.8152174528213,-0.0024630504932474,-1000.0,999.807685017484,-848.0674774466954,-1000.0,-4.807702149368424,-0.2136696302929976,-0.0170196789085821,983.6008127716332,-100.98206995573514,-999.807685017484,-0.0083990021821591,-0.0854949644156022,-0.0854949644156022,2.8963394367629007,-0.0016425545517222,1000.0,-1000.0,120.82282075150717,0.0,-3.206151506084666,-0.1424916073592612,-0.0113500519521494,5.023322747057705,-499.2934091680615,1000.0,-0.0056011110212921, Neutralism,Healthy
SRR13077755.bin.19.fbc2XSRR13077755.bin.27.fbc2 ,-0.0693530835036426,-0.0693530835036426,55.36937765681705,-0.0013324319596677,-1000.0,1000.0,-64.08042024346435,1000.0,-2.600813915144954,-0.1155884725061469,-0.009207104841721,-14.501496585021757,-420.8806216819348,-1000.0,-0.0045435929827135,-0.1125749929508401,-0.1125749929508401,944.630622343183,-0.0021628240721156,0.0,0.0,1000.0,-645.9477276518384,-4.221681190979552,-0.1876249882514002,-0.0149451143379337,593.529415300146,-0.0422183258866653,0.0,-0.0073752300856995, Amensalism,Healthy
SRR13077755.bin.20.fbc2XSRR13077755.bin.45.fbc2 ,-0.0868285103390462,-0.0868285103390462,582.714461844972,-0.0016681750305451,999.8697488936164,-1000.0,164.3863679157746,-585.4716215354306,-3.256160887341025,-0.1447141838983725,-0.0115270894609693,1.0424092130771214,-292.0983760659245,1000.0,-0.0056884768540612,-0.2464276375438885,-0.2464276375438885,417.285538155028,-0.0047344406829097,-1000.0,999.6303348714808,835.6136320842254,209.54084377774552,-9.24129680213457,-0.41071272923989,-0.0327149851186732,998.957590786923,-707.9016239340755,-999.6303348714808,-0.0161444427286596, Neutralism,Healthy
SRR13077755.bin.37.fbc2XSRR13077755.bin.13.fbc2 ,-0.1282017781758213,-0.1282017781758213,502.8152174528211,-0.0024630504932474,-1000.0,999.807685017484,-848.0674774466947,-1000.0,-4.807702149368424,-0.2136696302929976,-0.0170196789085821,983.6008127716328,-100.98206995573526,-999.807685017484,-0.0083990021821591,-0.1373449754688636,-0.1373449754688636,7.981524205545611,-0.0026387123049289,999.7939693432352,-1000.0,-151.93252255330526,0.0,-5.150581709258404,-0.2289082924480681,-0.0182335020266464,16.399187228367282,-888.8224645188849,1000.0,-0.0089980089596792, Neutralism,Healthy
SRR13077755.bin.37.fbc2XSRR13077755.bin.14.fbc2 ,-0.0855024194720499,-0.0855024194720499,0.0200901938547986,-0.0016426977804258,0.1308926274615487,17.248973091960238,104.7504336598936,-24.5233916358352,-3.206431078580408,-0.1425040324534165,-0.0113510416628059,1.704430363032202,-106.10501361164016,-17.248973091960238,-0.0056015994313156,-0.0872561636703039,-0.0872561636703039,999.9799098061452,-0.0016763912328769,999.8691073725386,-1000.0,162.01616573896558,-975.4766083641648,-3.272198339152282,-0.1454269394504308,-0.0115838634189913,-33.84868593912654,-487.9595915971573,1000.0,-0.0057164941040355, Amensalism,Healthy
SRR13077755.bin.32.fbc2XSRR13077755.bin.61.fbc2 ,-0.0902854143106424,-0.0902854143106424,0.0,-0.0017345900923828,999.8645632055836,-1000.0,-138.73153910453118,-868.1237035172842,-3.3857984391048603,-0.1504756905177373,-0.0119860175386747,863.5773255391409,-0.150493036418652,1000.0,-0.005914952215221,-0.1623343410018378,-0.1623343410018378,1000.0,-0.0031188153890298,-1000.0,999.7564828944204,-861.2684608954688,766.6456685157057,-6.087709322413616,-0.2705572350030252,-0.0215510143385699,136.42267446085907,-500.0,-999.7564828944204,-0.0106351604767951, Neutralism,Healthy
SRR13077755.bin.23.fbc2XSRR13077755.bin.33.fbc2 ,-0.1776654433066369,-0.1776654433066369,1000.0,-0.0034133610625985,1000.0,-1000.0,979.9784186833472,-8.34310777718349,-6.662641858859047,-0.2961090721778419,-0.0235863249423573,998.6190565149165,-891.3929609053763,1000.0,-0.0116395612233191,0.0,0.0,0.0,0.0,-565.5718436215052,1000.0,20.02158131665294,-434.4281563784948,0.0,0.0,0.0,0.0,-108.6070390946237,-1000.0,0.0, Amensalism,Healthy
SRR13077755.bin.31.fbc2XSRR13077755.bin.41.fbc2 ,-0.1868066492958178,-0.1868066492958178,963.6224467140962,-0.0035889846166128,1000.0,-1000.0,-800.2489239974919,-41.93710579614788,-7.005446742748177,-0.3113444154930675,-0.0247998837008935,44.26868965234439,-529.3611242502271,1000.0,-0.0122384375426918,-0.0593680951615169,-0.0593680951615169,36.37755328590379,-0.0011405974094031,-1000.0,1000.0,17.403258074565315,1000.0,-2.2263663014160784,-0.0989468252693086,-0.007881528099233,23.557557507129104,-441.9872364387506,-1000.0,-0.0038894371662081, Amensalism,Healthy
SRR13077755.bin.23.fbc2XSRR13077755.bin.14.fbc2 ,-0.1776654433066369,-0.1776654433066369,1000.0,-0.0034133610625985,-1000.0,1000.0,1000.0,648.3023734089352,-6.662641858859047,-0.2961090721778419,-0.0235863249423573,977.7075095684186,-1000.0,-1000.0,-0.0116395612233191,0.0,0.0,0.0,0.0,1000.0,-1000.0,-1000.0,-14.861660287720952,0.0,0.0,0.0,22.29249043158154,0.0,1000.0,0.0, Amensalism,Healthy
SRR13077755.bin.31.fbc2XSRR13077755.bin.26.fbc2 ,-0.1881192349753746,-0.1881192349753746,986.7780970596096,-0.0036142024010814,1000.0,-1000.0,-789.9114863930658,-46.75245485158428,-7.054670092708534,-0.3135320582922531,-0.0249741385913466,41.081837580894216,-515.1580522313867,1000.0,-0.0123244301876184,-0.0895019323218093,-0.0895019323218093,13.22190294039035,-0.0017195376046856,-1000.0,999.8657385038292,1000.0,-249.96953122659409,-3.3564170366352077,-0.1491698872030156,-0.0118820048480756,-6.587411000387647,-389.1088956053648,-999.8657385038292,-0.0058636232317894, Neutralism,Healthy
SRR13077755.bin.32.fbc2XSRR13077755.bin.3.fbc2 ,-0.0902854143106424,-0.0902854143106424,0.0,-0.0017345900923828,-1000.0,999.8645632055836,158.4580979353218,-152.62187039166224,-3.3857984391048603,-0.1504756905177373,-0.0119860175386747,1000.0,-0.150493036418652,-999.8645632055836,-0.005914952215221,-0.1959121838287956,-0.1959121838287956,1000.0,-0.0037639228401076,1000.0,-1000.0,841.5419020646782,983.5981584638556,-7.346913909336081,-0.326520306381326,-0.0260087068253369,-38.2948096619856,-999.8495069635812,1000.0,-0.0128349768848465, Neutralism,Healthy
SRR13077755.bin.61.fbc2XSRR13077755.bin.8.fbc2 ,-0.0308172988386559,-0.0308172988386559,189.83844483230743,-0.0005920710632381,-1000.0,999.9537710913868,-1000.0,396.84620670418553,-1.1556812703581727,-0.051362164731131,-0.0040912110465569,987.5815091595034,-294.3926534080124,-999.9537710913868,-0.0020189623254509,-0.1534409906156497,-0.1534409906156497,810.1615551676925,-0.0029479537101906,1000.0,-1000.0,811.1667500615476,-40.54709867521626,-5.754199285542427,-0.255734984359492,-0.0203703601374627,12.418490840496588,-0.3675656083557896,1000.0,-0.0100525221517955, Amensalism,Healthy
SRR13077755.bin.49.fbc2XSRR13077755.bin.33.fbc2 ,-0.0251350441765225,-0.0251350441765225,293.842605387287,-0.0004829019054568,1000.0,-1000.0,237.42444649057077,-569.7488335921554,-0.9425907162251406,-0.0418917402942042,-0.0033368521663987,135.56255409538744,-0.0513228145068751,1000.0,-0.0016466954974703,-0.0373938877478394,-0.0373938877478394,655.617265582752,-0.0007184224351703,-1000.0,999.943905576266,-821.9185130082902,-430.2511664078446,-1.402310303777767,-0.0623231462463991,-0.0049642990267102,864.4374459046126,-226.26431221258008,-999.943905576266,-0.0024498205037843, Competition,Healthy
SRR13077755.bin.14.fbc2XSRR13077755.bin.41.fbc2 ,-0.0872579166987179,-0.0872579166987179,1000.0,-0.0016764249126026,-1000.0,999.8691047428274,266.3818535549947,-53.092712265737305,-3.2722640795719826,-0.1454298611645299,-0.0115840961458388,202.61595652809524,-542.7044229642731,-999.8691047428274,-0.0057166089518432,-0.0564433913795028,-0.0564433913795028,0.0,-0.0010844071350675,1000.0,-1000.0,33.93495154635457,1000.0,-2.11668681912181,-0.0940723189658001,-0.0074932533032097,-6.532392673052868,-436.9465047161775,1000.0,-0.0036978283304733, Amensalism,Healthy
SRR13077755.bin.54.fbc2XSRR13077755.bin.14.fbc2 ,-0.0916692053527867,-0.0916692053527867,2.444441695705564,-0.0017611758953535,-1000.0,1000.0,109.29222409082377,-70.30756829471773,-3.437692065404235,-0.1527820089213492,-0.01216972543682,68.29408634060383,-249.33358865295972,-1000.0,-0.0060056098030827,-0.0870446198088075,-0.0870446198088075,997.5555583042944,-0.0016723269895919,999.869424708652,-1000.0,-1000.0,-50.65981821932496,-3.264265220816469,-0.1450743663481262,-0.0115557794981668,444.8319972693157,-370.87950184228725,1000.0,-0.005702635034595, Neutralism,Healthy
SRR13077755.bin.49.fbc2XSRR13077755.bin.51.fbc2 ,-0.0441160081330735,-0.0441160081330735,515.7351248766545,-0.0008475698008396,1000.0,-1000.0,0.0,-1000.0,-1.654396921328157,-0.0735266802217893,-0.0058567073236872,997.0628329696532,-0.0900797184318662,1000.0,-0.0028902130208052,-0.0204333060580665,-0.0204333060580665,484.2648751233455,-0.0003925707216012,-1000.0,999.9693480780592,1000.0,0.0,-0.7662705685662559,-0.0340555100967776,-0.0027126636861112,2.9371670303468136,-423.4889533296889,-999.9693480780592,-0.0013386661605636, Neutralism,Healthy
SRR13077755.bin.20.fbc2XSRR13077755.bin.51.fbc2 ,-0.0868289781914199,-0.0868289781914199,431.9321827004797,-0.0016681840190813,712.2704654781996,0.0306519219407164,585.0754248551912,-575.9434475081644,-3.256178432299066,-0.1447149636524045,-0.0115271515716131,1.7123158272712544,-1000.0,-0.0306519219407164,-0.0056885075049422,-0.0204333060580665,-0.0204333060580665,568.0678172995204,-0.0003925707216012,-1000.0,999.9693480780592,414.9245751448088,-424.0565524918357,-0.7662705685662559,-0.0340555100967776,-0.0027126636861112,998.2876841727287,0.0,-999.9693480780592,-0.0013386661605636, Neutralism,Healthy
SRR13077755.bin.32.fbc2XSRR13077755.bin.45.fbc2 ,-0.0902854143106424,-0.0902854143106424,-321.0013286728829,-0.0017345900923828,999.8645632055836,-1000.0,0.0,-73.97702375840322,-3.3857984391048603,-0.1504756905177373,-0.0119860175386747,0.0,-0.150493036418652,1000.0,-0.005914952215221,-0.2444793573979495,-0.2444793573979495,1000.0,-0.0046970097482699,-1000.0,999.6332574788544,1000.0,316.5594951939604,-9.16823423796086,-0.4074655956633251,-0.0324563373605997,1000.0,-999.8495069635812,-999.6332574788544,-0.0160168032416549, Amensalism,Healthy
SRR13077755.bin.54.fbc2XSRR13077755.bin.35.fbc2 ,-0.0916690616664936,-0.0916690616664936,62.394225691356496,-0.0017611731348097,-1000.0,1000.0,-161.0888655801068,-52.0630605183004,-3.437686677014085,-0.1527817694441182,-0.0121697063615329,55.19004131306065,-398.8214370275756,-1000.0,-0.0060056003896988,-0.0781975828224403,-0.0781975828224403,937.6057743086436,-0.0015023550975001,999.8826961139908,-1000.0,-838.9111344198932,-947.9369394816996,-2.932491985373076,-0.1303293047041052,-0.0103812737233965,-1.6237904599811372,-0.1303443282550915,1000.0,-0.0051230308823733, Neutralism,Healthy
SRR13077755.bin.54.fbc2XSRR13077755.bin.21.fbc2 ,-0.0916692053527867,-0.0916692053527867,2.44444169570545,-0.0017611758953535,1000.0,-1000.0,108.83139480604746,-69.84673900994142,-3.437692065404235,-0.1527820089213492,-0.01216972543682,67.83325705582683,-117.87488215458416,1000.0,-0.0060056098030827,-0.154452097848889,-0.154452097848889,997.5555583042948,-0.0029673794015252,-1000.0,999.7683070163298,-261.113688587276,1000.0,-5.79211687519944,-0.2574201630814059,-0.0205045916644621,932.1667429441732,-501.7537427370503,-999.7683070163296,-0.0101187637591237, Neutralism,Healthy
SRR13077755.bin.34.fbc2XSRR13077755.bin.21.fbc2 ,-0.0877240848263909,-0.0877240848263909,3.05077288570385,-0.0016853810725478,1000.0,-1000.0,-1000.0,0.0,-3.2897458769497234,-0.1462068080439849,-0.0116459832113378,2.3299662996254256,-289.4842872050441,1000.0,-0.0057471494574201,-0.1548867718272504,-0.1548867718272504,996.9492271142964,-0.0029757304865825,-1000.0,999.7676549636068,1000.0,1000.0,-5.808417608696686,-0.2581446197119703,-0.0205622976623089,997.6700337003743,-710.5157127949559,-999.7676549636068,-0.010147240959327, Neutralism,Healthy
SRR13077755.bin.51.fbc2XSRR13077755.bin.41.fbc2 ,-0.0203446744320672,-0.0203446744320672,6.322980192350656,-0.0003908679045707,-1000.0,999.9694810340123,554.049221572031,-1000.0,-0.7629467889358921,-0.0339077907200362,-0.0027008972205067,58.28734378981835,-224.5842915649689,-999.9694810340123,-0.001332859554509,-0.1162630657934187,-0.1162630657934187,993.6770198076492,-0.0022336804187261,1000.0,-1000.0,-357.5199673654362,422.51459844175406,-4.359987819675325,-0.1937717763223645,-0.0154347316931762,941.7126562101816,-500.28099699667257,1000.0,-0.0076168502278051, Neutralism,Healthy
SRR13077755.bin.54.fbc2XSRR13077755.bin.45.fbc2 ,-0.0915481911150664,-0.0915481911150664,53.39232283009778,-0.0017588509340384,1000.0,-1000.0,54.85988209784364,-57.270965395770645,-3.433153903617836,-0.1525803185252243,-0.0121536599540377,46.46980904450038,-98.8229910257694,1000.0,-0.0059976816850166,-0.2664967168998373,-0.2664967168998373,946.6076771699022,-0.0051200137733076,-1000.0,999.6002293245812,945.1401179021564,62.70200735353342,-9.993908484502867,-0.4441611948331001,-0.0353792951734703,953.5301909554996,-901.1770089742306,-999.6002293245812,-0.0174592469669505, Neutralism,Healthy
SRR13077755.bin.14.fbc2XSRR13077755.bin.61.fbc2 ,0.0,0.0,0.0,0.0,1000.0,-1000.0,0.0,-74.09946700692649,0.0,0.0,0.0,74.09946700692672,-500.0,1000.0,0.0,-0.1623343410018378,-0.1623343410018378,1000.0,-0.0031188153890298,-1000.0,999.7564828944204,-1000.0,759.3020978982008,-6.087709322413616,-0.2705572350030252,-0.0215510143385699,925.9005329930732,-500.0,-999.7564828944204,-0.0106351604767951, Amensalism,Healthy
SRR13077755.bin.19.fbc2XSRR13077755.bin.61.fbc2 ,-0.0661911506836077,-0.0661911506836077,18.651127525028187,-0.0012716839709128,1000.0,-1000.0,-31.026717010496892,560.3286656310338,-2.482238093252704,-0.1103185844726795,-0.0087873362386972,-13.840347063241666,-430.33788338825366,1000.0,-0.0043364423406728,-0.1593066225060511,-0.1593066225060511,981.3488724749718,-0.0030606459655473,-1000.0,999.7610247630108,-968.9732829895032,439.6713343689662,-5.97416667950597,-0.265511037510123,-0.0211490636218059,397.6559785488007,-143.14446703501858,-999.761024763011,-0.010436802742447, Amensalism,Healthy
SRR13077755.bin.32.fbc2XSRR13077755.bin.21.fbc2 ,-0.0902854143106424,-0.0902854143106424,0.0,-0.0017345900923828,999.8645632055836,-1000.0,661.3345685233733,-68.99583174531551,-3.3857984391048603,-0.1504756905177373,-0.0119860175386747,0.0,-500.1504930364187,1000.0,-0.005914952215221,-0.1551519225325819,-0.1551519225325819,1000.0,-0.0029808246404172,-1000.0,999.7672572120778,-91.62937826386178,1000.0,-5.818361040327886,-0.258586537554379,-0.0205974982651468,1000.0,-499.8495069635813,-999.767257212078,-0.0101646120238001, Neutralism,Healthy
SRR13077755.bin.28.fbc2XSRR13077755.bin.19.fbc2 ,-0.0650094824508187,-0.0650094824508187,0.0,-0.0012489814112086,-0.6018685741869376,1000.0,315.5369134414891,-724.7387843806254,-2.4379242858835823,-0.1083491374180312,-0.0086304615510925,1000.0,-624.1372008542182,-1000.0,-0.0042590266120896,-0.1506984242242879,-0.1506984242242879,1000.0,-0.0028952627131957,1000.0,-1000.0,684.4630865585109,1000.0,-5.651350147861081,-0.2511640403738511,-0.0200062653484565,-31.510533834329635,-375.86279914578176,1000.0,-0.0098728458522145, Amensalism,Healthy
SRR13077755.bin.41.fbc2XSRR13077755.bin.3.fbc2 ,-0.0530457950312666,-0.0530457950312666,162.1137958270872,-0.0010191315087695,-1000.0,1000.0,158.08453891309887,322.54537285146444,-1.989273365906456,-0.0884096583854443,-0.0070421987255713,68.76152467814063,-350.1831053021508,-1000.0,-0.0034752384449348,-0.1674045321844914,-0.1674045321844914,837.8862041729128,-0.0032162254021841,1000.0,-1000.0,643.5618549844937,677.4546271485356,-6.277846849314301,-0.2790075536407812,-0.0222241175291628,-69.79019365473187,-649.8168946978492,1000.0,-0.0109673286215183, Competition,Healthy
SRR13077755.bin.37.fbc2XSRR13077755.bin.45.fbc2 ,-0.0861095563475373,-0.0861095563475373,18.704308099430136,-0.0016543622737117,999.8708273936672,-1000.0,78.88763085054325,-26.97551838311358,-3.229199352959085,-0.1435159272459714,-0.0114316433114254,0.0,-100.44818824666254,1000.0,-0.0056413753534343,-0.2691914469530729,-0.2691914469530729,981.29569190057,-0.0051717857243147,-1000.0,999.5961869706418,921.1123691494568,42.42402499239529,-10.094963708953172,-0.4486524115883412,-0.0357370393553537,1000.0,-899.5518117533375,-999.5961869706418,-0.0176357893200247, Amensalism,Healthy
SRR13077755.bin.45.fbc2XSRR13077755.bin.3.fbc2 ,-0.1822586901934073,-0.1822586901934073,42.36367850491479,-0.0035016078807075,-1000.0,999.7265944566705,170.77127167865365,75.59155805873206,-6.834893470686666,-0.3037644836557547,-0.0241961104560459,1000.0,-89.54411603940775,-999.7265944566705,-0.0119404828733422,-0.1925258589053555,-0.1925258589053555,957.6363214950852,-0.003698863763816,1000.0,-1000.0,829.2287283213464,924.408441941268,-7.219923146459109,-0.3208764315089638,-0.0255591486078401,-62.43056925305302,-910.4558839605922,1000.0,-0.0126131254345409, Amensalism,Healthy
SRR13077755.bin.19.fbc2XSRR13077755.bin.35.fbc2 ,-0.1506984242242879,-0.1506984242242879,1000.0,-0.0028952627131957,-1000.0,1000.0,1000.0,367.1459794768885,-5.651350147861081,-0.2511640403738511,-0.0200062653484565,-31.510533834329635,-504.85843463030335,-1000.0,-0.0098728458522145,0.0,0.0,0.0,0.0,1000.0,-1000.0,-500.0,0.0,0.0,0.0,0.0,0.0,0.0,1000.0,0.0, Amensalism,Healthy
SRR13077755.bin.45.fbc2XSRR13077755.bin.41.fbc2 ,-0.2318870620347297,-0.2318870620347297,174.87303463079525,-0.0044550828440605,-1000.0,999.6521471315336,637.2393578195129,241.91105578800037,-8.696009855857938,-0.3864784367244738,-0.0307846224526429,1000.0,-499.7750133965228,-999.6521471315338,-0.0151918324983171,-0.0930886543003453,-0.0930886543003453,825.1269653692048,-0.0017884467685007,1000.0,-1000.0,362.7606421804872,687.9373015812125,-3.490922900837063,-0.1551477571673558,-0.012358167170305,0.0,-500.2249866034772,1000.0,-0.0060986034806091, Competition,Healthy
SRR13077755.bin.45.fbc2XSRR13077755.bin.21.fbc2 ,-0.2187443063330647,-0.2187443063330647,0.0,-0.0042025803329579,-1000.0,999.6718625275988,693.7076222782666,53.2465087818025,-8.20314262940974,-0.3645738438884791,-0.0290398301010554,717.681740773081,-939.6158239056078,-999.6718625275988,-0.0143307989355889,-0.1469262868508849,-0.1469262868508849,1000.0,-0.0028227912939655,0.0,-0.2204035442327949,306.2923777217334,946.7534912181976,-5.509891010429215,-0.2448771447515128,-0.0195054878413429,282.31825922691905,-60.38417609439216,0.2204035442327949,-0.0096257183124635, Amensalism,Healthy
SRR13077755.bin.31.fbc2XSRR13077755.bin.28.fbc2 ,-0.1866699987929223,-0.1866699987929223,963.6490571745462,-0.0035863592466967,1000.0,-1000.0,-860.450117374066,0.0,-7.000322204492022,-0.3111166646548327,-0.0247817423950209,36.45866809132804,-500.0700057324964,1000.0,-0.0122294850314119,-0.0605200501829585,-0.0605200501829585,36.350942825453785,-0.0011627291100921,-0.6897101020704213,1000.0,388.7812969193087,-1000.0,-2.2695658319636323,-0.1008667503050446,-0.0080344581510871,963.541331908672,-499.9299942675036,-1000.0,-0.0039649062655371, Amensalism,Healthy
SRR13077755.bin.32.fbc2XSRR13077755.bin.43.fbc2 ,-0.0902854143106424,-0.0902854143106424,380.7536980919963,-0.0017345900923828,-1000.0,999.8645632055836,713.9642846029308,-67.83507151980928,-3.3857984391048603,-0.1504756905177373,-0.0119860175386747,3.364130517866897,-8.458086787370576,-999.8645632055836,-0.005914952215221,-0.0873618327716485,-0.0873618327716485,350.33806931256004,-0.0016784213788696,1000.0,-1000.0,286.0357153970692,-35.024172792541094,-3.2761610421143814,-0.1456030546195279,-0.0115978917282291,-6.278269441482507,-500.1783826241494,1000.0,-0.0057234169020148, Neutralism,Healthy
SRR13077755.bin.23.fbc2XSRR13077755.bin.6.fbc2 ,-0.1776654433066369,-0.1776654433066369,1000.0,-0.0034133610625985,1000.0,-1000.0,1000.0,498.29655362832295,-6.662641858859047,-0.2961090721778419,-0.0235863249423573,977.707509568418,-880.4922046172053,1000.0,-0.0116395612233191,-0.0004805792744946,-0.0004805792744946,0.0,-9.233031164512797e-06,-1000.0,999.9992790849232,0.0,-22.44312638168685,-0.0180222306090627,-0.0008009654574152,-6.380024569807574e-05,22.29249043158177,0.0,-999.9992790849232,-3.14846364517507e-05, Amensalism,Healthy
SRR13077755.bin.37.fbc2XSRR13077755.bin.61.fbc2 ,-0.0855024194720499,-0.0855024194720499,0.0200901938547986,-0.0016426977804258,1000.0,-982.68281141439,98.73253765031929,-24.52339163583531,-3.206431078580408,-0.1425040324534165,-0.0113510416628059,1.7040525425427404,-105.3083647359199,982.68281141439,-0.0056015994313156,-0.1623310796734358,-0.1623310796734358,999.9799098061452,-0.0031187527314386,-1000.0,999.7564877867262,-1000.0,360.2483471527425,-6.087587019153261,-0.2705517994556885,-0.0215505813745267,998.2959474574571,-167.0574356766342,-999.7564877867262,-0.0106349468143207, Amensalism,Healthy
SRR13077755.bin.32.fbc2XSRR13077755.bin.51.fbc2 ,-0.0902854143106424,-0.0902854143106424,-310.67132429547576,-0.0017345900923828,999.8645632055836,-1000.0,0.0,-62.63231886872302,-3.3857984391048603,-0.1504756905177373,-0.0119860175386747,13.691258366703892,-0.150493036418652,1000.0,-0.005914952215221,-0.0204333060580665,-0.0204333060580665,1000.0,-0.0003925707216012,-1000.0,999.9693480780592,-1000.0,-937.367681131277,-0.7662705685662559,-0.0340555100967776,-0.0027126636861112,986.308741633296,-36.336128703040345,-999.9693480780592,-0.0013386661605636, Neutralism,Healthy
SRR13077755.bin.31.fbc2XSRR13077755.bin.23.fbc2 ,-0.1868066492958178,-0.1868066492958178,963.6224467140964,-0.0035889846166128,-1000.0,1000.0,-1000.0,-43.29467511723726,-7.005446742748177,-0.3113444154930675,-0.0247998837008935,41.137121125101885,-524.871986401895,-1000.0,-0.0122384375426918,-0.0920642387187626,-0.0920642387187626,36.37755328590356,-0.001768765393308,1000.0,-1000.0,125.925577831777,79.82650680045685,-3.4525062340522936,-0.1534403978646423,-0.0122221688674244,958.862878874898,-475.128013598105,1000.0,-0.0060314899909599, Amensalism,Healthy
SRR13077755.bin.31.fbc2XSRR13077755.bin.42.fbc2 ,-0.1883353788576869,-0.1883353788576869,997.1036605632372,-0.0036183550213308,-1000.0,1000.0,-1000.0,-42.28029750590986,-7.0627757166877245,-0.3138922980961069,-0.0250028331970497,20.58926326916924,-509.416981532398,-1000.0,-0.0123385906225621,-0.0854949644156022,-0.0854949644156022,2.8963394367629007,-0.0016425545517222,1000.0,-1000.0,0.0,-747.7731162481123,-3.206151506084666,-0.1424916073592612,-0.0113500519521494,3.692387074694921,-123.89892847614352,1000.0,-0.0056011110212921, Neutralism,Healthy
SRR13077755.bin.49.fbc2XSRR13077755.bin.61.fbc2 ,0.0,0.0,0.0,0.0,1000.0,-1000.0,0.0,0.0,0.0,0.0,0.0,0.0,0.0,1000.0,0.0,-0.1623343410018378,-0.1623343410018378,1000.0,-0.0031188153890298,-1000.0,999.7564828944204,-1000.0,618.0953793627227,-6.087709322413616,-0.2705572350030252,-0.0215510143385699,1000.0,-108.2287807652425,-999.7564828944204,-0.0106351604767951, Amensalism,Healthy
SRR13077755.bin.54.fbc2XSRR13077755.bin.18.fbc2 ,-0.0918616928939854,-0.0918616928939854,11.310595214118166,-0.0017648740229105,-1000.0,1000.0,-12.05778992920989,-86.79185106364628,-3.4449105515958536,-0.1531028214899379,-0.0121952794985418,76.37491745978332,-398.8189604228412,-1000.0,-0.006018220418241,-0.2553180317212309,-0.2553180317212309,988.6894047858818,-0.0049052455661922,0.0,0.0,1000.0,1000.0,-9.574695978050272,-0.4255300528686803,-0.0338952468624711,923.6250825402168,-576.1376694225205,0.0,-0.0167268873807415, Neutralism,Healthy
SRR13077755.bin.26.fbc2XSRR13077755.bin.33.fbc2 ,-0.0895019323218093,-0.0895019323218093,15.33739846925664,-0.0017195376046856,-1000.0,999.8657385038292,1000.0,-22.912362843160736,-3.3564170366352077,-0.1491698872030156,-0.0118820048480756,-9.043971081344012,-500.0,-999.8657385038292,-0.0058636232317894,-0.0433252987517107,-0.0433252987517107,761.4909424769285,-0.0008323784581989,475.217193389148,0.1342614961706658,-715.3117640587303,-977.0876371568392,-1.6247444840042815,-0.0722088312528512,-0.0057517351465321,1000.0,-375.7604978414768,-0.1342614961706658,-0.0028384105426084, Neutralism,Healthy
SRR13077755.bin.28.fbc2XSRR13077755.bin.26.fbc2 ,-0.0859820210994257,-0.0859820210994257,981.9994676655484,-0.0016519120288194,0.1342614961706658,999.6258313198856,125.5364988835804,-797.2964019279407,-3.22441664639166,-0.1433033684991187,-0.0114147121190626,49.33534513788664,-694.4812218856583,-999.6258313198856,-0.0056330200181946,-0.0895019323218093,-0.0895019323218093,18.000532334451577,-0.0017195376046856,999.8657385038292,-1000.0,392.3962862283099,269.79896388194925,-3.3564170366352077,-0.1491698872030156,-0.0118820048480756,7.055216937523255,-305.51877811434167,1000.0,-0.0058636232317894, Neutralism,Healthy
SRR13077755.bin.23.fbc2XSRR13077755.bin.54.fbc2 ,-0.1757472943133962,-0.1757472943133962,978.4071797240688,-0.0033765090165616,-1000.0,1000.0,1000.0,52.56207307316345,-6.590709244748496,-0.2929121571889936,-0.0233316773046681,956.3553681621836,-860.1896395149114,-1000.0,-0.0115138957465887,-0.0913010364808997,-0.0913010364808997,21.592820275931217,-0.0017541025260925,0.0,0.0,-13.308566475144405,-54.416628073364905,-3.423885343673078,-0.1521683941348328,-0.0121208484549697,43.644631837816405,-139.8103604850886,0.0,-0.0059814896138732, Neutralism,Healthy
SRR13077755.bin.49.fbc2XSRR13077755.bin.45.fbc2 ,-0.0297650735386696,-0.0297650735386696,347.9700733086888,-0.0005718553993574,1000.0,-1000.0,0.0,-674.7003505585111,-1.1162217097451048,-0.049608455897669,-0.0039515208097782,160.53393686875938,-0.0607767918479567,1000.0,-0.0019500269119134,-0.2514201731125922,-0.2514201731125922,652.0299266913112,-0.0048303587533382,-1000.0,999.6228455885372,1000.0,227.5255600401933,-9.42852216145434,-0.4190336218543962,-0.0333777789857094,839.4660631312406,-999.939223208152,-999.6228455885372,-0.0164715233489687, Amensalism,Healthy
SRR13077755.bin.23.fbc2XSRR13077755.bin.28.fbc2 ,-0.1475894341174353,-0.1475894341174353,661.4309611432534,-0.002835531875462,1000.0,-1000.0,982.7217988177864,-105.50555216514611,-5.534759733658802,-0.2459823901957634,-0.0195935252594381,958.9317445590888,-395.5051347197504,1000.0,-0.009669163695321,-0.0718932804163614,-0.0718932804163614,338.5690388567466,-0.0013812349743602,-0.6124010496012033,1000.0,17.278201182213706,-157.64528671444566,-2.696073983535712,-0.1198221340272311,-0.0095443336729204,41.068255440911344,-604.4948652802497,-1000.0,-0.0047100112626594, Competition,Healthy
SRR13077755.bin.14.fbc2XSRR13077755.bin.13.fbc2 ,-0.0866745765410996,-0.0866745765410996,993.314759512578,-0.0016652176088882,-1000.0,999.8699798091002,0.0,-52.73777471611106,-3.2503882072617216,-0.1444576275686131,-0.0115066536772019,357.1001799395815,-285.0605151852742,-999.8699798091002,-0.0056783920462066,-0.1150387027719261,-0.1150387027719261,6.6852404874221065,-0.0022101575940496,1000.0,-786.7177107468061,-1000.0,-947.2622252838888,-4.314072912613142,-0.1917311712865057,-0.0152721889751319,642.8998200604185,-714.9394848147258,786.717710746806,-0.0075366373957876, Amensalism,Healthy
SRR13077755.bin.28.fbc2XSRR13077755.bin.45.fbc2 ,-0.0870192211541507,-0.0870192211541507,246.15268880720717,-0.0016718390231744,-0.5366885293693713,1000.0,164.48414159249614,-15.698724126580714,-3.2633127444267984,-0.1450320352569178,-0.0115524076499013,0.0,-829.4226395006222,-1000.0,-0.0057009710689044,-0.2278009898058144,-0.2278009898058144,753.8473111927929,-0.004376580015446,-0.3417233676086653,0.0,835.5158584075039,361.4879016463988,-8.542777829616853,-0.3796683163429861,-0.0302421679069766,1000.0,-170.57736049937785,0.0,-0.0149241378527449, Amensalism,Healthy
SRR13077755.bin.34.fbc2XSRR13077755.bin.51.fbc2 ,-0.0885074529098801,-0.0885074529098801,49.90227890140363,-0.0017004313720008,1000.0,-1000.0,732.0391499421514,0.0,-3.3191230078479066,-0.1475124215165806,-0.0117499807801095,52.38321441352332,-360.05699961210235,1000.0,-0.005798470978334,-0.0204333060580665,-0.0204333060580665,950.0977210985964,-0.0003925707216012,-1000.0,999.9693480780592,267.9608500578486,-1000.0,-0.7662705685662559,-0.0340555100967776,-0.0027126636861112,376.6507155428978,-258.43705430869454,-999.9693480780592,-0.0013386661605636, Neutralism,Healthy
SRR13077755.bin.49.fbc2XSRR13077755.bin.35.fbc2 ,0.0,0.0,0.0,0.0,-1000.0,1000.0,-126.16043388196717,0.0,0.0,0.0,0.0,0.0,0.0,-1000.0,0.0,-0.082492389066715,-0.082492389066715,989.1014214735588,-0.0015848681857733,999.8762534920588,-1000.0,-873.8395661180328,-1000.0,-3.0935517577535165,-0.1374873151112297,-0.0109514391633638,-1.7129730811725494,-0.1375031637930988,1000.0,-0.0054044005132709, Amensalism,Healthy
SRR13077755.bin.51.fbc2XSRR13077755.bin.3.fbc2 ,-0.0203446744320672,-0.0203446744320672,6.322980192350656,-0.0003908679045707,-1000.0,999.9694810340123,148.74236313859,3.884441326778187,-0.7629467889358921,-0.0339077907200362,-0.0027008972205067,2.93688762652107,0.0,-999.9694810340123,-0.001332859554509,-0.1957523452665555,-0.1957523452665555,993.6770198076492,-0.0037608519743344,1000.0,-1000.0,851.25763686141,953.3325519681176,-7.3409197943524305,-0.3262539087775167,-0.0259874871429701,-47.74803642496818,-958.505426169338,1000.0,-0.0128245052326292, Neutralism,Healthy
SRR13077755.bin.14.fbc2XSRR13077755.bin.20.fbc2 ,-0.0872579166987179,-0.0872579166987179,1000.0,-0.0016764249126026,-1000.0,999.8691047428274,0.0,-1000.0,-3.2722640795719826,-0.1454298611645299,-0.0115840961458388,998.8328022044165,-0.1435774116362154,-999.8691047428274,-0.0057166089518432,-0.0661307266009316,-0.0661307266009316,0.0,-0.001270523085509,999.9007975574832,-1000.0,945.5132104024046,139.23118724768938,-2.4799721263051424,-0.1102178776682194,-0.0087793145208934,1.167197795583661,-999.8564225883638,1000.0,-0.004332483721555, Amensalism,Healthy
SRR13077755.bin.26.fbc2XSRR13077755.bin.42.fbc2 ,-0.0895019323218093,-0.0895019323218093,14.226141560462338,-0.0017195376046856,-1000.0,999.8657385038292,365.2618355864092,-290.69616991206533,-3.3564170366352077,-0.1491698872030156,-0.0118820048480756,-2.473348499770168,-566.183041174628,-999.8657385038292,-0.0058636232317894,-0.0854949644156022,-0.0854949644156022,2.8963394367629007,-0.0016425545517222,1000.0,-1000.0,347.3975164216638,-709.3038300879347,-3.206151506084666,-0.1424916073592612,-0.0113500519521494,584.7292282503963,-433.816958825372,1000.0,-0.0056011110212921, Neutralism,Healthy
SRR13077755.bin.18.fbc2XSRR13077755.bin.6.fbc2 ,-0.2553190696170304,-0.2553190696170304,971.4046566241386,-0.0049052655065224,1000.0,-1000.0,767.0110366289036,1000.0,-9.57473490023972,-0.4255317826949749,-0.03389538465035,0.0,-549.9103542339443,1000.0,-0.0167269553774076,-0.0165903000932985,-0.0165903000932985,28.595343375861376,-0.0003187377539006,-1000.0,999.9751129561714,232.9889633710964,-765.845941982775,-0.6221537840744986,-0.0276505001554596,-0.0022024778797913,1000.0,0.0,-999.9751129561712,-0.0010868957409684, Amensalism,Healthy
SRR13077755.bin.23.fbc2XSRR13077755.bin.42.fbc2 ,-0.1776639475839374,-0.1776639475839374,999.9831624800768,-0.0034133323263176,0.0,0.0,779.5891321758695,414.27886923407095,-6.662585767676546,-0.2961065793066382,-0.0235861263747665,998.7997193992924,-791.2810545790967,0.0,-0.0116394632326546,-0.0181147770155121,-0.0181147770155121,0.0168375199233423,-0.0003480264556401,-1000.0,1000.0,220.4108678241305,-0.1957057167949187,-0.6793232795388349,-0.0301912950259293,-0.0024048628083619,1.2002806007076288,-106.1123653682555,-1000.0,-0.0011867702137351, Amensalism,Healthy
SRR13077755.bin.51.fbc2XSRR13077755.bin.8.fbc2 ,-0.0203366490197822,-0.0203366490197822,99.510386787068,-0.0003907137179339,-1000.0,999.9694930729016,0.0,-82.25974709005641,-0.7626458274972947,-0.0338944150330462,-0.0026998317911193,92.99517302589334,0.0,-999.9694930729016,-0.0013323337782367,-0.1610779080516522,-0.1610779080516522,900.489613212932,-0.0030946764275086,1000.0,-1000.0,1000.0,-42.81508103636952,-6.040591759140966,-0.268463180086087,-0.0213842141140503,13.069607695845209,-0.1483272800732038,1000.0,-0.0105528466177702, Neutralism,Healthy
SRR13077755.bin.34.fbc2XSRR13077755.bin.27.fbc2 ,-0.0877245244315645,-0.0877245244315645,3.0570522048560638,-0.001685389518343,0.0,0.0,431.2345776536058,429.04325139278535,-3.289762362605984,-0.1462075407192742,-0.0116460415720212,227.08923825702755,-381.2442013962948,0.0,-0.0057471782577067,-0.1161372335867554,-0.1161372335867554,996.942947795144,-0.0022312628931331,-1000.0,1000.0,568.7654223463942,-693.1460126101631,-4.3552689789620445,-0.1935620559778499,-0.0154180265914192,611.454267551813,-51.08995003729388,-1000.0,-0.00760860646551, Neutralism,Healthy
SRR13077755.bin.14.fbc2XSRR13077755.bin.27.fbc2 ,-0.0048314165431975,-0.0048314165431975,55.36937765681728,-9.282260407417198e-05,-1000.0,999.9927524110722,744.7891313058371,-57.92454446528427,-0.1811832256146317,-0.008052360905367,-0.0006414041943116,411.2516154523503,-498.3499858536884,-999.9927524110722,-0.0003165250799384,-0.1125749929508401,-0.1125749929508401,944.6306223431828,-0.0021628240721156,1000.0,-1000.0,255.21086869416283,-650.7287584043339,-4.221681190979552,-0.1876249882514002,-0.0149451143379337,588.7483845476497,-0.0325721305252955,1000.0,-0.0073752300856995, Amensalism,Healthy
SRR13077755.bin.43.fbc2XSRR13077755.bin.33.fbc2 ,-0.0867147381743507,-0.0867147381743507,333.1678478488493,-0.0016659892060033,1000.0,-1000.0,782.446946691741,-24.804755019744107,-3.2518943109442944,-0.1445245636239178,-0.0115119854136764,-0.4997884318657952,-500.17706133281786,1000.0,-0.005681023192551,-0.0381982957494528,-0.0381982957494528,666.8321521511507,-0.0007338769596572,-581.780662225659,1000.0,-634.9040039040678,-975.195244980256,-1.4324764538382624,-0.063663826249126,-0.0050710897911585,1000.0,-104.63283088685624,-1000.0,-0.0025025204323583, Amensalism,Healthy
SRR13077755.bin.18.fbc2XSRR13077755.bin.8.fbc2 ,-0.2152907840244324,-0.2152907840244324,187.126181232268,-0.0041362302406469,-1000.0,1000.0,351.0326381345121,1000.0,-8.073631893578977,-0.3588179733740162,-0.0285813509626677,991.3484121364918,-515.0913512713962,-1000.0,-0.0141045451205172,-0.1508853783134327,-0.1508853783134327,812.873818767732,-0.0028988545304855,0.0,0.0,648.9673618654879,-72.74739199120631,-5.658361123750751,-0.25147563052235,-0.0200310848058506,8.651587863508098,32.502580049774224,0.0,-0.0098850939490375, Amensalism,Healthy
SRR13077755.bin.37.fbc2XSRR13077755.bin.27.fbc2 ,-0.0902348223912667,-0.0902348223912667,55.36937765681773,-0.0017336181055043,0.0,233.0362908495872,102.23835513129006,-354.05227234816164,-3.383901188670052,-0.1503913706521871,-0.0119793011090223,112.4951184886802,-159.69942677831682,-233.0362908495873,-0.005911637739814,-0.1125749929508401,-0.1125749929508401,944.6306223431824,-0.0021628240721156,1000.0,-1000.0,-1000.0,-645.9477276518384,-4.221681190979552,-0.1876249882514002,-0.0149451143379337,588.7483845476495,-0.0325721305252955,1000.0,-0.0073752300856995, Amensalism,Healthy
SRR13077755.bin.23.fbc2XSRR13077755.bin.19.fbc2 ,-0.1651934887901234,-0.1651934887901234,859.6017966748436,-0.0031737461823695,-1000.0,1000.0,894.4324945374237,75.39448575550591,-6.194930385667703,-0.2753224813168344,-0.021930586119879,1000.0,-615.136697960999,-1000.0,-0.0108224744817562,-0.076675203527543,-0.076675203527543,140.39820332515637,-0.0014731066960393,0.0,0.0,0.0,924.605514244494,-2.8754011531524384,-0.1277920058793142,-0.0101791672694844,-16.03252726394487,-384.863302039001,0.0,-0.0050232938334602, Amensalism,Healthy
SRR13077755.bin.37.fbc2XSRR13077755.bin.8.fbc2 ,-0.1017316403609811,-0.1017316403609811,189.8339812781965,-0.0019544983738342,-859.0695628289169,1000.0,-193.8217241434138,-529.1273126890671,-3.815044010947759,-0.1695527339350064,-0.0135055837636173,375.64318132494327,-136.814728818474,-1000.0,-0.0066648394549702,-0.1534416188640079,-0.1534416188640079,810.1660187218035,-0.0029479657803221,1000.0,-1000.0,811.0616352922368,-40.55316062269594,-5.754222845518257,-0.2557360314400512,-0.0203704435417648,12.447063255651528,-0.3675671133152036,1000.0,-0.0100525633107508, Amensalism,Healthy
SRR13077755.bin.23.fbc2XSRR13077755.bin.41.fbc2 ,-0.1546957571636085,-0.1546957571636085,741.4276438279935,-0.0029720606563614,-1000.0,1000.0,925.7525745869864,0.0,-5.801254356971413,-0.2578262619393854,-0.0205369391354679,868.8649479724145,-526.8230000111755,-1000.0,-0.0101347268381459,-0.072726583680037,-0.072726583680037,258.5723561720065,-0.0013972446432717,1000.0,-1000.0,-0.4586223871679067,1000.0,-2.727323736458061,-0.1212109728000996,-0.0096549604846813,131.13505202758552,-473.1769999888245,1000.0,-0.0047646042334008, Competition,Healthy
SRR13077755.bin.19.fbc2XSRR13077755.bin.41.fbc2 ,-0.1506984242242879,-0.1506984242242879,1000.0,-0.0028952627131957,-1000.0,1000.0,932.8505193232728,6.450268940953265,-5.651350147861081,-0.2511640403738511,-0.0200062653484565,-31.510533834329635,-500.0565155281625,-1000.0,-0.0098728458522145,-0.0563540899510144,-0.0563540899510144,0.0,-0.0010826914495964,1000.0,-1000.0,35.341699904086454,993.5497310590468,-2.1133379211931924,-0.0939234832517286,-0.0074813979166492,-6.522057503913402,-436.0117871695948,1000.0,-0.0036919778431183, Amensalism,Healthy
SRR13077755.bin.45.fbc2XSRR13077755.bin.33.fbc2 ,-0.2725697735412495,-0.2725697735412495,1000.0,-0.0052366911343142,-1000.0,999.5911191562324,1000.0,80.811124332291,-10.22165452581089,-0.4542829559021584,-0.0361855357381273,1000.0,-1000.0,-999.5911191562324,-0.0178571167680274,0.0,0.0,0.0,0.0,1000.0,-1000.0,-500.0,0.0,0.0,0.0,0.0,0.0,0.0,1000.0,0.0, Amensalism,Healthy
SRR13077755.bin.34.fbc2XSRR13077755.bin.28.fbc2 ,-0.0885074529098801,-0.0885074529098801,52.62977082200973,-0.0017004313720008,1000.0,-1000.0,-712.7738936552755,-51.55190634354858,-3.3191230078479066,-0.1475124215165806,-0.0117499807801095,44.3375927930008,-287.0902512477112,1000.0,-0.005798470978334,-0.0863823813758699,-0.0863823813758699,803.683210004315,-0.0016596038689158,-0.4879779180275818,1000.0,1000.0,-555.8538221107466,-3.23943057980955,-0.1439706356264878,-0.0114678627340936,30.93976460671547,-712.9097487522888,-1000.0,-0.005659249192945, Neutralism,Healthy
SRR13077755.bin.26.fbc2XSRR13077755.bin.41.fbc2 ,-0.0894985820019655,-0.0894985820019655,13.146542141039047,-0.0017194732373582,-1000.0,999.8657435296308,0.0,-837.6193717479413,-3.356291396103302,-0.1491643033366472,-0.0118815600698098,-8.72971404162763,-487.055543659257,-999.8657435296308,-0.0058634037392266,-0.1158981884381091,-0.1158981884381091,986.8534578589612,-0.0022266702869728,1000.0,-1000.0,-355.4389862603889,429.60118270515454,-4.346304533296461,-0.1931636473968865,-0.0153862916831712,935.0521780355792,-500.2801151221041,1000.0,-0.0075929456786525, Neutralism,Healthy
SRR13077755.bin.35.fbc2XSRR13077755.bin.33.fbc2 ,-0.0810828181607803,-0.0810828181607803,972.2003642659148,-0.0015577870924516,0.0,-0.1216320161765907,-858.9080210038207,-982.9127156824176,-3.040691359317634,-0.1351380302678535,-0.0107643088086888,-1.683703023105977,-0.1351536081388076,0.1216320161765907,-0.0053120539852216,-0.0015091718166786,-0.0015091718166786,27.799635734085086,-2.8994655508540745e-05,-1000.0,999.9977360973016,-141.09197899617925,-17.087284317582544,-0.0565955378330045,-0.0025152863612447,-0.0002003530692036,36.531027782732735,-9.890132284870331,-999.9977360973016,-9.887177509426692e-05, Amensalism,Healthy
SRR13077755.bin.37.fbc2XSRR13077755.bin.18.fbc2 ,-0.1282017781758213,-0.1282017781758213,499.4236954455801,-0.0024630504932474,-1000.0,999.807685017484,-858.2555574054581,-1000.0,-4.807702149368424,-0.2136696302929976,-0.0170196789085821,993.7483509192766,-401.2733379918193,-999.807685017484,-0.0083990021821591,-0.2337352994385355,-0.2337352994385355,500.57630455442,-0.004490591727972,1000.0,-1000.0,1000.0,1000.0,-8.765320711488698,-0.3895588323974834,-0.0310299888399185,6.2516490807232685,-500.0876563505291,1000.0,-0.0153129177922437, Neutralism,Healthy
SRR13077755.bin.19.fbc2XSRR13077755.bin.8.fbc2 ,-0.080932285720678,-0.080932285720678,189.8339812781969,-0.0015548950186712,0.0,0.0,181.82270843444803,1000.0,-3.0350462337493127,-0.134887142867683,-0.010744324578809,-16.922668837553942,-539.5296685000526,0.0,-0.0053021920135734,-0.1534416188640079,-0.1534416188640079,810.1660187218031,-0.0029479657803221,-1000.0,1000.0,818.177291565552,-40.55316062269583,-5.754222845518257,-0.2557360314400512,-0.0203704435417648,12.447063255651416,-0.3675671133152036,-1000.0,-0.0100525633107508, Amensalism,Healthy
SRR13077755.bin.31.fbc2XSRR13077755.bin.43.fbc2 ,-0.1539020180763373,-0.1539020180763373,668.0384824677153,-0.0029568111061735,-1000.0,1000.0,-1000.0,-27.40957004618633,-5.771488302474722,-0.2565033634606379,-0.0204315647437169,248.88888464488969,-500.0577169527925,-1000.0,-0.0100827258720528,-0.0866311868553566,-0.0866311868553566,331.9615175322847,-0.0016643839933294,1000.0,-1000.0,0.0,-24.110595520772904,-3.248761048194069,-0.1443853114254807,-0.0115008933942135,-0.499306876093442,-499.94228304720747,1000.0,-0.0056755494174467, Amensalism,Healthy
SRR13077755.bin.34.fbc2XSRR13077755.bin.43.fbc2 ,-0.0885074529098801,-0.0885074529098801,52.62977082201019,-0.0017004313720008,-1000.0,1000.0,334.85419031214974,360.0230061443542,-3.3191230078479066,-0.1475124215165806,-0.0117499807801095,42.46428600285367,-344.2035147898855,-1000.0,-0.005798470978334,-0.0873618327716485,-0.0873618327716485,350.33806931256004,-0.0016784213788696,0.0,0.0,286.0357153970692,-35.024172792541094,-3.2761610421143814,-0.1456030546195279,-0.0115978917282291,-6.278269441482507,-500.1783826241494,0.0,-0.0057234169020148, Neutralism,Healthy
SRR13077755.bin.20.fbc2XSRR13077755.bin.42.fbc2 ,-0.0868289781914199,-0.0868289781914199,771.6713942459105,-0.0016681840190813,-1000.0,1000.0,906.5604131416274,-521.2504102761177,-3.256178432299066,-0.1447149636524045,-0.0115271515716131,320.820566761774,-511.0713203000984,-1000.0,-0.0056885075049422,-0.0854949644156022,-0.0854949644156022,2.8963394367629007,-0.0016425545517222,1000.0,-1000.0,93.43958685837264,-18.37348052575669,-3.206151506084666,-0.1424916073592612,-0.0113500519521494,4.022320437275084,-488.9286796999016,1000.0,-0.0056011110212921, Neutralism,Healthy
SRR13077755.bin.34.fbc2XSRR13077755.bin.61.fbc2 ,-0.0874572725506368,-0.0874572725506368,0.0,-0.0016802549961312,1000.0,-1000.0,822.223694396751,-11.910890801552569,-3.2797401346747392,-0.1457621209177659,-0.0116105620235202,8.961090438669316,-358.128953093173,1000.0,-0.0057296695368904,-0.1623343410018378,-0.1623343410018378,1000.0,-0.0031188153890298,-1000.0,999.7564828944204,-122.05651271653232,1000.0,-6.087709322413616,-0.2705572350030252,-0.0215510143385699,991.0389095613308,-251.69855949090447,-999.7564828944204,-0.0106351604767951, Neutralism,Healthy
SRR13077755.bin.20.fbc2XSRR13077755.bin.27.fbc2 ,-0.0637168809453214,-0.0637168809453214,36.51977232077888,-0.0012241475685641,-1000.0,999.904418557844,1000.0,-314.72099178406324,-2.389450363567676,-0.1061948015756115,-0.008458859698976,27.1022782285354,-999.9670764184602,-999.904418557844,-0.0041743432088878,-0.1137896692661115,-0.1137896692661115,963.4802276792212,-0.002186160792803,1000.0,-1000.0,0.0,-652.0597349522284,-4.267232836321682,-0.1896494487767768,-0.0151063710783319,584.4567896242684,-0.0329235815397623,1000.0,-0.0074548083034642, Amensalism,Healthy
SRR13077755.bin.31.fbc2XSRR13077755.bin.51.fbc2 ,-0.1880461497245278,-0.1880461497245278,983.2866894315777,-0.0036127982656353,1000.0,-1000.0,-826.2105122153165,-46.734291292215744,-7.051929318572434,-0.313410249540766,-0.0249644360152387,56.88766340987718,-514.8392075961256,1000.0,-0.0123196420856857,-0.0163309056482603,-0.0163309056482603,16.713310568422457,-0.0003137541910973,-1000.0,999.9755020727566,306.56522964665623,-193.19211341954485,-0.6124262182918301,-0.0272181760805096,-0.0021680414606635,101.1497203188801,-5.4978165145815865,-999.9755020727566,-0.0010699017917659, Amensalism,Healthy
SRR13077755.bin.28.fbc2XSRR13077755.bin.51.fbc2 ,-0.0874564660446139,-0.0874564660446139,494.0676466192722,-0.0016802395012973,-0.2703823067332678,1000.0,1000.0,-3.690547084142054,-3.279709889847709,-0.1457607767410991,-0.0116104549542797,-11.301677341087723,-858.1505143751524,-1000.0,-0.0057296166995683,-0.0204333060580665,-0.0204333060580665,505.9323533807278,-0.0003925707216012,-0.0306519219407164,0.0,-496.9375237632373,-996.309452915858,-0.7662705685662559,-0.0340555100967776,-0.0027126636861112,505.7179194754815,-121.81219096205564,0.0,-0.0013386661605636, Neutralism,Healthy
SRR13077755.bin.45.fbc2XSRR13077755.bin.27.fbc2 ,-0.2160640278394794,-0.2160640278394794,57.69312029486446,-0.0041510860295375,-1000.0,999.6758832028106,1000.0,785.3635333625457,-8.102629353714065,-0.3601067130658748,-0.0286840044643668,768.5721451256982,-999.971439424894,-999.6758832028106,-0.0141552033608149,-0.0987103542005343,-0.0987103542005343,942.3068797051355,-0.001896452530218,1000.0,-1000.0,-253.60099261544644,-304.93843232051006,-3.701742587410081,-0.1645172570009663,-0.0131044869841616,231.42785487430183,-0.028560575105871,1000.0,-0.0064669031281709, Competition,Healthy
SRR13077755.bin.34.fbc2XSRR13077755.bin.41.fbc2 ,-0.0877245244315645,-0.0877245244315645,3.0570522048560638,-0.001685389518343,-1000.0,1000.0,636.4816871476282,75.15581066855248,-3.289762362605984,-0.1462075407192742,-0.0116460415720212,55.09947178922698,-306.9240357811896,-1000.0,-0.0057471782577067,-0.1164377052523377,-0.1164377052523377,996.942947795144,-0.0022370356437022,1000.0,-1000.0,-358.51597714501065,419.1227813738326,-4.366536983921492,-0.1940628420871917,-0.0154579162976915,944.900528210773,-500.281419083972,1000.0,-0.0076282915448473, Neutralism,Healthy
SRR13077755.bin.45.fbc2XSRR13077755.bin.51.fbc2 ,-0.2722545868823545,-0.2722545868823545,985.890247907482,-0.005230635674934,0.0,-0.4084080335018143,1000.0,86.40849639132239,-10.20983469304838,-0.4537576448038862,-0.0361436925140878,997.0637084023624,-1000.0,0.4084080335018143,-0.0178364676517048,-0.0204333060580665,-0.0204333060580665,14.109752092517963,-0.0003925707216012,-1000.0,999.9693480780592,0.0,-1000.0,-0.7662705685662559,-0.0340555100967776,-0.0027126636861112,2.9362915976377053,0.0,-999.9693480780592,-0.0013386661605636, Neutralism,Healthy
SRR13077755.bin.61.fbc2XSRR13077755.bin.27.fbc2 ,-0.1623343410018378,-0.1623343410018378,1000.0,-0.0031188153890298,-1000.0,999.7564828944204,472.6251698728194,888.193657122416,-6.087709322413616,-0.2705572350030252,-0.0215510143385699,1000.0,-500.0,-999.7564828944204,-0.0106351604767951,0.0,0.0,0.0,0.0,1000.0,-1000.0,527.3748301271805,0.0,0.0,0.0,0.0,0.0,0.0,1000.0,0.0, Amensalism,Healthy
SRR13077755.bin.28.fbc2XSRR13077755.bin.43.fbc2 ,-0.0797445058435641,-0.0797445058435641,649.5646199351672,-0.0015320750402452,-366.1813216246037,1000.0,-262.5194140317569,-964.9758272074586,-2.9905032332601422,-0.1329075097391978,-0.0105866385279114,1000.0,-499.8216173758506,-1000.0,-0.00522437588711,-0.0873618327716485,-0.0873618327716485,350.3380693125605,-0.0016784213788696,1000.0,-1000.0,-213.9642846029308,-35.024172792541435,-3.2761610421143814,-0.1456030546195279,-0.0115978917282291,-6.278269441482507,-500.1783826241494,1000.0,-0.0057234169020148, Neutralism,Healthy
SRR13077755.bin.32.fbc2XSRR13077755.bin.37.fbc2 ,-0.0902854143106424,-0.0902854143106424,415.6773339563056,-0.0017345900923828,-1000.0,999.8645632055836,1000.0,-52.21482176705206,-3.3857984391048603,-0.1504756905177373,-0.0119860175386747,23.766763685759884,-500.1504930364187,-999.8645632055836,-0.005914952215221,-0.1259704338432357,-0.1259704338432357,476.6588078767836,-0.0024201812458386,0.0,-0.1889677516710435,-798.4970322082231,-947.785178232948,-4.7240243790889735,-0.2099507230719837,-0.0167234524084278,931.6714178839989,-250.58755950194583,0.1889677516710435,-0.0082528180481631, Neutralism,Healthy
SRR13077755.bin.26.fbc2XSRR13077755.bin.19.fbc2 ,-0.0894985820019655,-0.0894985820019655,13.146542141038935,-0.0017194732373582,-1000.0,999.8657435296308,279.7253141740871,-329.6070591961732,-3.356291396103302,-0.1491643033366472,-0.0118815600698098,1.3550366162394312,-360.05246552131507,-999.8657435296308,-0.0058634037392266,-0.149566330975972,-0.149566330975972,986.8534578589612,-0.0028735126028323,1000.0,-1000.0,720.2746858259129,811.771001099487,-5.608895454790968,-0.2492772182932867,-0.0198559720853381,-31.27381694236408,-399.38494239387205,1000.0,-0.0097986779755956, Neutralism,Healthy
SRR13077755.bin.18.fbc2XSRR13077755.bin.3.fbc2 ,-0.1952803114530752,-0.1952803114530752,526.0462916713609,-0.0037517831210607,0.0,0.0,996.6116274777852,553.1369559662558,-7.323218027563712,-0.3254671857552011,-0.0259248213667433,1000.0,-552.2750618373302,0.0,-0.0127935804429171,-0.1143141065249437,-0.1143141065249437,473.9537083286391,-0.002196236436589,-1000.0,1000.0,3.388372522214695,446.86304403374425,-4.286899787689208,-0.1905235108748684,-0.0151759937768929,-35.56576500481424,-438.5785766465217,-1000.0,-0.0074891662487743, Competition,Healthy
SRR13077755.bin.27.fbc2XSRR13077755.bin.8.fbc2 ,-0.0251437622362118,-0.0251437622362118,189.8339812781965,-0.0004830693993653,0.0,0.0,0.0,-192.0715828894628,-0.9429176526764422,-0.0419062703937243,-0.0033380095495658,179.19942583269926,-0.0072750251542856,0.0,-0.0016472666518438,-0.1534416188640079,-0.1534416188640079,810.1660187218035,-0.0029479657803221,-1000.0,1000.0,1000.0,-40.553160622695486,-5.754222845518257,-0.2557360314400512,-0.0203704435417648,12.447063255651416,-0.3675671133152036,-1000.0,-0.0100525633107508, Amensalism,Healthy
SRR13077755.bin.27.fbc2XSRR13077755.bin.21.fbc2 ,-0.1115495485545352,-0.1115495485545352,934.8027714446644,-0.0021431229308745,1000.0,-1000.0,509.1204425624746,-632.7211246300151,-4.183225942554486,-0.1859159142575208,-0.0148089794527095,561.3115077630548,-0.0418337596115634,1000.0,-0.007308049194421,-0.0661966172426673,-0.0661966172426673,65.19722855533564,-0.001271788996064,-1000.0,999.9006987151912,490.87955743752536,1000.0,-2.4824430949943235,-0.1103276954044076,-0.0087880619624911,438.6884922369452,-743.8227997710748,-999.9006987151912,-0.0043368004763806, Amensalism,Healthy
SRR13077755.bin.54.fbc2XSRR13077755.bin.33.fbc2 ,-0.0915481911150664,-0.0915481911150664,273.89539620909,-0.0017588509340384,1000.0,-1000.0,620.890300815387,-57.27096539577053,-3.433153903617836,-0.1525803185252243,-0.0121536599540377,46.469809044499925,-98.8229910257694,1000.0,-0.0059976816850166,-0.0413119803919244,-0.0413119803919244,726.10460379091,-0.0007936979902751,-535.691563086418,1000.0,-674.8533271002153,-942.7290346042296,-1.54924291808652,-0.0688533006532452,-0.0054844531125581,953.5301909555,-263.2719368495244,-1000.0,-0.0027065101467087, Neutralism,Healthy
SRR13077755.bin.19.fbc2XSRR13077755.bin.21.fbc2 ,-0.1060987015288219,-0.1060987015288219,482.0814144611438,-0.00203839964513,1000.0,-1000.0,451.1340924308545,161.19025218087677,-3.978813419309631,-0.1768311692146653,-0.0140853415477977,-22.18488176972949,-480.4586692156363,1000.0,-0.0069509427898992,-0.1108650327745408,-0.1108650327745408,517.9185855388562,-0.0021299718112004,-1000.0,999.8336918009792,-169.61985813339948,838.8097478191232,-4.157555877495497,-0.1847750546243105,-0.0147181052155929,1000.0,-519.5413307843637,-999.8336918009792,-0.0072632038762776, Competition,Healthy
SRR13077755.bin.20.fbc2XSRR13077755.bin.35.fbc2 ,-0.0669452571646616,-0.0669452571646616,12.035248794720587,-0.0012861720877026,-1000.0,999.8995756833924,464.430667089684,130.5854049929792,-2.5105178831399826,-0.1115754286078072,-0.0088874491259502,1.181574142665795,-999.86255568764,-999.8995756833924,-0.0043858468191046,-0.0824570822768464,-0.0824570822768464,987.9647512052792,-0.0015841898612052,999.8763064556356,-1000.0,-874.1788965727912,-1000.0,-3.0922277158230145,-0.1374284704613728,-0.0109467519411055,0.8557635211356001,-0.1374443123600031,1000.0,-0.0054020874267735, Amensalism,Healthy
SRR13077755.bin.61.fbc2XSRR13077755.bin.21.fbc2 ,-0.1606769559393797,-0.1606769559393797,992.652926569458,-0.0030869732169094,-1000.0,999.7589691312248,-951.6078498185668,290.7378710859616,-6.025555631254974,-0.2677949265656707,-0.0213309849287952,327.95314865415185,-179.6758010804159,-999.7589691312248,-0.0105265786696691,-0.0566382097904352,-0.0566382097904352,7.347073430541855,-0.0010881500439836,0.0,-0.0849627554358676,1000.0,709.2621289140384,-2.123992715394934,-0.0943970163174299,-0.0075191168040191,672.0468513458482,-704.678854822004,0.0849627554358676,-0.0037105916500195, Amensalism,Healthy
SRR13077755.bin.32.fbc2XSRR13077755.bin.42.fbc2 ,-0.0902854143106424,-0.0902854143106424,-684.8063275811301,-0.0017345900923828,-1000.0,999.8645632055836,-348.38533137181594,-59.31718762998537,-3.3857984391048603,-0.1504756905177373,-0.0119860175386747,-0.5100041789722809,-6.586108486676721,-999.8645632055836,-0.005914952215221,-0.0854949644156022,-0.0854949644156022,2.8963394367629007,-0.0016425545517222,1000.0,-1000.0,-367.715079063757,-940.6828123700146,-3.206151506084666,-0.1424916073592612,-0.0113500519521494,4.022320437275084,-27.774013777772097,1000.0,-0.0056011110212921, Neutralism,Healthy
SRR13077755.bin.18.fbc2XSRR13077755.bin.45.fbc2 ,-0.2266320427605705,-0.2266320427605705,383.1229635356276,-0.0043541218590235,1000.0,-1000.0,871.0869451729441,1000.0,-8.498941080222039,-0.3777200712675039,-0.0300869820456455,0.0,-500.0849924586875,1000.0,-0.0148475555391769,-0.2224069738786056,-0.2224069738786056,616.8770364643724,-0.0042729485855943,-1000.0,999.666368174439,128.91305482705593,0.0,-8.340496532621955,-0.3706782897977518,-0.0295260747262773,1000.0,-499.9150075413125,-999.6663681744392,-0.0145707546768107, Competition,Healthy
SRR13077755.bin.23.fbc2XSRR13077755.bin.26.fbc2 ,-0.1711040020785503,-0.1711040020785503,926.1371135996736,-0.0032873007123725,-1000.0,1000.0,862.0318907734816,333.89506588161066,-6.41658087948565,-0.2851733367975839,-0.0227152479224059,1000.0,-694.3928174669034,-1000.0,-0.0112096954292155,-0.0895019323218093,-0.0895019323218093,22.88367522412318,-0.0017195376046856,999.8657385038292,-1000.0,137.96810922651844,272.32893974553895,-3.3564170366352077,-0.1491698872030156,-0.0118820048480756,0.0,-305.60718253309665,1000.0,-0.0058636232317894, Neutralism,Healthy
SRR13077755.bin.54.fbc2XSRR13077755.bin.19.fbc2 ,-0.0916692053527867,-0.0916692053527867,2.44444169570545,-0.0017611758953535,0.0,0.0,317.6279071476124,-70.30756829471716,-3.437692065404235,-0.1527820089213492,-0.01216972543682,1000.0,-500.1871777741575,0.0,-0.0060056098030827,-0.150487925074799,-0.150487925074799,997.5555583042948,-0.0028912185413219,-1000.0,1000.0,682.3720928523876,1000.0,-5.643456207324789,-0.2508132084579983,-0.0199783201203445,-31.466519169896173,-375.86159396737776,-1000.0,-0.0098590552258883, Neutralism,Healthy
SRR13077755.bin.33.fbc2XSRR13077755.bin.21.fbc2 ,0.0,0.0,0.0,0.0,999.7672572120778,0.2327427879221204,500.0,-1000.0,0.0,0.0,0.0,0.0,-250.0,-0.2327427879221204,0.0,-0.1551519225325819,-0.1551519225325819,1000.0,-0.0029808246404172,-1000.0,999.7672572120778,444.6877249994741,1000.0,-5.818361040327886,-0.258586537554379,-0.0205974982651468,1000.0,-405.37919728161046,-999.767257212078,-0.0101646120238001, Amensalism,Healthy
SRR13077755.bin.13.fbc2XSRR13077755.bin.3.fbc2 ,-0.0490388440090328,-0.0490388440090328,13.60226359253238,-0.0009421487801546,-1000.0,999.9264370232428,-1000.0,-37.11273696167268,-1.839008468519978,-0.0817314066816834,-0.0065102480710947,6.931705893165031,-139.14726726742572,-999.9264370232428,-0.0032127273404967,-0.1902177427213018,-0.1902177427213018,958.144202839087,-0.0036545195528105,1000.0,-1000.0,819.1466152858704,874.6380190279385,-7.133366350623192,-0.3170295712021698,-0.0252527301096279,-58.0585237769676,-860.8527327325743,1000.0,-0.0124619116749045, Amensalism,Healthy
SRR13077755.bin.13.fbc2XSRR13077755.bin.35.fbc2 ,-0.0926769121326742,-0.0926769121326742,5.385730456883152,-0.0017805362562057,-1000.0,999.8609757291196,-131.53669623940323,0.0,-3.47548213447044,-0.1544615202211616,-0.0123035055299851,993.1190027629556,-761.6895711187949,-999.8609757291196,-0.0060716286334354,-0.0821131886685861,-0.0821131886685861,988.3421726353572,-0.001577582875484,999.8768223290826,-1000.0,-868.4633037605968,-1000.0,-3.079331342129308,-0.1368553144476436,-0.0109010976694889,3.4102766777468787,-0.1368710902763723,1000.0,-0.0053795576053516, Amensalism,Healthy
SRR13077755.bin.31.fbc2XSRR13077755.bin.27.fbc2 ,-0.1350522645224146,-0.1350522645224146,513.52770235449,-0.0025946640638494,-1000.0,1000.0,-1000.0,-128.63096641943753,-5.064602626113242,-0.2250871075373197,-0.0179291286810894,402.63107343079537,-500.050647842526,-1000.0,-0.0088478044576731,-0.0644339001066782,-0.0644339001066782,486.47229764551,-0.0012379231528711,1000.0,-1000.0,0.0,-492.2064195857378,-2.41633933977198,-0.1073898335110925,-0.0085540489862978,456.4834854750379,-0.0241642599439728,1000.0,-0.0042213179513055, Competition,Healthy
SRR13077755.bin.6.fbc2XSRR13077755.bin.8.fbc2 ,-0.000842998951839,-0.000842998951839,0.2617672895156602,-1.6195945249819488e-05,-1000.0,999.9987354205924,0.0,-335.63641541993184,-0.031613351471492,-0.001404998253065,-0.0001119139818683,969.2559625094676,0.0,-999.9987354205924,-5.522817343717179e-05,-0.1657343346460038,-0.1657343346460038,999.7382327104842,-0.0031841370729353,1000.0,-1000.0,1000.0,-53.76897232349779,-6.215212676762349,-0.2762238910765973,-0.022002387173984,30.744037490532264,9.563581419338108,1000.0,-0.0108579074186536, Amensalism,Healthy
SRR13077755.bin.14.fbc2XSRR13077755.bin.42.fbc2 ,-0.08725100206982,-0.08725100206982,999.9207564298345,-0.0016762920666906,-1000.0,999.8691151154349,-1000.0,-993.4375292328044,-3.2720047736837614,-0.1454183367831092,-0.0115831781806718,39.6680379128984,-400.6827348981619,-999.8691151154349,-0.0057161559473115,-0.0852548124662462,-0.0852548124662462,0.0792435701655449,-0.0016379406813484,1000.0,-1000.0,1000.0,0.4025730606714433,-3.197145554222743,-0.1420913541104482,-0.0113181701084386,5.648962580786474,-499.8409743866698,1000.0,-0.0055853777234915, Neutralism,Healthy
SRR13077755.bin.23.fbc2XSRR13077755.bin.51.fbc2 ,-0.177220592178628,-0.177220592178628,994.9922605113948,-0.0034048144510734,1000.0,-1000.0,1000.0,-16.620261931803498,-6.645959471491551,-0.2953676536309331,-0.0235272678569344,998.377653832009,-1000.0,1000.0,-0.0116104172781206,-0.0202658943744609,-0.0202658943744609,5.007739488605239,-0.0003893543587309,-1000.0,999.9695992116664,0.0,0.0343683092493165,-0.7599924535338687,-0.0337764906241773,-0.0026904386191972,1.6223461679909406,0.0,-999.9695992116664,-0.0013276983634114, Neutralism,Healthy
SRR13077755.bin.32.fbc2XSRR13077755.bin.34.fbc2 ,-0.0902854143106424,-0.0902854143106424,561.4069547873421,-0.0017345900923828,-1000.0,999.8645632055836,678.4697322692855,-727.8353469914849,-3.3857984391048603,-0.1504756905177373,-0.0119860175386747,641.5007218048338,-500.1504930364187,-999.8645632055836,-0.005914952215221,-0.0885074529098801,-0.0885074529098801,438.5930452126579,-0.0017004313720008,1000.0,-1000.0,321.5302677307145,160.91068370996663,-3.3191230078479066,-0.1475124215165806,-0.0117499807801095,358.4992781951662,-366.6398170788552,1000.0,-0.005798470978334, Neutralism,Healthy
SRR13077755.bin.18.fbc2XSRR13077755.bin.42.fbc2 ,-0.2552191276823805,-0.2552191276823805,997.1036605632372,-0.004903345392563,-1000.0,1000.0,623.5628228237401,1000.0,-9.570986972087551,-0.4253652128040812,-0.0338821166625393,995.9776795627248,-778.235167920419,-1000.0,-0.0167204077886253,-0.0854949644156022,-0.0854949644156022,2.8963394367629007,-0.0016425545517222,0.0,0.0,-154.90446112678865,-554.0561518671793,-3.206151506084666,-0.1424916073592612,-0.0113500519521494,4.022320437275084,-221.76483207958097,0.0,-0.0056011110212921, Neutralism,Healthy
SRR13077755.bin.26.fbc2XSRR13077755.bin.14.fbc2 ,-0.0894985820019655,-0.0894985820019655,13.146542141038822,-0.0017194732373582,-1000.0,999.8657435296308,639.0846636083058,0.0,-3.356291396103302,-0.1491643033366472,-0.0118815600698098,0.0,-350.3321063483452,-999.8657435296308,-0.0058634037392266,-0.0861107768197371,-0.0861107768197371,986.8534578589612,-0.0016543857218493,999.870825562842,-1000.0,360.91533639169415,-1000.0,-3.2292451219532268,-0.1435179613661148,-0.0114318053376791,1000.0,-301.44063744768005,1000.0,-0.0056414553113199, Neutralism,Healthy
SRR13077755.bin.26.fbc2XSRR13077755.bin.61.fbc2 ,-0.088338601912028,-0.088338601912028,0.0152746862096364,-0.0016971873566262,999.867483611195,-1000.0,0.0,-922.2849894908068,-3.312790917006282,-0.1472310031867891,-0.0117275646342704,-7.776902821122576,-511.96356520370034,1000.0,-0.0057874088860216,-0.162331861395728,-0.162331861395728,999.9847253137904,-0.003118767750152,-1000.0,999.756486614068,0.0,631.9015530653664,-6.087616334564018,-0.2705531023261756,-0.0215506851535565,1000.0,-488.03643479629966,-999.7564866140676,-0.0106349980280811, Neutralism,Healthy
SRR13077755.bin.34.fbc2XSRR13077755.bin.8.fbc2 ,-0.0877245244315645,-0.0877245244315645,3.057052204856177,-0.001685389518343,0.0,0.0,-448.1681641229529,138.9791151312952,-3.289762362605984,-0.1462075407192742,-0.0116460415720212,3.155184009563527,-296.9227389911431,0.0,-0.0057471782577067,-0.1658822840536231,-0.1658822840536231,996.942947795144,-0.0031869795207057,-1000.0,1000.0,1000.0,-83.8606502094566,-6.220760935886233,-0.2764704734228189,-0.0220220284882088,13.459427195794092,39.6157975883516,-1000.0,-0.0108676001656249, Neutralism,Healthy
SRR13077755.bin.26.fbc2XSRR13077755.bin.13.fbc2 ,-0.0895019323218093,-0.0895019323218093,25.193994363596403,-0.0017195376046856,-1000.0,999.8657385038292,809.3333199667941,-42.501805242225146,-3.3564170366352077,-0.1491698872030156,-0.0118820048480756,-12.582939961880244,-338.1609022005707,-999.8657385038292,-0.0058636232317894,-0.1380677426925558,-0.1380677426925558,38.29686175690267,-0.0026525983225837,999.7928851229694,-1000.0,-1000.0,-507.75276974689046,-5.177686243879748,-0.2301129044876688,-0.0183294544093541,1000.0,-661.8390977994293,1000.0,-0.0090453602801972, Neutralism,Healthy
SRR13077755.bin.32.fbc2XSRR13077755.bin.18.fbc2 ,-0.0902854143106424,-0.0902854143106424,0.0,-0.0017345900923828,-1000.0,999.8645632055836,-548.4079602559615,-549.2130008637555,-3.3857984391048603,-0.1504756905177373,-0.0119860175386747,515.7271901229376,-0.150493036418652,-999.8645632055836,-0.005914952215221,-0.2553190696170304,-0.2553190696170304,1000.0,-0.0049052655065224,1000.0,-1000.0,510.201354672032,1000.0,-9.57473490023972,-0.4255317826949749,-0.03389538465035,484.2728098770624,-850.354266041555,1000.0,-0.0167269553774076, Neutralism,Healthy
SRR13077755.bin.61.fbc2XSRR13077755.bin.51.fbc2 ,-0.1615214129119522,-0.1615214129119522,994.9922605113948,-0.0031031971741413,0.0,-0.242297635353907,483.1709117219948,438.3954475910487,-6.057223660044656,-0.2692023548532916,-0.0214430924730777,397.6535991583864,-500.0,0.242297635353907,-0.0105819023636968,-0.0202658943744609,-0.0202658943744609,5.007739488605239,-0.0003893543587309,-1000.0,999.9695992116664,516.8290882780052,-1000.0,-0.7599924535338687,-0.0337764906241773,-0.0026904386191972,6.534358993946512,-242.62268214464825,-999.9695992116664,-0.0013276983634114, Neutralism,Healthy
SRR13077755.bin.13.fbc2XSRR13077755.bin.20.fbc2 ,-0.1380677426925558,-0.1380677426925558,8.023526354307023,-0.0026525983225837,0.1302518082071628,125.94968977641564,-1000.0,-414.0607513298253,-5.177686243879748,-0.2301129044876688,-0.0183294544093541,979.0857476811692,-702.6278191411278,-125.94968977641564,-0.0090453602801972,-0.0868289781914199,-0.0868289781914199,581.8435316075299,-0.0016681840190813,999.869748191793,-1000.0,1000.0,-585.9392486701747,-3.256178432299066,-0.1447149636524045,-0.0115271515716131,20.91425231883068,-297.3721808588722,1000.0,-0.0056885075049422, Neutralism,Healthy
SRR13077755.bin.42.fbc2XSRR13077755.bin.51.fbc2 ,-0.0854949644156022,-0.0854949644156022,2.8963394367630144,-0.0016425545517222,1000.0,-1000.0,-397.3736728787488,-1000.0,-3.206151506084666,-0.1424916073592612,-0.0113500519521494,4.022320437275084,1.884580037219848,1000.0,-0.0056011110212921,-0.0204333060580665,-0.0204333060580665,997.1036605632372,-0.0003925707216012,-1000.0,999.9693480780592,-602.6263271212512,1000.0,-0.7662705685662559,-0.0340555100967776,-0.0027126636861112,995.9776795627248,-117.93699370744709,-999.9693480780592,-0.0013386661605636, Neutralism,Healthy
SRR13077755.bin.31.fbc2XSRR13077755.bin.54.fbc2 ,-0.1881689109136459,-0.1881689109136459,989.1512017227242,-0.0036151567899196,-1000.0,1000.0,-1000.0,-46.76480059634719,-7.056532992883945,-0.3136148515227432,-0.0249807334181468,32.84066663115573,-519.1779387633356,-1000.0,-0.0123276846535418,-0.0918616928939854,-0.0918616928939854,10.848798277275703,-0.0017648740229105,1000.0,-1000.0,565.1820556979078,-87.2536480004884,-3.4449105515958536,-0.1531028214899379,-0.0121952794985418,967.1593333688444,-98.8189604228412,1000.0,-0.006018220418241, Neutralism,Healthy
SRR13077755.bin.35.fbc2XSRR13077755.bin.3.fbc2 ,-0.0049080120325015,-0.0049080120325015,58.8056568661093,-9.429417934825324e-05,-1000.0,999.9926375104806,77.14459718933949,-1000.0,-0.1840556373966819,-0.0081800200540556,-0.0006515727789064,0.0509367727147491,-0.0081809629958797,-999.9926375104804,-0.0003215431513581,-0.1924276134969886,-0.1924276134969886,941.1943431338908,-0.0036969762439866,1000.0,-1000.0,922.8554028106604,983.5217388994886,-7.21623883983068,-0.3207126891616099,-0.0255461058455921,-78.86230753590996,-999.991819037004,1000.0,-0.0126066889918092, Amensalism,Healthy
SRR13077755.bin.28.fbc2XSRR13077755.bin.42.fbc2 ,-0.0874564660446139,-0.0874564660446139,463.2410784047379,-0.0016802395012973,0.0,851.292053279401,1000.0,288.3182534635962,-3.279709889847709,-0.1457607767410991,-0.0116104549542797,-12.981916842426472,-874.4324186143547,-851.2920532794009,-0.0057296166995683,-0.0853946838930141,-0.0853946838930141,1.7200015120025682,-0.001640627932602,1000.0,-1000.0,0.0,-744.8107184585346,-3.2023908805236942,-0.1423244731549857,-0.0113367390143821,2.5151154332688748,-125.56758138564533,1000.0,-0.0055945412502751, Neutralism,Healthy
SRR13077755.bin.19.fbc2XSRR13077755.bin.51.fbc2 ,-0.150263001309213,-0.150263001309213,994.9436093617282,-0.0028868972393638,1000.0,-1000.0,960.0692460943742,1000.0,-5.635021328443258,-0.250438335515355,-0.0199484599240804,-52.81312904881133,-377.4861020783849,1000.0,-0.00984431958625,-0.0162373259167907,-0.0162373259167907,5.056390638271864,-0.0003119563095879,-1000.0,999.9756424513432,39.93075390562581,-198.7580875430348,-0.6089168794786701,-0.0270622098613557,-0.002155618099664,103.2780905390532,0.0,-999.9756424513432,-0.0010637710158789, Amensalism,Healthy
SRR13077755.bin.13.fbc2XSRR13077755.bin.51.fbc2 ,-0.1380677426925558,-0.1380677426925558,8.02352635430691,-0.0026525983225837,999.7928851229694,-1000.0,-438.9295309703605,-26.13806724753965,-5.177686243879748,-0.2301129044876688,-0.0183294544093541,115.85432454859848,-906.3118040925822,1000.0,-0.0090453602801972,-0.0204333060580665,-0.0204333060580665,991.9764736456932,-0.0003925707216012,-1000.0,999.9693480780592,-561.0704690296395,-973.8619327524603,-0.7662705685662559,-0.0340555100967776,-0.0027126636861112,884.1456754514015,-74.17019040749778,-999.9693480780592,-0.0013386661605636, Neutralism,Healthy
SRR13077755.bin.28.fbc2XSRR13077755.bin.33.fbc2 ,-0.0874564660446139,-0.0874564660446139,244.8403373416845,-0.0016802395012973,999.635401034328,0.0648262293483412,1000.0,-13.431178073405022,-3.279709889847709,-0.1457607767410991,-0.0116104549542797,0.0,-869.6698557395576,-0.0648262293483412,-0.0057296166995683,-0.0432147187190139,-0.0432147187190139,755.1596626583155,-0.000830253961908,-1000.0,999.9351737706515,-954.6470545677796,-499.229088093817,-1.6205976159302509,-0.0720245311982807,-0.005737054877045,1000.0,-130.33014426044235,-999.9351737706515,-0.0028311660101962, Neutralism,Healthy
SRR13077755.bin.43.fbc2XSRR13077755.bin.45.fbc2 ,-0.0872460929170984,-0.0872460929170984,347.37146714505,-0.0016761977506121,1000.0,-1000.0,63.3062028434897,-34.977771606390434,-3.271820675269055,-0.1454101548619064,-0.0115825264564364,-5.386729663094911,-498.4117020594707,1000.0,-0.0057158343294076,-0.2483368619398334,-0.2483368619398334,652.62853285495,-0.0047711212667991,-1000.0,999.6274708514838,936.6937971565104,-89.7145751305427,-9.31289473441234,-0.4138947698996844,-0.0329684479539764,1000.0,-501.5882979405293,-999.627470851484,-0.0162695235200089, Neutralism,Healthy
SRR13077755.bin.43.fbc2XSRR13077755.bin.21.fbc2 ,-0.0866362682388626,-0.0866362682388626,331.9614370679335,-0.001664481618377,1000.0,-1000.0,0.0,-23.87738829185309,-3.248951605446564,-0.1443937803981043,-0.0115015679832595,-0.4993361631186417,-500.17690110640586,1000.0,-0.0056758823187692,-0.1259935055720689,-0.1259935055720689,668.0385629320665,-0.0024206245066125,-1000.0,999.8109976385194,1000.0,1000.0,-4.724889593302578,-0.2099891759535239,-0.0167265153411335,1000.0,-499.8230988935941,-999.8109976385192,-0.0082543295677623, Amensalism,Healthy
SRR13077755.bin.49.fbc2XSRR13077755.bin.6.fbc2 ,-0.0441160081330735,-0.0441160081330735,515.7406001775676,-0.0008475698008396,1000.0,-1000.0,798.1606733777071,-1000.0,-1.654396921328157,-0.0735266802217893,-0.0058567073236872,486.00226042910526,-0.0900797184318662,1000.0,-0.0028902130208052,0.0,0.0,0.0,0.0,-1000.0,1000.0,-1000.0,0.0,0.0,0.0,0.0,513.9977395708947,0.0,-1000.0,0.0, Amensalism,Healthy
SRR13077755.bin.20.fbc2XSRR13077755.bin.3.fbc2 ,-0.0519969976454604,-0.0519969976454604,56.69273551252604,-0.0009989817031055,-1000.0,999.9219995086232,180.58870079239023,-204.2376869254257,-1.9499423557003863,-0.0866616627424718,-0.0069029635683364,1.4270503577637328,-316.8915354704113,-999.9219995086232,-0.003406527607467,-0.1813204952745764,-0.1813204952745764,943.307264487474,-0.0034835830024348,1000.0,-1000.0,819.4112992076098,713.0436596574116,-6.799710169861328,-0.3022008254575894,-0.0240715585465522,-75.59169583795995,-683.1084645295887,1000.0,-0.0118790180381438, Amensalism,Healthy
SRR13077755.bin.19.fbc2XSRR13077755.bin.13.fbc2 ,-0.1500074912081572,-0.1500074912081572,991.976473645693,-0.0028819883036703,-1000.0,1000.0,766.3927365338022,644.8278623241499,-5.62543942966181,-0.2500124853469287,-0.0199145391786714,-39.73907386255519,-420.2553605314431,-1000.0,-0.0098275801155978,-0.1380677426925558,-0.1380677426925558,8.023526354307023,-0.0026525983225837,1000.0,-1000.0,-1000.0,-435.5229293685519,-5.177686243879748,-0.2301129044876688,-0.0183294544093541,777.3603301393364,-579.7446394685569,1000.0,-0.0090453602801972, Neutralism,Healthy
SRR13077755.bin.27.fbc2XSRR13077755.bin.3.fbc2 ,-0.0067349811220083,-0.0067349811220083,63.98725899839701,-0.0001293944500275,-1000.0,1000.0,-1000.0,-20.30570929399744,-0.2525689087706269,-0.0112249685366805,-0.0008941156494302,16.566306088128158,-0.0025257796638697,-1000.0,-0.0004412350745042,-0.1909672007247991,-0.1909672007247991,936.012741001603,-0.0036689183616545,0.0,0.0,838.1483750782072,1000.0,-7.161471817689062,-0.3182786678746652,-0.0253522258791463,-83.89169144819596,-964.78119955292,0.0,-0.0125110116132418, Amensalism,Healthy
SRR13077755.bin.31.fbc2XSRR13077755.bin.21.fbc2 ,-0.1826943889816448,-0.1826943889816448,924.7990181889738,-0.0035099786547334,1000.0,-1000.0,-765.0219116406313,-41.01392508223705,-6.851232635635711,-0.3044906483027034,-0.0242539525045231,43.29418271531949,-508.9026722450518,1000.0,-0.0119690272127854,-0.0707366439058887,-0.0707366439058887,75.20098181102617,-0.0013590133315801,-1000.0,999.8938882390746,1000.0,1000.0,-2.6526988922018973,-0.1178944065097766,-0.0093907821208176,898.8936827351936,-298.48990539746774,-999.8938882390746,-0.0046342354604576, Amensalism,Healthy
SRR13077755.bin.20.fbc2XSRR13077755.bin.41.fbc2 ,-0.0868286551844903,-0.0868286551844903,489.3455292737731,-0.0016681778133715,-1000.0,999.8697486763344,1000.0,-365.4903294351951,-3.2561663191963817,-0.1447144253073702,-0.0115271086901884,2.383000347247844,-499.7814286550976,-999.8697486763344,-0.0056884863435016,-0.0904343283161779,-0.0904343283161779,510.6544707262269,-0.0017374510723584,1000.0,-1000.0,-210.21262180177644,924.1558264291344,-3.391382871664291,-0.1507238805269253,-0.0120057869099809,470.2343916044206,-500.2185713449024,1000.0,-0.0059247081567264, Amensalism,Healthy
SRR13077755.bin.26.fbc2XSRR13077755.bin.27.fbc2 ,-0.0894985820019655,-0.0894985820019655,13.146542141039047,-0.0017194732373582,-1000.0,999.8657435296308,-612.5720296647768,-320.32950025379614,-3.356291396103302,-0.1491643033366472,-0.0118815600698098,1.3550366162397722,-359.2793356094503,-999.8657435296308,-0.0058634037392266,-0.115485145299317,-0.115485145299317,986.8534578589612,-0.0022187347800581,1000.0,-1000.0,-303.52768173493257,-679.6704997462039,-4.330814979136108,-0.1924752421655284,-0.0153314573298075,615.5187486298564,-0.0433097029057307,1000.0,-0.0075658855997744, Neutralism,Healthy
SRR13077755.bin.42.fbc2XSRR13077755.bin.35.fbc2 ,-0.0854949644156022,-0.0854949644156022,2.8963394367629007,-0.0016425545517222,-1000.0,1000.0,1000.0,188.4375752710885,-3.206151506084666,-0.1424916073592612,-0.0113500519521494,195.1458074815091,-687.7309844391508,-1000.0,-0.0056011110212921,-0.082492389066715,-0.082492389066715,992.8827055356452,-0.0015848681857733,999.8762534920588,-1000.0,-1000.0,-1000.0,-3.0935517577535165,-0.1374873151112297,-0.0109514391633638,-5.49425714325821,-0.1375031637930988,1000.0,-0.0054044005132709, Neutralism,Healthy
SRR13077755.bin.45.fbc2XSRR13077755.bin.6.fbc2 ,-0.272305488651682,-0.272305488651682,945.4412803596032,-0.0052316136147965,-1000.0,999.5915156089544,1000.0,107.59702937041855,-10.211743563188293,-0.4538424810862125,-0.0361504500784803,1000.0,-1000.0,-999.5915156089544,-0.0178398024265789,-0.001198912241648,-0.001198912241648,54.5587196403967,-2.3033856678011944e-05,0.0,-0.0017984835317292,-498.2051337050822,-55.1071474764301,-0.0449604759244266,-0.0019981870694891,-0.0001591639498883,0.0,0.0,0.0017984835317292,-7.854545140162372e-05, Amensalism,Healthy
SRR13077755.bin.14.fbc2XSRR13077755.bin.6.fbc2 ,-0.0870471163595993,-0.0870471163595993,999.9962924082912,-0.0016723749540688,-1000.0,999.869420963586,0.0,0.0,-3.2643588441058,-0.1450785272659231,-0.0115561109327018,-8.502466254275987,-581.4937535579979,-999.869420963586,-0.0057027985933473,-0.0214422387150534,-0.0214422387150534,0.0037075917086895,-0.0004119546342735,0.0,-0.0321654178458175,1000.0,-1000.0,-0.8041066093196605,-0.0357370645250512,-0.0028466065230077,995.9610649398884,0.0,0.0321654178458175,-0.0014047653029365, Neutralism,Healthy
SRR13077755.bin.37.fbc2XSRR13077755.bin.3.fbc2 ,-0.0912988218652799,-0.0912988218652799,67.81371381086342,-0.001754059978225,-1000.0,999.863042996902,-34.0890584528089,-140.3040497138013,-3.423802293245785,-0.1521647031087241,-0.012120554449325,133.0568702642763,-100.83156475446458,-999.8630429969022,-0.0059813445257077,-0.190067782045503,-0.190067782045503,932.1862861891366,-0.0036516384639071,1000.0,-1000.0,834.7397179587533,938.933767949715,-7.127742666822542,-0.3167796367425808,-0.0252328217854937,-87.62440022323949,-899.1684352455354,1000.0,-0.0124520871618187, Amensalism,Healthy
SRR13077755.bin.32.fbc2XSRR13077755.bin.26.fbc2 ,-0.0902854143106424,-0.0902854143106424,120.01529482247884,-0.0017345900923828,-1000.0,999.8645632055836,-1000.0,-534.3563370805731,-3.3857984391048603,-0.1504756905177373,-0.0119860175386747,700.1236088723747,-0.150493036418652,-999.8645632055836,-0.005914952215221,-0.0895019323218093,-0.0895019323218093,14.418907457735486,-0.0017195376046856,999.8657385038292,-1000.0,873.4529728561185,204.9804850537012,-3.3564170366352077,-0.1491698872030156,-0.0118820048480756,-6.57463483598508,-566.5477442340507,1000.0,-0.0058636232317894, Neutralism,Healthy
SRR13077755.bin.26.fbc2XSRR13077755.bin.45.fbc2 ,-0.0895019323218093,-0.0895019323218093,13.221902940390237,-0.0017195376046856,999.8657385038292,-1000.0,-601.8097007863995,275.41801391596823,-3.3564170366352077,-0.1491698872030156,-0.0118820048480756,0.0,-305.8300626425979,1000.0,-0.0058636232317894,-0.2636535951945689,-0.2636535951945689,986.7780970596098,-0.0050653908779167,-1000.0,999.6044942802536,1000.0,-135.12311645724412,-9.88728841629461,-0.4394226586575769,-0.0350018509662959,1000.0,-694.1699373574021,-999.6044942802538,-0.0172729828935871, Neutralism,Healthy
SRR13077755.bin.49.fbc2XSRR13077755.bin.13.fbc2 ,-0.0441160081330735,-0.0441160081330735,515.7406001775669,-0.0008475698008396,-1000.0,1000.0,812.1584129486023,-1000.0,-1.654396921328157,-0.0735266802217893,-0.0058567073236872,479.0033906436579,-0.0900797184318662,-1000.0,-0.0028902130208052,-0.1373449754688636,-0.1373449754688636,7.981524205545725,-0.0026387123049289,999.7939693432352,-1000.0,-1000.0,0.0,-5.150581709258404,-0.2289082924480681,-0.0182335020266464,520.9966093563421,-887.8177088409954,1000.0,-0.0089980089596792, Neutralism,Healthy
SRR13077755.bin.54.fbc2XSRR13077755.bin.34.fbc2 ,-0.0918616928939854,-0.0918616928939854,947.3702291779904,-0.0017648740229105,0.0,0.0,-306.7528325524414,-138.12865843399177,-3.4449105515958536,-0.1531028214899379,-0.0121952794985418,957.535713997147,-98.8189604228412,0.0,-0.006018220418241,-0.0885074529098801,-0.0885074529098801,52.62977082200951,-0.0017004313720008,-1000.0,1000.0,-693.2471674475586,384.3469833529093,-3.3191230078479066,-0.1475124215165806,-0.0117499807801095,42.46428600285299,-385.6262087752268,-1000.0,-0.005798470978334, Neutralism,Healthy
SRR13077755.bin.31.fbc2XSRR13077755.bin.32.fbc2 ,-0.1883960076116864,-0.1883960076116864,1000.0,-0.0036195198388213,1000.0,-1000.0,-755.4150952692437,-42.29390834087201,-7.065049359030127,-0.3139933460195152,-0.0250108820863488,19.691619648006963,-517.1340749714936,1000.0,-0.012342562650474,-0.0902854143106424,-0.0902854143106424,0.0,-0.0017345900923828,-1000.0,999.8645632055836,-244.5849047307563,-957.706091659128,-3.3857984391048603,-0.1504756905177373,-0.0119860175386747,980.308380351993,-0.150493036418652,-999.8645632055836,-0.005914952215221, Neutralism,Healthy
SRR13077755.bin.54.fbc2XSRR13077755.bin.8.fbc2 ,-0.0916692053527867,-0.0916692053527867,2.444441695705564,-0.0017611758953535,0.0,0.0,0.0,-69.84673900994164,-3.4376920654041214,-0.1527820089213492,-0.01216972543682,961.4220701651656,-150.52430059639858,0.0,-0.0060056098030827,-0.1658780161025106,-0.1658780161026243,997.5555583042944,-0.0031868975236193,-1000.0,1000.0,1000.0,-84.52248201882185,-6.220600883209954,-0.2764633601709647,-0.0220214618880163,9.511247855674696,40.27876776441212,-1000.0,-0.0108673205554623, Neutralism,Healthy
SRR13077755.bin.6.fbc2XSRR13077755.bin.41.fbc2 ,-0.0217560207080396,-0.0217560207080396,16.489726150788215,-0.0004179831067858,-1000.0,999.9673638790224,572.9374871592836,-1000.0,-0.8158737656241328,-0.0362600345134751,-0.0028882632678914,973.5582465506124,0.0,-999.9673638790224,-0.0014253223940841,-0.0990699005711803,-0.0990699005711803,983.510273849212,-0.0019033602414992,1000.0,-1000.0,427.0625128407164,548.0248689501614,-3.715225956233894,-0.1651165009520809,-0.0131522192689317,26.441753449387534,-500.2394427183835,1000.0,-0.0064904584236273, Amensalism,Healthy
SRR13077755.bin.21.fbc2XSRR13077755.bin.8.fbc2 ,-0.0816054887999371,-0.0816054887999371,189.9557690488341,-0.0015678287953733,-1000.0,999.877583927656,0.0,1000.0,-3.060292060579968,-0.1360091479998573,-0.0108336969760785,892.4882977423488,-524.9130467712073,-999.877583927656,-0.005346296192215,-0.151603405380797,-0.1516034053809107,810.0442309511659,-0.0029126494789579,1000.0,-1000.0,1000.0,-61.63113755611335,-5.685287897503258,-0.2526723423013663,-0.0201264078997382,12.297948825866117,21.200635575160614,1000.0,-0.0099321347232717, Amensalism,Healthy
SRR13077755.bin.54.fbc2XSRR13077755.bin.42.fbc2 ,-0.0918616928939854,-0.0918616928939854,997.1036605632372,-0.0017648740229105,0.0,0.0,586.1404770661825,-273.0941741658413,-3.4449105515958536,-0.1531028214899379,-0.0121952794985418,254.1929969689836,-172.9260043529431,0.0,-0.006018220418241,-0.0854949644156022,-0.0854949644156022,2.8963394367626734,-0.0016425545517222,-1000.0,1000.0,99.73743391678909,-14.174915820145202,-3.206151506084666,-0.1424916073592612,-0.0113500519521494,4.022320437275084,-491.0279620527069,-1000.0,-0.0056011110212921, Neutralism,Healthy
SRR13077755.bin.54.fbc2XSRR13077755.bin.28.fbc2 ,-0.0918616928939854,-0.0918616928939854,603.5303909293866,-0.0017648740229105,1000.0,-1000.0,-185.6454746112996,-903.9910628756046,-3.4449105515958536,-0.1531028214899379,-0.0121952794985418,893.5741292717416,-144.7538839220599,1000.0,-0.006018220418241,-0.08745539948859,-0.08745539948859,396.4696090706134,-0.0016802190103817,-361.2567657861992,1000.0,533.7828617301961,238.5052685828814,-3.279669892868924,-0.1457589991476879,-0.0116103133615297,106.42587072825836,-855.2461160779401,-1000.0,-0.0057295468252505, Neutralism,Healthy
SRR13077755.bin.54.fbc2XSRR13077755.bin.13.fbc2 ,-0.0918616928939854,-0.0918616928939854,920.7556650236236,-0.0017648740229105,-1000.0,1000.0,918.740590139595,-723.8362832284802,-3.4449105515958536,-0.1531028214899379,-0.0121952794985418,721.6621525683624,-98.8189604228412,-1000.0,-0.006018220418241,-0.1380666201761187,-0.1380666201761187,38.29655039628096,-0.0026525767565317,1000.0,-1000.0,-1000.0,-276.16371677151983,-5.17764414832584,-0.2301110336268266,-0.0183293053873967,278.3378474316376,-899.6974139427011,1000.0,-0.0090452867397061, Neutralism,Healthy
SRR13077755.bin.45.fbc2XSRR13077755.bin.35.fbc2 ,-0.2265720248033176,-0.2265720248033176,11.892621541197627,-0.0043529687762884,-1000.0,999.6601201979512,899.4728343106012,604.3829716008681,-8.496690343407863,-0.3776200413389006,-0.0300790142438245,1000.0,-999.86255568764,-999.6601201979512,-0.0148436235269855,-0.0824570822768464,-0.0824570822768464,988.1073784588024,-0.0015841898612052,999.8763064556356,-1000.0,-874.036269319269,-1000.0,-3.0922277158230145,-0.1374284704613728,-0.0109467519411055,0.0,-0.1374443123600031,1000.0,-0.0054020874267735, Amensalism,Healthy
SRR13077755.bin.13.fbc2XSRR13077755.bin.42.fbc2 ,-0.1380677426925558,-0.1380677426925558,38.29686175690267,-0.0026525983225837,0.0,280.16670420309765,-1000.0,-228.4905150861032,-5.177686243879748,-0.2301129044876688,-0.0183294544093541,510.20916208148446,-887.7818018420363,-280.16670420309765,-0.0090453602801972,-0.0853946838930141,-0.0853946838930141,1.7200015120025682,-0.001640627932602,1000.0,-1000.0,0.0,-771.5094849138968,-3.2023908805236942,-0.1423244731549857,-0.0113367390143821,2.5151154332688748,-112.21819815796368,1000.0,-0.0055945412502751, Neutralism,Healthy
SRR13077755.bin.35.fbc2XSRR13077755.bin.21.fbc2 ,-0.0037037364096477,-0.0037037364096477,44.37655225545768,-7.115727976270136e-05,-1000.0,999.9944440395992,-39.26561695349358,-44.91714122525104,-0.1388940290122491,-0.0061728940161174,-0.0004916968028965,0.0384384509344499,-0.0061736055888559,-999.9944440395992,-0.0002426463238407,-0.1515451537147782,-0.1515451537147782,955.6234477445424,-0.0029115303307207,0.0,-0.2273322882236925,673.8479627012259,1000.0,-5.683103398470507,-0.2525752561912213,-0.0201186745853192,999.9615615490656,-751.7674663237498,0.2273322882236925,-0.0099283184277965, Amensalism,Healthy
SRR13077755.bin.19.fbc2XSRR13077755.bin.42.fbc2 ,-0.150691600292248,-0.150691600292248,999.9207564298345,-0.0028951316098755,-1000.0,1000.0,720.9218467419473,992.9877470798132,-5.651094243197122,-0.2511526671537467,-0.0200053594239761,-33.168869588432926,-376.9467620184196,-1000.0,-0.0098723987895255,-0.0852548124662462,-0.0852548124662462,0.0792435701655449,-0.0016379406813484,0.0,0.0,279.0781532580527,-558.6405823743047,-3.197145554222743,-0.1420913541104482,-0.0113181701084386,4.148936504770859,-219.9774335559988,0.0,-0.0055853777234915, Neutralism,Healthy
SRR13077755.bin.13.fbc2XSRR13077755.bin.45.fbc2 ,-0.1380677426925558,-0.1380677426925558,38.2968617569029,-0.0026525983225837,999.7928851229694,-1000.0,-1000.0,-89.69204182305793,-5.177686243879748,-0.2301129044876688,-0.0183294544093541,0.0,-851.6937472492556,1000.0,-0.0090453602801972,-0.2342244679883833,-0.2342244679883833,961.7031382430972,-0.0044999897788784,-1000.0,999.6486407980684,1000.0,189.4202341977434,-8.783665049003389,-0.3903741133140102,-0.0310949293717612,1000.0,-148.30625275074442,-999.6486407980684,-0.0153449651458004, Amensalism,Healthy
SRR13077755.bin.42.fbc2XSRR13077755.bin.6.fbc2 ,-0.0854949644156022,-0.0854949644156022,2.8963394367626734,-0.0016425545517222,1000.0,-1000.0,1000.0,0.0,-3.206151506084666,-0.1424916073592612,-0.0113500519521494,5.023322747059069,-499.2934091680629,1000.0,-0.0056011110212921,-0.0217799982307269,-0.0217799982307269,997.1036605632372,-0.0004184437700587,-1000.0,999.967327910435,-1000.0,-1000.0,-0.8167729480599064,-0.0362999970511737,-0.0028914464510307,994.976677252941,0.0,-999.9673279104352,-0.0014268932558252, Neutralism,Healthy
SRR13077755.bin.49.fbc2XSRR13077755.bin.19.fbc2 ,0.0,0.0,0.0,0.0,-1000.0,1000.0,-500.0,0.0,0.0,0.0,0.0,0.0,0.0,-1000.0,0.0,-0.1506984242242879,-0.1506984242242879,1000.0,-0.0028952627131957,0.0,0.0,1000.0,1000.0,-5.651350147861081,-0.2511640403738511,-0.0200062653484565,-31.510533834329635,-489.0370841172257,0.0,-0.0098728458522145, Amensalism,Healthy
SRR13077755.bin.28.fbc2XSRR13077755.bin.27.fbc2 ,-0.0607057394068988,-0.0607057394068988,57.95310584925664,-0.0011662966264793,-0.4460442078359392,1000.0,556.6222055710004,-196.83290840078823,-2.276529374073334,-0.1011762323448692,-0.0080591096888156,-10.251933953986509,-796.1777363952172,-1000.0,-0.0039770714962514,-0.0991551778819257,-0.0991551778819257,942.0468941507434,-0.0019049986144636,1000.0,-1000.0,-561.9778262849984,-303.16014600404594,-3.7184239454973063,-0.1652586298032474,-0.0131635404258076,239.68491589616883,-0.0371855729540584,1000.0,-0.0064960452752984, Competition,Healthy
SRR13077755.bin.37.fbc2XSRR13077755.bin.49.fbc2 ,-0.0865284081976369,-0.0865284081976369,12.01985984065834,-0.001662409379378,-1000.0,999.8701990756568,66.47283822978761,-24.81766077449936,-3.244906739928183,-0.144214013662804,-0.0114872488115906,20.616037436727996,-100.89418587249328,-999.8701990756566,-0.0056688159837676,-0.043021152008464,-0.043021152008464,502.9357854979714,-0.000826535101055,1000.0,-1000.0,264.40282166081306,-975.1823392255006,-1.6133386597482513,-0.0717019200141066,-0.0057113575480798,979.383962563272,-0.0878441505371938,1000.0,-0.0028184846945578, Amensalism,Healthy
SRR13077755.bin.37.fbc2XSRR13077755.bin.54.fbc2 ,-0.1259768507278522,-0.1259768507278522,476.7340282988048,-0.0024203045288686,-1000.0,999.8110226223856,-798.6528659564846,-947.9353372567878,-4.724265019042832,-0.2099614178797537,-0.0167243042944846,931.794197270826,-100.98096152707478,-999.8110226223856,-0.0082532384434443,-0.0916691332405434,-0.0916691332405434,523.2659717011952,-0.001761174509852,1000.0,-1000.0,310.7539970690516,-52.06466274321224,-3.4376893611164405,-0.1527818887341254,-0.0121697158634788,68.20580272917414,-398.8214361073685,1000.0,-0.0060056050788261, Neutralism,Healthy
SRR13077755.bin.32.fbc2XSRR13077755.bin.49.fbc2 ,-0.0876705166931515,-0.0876705166931515,-696.5849855932624,-0.0016843519057374,-1000.0,999.8684858032008,-376.5001874138076,-57.44639942115271,-3.287737015348512,-0.146117527821957,-0.0116388716685378,-0.1929818123439872,-0.1461343713409633,-999.8684858032008,-0.0057436399985135,-0.0415816846872303,-0.0415816846872303,486.1127539348258,-0.0007988796289737,1000.0,-1000.0,235.8868098421931,-942.5536005788472,-1.5593571141523626,-0.0693028078121642,-0.0055202582360607,466.2940801948614,-0.0849049269656916,1000.0,-0.0027241795347663, Neutralism,Healthy
SRR13077755.bin.33.fbc2XSRR13077755.bin.3.fbc2 ,-0.0014872136798658,-0.0014872136798658,25.962464539509256,-2.857278923329432e-05,-1000.0,999.9977690366164,-32.92298311415402,-17.250121898230645,-0.0557720844990399,-0.002478689466443,-0.0001974379736111,34.50106719281439,-8.821327616976987,-999.9977690366162,-9.743321129462856e-05,-0.1947294270544262,-0.1947294270544262,974.0375354604907,-0.0037411993670275,1000.0,-1000.0,867.5587606440024,971.7429456527032,-7.302559280507808,-0.3245490450907482,-0.0258516876263001,-52.01651363952374,-988.2783360271438,1000.0,-0.0127574898416469, Amensalism,Healthy
SRR13077755.bin.42.fbc2XSRR13077755.bin.27.fbc2 ,-0.0854949644156022,-0.0854949644156022,2.896339436762787,-0.0016425545517222,0.0,0.0,-54.02006182004095,-311.6502233308896,-3.206151506084666,-0.1424916073592612,-0.0113500519521494,4.022320437275084,-342.2903082973347,0.0,-0.0056011110212921,-0.116147620525453,-0.116147620525453,997.1036605632372,-0.0022314624500268,-1000.0,1000.0,145.0193022754204,-688.3497766691104,-4.355658500139839,-0.1935793675424975,-0.015419405529883,618.6672133626766,-57.122141322261314,-1000.0,-0.0076092869546755, Neutralism,Healthy
SRR13077755.bin.20.fbc2XSRR13077755.bin.33.fbc2 ,-0.0868286551844903,-0.0868286551844903,305.88262764220303,-0.0016681778133715,-1000.0,999.8697486763344,1000.0,-81.55460782210139,-3.2561663191963817,-0.1447144253073702,-0.0115271086901884,2.383000347247844,-999.9337235590468,-999.8697486763344,-0.0056884863435016,-0.039761281138908,-0.039761281138908,694.117372357797,-0.0007639054973651,0.0,-0.0596457412359541,-878.578571460525,-461.1892398208229,-1.49109005751302,-0.066268801898218,-0.0052785869869467,922.400493488312,-0.0662764409531746,0.0596457412359541,-0.0026049177461118, Neutralism,Healthy
SRR13077755.bin.27.fbc2XSRR13077755.bin.41.fbc2 ,-0.1135730479918493,-0.1135730479918493,958.647228059178,-0.0021819990007543,-1000.0,1000.0,984.3898578143658,-663.8859935324093,-4.259109309637665,-0.189288413319673,-0.0150776130955136,597.7292474967358,-500.04259262049567,-1000.0,-0.007440616592703,-0.0597630863483118,-0.0597630863483118,41.35277194082187,-0.0011481860969979,1000.0,-1000.0,15.610142185634118,1000.0,-2.241178888298577,-0.0996051439138909,-0.0079339659301922,27.264184074919054,-442.58362269550014,1000.0,-0.0039153145906993, Amensalism,Healthy
SRR13077755.bin.34.fbc2XSRR13077755.bin.42.fbc2 ,-0.0885074529098801,-0.0885074529098801,47.75671427301086,-0.0017004313720008,-1000.0,1000.0,637.2005312624885,-40.79007244860736,-3.3191230078479066,-0.1475124215165806,-0.0117499807801095,35.44906568820511,-287.9549256539249,-1000.0,-0.005798470978334,-0.0854949411550478,-0.0854949411550478,2.8960665797389997,-0.0016425541048192,0.0,0.0,99.68803457297372,-14.207146596607572,-3.20615063379023,-0.1424915685917085,-0.0113500488641875,4.0223193429262665,-491.01249334113305,0.0,-0.0056011094974337, Neutralism,Healthy
SRR13077755.bin.6.fbc2XSRR13077755.bin.3.fbc2 ,-0.0178515000084189,-0.0178515000084189,9.34714251165883,-0.000342968299833,-1000.0,999.9732210351458,144.09551020170534,-825.8916167807657,-0.6694501135709743,-0.0297525000139557,-0.0023699109520975,1000.0,0.0,-999.973221035146,-0.0011695219025114,-0.1956758974930608,-0.1956758974930608,990.6528574883412,-0.0037593832371385,1000.0,-1000.0,855.9044897982947,1000.0,-7.338052922067504,-0.326126495821768,-0.0259773381686727,-52.26933671420102,-999.8742486307178,1000.0,-0.0128194968386878, Amensalism,Healthy
SRR13077755.bin.43.fbc2XSRR13077755.bin.27.fbc2 ,-0.0866362682388626,-0.0866362682388626,331.96143706793373,-0.001664481618377,-1000.0,1000.0,782.6438148875623,-23.87738829185309,-3.248951605446564,-0.1443937803981043,-0.0115015679832595,-0.499336163118528,-500.17690110640586,-1000.0,-0.0056758823187692,-0.0835664473131601,-0.0835664473131601,668.0385629320663,-0.001605503310543,0.0,0.0,217.356185112438,-551.7532774224821,-3.1338300769266425,-0.1392774121886759,-0.0110940278757425,505.4230275649652,-0.0241788798566631,0.0,-0.0054747662888985, Amensalism,Healthy
SRR13077755.bin.42.fbc2XSRR13077755.bin.33.fbc2 ,-0.0854949644156022,-0.0854949644156022,2.8963394367629007,-0.0016425545517222,1000.0,-1000.0,-99.84293108584552,-405.5983831393522,-3.206151506084666,-0.1424916073592612,-0.0113500519521494,3.692387074694921,-294.98629503052314,1000.0,-0.0056011110212921,-0.043165324978645,-0.043165324978645,760.731827662973,-0.0008293049947951,-905.4819612165472,1000.0,-900.1570689141545,-594.4016168606478,-1.6187452984719355,-0.0719422082976279,-0.0057304975139231,996.307612925305,-23.71764823070896,-1000.0,-0.0028279300322537, Neutralism,Healthy
SRR13077755.bin.43.fbc2XSRR13077755.bin.35.fbc2 ,-0.0866362682388626,-0.0866362682388626,331.9614370679333,-0.001664481618377,-1000.0,1000.0,782.643814887562,-23.87738829185298,-3.248951605446564,-0.1443937803981043,-0.0115015679832595,-0.499336163118528,-500.1769011064059,-1000.0,-0.0056758823187692,-0.0557555425743885,-0.0557555425743885,668.0385629320667,-0.0010711919802588,999.9163613301783,-1000.0,-1000.0,-976.122611708147,-2.090891762096817,-0.0929259042906096,-0.0074019365838466,0.5786471958352877,-0.0929366162104088,1000.0,-0.0036527646527702, Amensalism,Healthy
SRR13077755.bin.34.fbc2XSRR13077755.bin.18.fbc2 ,-0.0882967203800717,-0.0882967203800717,28.595343375861376,-0.0016963827162044,-1000.0,1000.0,-1000.0,413.8433872911965,-3.311220315300829,-0.1471612006333771,-0.011722004569151,18.697956806326943,-386.29499957950566,-1000.0,-0.0057846650623787,-0.2553190696170304,-0.2553190696170304,971.4046566241386,-0.0049052655065224,0.0,0.0,698.1520216711515,585.2927811545715,-9.57473490023972,-0.4255317826949749,-0.03389538465035,981.302043193673,-613.7050004204943,0.0,-0.0167269553774076, Neutralism,Healthy
SRR13077755.bin.23.fbc2XSRR13077755.bin.49.fbc2 ,-0.1776654433066369,-0.1776654433066369,1000.0,-0.0034133610625985,-1000.0,1000.0,1000.0,758.3685629173033,-6.662641858859047,-0.2961090721778419,-0.0235863249423573,1000.0,-1000.0,-1000.0,-0.0116395612233191,0.0,0.0,0.0,0.0,0.0,0.0,-500.0,0.0,0.0,0.0,0.0,0.0,0.0,0.0,0.0, Amensalism,Healthy
SRR13077755.bin.49.fbc2XSRR13077755.bin.27.fbc2 ,-0.0047392981175562,-0.0047392981175562,55.36937765681751,-9.105279764298756e-05,-1000.0,1000.0,-1000.0,-107.5682654863068,-0.1777286873136745,-0.0078988301960407,-0.0006291748317153,137.49109809418906,-0.0096770913340833,-1000.0,-0.0003104900399648,-0.1125749929508401,-0.1125749929508401,944.6306223431824,-0.0021628240721156,0.0,0.0,0.0,-645.9477276518375,-4.221681190979552,-0.1876249882514002,-0.0149451143379337,588.7483845476497,-149.26536370070096,0.0,-0.0073752300856995, Amensalism,Healthy
SRR13077755.bin.42.fbc2XSRR13077755.bin.8.fbc2 ,-0.0854949644156022,-0.0854949644156022,2.8963394367629007,-0.0016425545517222,0.0,0.0,0.0,-916.0709587176148,-3.206151506084666,-0.1424916073592612,-0.0113500519521494,716.4831794640811,-396.3103701173753,0.0,-0.0056011110212921,-0.1658902892156675,-0.1658902892156675,997.1036605632372,-0.0031871333183062,-1000.0,1000.0,1000.0,-83.92904128238513,-6.221061137919151,-0.27648381535937,-0.0220230912292436,9.511951581359426,39.6820534892604,-1000.0,-0.0108681246152855, Neutralism,Healthy
SRR13077755.bin.19.fbc2XSRR13077755.bin.18.fbc2 ,-0.133019704048138,-0.133019704048138,797.1624801019925,-0.0025556139106583,0.0,0.0,738.2765874341469,58.20800929711277,-4.988379460568694,-0.2216995067468588,-0.0176592921224028,-31.30545260872032,-492.9939163900666,0.0,-0.0087146434352689,-0.2132091142145782,-0.2132091142145782,202.83751989800749,-0.0040962365843597,-1000.0,1000.0,261.7234125658531,941.7919907028872,-7.995567076058137,-0.3553485236909637,-0.028304994797736,1000.0,-500.07995853812616,-1000.0,-0.0139681667525337, Competition,Healthy
SRR13077755.bin.42.fbc2XSRR13077755.bin.3.fbc2 ,-0.0853946838930141,-0.0853946838930141,1.720001512002682,-0.001640627932602,-1000.0,1000.0,-382.6005042109008,-1000.0,-3.2023908805236942,-0.1423244731549857,-0.0113367390143821,2.5151154332688748,0.0,-1000.0,-0.0055945412502751,-0.1958687039252709,-0.1958687039252709,998.2799984879972,-0.0037630874913929,0.0,0.0,844.1848137981053,986.7622609003422,-7.345283367009301,-0.3264478398754136,-0.0260029345653265,-40.86631294540655,-1000.0,0.0,-0.0128321283455079, Neutralism,Healthy
SRR13077755.bin.31.fbc2XSRR13077755.bin.33.fbc2 ,-0.1880461497245278,-0.1880461497245278,983.2866894315777,-0.0036127982656353,1000.0,-1000.0,-978.80586256407,147.61976844938908,-7.051929318572434,-0.313410249540766,-0.0249644360152387,44.56242148686806,-521.4193596531834,1000.0,-0.0123196420856857,-0.0009573923182415,-0.0009573923182415,16.713310568422457,-1.8393704522168264e-05,-1000.0,999.998563819554,-21.19413743592986,-11.104748710952435,-0.0359032235888889,-0.0015956538637738,-0.0001271004979344,22.21002748248395,-0.001595837800778,-999.998563819554,-6.272253233419178e-05, Amensalism,Healthy
SRR13077755.bin.26.fbc2XSRR13077755.bin.21.fbc2 ,-0.0894985820019655,-0.0894985820019655,13.146542141039047,-0.0017194732373582,999.8657435296308,-1000.0,-97.36358810032924,-830.3263435092267,-3.356291396103302,-0.1491643033366472,-0.0118815600698098,-6.818387712075946,-486.9160005251306,1000.0,-0.0058634037392266,-0.1540835023341742,-0.1540835023341742,986.8534578589612,-0.0029602978354432,-1000.0,999.7688599450094,432.7965651531436,1000.0,-5.778294153913862,-0.2568058372237374,-0.0204556580428061,1000.0,-393.92968644738073,-999.7688599450096,-0.0100946156188683, Neutralism,Healthy
SRR13077755.bin.14.fbc2XSRR13077755.bin.18.fbc2 ,-0.0872579166987179,-0.0872579166987179,1000.0,-0.0016764249126026,-1000.0,999.8691047428274,-812.6920012994585,-1000.0,-3.2722640795719826,-0.1454298611645299,-0.0115840961458388,0.0,-499.9213524436472,-999.8691047428274,-0.0057166089518432,-0.2097133866885769,-0.2097133866885769,0.0,-0.0040290756328431,1000.0,-1000.0,1000.0,1000.0,-7.864473599982148,-0.3495223111476662,-0.027840912622878,1000.0,-500.0786475563528,1000.0,-0.0137391479079269, Amensalism,Healthy
SRR13077755.bin.18.fbc2XSRR13077755.bin.33.fbc2 ,-0.2347102004899852,-0.2347102004899852,489.40424334836825,-0.0045093218153624,1000.0,-1000.0,1000.0,1000.0,-8.801880531075199,-0.3911836674833466,-0.0311594137442625,321.4781870266602,-500.088021961836,1000.0,-0.0153767873904371,-0.0292485712604957,-0.0292485712604957,510.59575665163175,-0.000561932204846,-339.2966854125666,1000.0,-317.11252657069224,-1000.0,-1.0968523285413312,-0.0487476187676065,-0.0038829515352745,678.5218129733398,-338.6731182634426,-1000.0,-0.0019161888184271, Amensalism,Healthy
SRR13077766.bin.34.fbc2XSRR13077766.bin.10.fbc2 ,-0.1455939392408254,-0.1455939392408254,35.59683702833104,-0.002797193837523,-1000.0,999.8065460742,139.41102565829055,1000.0,-5.459926567193293,-0.2426565654013757,-0.0193286094170161,-20.72888465203277,-384.4151487410591,-999.8065460742,-0.009538430985799,-0.0858162965246265,-0.0858162965246265,673.0934833624533,-0.0016487280792034,999.8712673115728,-1000.0,860.5889743417094,0.0,-3.218201799716894,-0.1430271608743396,-0.0113927110276108,1000.0,-500.1430436481551,1000.0,-0.0056221627502281, Neutralism,Healthy
SRR13077766.bin.34.fbc2XSRR13077766.bin.3.fbc2 ,-0.1455939392408254,-0.1455939392408254,35.59683702833104,-0.002797193837523,999.8065460742,-1000.0,1000.0,1000.0,-5.459926567193293,-0.2426565654013757,-0.0193286094170161,-20.72888465203277,-384.4151487410578,1000.0,-0.009538430985799,-0.0475860848425782,-0.0475860848425782,529.1648211504048,-0.0009142379412878,-1000.0,999.9286163015464,-1000.0,-999.7110550986644,-1.7845284646855362,-0.0793101414043349,-0.0063173841741672,1000.0,-0.079319283783775,-999.9286163015464,-0.0031175513796597, Neutralism,Healthy
SRR13077766.bin.10.fbc2XSRR13077766.bin.33.fbc2 ,-0.0858162965246265,-0.0858162965246265,283.99102151118973,-0.0016487280792034,-1000.0,999.8712673115728,965.2081756839052,480.0578564198249,-3.218201799716894,-0.1430271608743396,-0.0113927110276108,982.013387573296,-500.1430436481551,-999.8712673115728,-0.0056221627502281,-0.0451623977302233,-0.0451623977302233,24.549871599671405,-0.0008676733473294,1000.0,-1000.0,34.79182431609479,-22.97802457203204,-1.693637636917174,-0.0752706628836676,-0.0059956228302553,17.986612426703914,-499.8569563518449,1000.0,-0.0029587661144887, Neutralism,Healthy
SRR13077766.bin.10.fbc2XSRR13077766.bin.38.fbc2 ,-0.0858162965246265,-0.0858162965246265,330.67999700106543,-0.0016487280792034,-1000.0,1000.0,157.07084944768644,1000.0,-3.218201799716894,-0.1430271608743396,-0.0113927110276108,989.2151665436718,-643.6191647559178,-1000.0,-0.0056221627502281,-0.0860732567495006,-0.0860732567495006,2.9194874587356026,-0.001653664875107,999.7598382501878,-1000.0,842.9291505523136,-39.630889027793614,-3.2278380796728925,-0.1434554279157964,-0.0114268242870139,10.784833456328217,-356.38083524408216,1000.0,-0.0056389972240822, Neutralism,Healthy
SRR13077766.bin.13.fbc2XSRR13077766.bin.16.fbc2 ,-0.0876468552106644,-0.0876468552106644,202.281292121188,-0.0016838973143649,-1000.0,1000.0,492.7323316665352,-42.46379839680844,-3.286849684750905,-0.1460780920176603,-0.0116357304419807,32.94516469222981,-284.3788865853494,-1000.0,-0.005742089841874,-0.1261057659756943,-0.1261057659756943,797.718707878812,-0.002422781286782,999.8108292371298,-1000.0,-348.3605735434404,-472.3053243882928,-4.729099477061254,-0.2101762766262709,-0.0167414186914811,903.8606601665484,-440.7032038946216,1000.0,-0.0082616841878007, Neutralism,Healthy
SRR13077766.bin.7.fbc2XSRR13077766.bin.38.fbc2 ,-0.0867218067406838,-0.0867218067406838,655.1687228548246,-0.0016661250094784,-1000.0,999.869908959264,0.0,-325.8441898249579,-3.2521593896491368,-0.1445363445677685,-0.0115129238151894,667.4554397091347,-711.3903057624792,-999.869908959264,-0.0056814862821283,-0.0860732567495006,-0.0860732567495006,344.83127714517536,-0.001653664875107,999.7598382501878,-1000.0,1000.0,-674.1558101750421,-3.2278380796728925,-0.1434554279157964,-0.0114268242870139,316.19855797795344,-288.6096942375208,1000.0,-0.0056389972240822, Neutralism,Healthy
SRR13077766.bin.17.fbc2XSRR13077766.bin.7.fbc2 ,-0.082524228739885,-0.082524228739885,993.3150232859298,-0.0015854798989494,1000.0,-1000.0,1000.0,-958.7384252490627,-3.0947457791385204,-0.137540381233066,-0.0109556661016085,95.23346445047036,-496.0200456673975,1000.0,-0.0054064864553993,-0.0867218067406838,-0.0867218067406838,6.684976714070103,-0.0016661250094784,-0.1300910407360334,0.0,0.0,-41.26157475093714,-3.2521593896491368,-0.1445363445677685,-0.0115129238151894,-3.953581357367284,-502.442072748816,0.0,-0.0056814862821283, Neutralism,Healthy
SRR13077766.bin.10.fbc2XSRR13077766.bin.24.fbc2 ,-0.0842000880420528,-0.0842000880420528,7.304313151532028,-0.0016176770036508,-1000.0,999.8736917795518,579.1184910816041,952.428094441356,-3.1575922738128384,-0.1403334800701259,-0.0111781480954959,6.986264586200718,-500.14034965684016,-999.873691779552,-0.0055162785826041,-0.1807054669304761,-0.1807054669304761,992.695686848468,-0.0034717668959274,1000.0,-876.8286540680301,0.0,-125.15991325400728,-6.776645957071764,-0.3011757782174982,-0.0239899092505311,993.0137354137992,-499.85965034315984,876.8286540680301,-0.0118387251148988, Neutralism,Healthy
SRR13077766.bin.39.fbc2XSRR13077766.bin.24.fbc2 ,-0.0866596049083909,-0.0866596049083909,13.227554146659486,-0.0016649299693654,-1000.0,999.8700022679876,-54.7115607244524,1000.0,-3.249826755214144,-0.144432674847394,-0.0115046660887401,12.91045097319784,-570.7887690787879,-999.8700022679876,-0.0056774111957338,-0.1801683241861837,-0.1801683241861837,986.7724458533404,-0.0034614471505847,1000.0,-877.1947779927534,-747.8182149106339,-124.78787835975618,-6.756502536574885,-0.3002805403102684,-0.0239185998102584,987.0895490268022,-388.3078803571168,877.1947779927534,-0.0118035347833256, Neutralism,Healthy
SRR13077766.bin.16.fbc2XSRR13077766.bin.24.fbc2 ,-0.0914232663448046,-0.0914232663448046,28.2703222108953,-0.001756450842322,-1000.0,999.8628563182284,96.39193099423936,-13.703548791243977,-3.428469092726914,-0.1523721105746744,-0.012137075320652,27.95561997142113,-305.5303269718884,-999.8628563182284,-0.0059894973724112,-0.178804186929824,-0.178804186929824,971.7296777891048,-0.0034352389419609,1000.0,-222.3895313441427,-93.99253773181908,-451.7105826689197,-6.705345948010745,-0.2980069782164491,-0.0237375010890446,972.0443800285788,-694.4696730281116,222.3895313441426,-0.0117141647921243, Amensalism,Healthy
SRR13077766.bin.7.fbc2XSRR13077766.bin.29.fbc2 ,-0.0867218067406838,-0.0867218067406838,63.57227285877161,-0.0016661250094784,-1000.0,999.869908959264,1000.0,0.0,-3.2521593896491368,-0.1445363445677685,-0.0115129238151894,48.65791902982164,-508.70831739092847,-999.869908959264,-0.0056814862821283,-0.0855209991021865,-0.0855209991021865,659.471246971018,-0.0016430547377694,1000.0,-1000.0,0.0,-1000.0,-3.2071278343413496,-0.1425349985036064,-0.0113535082381304,951.3420809701784,-312.2130346524553,1000.0,-0.0056028166558235, Neutralism,Healthy
SRR13077766.bin.34.fbc2XSRR13077766.bin.22.fbc2 ,-0.1455939392408254,-0.1455939392408254,35.59683702833081,-0.002797193837523,-1000.0,999.8065460742,139.41102565829033,1000.0,-5.459926567193293,-0.2426565654013757,-0.0193286094170161,-20.72888465203277,-384.4151487410588,-999.8065460742,-0.009538430985799,-0.0207395821871614,-0.0207395821871614,558.536070137784,-0.0003984549891811,999.9688886344444,-1000.0,-1000.0,-4.81583856669431,-0.7777562470411112,-0.0345659703118599,-0.0027533239752983,439.8019900405229,0.0,1000.0,-0.0013587315131644, Neutralism,Healthy
SRR13077766.bin.13.fbc2XSRR13077766.bin.10.fbc2 ,-0.0876468552106644,-0.0876468552106644,644.0267658246566,-0.0016838973143649,-1000.0,1000.0,777.2779459282485,-650.0390716000028,-3.286849684750905,-0.1460780920176603,-0.0116357304419807,499.7358395402816,-499.824773179738,-1000.0,-0.005742089841874,-0.0858162965246265,-0.0858162965246265,355.9732341753433,-0.0016487280792034,1000.0,-1000.0,202.06154551060376,595.4662091830182,-3.218201799716894,-0.1430271608743396,-0.0113927110276108,500.2641604597184,-500.175226820262,1000.0,-0.0056221627502281, Neutralism,Healthy
SRR13077766.bin.33.fbc2XSRR13077766.bin.24.fbc2 ,-0.0445375129995682,-0.0445375129995682,9.22772882085917,-0.0008556678769764,1000.0,-1000.0,1000.0,-7.627716165253901,-1.6702037992158694,-0.0742291883325378,-0.0059126650303369,8.909987246503988,-501.9040987722952,1000.0,-0.002917827460692,-0.1805310440474841,-0.1805310440474841,990.7722711791408,-0.0034684158318896,-876.9475431178445,1000.0,-747.3105155549223,-125.039104773359,-6.770104914650915,-0.3008850734124735,-0.0239667533979854,991.090012753496,-498.0959012277048,-1000.0,-0.0118272979865423, Neutralism,Healthy
SRR13077766.bin.39.fbc2XSRR13077766.bin.38.fbc2 ,-0.0894533072726062,-0.0894533072726062,90.35985338319348,-0.001718603405834,-1000.0,999.865811446074,-33.88499086825584,1000.0,-3.354593545912053,-0.1490888454544574,-0.0118755495341247,972.8483624964392,-531.4242085816389,-999.865811446074,-0.0058604376138191,-0.0860732567495006,-0.0860732567495006,2.9194874587356026,-0.001653664875107,999.7598382501878,-1000.0,709.4536141753442,-39.6308890277935,-3.2278380796728925,-0.1434554279157964,-0.0114268242870139,27.151637503560774,-289.6430670555984,1000.0,-0.0056389972240822, Neutralism,Healthy
SRR13077766.bin.13.fbc2XSRR13077766.bin.8.fbc2 ,-0.0875090152779876,-0.0875090152779876,200.61516327875688,-0.0016812490927122,1000.0,-1000.0,-508.383701354516,-40.82434265766426,-3.281680541623132,-0.1458483587965702,-0.0116174312308885,32.893352687424795,-284.26865287384953,1000.0,-0.0057330594063387,-0.279521664298727,-0.279521664298727,799.3848367212431,-0.0053702529163501,-1000.0,999.5806906522872,-482.6400116717584,1000.0,-10.482357775111836,-0.4658694404978405,-0.0371084476523719,967.1066473125752,-715.7313471261505,-999.5806906522872,-0.0183125624449758, Neutralism,Healthy
SRR13077766.bin.13.fbc2XSRR13077766.bin.24.fbc2 ,-0.0875075440582122,-0.0875075440582122,200.597380030616,-0.0016812208272085,-1000.0,1000.0,-504.8708509937758,-40.82365631031371,-3.2816253693264343,-0.1458459067636113,-0.0116172359162192,34.087819847639366,-284.26747630611044,-1000.0,-0.0057329630209324,-0.163176892881097,-0.163176892881097,799.402619969384,-0.0031350027451253,1000.0,-42.61933102014393,-348.5226176516371,-959.1763436896864,-6.119305908191564,-0.2719614881351617,-0.0216628689684057,799.6898175708604,-596.9080095091402,42.61933102014382,-0.0106903593607512, Neutralism,Healthy
SRR13077766.bin.11.fbc2XSRR13077766.bin.24.fbc2 ,-0.1023029894529372,-0.1023029894529372,618.243147101932,-0.0019654753017448,1000.0,-1000.0,532.4755501067746,-443.471117781048,-3.836470205628075,-0.1705049824216757,-0.0135814343346964,618.0226087690587,-400.4799218972656,1000.0,-0.00670227077876,-0.1253031353132883,-0.1253031353132883,381.756852898068,-0.0024073609090464,-142.13245225067067,1000.0,177.68448437968527,-473.016843239206,-4.698999979097152,-0.2088385588554047,-0.0166348638811086,381.9773912309413,-599.5200781027344,-1000.0,-0.0082091006996734, Competition,Healthy
SRR13077766.bin.3.fbc2XSRR13077766.bin.38.fbc2 ,-0.0457256153584921,-0.0457256153584921,511.3173985466197,-0.0008784940511077,-1000.0,999.931407184492,-886.4586410292236,-960.3691109722064,-1.7147588931143218,-0.0762093589307824,-0.0060703938929691,964.2805574174438,-0.0762181438711877,-999.931407184492,-0.0029956647141489,-0.0860732567495006,-0.0860732567495006,2.9194874587356026,-0.001653664875107,999.7598382501878,-1000.0,1000.0,-39.63088902779373,-3.2278380796728925,-0.1434554279157964,-0.0114268242870139,27.15163750356237,-434.916259967925,1000.0,-0.0056389972240822, Neutralism,Healthy
SRR13077766.bin.7.fbc2XSRR13077766.bin.22.fbc2 ,-0.0867218067406838,-0.0867218067406838,981.0776164582256,-0.0016661250094784,-240.70031185914783,1000.0,1000.0,-659.4542649947626,-3.2521593896491368,-0.1445363445677685,-0.0115129238151894,-3.213072096927931,-692.299517544213,-1000.0,-0.0056814862821283,-0.0207395821871614,-0.0207395821871614,18.92238354177414,-0.0003984549891811,999.9688886344444,-1000.0,-122.39327230182164,-340.54573500523736,-0.7777562470411112,-0.0345659703118599,-0.0027533239752983,979.39990180352,0.0,1000.0,-0.0013587315131644, Neutralism,Healthy
SRR13077766.bin.16.fbc2XSRR13077766.bin.38.fbc2 ,-0.1350918992179686,-0.1350918992179686,997.0805125412644,-0.002595425537379,-1000.0,1000.0,-470.551097201316,1000.0,-5.066088969078464,-0.225153165363281,-0.0179343904629831,989.2151665436716,-534.0134031719628,-1000.0,-0.0088504010823271,-0.0860732567495006,-0.0860732567495006,2.9194874587356026,-0.001653664875107,999.7598382501878,-1000.0,1000.0,-39.6308890277935,-3.2278380796728925,-0.1434554279157964,-0.0114268242870139,10.784833456328442,-434.9162599679255,1000.0,-0.0056389972240822, Neutralism,Healthy
SRR13077766.bin.16.fbc2XSRR13077766.bin.22.fbc2 ,-0.1351166181962071,-0.1351166181962071,997.6289152841424,-0.0025959004456126,-1000.0,1000.0,345.2587365997683,85.91597847950243,-5.067015956883665,-0.225194363660421,-0.0179376720794834,11.36742395425506,-537.8198812647558,-1000.0,-0.0088520205197255,-0.0206947772077228,-0.0206947772077228,2.371084715857592,-0.0003975941826865,999.9689558462176,-1000.0,49.31882386584584,0.595323495060029,-0.7760760129693836,-0.0344912953462426,-0.0027473758021869,988.6325760457448,0.0,1000.0,-0.0013557961628976, Neutralism,Healthy
SRR13077766.bin.13.fbc2XSRR13077766.bin.3.fbc2 ,-0.0876468552106644,-0.0876468552106644,202.28135172580733,-0.0016838973143649,1000.0,-1000.0,493.5206523371583,-42.46379839680856,-3.286849684750905,-0.1460780920176603,-0.0116357304419807,32.94516469223004,-284.37897599227824,1000.0,-0.005742089841874,-0.0455907333399636,-0.0455907333399636,509.8091077943104,-0.0008759026578673,-1000.0,999.9316095204769,-883.8437537314915,-957.5362016031914,-1.7097006748955437,-0.0759845555666061,-0.0060524873656504,961.4361100125276,-0.0759933145932336,-999.9316095204769,-0.0029868280631717, Neutralism,Healthy
SRR13077766.bin.39.fbc2XSRR13077766.bin.16.fbc2 ,-0.08820396422675,-0.08820396422675,44.032706838501326,-0.001694600657629,-1000.0,999.8676855806566,940.9033732693732,517.8501413630784,-3.3077418615399665,-0.1470066070446591,-0.0117096905438529,950.9402810746768,-303.2745926975558,-999.8676855806566,-0.0057785882423786,-0.1332387414980758,-0.1332387414980758,955.9672931614988,-0.0025598221229756,1000.0,-1000.0,59.09662673062667,482.1498586369216,-4.996593596394405,-0.2220645691634217,-0.0176883708693367,49.05971892532307,-537.2942532946151,1000.0,-0.0087289934391492, Neutralism,Healthy
SRR13077766.bin.39.fbc2XSRR13077766.bin.34.fbc2 ,-0.0894533072726062,-0.0894533072726062,964.403162971669,-0.001718603405834,-1000.0,999.865811446074,0.0,0.0,-3.354593545912053,-0.1490888454544574,-0.0118755495341247,1000.0,-450.4967410318138,-999.865811446074,-0.0058604376138191,-0.1455939392408254,-0.1455939392408254,35.59683702833104,-0.002797193837523,999.8065460742,-1000.0,1000.0,1000.0,-5.459926567193293,-0.2426565654013757,-0.0193286094170161,-20.72888465203277,-384.4151487410588,1000.0,-0.009538430985799, Neutralism,Healthy
SRR13077766.bin.33.fbc2XSRR13077766.bin.16.fbc2 ,-0.0452420705576059,-0.0452420705576059,15.217126661408996,-0.0008692040453297,1000.0,-1000.0,-925.3856034190852,-22.925178466278453,-1.696625452131684,-0.0754034509293433,-0.0060061999529352,1000.0,-502.8575778352293,1000.0,-0.0029639857945085,-0.1345375893057507,-0.1345375893057507,984.7828733385908,-0.002584775971286,-488.3342809339322,1000.0,910.5126865298804,-977.0748215337215,-5.0453017616445095,-0.2242293155096604,-0.0178608019616604,0.0,-497.1424221647707,-1000.0,-0.0088140860621024, Neutralism,Healthy
SRR13077766.bin.3.fbc2XSRR13077766.bin.22.fbc2 ,-0.046173385985071,-0.046173385985071,513.4553854870842,-0.0008870967528764,-1000.0,999.9307354855388,-929.5394976171232,-970.0324070210384,-1.731550764761323,-0.0769556433084517,-0.0061298385620602,970.3127739497728,-0.0769645142759145,-999.9307354855388,-0.00302499992722,-0.0190156972450949,-0.0190156972450949,486.5446145129158,-0.0003653352016499,999.9714746274562,-1000.0,-70.46050238287671,-29.967592978961648,-0.7131087401263585,-0.031692828741825,-0.0025244662432442,29.68722605022731,0.0,1000.0,-0.001245793037583, Neutralism,Healthy
SRR13077766.bin.33.fbc2XSRR13077766.bin.22.fbc2 ,-0.0455501213232309,-0.0455501213232309,24.99706646467166,-0.0008751224077059,1000.0,-1000.0,41.482096058186016,-22.711771809081824,-1.7081776813531633,-0.0759168688720137,-0.0060470958375162,971.361641069634,-504.1482771152615,1000.0,-0.0029841674104318,-0.0207395821871614,-0.0207395821871614,975.0029335353285,-0.0003984549891811,-1000.0,999.9688886344444,-433.8246183956605,-4.018928588323092,-0.7777562470411112,-0.0345659703118599,-0.0027533239752983,22.54140430452037,-479.5936761560499,-999.9688886344444,-0.0013587315131644, Neutralism,Healthy
SRR13077766.bin.34.fbc2XSRR13077766.bin.38.fbc2 ,-0.1455939392408254,-0.1455939392408254,35.59683702833104,-0.002797193837523,-1000.0,999.8065460742,299.8235657303444,1000.0,-5.459926567193293,-0.2426565654013757,-0.0193286094170161,-20.72888465203277,-384.4151487410578,-999.8065460742,-0.009538430985799,-0.0860732567495006,-0.0860732567495006,2.9194874587356026,-0.001653664875107,999.7598382501878,-1000.0,700.1764342696556,-39.6308890277935,-3.2278380796728925,-0.1434554279157964,-0.0114268242870139,10.784833456328329,-285.00447710275307,1000.0,-0.0056389972240822, Neutralism,Healthy
SRR13077766.bin.29.fbc2XSRR13077766.bin.16.fbc2 ,-0.0853840445550986,-0.0853840445550986,2.3962650705914257,-0.0016404235265099,-1000.0,1000.0,-1000.0,-1000.0,-3.2019918941095966,-0.1423067409251643,-0.0113353265682007,692.5355004465473,148.12159941228265,-1000.0,-0.0055938442253591,-0.1351154832043448,-0.1351154832043448,997.6037349294086,-0.0025958786399087,1000.0,-1000.0,348.78790550327903,0.0,-5.066973393490116,-0.2251924720072793,-0.0179375214013362,46.38804602355731,-438.9670379296699,1000.0,-0.0088519461619398, Neutralism,Healthy
SRR13077766.bin.34.fbc2XSRR13077766.bin.16.fbc2 ,-0.1455939392408254,-0.1455939392408254,35.596837028331265,-0.002797193837523,-1000.0,999.8065460742,139.41102565829078,1000.0,-5.459926567193293,-0.2426565654013757,-0.0193286094170161,-20.72888465203277,-384.4151487410591,-999.8065460742,-0.009538430985799,-0.1336189840940278,-0.1336189840940278,964.4031629716688,-0.0025671274561318,1000.0,-1000.0,364.2771188853408,0.0,-5.010853095534003,-0.2226983068233039,-0.0177388507221394,35.85050663694142,-537.4006852792279,1000.0,-0.0087539046255642, Neutralism,Healthy
SRR13077766.bin.33.fbc2XSRR13077766.bin.38.fbc2 ,-0.0455501213232309,-0.0455501213232309,26.70104105811788,-0.0008751224077059,1000.0,-1000.0,-235.74411174726424,-22.711771809081824,-1.7081776813531633,-0.0759168688720137,-0.0060470958375162,299.8953899072974,-505.8522517087077,1000.0,-0.0029841674104318,-0.0860732567495006,-0.0860732567495006,2.9194874587356026,-0.001653664875107,-1000.0,999.7598382501878,843.0622516757333,-39.63088902779339,-3.2278380796728925,-0.1434554279157964,-0.0114268242870139,10.784833456328442,-356.4473858057918,-999.7598382501878,-0.0056389972240822, Neutralism,Healthy
SRR13077766.bin.34.fbc2XSRR13077766.bin.7.fbc2 ,-0.1455939392408254,-0.1455939392408254,35.59683702833104,-0.002797193837523,-1000.0,999.8065460742,189.7017404554747,1000.0,-5.459926567193293,-0.2426565654013757,-0.0193286094170161,-20.72888465203277,-384.4151487410591,-999.8065460742,-0.009538430985799,-0.0867218067406838,-0.0867218067406838,964.403162971669,-0.0016661250094784,0.0,0.1934539258000995,810.2982595445253,-7.672641992064882,-3.2521593896491368,-0.1445363445677685,-0.0115129238151894,-7.061171079948508,-502.5229589904501,-0.1934539258000995,-0.0056814862821283, Neutralism,Healthy
SRR13077766.bin.8.fbc2XSRR13077766.bin.3.fbc2 ,-0.2957000069875448,-0.2957000069875448,983.5921925178302,-0.0056810760228245,0.0,-0.4435784158615661,0.0,1000.0,-11.089062721216123,-0.4928333449793172,-0.0392562353176799,968.5494572830398,-999.9975229082958,0.4435784158615661,-0.0193724692378509,-0.0014860837160313,-0.0014860837160313,16.4078074821698,-2.8551080049510347e-05,-1000.0,999.9977707316708,-1000.0,-31.42578464790404,-0.055729709660909,-0.0024768061933855,-0.0001972879630329,31.45054271696017,-0.002477091704236,-999.9977707316706,-9.735918297337776e-05, Amensalism,Healthy
SRR13077766.bin.17.fbc2XSRR13077766.bin.38.fbc2 ,-0.0588842712683117,-0.0588842712683117,846.6258375446025,-0.0011313020416992,-1000.0,1000.0,299.9692657645421,-960.396823754943,-2.20822239417555,-0.0981404521139666,-0.0078172971078629,619.3793736580387,-422.8580618169216,-1000.0,-0.0038577399620862,-0.0860709623491402,-0.0860709623491402,2.946066003011424,-0.0016536207944,999.7598446520276,-1000.0,700.0307342354579,-39.60317624505706,-3.2277520372357458,-0.1434516039151958,-0.0114265196893939,10.757889604641832,-284.9600183489332,1000.0,-0.005638846908937, Amensalism,Healthy
SRR13077766.bin.39.fbc2XSRR13077766.bin.7.fbc2 ,-0.0894533072726062,-0.0894533072726062,90.3598533831937,-0.001718603405834,0.0,-0.1341885539260374,1000.0,1000.0,-3.354593545912053,-0.1490888454544574,-0.0118755495341247,42.79654170936124,-479.9250106129657,0.1341885539260374,-0.0058604376138191,-0.0867218067406838,-0.0867218067406838,909.6401466168064,-0.0016661250094784,-1000.0,999.869908959264,-1000.0,0.0,-3.2521593896491368,-0.1445363445677685,-0.0115129238151894,957.2034582906388,-520.0749893870343,-999.869908959264,-0.0056814862821283, Neutralism,Healthy
SRR13077766.bin.10.fbc2XSRR13077766.bin.16.fbc2 ,-0.0858162965246265,-0.0858162965246265,26.63937340221264,-0.0016487280792034,-1000.0,1000.0,-391.3442911817748,429.5304681598959,-3.218201799716894,-0.1430271608743396,-0.0113927110276108,938.7520836078947,-500.175226820262,-1000.0,-0.0056221627502281,-0.1340227372692197,-0.1340227372692197,973.3606265977874,-0.0025748844816462,999.7989530196736,-1000.0,0.0,570.4695318401041,-5.025994266242492,-0.2233712287820708,-0.0177924517680594,61.24791639210525,-499.824773179738,1000.0,-0.0087803560824113, Neutralism,Healthy
SRR13077766.bin.39.fbc2XSRR13077766.bin.29.fbc2 ,-0.0894533072726062,-0.0894533072726062,763.242570715775,-0.001718603405834,-1000.0,999.865811446074,1000.0,1000.0,-3.354593545912053,-0.1490888454544574,-0.0118755495341247,1000.0,-538.4438915078201,-999.865811446074,-0.0058604376138191,-0.0855209991021865,-0.0855209991021865,236.75742928422503,-0.0016430547377694,1000.0,-1000.0,-1000.0,-1000.0,-3.2071278343413496,-0.1425349985036064,-0.0113535082381304,-4.613697703724256,377.1217635278927,1000.0,-0.0056028166558235, Neutralism,Healthy
SRR13077766.bin.39.fbc2XSRR13077766.bin.10.fbc2 ,-0.0894533072726062,-0.0894533072726062,642.4996585949391,-0.001718603405834,-1000.0,999.865811446074,1000.0,-850.377617641647,-3.354593545912053,-0.1490888454544574,-0.0118755495341247,145.7817350110654,-290.54403983383554,-999.865811446074,-0.0058604376138191,-0.0858162965246265,-0.0858162965246265,357.5003414050609,-0.0016487280792034,1000.0,-1000.0,-133.42589698594134,409.6881721210541,-3.218201799716894,-0.1430271608743396,-0.0113927110276108,854.2182649889346,-500.175226820262,1000.0,-0.0056221627502281, Neutralism,Healthy
SRR13077766.bin.8.fbc2XSRR13077766.bin.22.fbc2 ,-0.296511814035739,-0.296511814035739,999.517291619764,-0.0056966726999689,-1000.0,999.5552037955828,-412.4528884546559,1000.0,-11.119506343338571,-0.4941863567262317,-0.0393640083570971,930.9551961657417,-800.5594546189756,-999.5552037955828,-0.019425653907092,-0.017229299917858,-0.017229299917858,0.4827083802359766,-0.0003310144076067,999.9741543950512,-1000.0,-164.46971151186926,0.0,-0.6461169527138964,-0.0287154998632104,-0.0022873095567774,69.04480383425835,0.0,1000.0,-0.001128759130097, Amensalism,Healthy
SRR13077766.bin.8.fbc2XSRR13077766.bin.16.fbc2 ,-0.2949081892851382,-0.2949081892851382,971.7296777891048,-0.0056658633868664,-1000.0,999.5576093867552,-218.6137031516181,1000.0,-11.059368720680482,-0.4915136488086773,-0.0391511160030404,1000.0,-688.2642578531064,-999.5576093867552,-0.0193205941491214,-0.0914232663448046,-0.0914232663448046,28.2703222108953,-0.001756450842322,1000.0,-992.304540964658,128.841364578931,-23.20518344100344,-3.428469092726914,-0.1523721105746744,-0.012137075320652,0.0,-311.7357421468936,992.304540964658,-0.0059894973724112, Amensalism,Healthy
SRR13077766.bin.3.fbc2XSRR13077766.bin.29.fbc2 ,0.0,0.0,0.0,0.0,-1000.0,1000.0,0.0,0.0,0.0,0.0,0.0,0.0,0.0,-1000.0,0.0,-0.0855209991021865,-0.0855209991021865,617.8761945658318,-0.0016430547377694,1000.0,-1000.0,0.0,-1000.0,-3.2071278343413496,-0.1425349985036064,-0.0113535082381304,1000.0,-276.7564220916704,1000.0,-0.0056028166558235, Amensalism,Healthy
SRR13077766.bin.39.fbc2XSRR13077766.bin.3.fbc2 ,-0.088687609517251,-0.088687609517251,473.0789100387651,-0.0017038925940369,-1000.0,999.8669600662612,1000.0,1000.0,-3.3258790709891173,-0.1478126825287518,-0.0117738978244688,4.240136720146893,-693.889121387639,-999.8669600662612,-0.0058102737455101,-0.04738431333692,-0.04738431333692,526.9210899612349,-0.0009103614473815,0.0,-0.0710810218125743,-1000.0,-995.4721435444026,-1.7769618200143211,-0.0789738555615713,-0.0062905976014917,995.7598632798532,-0.0789829591759598,0.0710810218125743,-0.0031043325355994, Neutralism,Healthy
SRR13077766.bin.11.fbc2XSRR13077766.bin.38.fbc2 ,-0.116957225629676,-0.116957225629676,731.9200204215801,-0.002247016822821,1000.0,-1000.0,288.2847821611417,-652.0045043994446,-4.386019547036881,-0.1949287093826797,-0.0155268862458797,994.8028378563932,-400.5486675797376,1000.0,-0.0076623273658924,-0.0859172165911559,-0.0859172165911559,9.9067172597197,-0.0016506669853697,-1000.0,999.7602736337072,711.7152178388583,-44.220724779316924,-3.221986408853695,-0.1431953609852598,-0.0114061088692096,5.1971621436068745,-287.6545787289692,-999.7602736337072,-0.0056287744203018, Neutralism,Healthy
SRR13077766.bin.39.fbc2XSRR13077766.bin.33.fbc2 ,-0.0894533072726062,-0.0894533072726062,975.0029335353285,-0.001718603405834,-1000.0,999.865811446074,958.5179039418138,-977.2882281909182,-3.354593545912053,-0.1490888454544574,-0.0118755495341247,977.3308178981536,-495.85172288473854,-999.865811446074,-0.0058604376138191,-0.0455501213232309,-0.0455501213232309,24.99706646467166,-0.0008751224077059,1000.0,-1000.0,41.48209605818624,-22.711771809081824,-1.7081776813531633,-0.0759168688720137,-0.0060470958375162,22.669182101846445,-504.1482771152615,1000.0,-0.0029841674104318, Neutralism,Healthy
SRR13077766.bin.34.fbc2XSRR13077766.bin.17.fbc2 ,-0.1455939392408254,-0.1455939392408254,35.596837028331265,-0.002797193837523,-1000.0,999.8065460742,139.41102565829033,1000.0,-5.459926567193293,-0.2426565654013757,-0.0193286094170161,-20.72888465203277,-384.4151487410588,-999.8065460742,-0.009538430985799,-0.0778350750042591,-0.0778350750042591,964.4031629716688,-0.0014953904900494,1000.0,-1000.0,860.5889743417097,-656.9312877432284,-2.918897559135303,-0.1297251250069848,-0.0103331482857811,199.94146704856465,-481.6003373084748,1000.0,-0.0050992815708923, Neutralism,Healthy
SRR13077766.bin.11.fbc2XSRR13077766.bin.16.fbc2 ,-0.1170046811907923,-0.1170046811907923,724.3341150620226,-0.0022479285531744,1000.0,-1000.0,-377.5365187044271,-656.6568242031885,-4.387799180726574,-0.1950078019847296,-0.0155331863021501,1000.0,-400.548890202391,1000.0,-0.00766543636621,-0.1025744971132098,-0.1025744971132098,275.6658849379773,-0.0019706915871893,-438.1305475048613,1000.0,840.158592090896,-343.34317579681147,-3.8466520297838542,-0.1709574951887589,-0.0136174788674452,0.0,-599.451109797609,-1000.0,-0.0067200583123394, Amensalism,Healthy
SRR13077766.bin.13.fbc2XSRR13077766.bin.22.fbc2 ,-0.0876468552106644,-0.0876468552106644,438.7767324238839,-0.0016838973143649,-1000.0,1000.0,966.5014001572828,-42.46379839680856,-3.286849684750905,-0.1460780920176603,-0.0116357304419807,35.53683420973471,-635.2345427631363,-1000.0,-0.005742089841874,-0.0207395821871614,-0.0207395821871614,561.2232675761161,-0.0003984549891811,999.9688886344444,-1000.0,33.49859984271711,-4.836578148881358,-0.7777562470411112,-0.0345659703118599,-0.0027533239752983,443.1734840020527,0.0,1000.0,-0.0013587315131644, Neutralism,Healthy
SRR13077766.bin.11.fbc2XSRR13077766.bin.7.fbc2 ,-0.1171575172788834,-0.1171575172788834,733.3789509406511,-0.0022508648852408,1000.0,-1000.0,633.320701252535,-654.9020968385277,-4.393530695526124,-0.1952625287981391,-0.0155534763572404,1000.0,-400.5496071842283,1000.0,-0.0076754492588406,-0.0867218067406838,-0.0867218067406838,15.790249923083138,-0.0016661250094784,-612.0968107729134,1000.0,366.67929874746505,-345.09790316147235,-3.2521593896491368,-0.1445363445677685,-0.0115129238151894,-6.545322115780095,-599.4503928157717,-1000.0,-0.0056814862821283, Neutralism,Healthy
SRR13077766.bin.8.fbc2XSRR13077766.bin.33.fbc2 ,-0.2901551467649597,-0.2901551467649597,993.3057620135364,-0.0055745465276686,-1000.0,999.56473940712,173.0653749536982,1000.0,-10.881124603744295,-0.483591911274857,-0.0385201165061062,593.8494375703158,-584.7849614582915,-999.56473940712,-0.0190092036593796,-0.0370967183458788,-0.0370967183458788,6.6942379864636905,-0.0007127131286779,1000.0,-1000.0,-665.8938755559886,-19.62391710076633,-1.3911661371915898,-0.061827863909798,-0.0049248477189394,406.1505624296842,-415.2150385417085,1000.0,-0.0024303517686803, Amensalism,Healthy
SRR13077766.bin.39.fbc2XSRR13077766.bin.17.fbc2 ,-0.0859236554301787,-0.0859236554301787,0.4240551125244565,-0.0016507906902916,-1000.0,999.8711062629012,0.0,640.5424809359258,-3.222227872118878,-0.1432060923835934,-0.0114069636699696,898.0246248699805,-500.8525019586496,-999.8711062629012,-0.0056291962539489,-0.0829136896876434,-0.0829136896876434,999.5759448874755,-0.0015929623378951,1000.0,-1000.0,1000.0,-611.1686031354282,-3.109350976215296,-0.138189482812777,-0.0110073697549069,101.97537513001951,-499.1474980413505,1000.0,-0.0054320015722169, Neutralism,Healthy
SRR13077766.bin.8.fbc2XSRR13077766.bin.10.fbc2 ,-0.2791654558462824,-0.2791654558462824,973.3606265977876,-0.0053634093342225,-1000.0,999.581224999184,0.0,1000.0,-10.468999581750609,-0.4652757597439176,-0.0370611584994549,621.6926978435154,-499.8569563518449,-999.581224999184,-0.018289225829676,-0.0858162965246265,-0.0858162965246265,26.639373402212414,-0.0016487280792034,999.8712673115728,-1000.0,-1000.0,0.0,-3.218201799716894,-0.1430271608743396,-0.0113927110276108,378.30730215648464,-500.1430436481551,1000.0,-0.0056221627502281, Neutralism,Healthy
SRR13077766.bin.13.fbc2XSRR13077766.bin.11.fbc2 ,-0.0876468552106644,-0.0876468552106644,275.86930895527576,-0.0016838973143649,-1000.0,1000.0,374.4097158465238,-116.05154701010996,-3.2868496847507918,-0.1460780920176603,-0.0116357304419807,32.945164692230264,-284.3792889165292,-1000.0,-0.005742089841874,-0.1158878548769735,-0.1158878548769735,724.1306910447242,-0.0022264717555344,1000.0,-1000.0,625.5902841534762,-636.5340610761745,-4.345917013833855,-0.1931464247950316,-0.0153849198309217,967.0548353077696,-400.5436509673861,1000.0,-0.0075922686864942, Neutralism,Healthy
SRR13077766.bin.10.fbc2XSRR13077766.bin.22.fbc2 ,-0.0858162965246265,-0.0858162965246265,318.7742027469792,-0.0016487280792034,0.0311113655556027,999.7026876029722,668.0759890833081,-210.8811758005902,-3.218201799716894,-0.1430271608743396,-0.0113927110276108,687.5790265808896,-773.0549155543827,-999.7026876029722,-0.0056221627502281,-0.0207395821871614,-0.0207395821871614,681.2257972530208,-0.0003984549891811,999.9688886344444,-1000.0,331.92401091669194,-789.1188241994098,-0.7777562470411112,-0.0345659703118599,-0.0027533239752983,312.4209734191104,-226.9450844456173,1000.0,-0.0013587315131644, Neutralism,Healthy
SRR13077766.bin.11.fbc2XSRR13077766.bin.10.fbc2 ,-0.1171575172788834,-0.1171575172788834,733.3789509406524,-0.0022508648852408,1000.0,-1000.0,633.3207012525359,-654.9020968385267,-4.393530695526124,-0.1952625287981391,-0.0155534763572404,1000.0,-400.5496071842283,1000.0,-0.0076754492588406,-0.0858162965246265,-0.0858162965246265,53.41691021746556,-0.0016487280792034,-723.0137590960278,1000.0,350.97175618138635,1000.0,-3.218201799716894,-0.1430271608743396,-0.0113927110276108,0.0,-569.421787046255,-1000.0,-0.0056221627502281, Neutralism,Healthy
SRR13077766.bin.17.fbc2XSRR13077766.bin.11.fbc2 ,-0.0234346995544001,-0.0234346995544001,275.6658849379769,-0.0004502343814465,-1000.0,1000.0,304.829543478947,225.15964794005916,-0.8788259961817175,-0.0390578325907426,-0.0031111195758057,0.0,-137.72575742096876,-1000.0,-0.001535299240686,-0.1170046811907923,-0.1170046811907923,724.3341150620231,-0.0022479285531744,1000.0,-1000.0,620.4927897083826,-656.6568242031882,-4.387799180726574,-0.1950078019847296,-0.0155331863021501,1000.0,-400.548890202391,1000.0,-0.00766543636621, Amensalism,Healthy
SRR13077766.bin.17.fbc2XSRR13077766.bin.8.fbc2 ,-0.0040869922288493,-0.0040869922288493,48.07590243983486,-7.852050396195409e-05,1000.0,-1000.0,53.24054088366074,0.0,-0.1532665272075064,-0.0068116537146352,-0.0005425766820508,0.0,-24.01925823615295,1000.0,-0.0002677549183545,-0.2934183277491229,-0.2934183277491229,951.9240975601653,-0.0056372397261839,-1000.0,999.5598443221776,0.0,1000.0,-11.00349733877897,-0.489030546248614,-0.0389533265081354,1000.0,-975.980741763847,-999.5598443221776,-0.019222987466378, Amensalism,Healthy
SRR13077766.bin.13.fbc2XSRR13077766.bin.39.fbc2 ,-0.0876468552106644,-0.0876468552106644,899.8078571593448,-0.0016838973143649,1000.0,-1000.0,979.5647415365212,-951.541327654098,-3.286849684750905,-0.1460780920176603,-0.0116357304419807,548.0467962316891,-475.6664785157761,1000.0,-0.005742089841874,-0.0894533072726062,-0.0894533072726062,100.19214284065517,-0.001718603405834,-1000.0,999.865811446074,20.43525846347893,1000.0,-3.354593545912053,-0.1490888454544574,-0.0118755495341247,451.9532037683109,-524.3335214842239,-999.865811446074,-0.0058604376138191, Neutralism,Healthy
SRR13077766.bin.8.fbc2XSRR13077766.bin.38.fbc2 ,-0.2967497636714142,-0.2967497636714142,997.0805125412644,-0.0057012442588302,-1000.0,999.5548468482716,-474.6708954304783,1000.0,-11.128429706113366,-0.4945829394523571,-0.0393955978283884,980.5771093826274,-711.9982902354564,-999.5548468482716,-0.0194412429225394,-0.0860732567495006,-0.0860732567495006,2.9194874587356026,-0.001653664875107,999.7598382501878,-1000.0,723.4470139153259,-39.63088902779384,-3.2278380796728925,-0.1434554279157964,-0.0114268242870139,19.42289061737256,-288.00170976454365,1000.0,-0.0056389972240822, Neutralism,Healthy
SRR13077766.bin.7.fbc2XSRR13077766.bin.33.fbc2 ,-0.0867218067406838,-0.0867218067406838,233.7306022544101,-0.0016661250094784,-1000.0,999.869908959264,0.0,-202.37301169381143,-3.2521593896491368,-0.1445363445677685,-0.0115129238151894,299.02171102823786,-495.85172288473854,-999.869908959264,-0.0056814862821283,-0.0455501213232309,-0.0455501213232309,24.99706646467166,-0.0008751224077059,1000.0,-1000.0,1000.0,-22.71177180908171,-1.7081776813531633,-0.0759168688720137,-0.0060470958375162,22.6691821018469,-504.1482771152615,1000.0,-0.0029841674104318, Neutralism,Healthy
SRR13077766.bin.29.fbc2XSRR13077766.bin.38.fbc2 ,-0.0821340959020062,-0.0821340959020062,329.3511548915658,-0.0015779845514316,-1000.0,1000.0,-1000.0,-960.3968237549434,-3.080115385477484,-0.1368901598367529,-0.0109038732504131,-4.430980620422133,311.2015079577459,-1000.0,-0.0053809273204024,-0.0860709623491402,-0.0860709623491402,2.946066003011879,-0.0016536207944,999.7598446520276,-1000.0,700.0307342354567,-39.6031762450566,-3.2277520372357458,-0.1434516039151958,-0.0114265196893939,10.757889604641491,-284.9600183489333,1000.0,-0.005638846908937, Neutralism,Healthy
SRR13077766.bin.8.fbc2XSRR13077766.bin.29.fbc2 ,-0.2912166918401908,-0.2912166918401908,997.8311911150472,-0.0055949412457039,-1000.0,1000.0,972.8270788714136,1000.0,-10.920933665774442,-0.4853611530669468,-0.0386610440079948,602.5504676714281,-1000.0,-1000.0,-0.0190787496479742,-0.0785581584028705,-0.0785581584028705,2.168808884952796,-0.0015092825822193,1000.0,-1000.0,-1000.0,-1000.0,-2.9460139506508085,-0.1309302640048599,-0.0104291426429199,397.4495323285719,216.2236084962492,1000.0,-0.0051466536052657, Neutralism,Healthy
SRR13077766.bin.7.fbc2XSRR13077766.bin.10.fbc2 ,-0.0867218067406838,-0.0867218067406838,671.2134821018601,-0.0016661250094784,-1000.0,1000.0,-150.2248406399193,-63.83689662490724,-3.2521593896491368,-0.1445363445677685,-0.0115129238151894,13.70336170377675,-499.8569563518449,-1000.0,-0.0056814862821283,-0.0858162965246265,-0.0858162965246265,26.639373402212414,-0.0016487280792034,999.8712673115728,-1000.0,-849.7751593600807,64.08185811438943,-3.218201799716894,-0.1430271608743396,-0.0113927110276108,986.2966382962233,-500.1430436481551,1000.0,-0.0056221627502281, Neutralism,Healthy
SRR13077766.bin.13.fbc2XSRR13077766.bin.38.fbc2 ,-0.0876468552106644,-0.0876468552106644,660.3991374042866,-0.0016838973143649,-1000.0,1000.0,-867.8448229812212,-320.05295395061216,-3.286849684750905,-0.1460780920176603,-0.0116357304419807,153.38298294777746,-675.6097394348412,-1000.0,-0.005742089841874,-0.0860732567495006,-0.0860732567495006,339.6008625957133,-0.001653664875107,999.7598382501878,-1000.0,1000.0,-376.312264164771,-3.2278380796728925,-0.1434554279157964,-0.0114268242870139,121.31083285909494,-324.3902605651588,1000.0,-0.0056389972240822, Neutralism,Healthy
SRR13077766.bin.17.fbc2XSRR13077766.bin.16.fbc2 ,-0.0811815112214162,-0.0811815112214162,971.7296777891048,-0.0015596832126902,-1000.0,1000.0,1000.0,-553.1358891750012,-3.044392453380283,-0.1353025187023604,-0.0107774109998217,71.98984624403352,-485.23774486363504,-1000.0,-0.005318519755292,-0.0914232663448046,-0.0914232663448046,28.2703222108953,-0.001756450842322,999.8628563182284,-1000.0,0.0,76.98478056083877,-3.428469092726914,-0.1523721105746744,-0.012137075320652,311.3000458238055,-514.762255136365,1000.0,-0.0059894973724112, Amensalism,Healthy
SRR13077766.bin.7.fbc2XSRR13077766.bin.24.fbc2 ,-0.0867218067406838,-0.0867218067406838,7.175356275163608,-0.0016661250094784,-1000.0,1000.0,0.0,-40.68801695933041,-3.2521593896491368,-0.1445363445677685,-0.0115129238151894,-3.936281189597025,-455.10544726991793,-1000.0,-0.0056814862821283,-0.180094746489317,-0.180094746489317,992.8246437248364,-0.0034600335541199,1000.0,-250.84733100300468,201.20055572974343,-763.4866127571763,-6.753743295195704,-0.3001579108155283,-0.0239088318586482,983.5357167515316,-544.8945527300821,250.84733100300468,-0.0117987144193421, Neutralism,Healthy
SRR13077766.bin.13.fbc2XSRR13077766.bin.7.fbc2 ,-0.0876468552106644,-0.0876468552106644,414.0984987923471,-0.0016838973143649,1000.0,-1000.0,834.5544740363487,-132.9060094272835,-3.286849684750905,-0.1460780920176603,-0.0116357304419807,35.57051215602155,-466.46663850609,1000.0,-0.005742089841874,-0.0867218067406838,-0.0867218067406838,585.9015012076529,-0.0016661250094784,-1000.0,1000.0,-848.4433140414162,-172.96608815033528,-3.2521593896491368,-0.1445363445677685,-0.0115129238151894,246.998089772203,-533.53336149391,-1000.0,-0.0056814862821283, Neutralism,Healthy
SRR13077766.bin.17.fbc2XSRR13077766.bin.24.fbc2 ,-0.0005615473473881,-0.0005615473473881,6.605565652055248,-1.0788613735712715e-05,-1000.0,1000.0,7.267150339787349,493.4142159456028,-0.0210586188995876,-0.0009359122456089,-7.454932119799196e-05,0.0372412159141504,-3.3002144346875184,-1000.0,-3.6789173009310616e-05,-0.1807688320965326,-0.1807688320965326,993.3944343479448,-0.0034729842861906,1000.0,-1.989264621908433,-309.5795839465825,-1000.0,-6.779022217756506,-0.3012813868275543,-0.0239983214175936,993.7125944384034,-749.5704764977895,1.989264621908433,-0.0118428764159261, Amensalism,Healthy
SRR13077766.bin.17.fbc2XSRR13077766.bin.22.fbc2 ,-0.0827948505292397,-0.0827948505292397,997.665502625462,-0.0015906791647921,-1000.0,1000.0,1000.0,-1000.0,-3.104894382199859,-0.1379914175487329,-0.0109915930289616,99.91816504041344,-498.19319489432496,-1000.0,-0.0054242159520754,-0.0203754436671488,-0.0203754436671488,2.3344973745380457,-0.0003914590522526,999.969434877204,-1000.0,-532.4530273350701,81.42771775483357,-0.7641006677670248,-0.0339590727786571,-0.0027049820507727,900.0818349595866,0.0,1000.0,-0.001334875368002, Neutralism,Healthy
SRR13077766.bin.3.fbc2XSRR13077766.bin.24.fbc2 ,-0.0003480815897773,-0.0003480815897773,3.862275157120166,-6.687446443720546e-06,-1000.0,999.9994778441784,-6.738893728612652,-7.314775091240222,-0.0130534274261435,-0.0005801359830002,-4.62102552774013e-05,7.316888658703306,-0.0005802028574635,-999.9994778441782,-2.280419255384913e-05,-0.1807732254327447,-0.1807732254327447,996.1377248428798,-0.0034730686923012,1000.0,-881.0942190207137,-750.7443153501825,-125.74581279327867,-6.779186972505386,-0.3012887090545746,-0.0239989046635855,992.6831113412968,-529.7942395456947,881.0942190207138,-0.0118431642406449, Amensalism,Healthy
SRR13077766.bin.3.fbc2XSRR13077766.bin.33.fbc2 ,-0.0474466788451763,-0.0474466788451763,527.6146043176082,-0.0009115596319588,-1000.0,999.928825423934,-1000.0,-996.7823477401944,-1.779300592472623,-0.0790777980752182,-0.00629887705702,997.070446161885,-0.0790869136715173,-999.928825423934,-0.0031084183450502,-0.0451111267403803,-0.0451111267403803,26.443706674775967,-0.0008666883139767,1000.0,-1000.0,44.21149304433311,-3.2176522598055044,-1.6917149206199156,-0.0751852112339293,-0.005988816249328,2.929553838114998,-514.4538451210759,1000.0,-0.0029554071504662, Neutralism,Healthy
SRR13077766.bin.17.fbc2XSRR13077766.bin.10.fbc2 ,-0.0812829644753492,-0.0812829644753492,973.3606265977876,-0.001561632362609,-1000.0,1000.0,1000.0,-553.6710822526286,-3.0481970576045114,-0.1354716074588395,-0.0107908796258016,73.7460910736022,-486.0524355830095,-1000.0,-0.0053251663565561,-0.0858162965246265,-0.0858162965246265,26.639373402212414,-0.0016487280792034,1000.0,-944.910649613086,-500.0,261.65670792279,-3.218201799716894,-0.1430271608743396,-0.0113927110276108,669.3982980892556,-513.9475644169905,944.910649613086,-0.0056221627502281, Neutralism,Healthy
SRR13077766.bin.8.fbc2XSRR13077766.bin.7.fbc2 ,-0.2951502544231061,-0.2951502544231061,993.3150232859298,-0.0056705140139001,0.0,-0.4427537342046435,-141.67880958795809,1000.0,-11.068446419135284,-0.4919170907051011,-0.0391832518359933,913.2508927542812,-663.6013520893247,0.4427537342046435,-0.0193364527873427,-0.0867218067406838,-0.0867218067406838,6.684976714070103,-0.0016661250094784,-1000.0,999.869908959264,722.0689553826003,-41.2690056684844,-3.2521593896491368,-0.1445363445677685,-0.0115129238151894,-3.9535813573673977,-336.3986479106753,-999.869908959264,-0.0056814862821283, Neutralism,Healthy
SRR13077766.bin.11.fbc2XSRR13077766.bin.33.fbc2 ,-0.1171575172788834,-0.1171575172788834,733.3789509406533,-0.0022508648852408,-1000.0,1000.0,633.3207012525372,-654.9020968385264,-4.393530695526124,-0.1952625287981391,-0.0155534763572404,1000.0,-400.5496071842283,-1000.0,-0.0076754492588406,-0.045253953857582,-0.045253953857582,26.529369385196787,-0.0008694323507825,1000.0,-1000.0,48.086372294111925,-18.231363306953995,-1.6970710884390885,-0.0754232564293033,-0.0060077775438003,0.0,-506.6998974173892,1000.0,-0.0029647643161752, Neutralism,Healthy
SRR13077766.bin.22.fbc2XSRR13077766.bin.24.fbc2 ,-0.0174994153551324,-0.0174994153551324,29.234645111579084,-0.0003362039453804,-1000.0,999.9737491959476,451.01588373606864,-186.15546077018485,-0.6562465670357369,-0.0291656922586298,-0.0023231692623539,67.17456754327304,0.0,-999.9737491959476,-0.001146455453636,-0.1762391168261956,-0.1762391168261956,970.7653548884208,-0.003385958056242,1000.0,-0.5143187834346463,0.0,-720.5723075840153,-6.609153108677447,-0.2937318613770685,-0.0233969701685055,932.825432456727,-631.0415610174625,0.5143187834346463,-0.0115461169716581, Amensalism,Healthy
SRR13077766.bin.22.fbc2XSRR13077766.bin.38.fbc2 ,-0.0207395821871614,-0.0207395821871614,997.0805125412644,-0.0003984549891811,-1000.0,999.9688886344444,-1000.0,-4.018928588323092,-0.7777562470411112,-0.0345659703118599,-0.0027533239752983,0.4606376586707483,-222.4274687088541,-999.9688886344444,-0.0013587315131644,-0.0860732567495006,-0.0860732567495006,2.9194874587356026,-0.001653664875107,999.7598382501878,-1000.0,700.1515607875558,-39.63088902779339,-3.2278380796728925,-0.1434554279157964,-0.0114268242870139,10.840355254510088,-284.9365185635213,1000.0,-0.0056389972240822, Neutralism,Healthy
SRR13077766.bin.29.fbc2XSRR13077766.bin.22.fbc2 ,-0.0855209991021865,-0.0855209991021865,5.841996134056558,-0.0016430547377694,-1000.0,1000.0,-854.3771483434093,-1000.0,-3.2071278343413496,-0.1425349985036064,-0.0113535082381304,989.9625431410464,2.1682625226520718,-1000.0,-0.0056028166558235,-0.0207237179694175,-0.0207237179694175,994.1580038659436,-0.0003981502011356,999.9689124322948,-1000.0,-145.62285165659068,0.0,-0.7771613221162852,-0.0345395299491428,-0.0027512178899087,10.037456858953648,0.0,1000.0,-0.0013576921859339, Neutralism,Healthy
SRR13077766.bin.11.fbc2XSRR13077766.bin.3.fbc2 ,-0.0870799791745184,-0.0870799791745184,514.2932404328126,-0.0016730063241539,1000.0,-1000.0,0.0,-219.77438514867103,-3.265591234391877,-0.1451332986241595,-0.0115604737002286,219.5488777761634,-400.4085079922173,1000.0,-0.0057049515654625,-0.0371386133176656,-0.0371386133176656,412.9872785082093,-0.0007135180272825,-1000.0,999.9442885124332,-1000.0,-780.2256148513289,-1.392737242904218,-0.0618976888628139,-0.00493040956826,780.4511222238366,-0.0619048240430402,-999.9442885124332,-0.0024330964728278, Competition,Healthy
SRR13077766.bin.34.fbc2XSRR13077766.bin.11.fbc2 ,-0.1366921456407226,-0.1366921456407226,33.42040236562434,-0.0026261699450742,-1000.0,999.8183740865992,482.62413223342605,1000.0,-5.126099900874124,-0.2278202427345377,-0.0181468343204187,-19.46149499491173,-350.24018344383626,-999.8183740865992,-0.0089552395127157,-0.1008514401329421,-0.1008514401329421,609.5852777217792,-0.0019375877067204,1000.0,-1000.0,517.375867766574,-426.5906444456925,-3.782035572309155,-0.1680857335549035,-0.013388731053169,591.2067993641429,-400.2059268214664,1000.0,-0.0066071740798179, Amensalism,Healthy
SRR13077766.bin.13.fbc2XSRR13077766.bin.34.fbc2 ,-0.0876468552106644,-0.0876468552106644,228.2142762806625,-0.0016838973143649,-1000.0,1000.0,0.0,-42.46379839680856,-3.286849684750905,-0.1460780920176603,-0.0116357304419807,32.94516469223004,-323.27836282456144,-1000.0,-0.005742089841874,-0.1455939392408254,-0.1455939392408254,35.59683702833104,-0.002797193837523,999.8065460742,-1000.0,1000.0,1000.0,-5.459926567193293,-0.2426565654013757,-0.0193286094170161,-20.72888465203277,-384.4151487410591,1000.0,-0.009538430985799, Neutralism,Healthy
SRR13077766.bin.11.fbc2XSRR13077766.bin.29.fbc2 ,-0.0850350263439168,-0.0850350263439168,499.3977412638517,-0.0016337180853724,-1000.0,1000.0,429.81353182877297,-190.1903266866002,-3.1889033423927917,-0.1417250439066038,-0.011288991969991,180.10620180460182,-400.3989147472154,-1000.0,-0.0055709786711304,-0.0692557323443452,-0.0692557323443452,9.674965933232784,-0.0013305616204206,1000.0,-1000.0,-1000.0,-809.8096733133998,-2.597163143802277,-0.1154262205739087,-0.0091941807972943,819.8937981953982,-15.391410225940264,1000.0,-0.0045372151257652, Competition,Healthy
SRR13077766.bin.8.fbc2XSRR13077766.bin.24.fbc2 ,-0.2956644730064681,-0.2956644730064681,982.5896865908084,-0.0056803933334776,-1000.0,999.5564748885236,-180.02664932107427,1000.0,-11.087730159373791,-0.4927741216773711,-0.0392515179341899,982.427300586428,-698.3262280079263,-999.5564748885236,-0.0193701412671316,-0.092262760921244,-0.092262760921244,17.410313409191417,-0.0017725794605212,1000.0,-937.112425898874,663.060844266756,-63.90287659598425,-3.459951026416661,-0.1537712682020355,-0.0122485240723335,17.572699413571854,-301.67377199207374,937.112425898874,-0.0060444959603955, Amensalism,Healthy
SRR13077766.bin.39.fbc2XSRR13077766.bin.22.fbc2 ,-0.0894533072726062,-0.0894533072726062,90.3598533831937,-0.001718603405834,-1000.0,999.865811446074,0.0,1000.0,-3.354593545912053,-0.1490888454544574,-0.0118755495341247,912.0989964168708,-385.12942654162,-999.865811446074,-0.0058604376138191,-0.0207395821871614,-0.0207395821871614,909.6401466168064,-0.0003984549891811,999.9688886344444,-1000.0,1000.0,-1000.0,-0.7777562470411112,-0.0345659703118599,-0.0027533239752983,87.90100358312907,-432.4345940936007,1000.0,-0.0013587315131644, Neutralism,Healthy
SRR13077766.bin.13.fbc2XSRR13077766.bin.17.fbc2 ,-0.0875075440582122,-0.0875075440582122,200.59738003061625,-0.0016812208272085,0.0,0.0,120.53269510224504,-40.8236563103136,-3.2816253693264343,-0.1458459067636113,-0.0116172359162192,34.08969440886176,-284.2674763061105,0.0,-0.0057329630209324,-0.0679582104481824,-0.0679582104481824,799.4026199693837,-0.00130563324592,-1000.0,1000.0,879.467304897755,-297.00865981098013,-2.5485047016351245,-0.1132636840802661,-0.00902192572903,4.506915401461242,-399.3904844060109,-1000.0,-0.0044522093684236, Amensalism,Healthy
SRR13077766.bin.33.fbc2XSRR13077766.bin.29.fbc2 ,-0.0450386673554703,-0.0450386673554703,26.40123168338232,-0.0008652962028463,-1000.0,1000.0,1000.0,0.0,-1.6889976171200942,-0.0750644455923748,-0.0059791967613591,2.924848265798687,-505.78654041596207,-1000.0,-0.0029506600515105,-0.0855209991021865,-0.0855209991021865,624.7630146845004,-0.0016430547377694,1000.0,-1000.0,0.0,-1000.0,-3.2071278343413496,-0.1425349985036064,-0.0113535082381304,997.0751517342014,-278.6762281837962,1000.0,-0.0056028166558235, Neutralism,Healthy
SRR13077766.bin.17.fbc2XSRR13077766.bin.3.fbc2 ,-0.0406607171520363,-0.0406607171520363,478.2981130140638,-0.0007811857282149,1000.0,-1000.0,528.898943986932,23.134239842672287,-1.524819858416549,-0.0677678619200605,-0.0053979933817345,0.0,-238.96308352665164,1000.0,-0.0026638433331527,-0.0472514490262483,-0.0472514490262483,521.7018869859362,-0.0009078088189653,-1000.0,999.9291182874164,-933.0798546523037,-999.2127935826488,-1.7719792679705506,-0.078752415043823,-0.0062729589388936,1000.0,-0.0787614931319922,-999.9291182874164,-0.0030956280726286, Amensalism,Healthy
SRR13077766.bin.17.fbc2XSRR13077766.bin.33.fbc2 ,-0.0825020822198894,-0.0825020822198894,992.9589988215612,-0.0015850544134536,-1000.0,1000.0,1000.0,-579.9512397669976,-3.093915261237612,-0.1375034703664823,-0.0109527259969581,94.8500887605544,-495.8422045080384,-1000.0,-0.0054050355498702,-0.044819462233363,-0.044819462233363,7.041001178438819,-0.0008610847690988,1000.0,-1000.0,-799.1767339639882,-23.72635843150931,-1.6807771934132916,-0.0746991037223097,-0.0059500957546561,905.1499112394456,-502.2030939926738,1000.0,-0.0029362990627532, Neutralism,Healthy
SRR13077766.bin.17.fbc2XSRR13077766.bin.29.fbc2 ,-0.0768561780867003,-0.0768561780867003,907.374545860923,-0.0014765836327796,0.0,0.0,1000.0,-397.4584591416116,-2.8821878903517018,-0.1280936301445763,-0.0102031929025088,4.495937283126068,-453.2355697547711,0.0,-0.0050351501878367,-0.0515299545747893,-0.0515299545747893,92.62545413907696,-0.0009900087334244,-1000.0,1000.0,-1000.0,-602.5415408583884,-1.9324277470337847,-0.0858832576245731,-0.0068409603479722,995.504062716874,102.52584954043937,-1000.0,-0.0033759297809865, Amensalism,Healthy
SRR13077766.bin.34.fbc2XSRR13077766.bin.24.fbc2 ,-0.1455939392408254,-0.1455939392408254,35.59683702833104,-0.002797193837523,-1000.0,999.8065460742,139.41102565829033,1000.0,-5.459926567193293,-0.2426565654013757,-0.0193286094170161,-20.72888465203277,-384.4151487410591,-999.8065460742,-0.009538430985799,-0.1781397898070054,-0.1781397898070054,964.403162971669,-0.0034224743478716,997.8462126610384,0.1934539258000995,-312.348995690823,-1000.0,-6.680430353851193,-0.2968996496782665,-0.0236492977438729,964.7166958466778,-607.1112704548291,-0.1934539258000995,-0.0116706375262083, Neutralism,Healthy
SRR13077766.bin.24.fbc2XSRR13077766.bin.38.fbc2 ,-0.1800998205015958,-0.1800998205015958,997.0805125412644,-0.0034601310375137,-140.07969476912865,1000.0,0.0,-864.407618071091,-6.753933576017971,-0.3001663675026975,-0.0239095054690778,989.2151665436712,-715.0476180655697,-1000.0,-0.0117990468378366,-0.0860732567495006,-0.0860732567495006,2.9194874587356026,-0.001653664875107,999.7598382501878,-1000.0,700.0722439330104,-39.630889027793614,-3.2278380796728925,-0.1434554279157964,-0.0114268242870139,10.78483345632867,-284.95238193443026,1000.0,-0.0056389972240822, Neutralism,Healthy
SRR13077766.bin.3.fbc2XSRR13077766.bin.16.fbc2 ,-0.0474706596753549,-0.0474706596753549,526.263904134538,-0.0009120203587826,-1000.0,999.928789450385,-1000.0,-998.0394893802704,-1.780199898947103,-0.0791177661257052,-0.0063020606793315,998.3277334146668,-0.0791268863292771,-999.9287894503852,-0.0031099894234785,-0.1114865890641567,-0.1114865890641567,473.736095865462,-0.0021419133345261,999.8327594068372,-1000.0,248.57235774838773,-1.9605106197295756,-4.180864895138143,-0.1858109817735567,-0.0148006211418305,1.672266585333091,-279.2659979797777,1000.0,-0.0073039244708752, Amensalism,Healthy
SRR13077766.bin.34.fbc2XSRR13077766.bin.8.fbc2 ,-0.0761717734698095,-0.0761717734698095,17.449863043120672,-0.0014634346488264,999.8987888596894,-1000.0,904.857158345238,453.98277799288735,-2.856521994023637,-0.1269529557830537,-0.0101123334231942,-10.844928808364898,-208.0749604102757,1000.0,-0.0049903121523584,-0.258751095708476,-0.258751095708476,982.5501369568792,-0.0049712026072938,-1000.0,999.6118485004243,95.14284165476192,546.0172220071127,-9.703439505210326,-0.4312518261807554,-0.0343510100162802,1000.0,-791.9250395897243,-999.6118485004243,-0.0169518008907516, Competition,Healthy
SRR13077766.bin.13.fbc2XSRR13077766.bin.33.fbc2 ,-0.0876468552106644,-0.0876468552106644,342.12719992514985,-0.0016838973143649,-1000.0,1000.0,773.2073419478288,-42.46379839680856,-3.286849684750905,-0.1460780920176603,-0.0116357304419807,32.94516469223004,-494.14774829129226,-1000.0,-0.005742089841874,-0.0455501213232309,-0.0455501213232309,26.70104105811788,-0.0008751224077059,1000.0,-1000.0,43.18607065163178,-22.71177180908171,-1.7081776813531633,-0.0759168688720137,-0.0060470958375162,20.96520750840034,-505.8522517087077,1000.0,-0.0029841674104318, Neutralism,Healthy
SRR13077766.bin.11.fbc2XSRR13077766.bin.22.fbc2 ,-0.1153599108843081,-0.1153599108843081,720.2851308012584,-0.0022163287393368,1000.0,-1000.0,41.98964879102459,-628.8963661072701,-4.326118556240658,-0.1922665181403999,-0.0153148315890803,953.35575926746,-400.5411742862648,1000.0,-0.0075576810012307,-0.0183300908247474,-0.0183300908247474,279.71486919874155,-0.000352163128241,-1000.0,999.9725031029471,958.0103512089754,-371.10363389272993,-0.6873977749002051,-0.0305501513745412,-0.0024334472161626,46.644240732539856,-408.1760268657466,-999.9725031029471,-0.0012008762672621, Amensalism,Healthy
SRR13077766.bin.3.fbc2XSRR13077766.bin.10.fbc2 ,-0.0475860848425782,-0.0475860848425782,529.1648211504048,-0.0009142379412878,-1000.0,999.9286163015464,-1000.0,-999.7110550986648,-1.7845284646855362,-0.0793101414043349,-0.0063173841741672,1000.0,-0.079319283783775,-999.9286163015464,-0.0031175513796597,-0.0858162965246265,-0.0858162965246265,26.639373402212414,-0.0016487280792034,1000.0,-576.4179393817211,1000.0,-0.2889449013350713,-3.218201799716894,-0.1430271608743396,-0.0113927110276108,0.0,-606.0707419748318,576.4179393817212,-0.0056221627502281, Neutralism,Healthy
SRR13077766.bin.8.fbc2XSRR13077766.bin.11.fbc2 ,-0.2496827286568077,-0.2496827286568077,508.2337879822576,-0.0047969784563974,-1000.0,1000.0,49.87036310199164,1000.0,-9.363366158444704,-0.4161378810946416,-0.0331471211338794,828.1332095714956,-599.4324307020157,-1000.0,-0.0163576965363745,-0.0848186081955191,-0.0848186081955191,491.7662120177424,-0.0016295601958518,1000.0,-1000.0,425.89838509117953,-190.68084507883637,-3.180787433144701,-0.1413643469926455,-0.011260260953577,171.86679042850437,-400.5675692979843,1000.0,-0.0055568002679819, Competition,Healthy
SRR13077766.bin.39.fbc2XSRR13077766.bin.8.fbc2 ,-0.0859236554301787,-0.0859236554301787,0.4240551125244565,-0.0016507906902916,-1000.0,999.8711062629012,1000.0,0.0,-3.222227872118878,-0.1432060923835934,-0.0114069636699696,21.931830822171374,-201.32488536771572,-999.8711062629012,-0.0056291962539489,-0.2969291740203061,-0.2969291740203061,999.5759448874755,-0.0057046911434781,0.0,-0.4454222844861988,-467.9198598643536,1000.0,-11.135157783773934,-0.4948819567005103,-0.0394194158017171,978.0681691778286,-798.6751146322842,0.4454222844861988,-0.019452996799373, Neutralism,Healthy
SRR13077766.bin.10.fbc2XSRR13077766.bin.29.fbc2 ,-0.0858162965246265,-0.0858162965246265,214.1234451144287,-0.0016487280792034,-1000.0,999.8712673115728,1000.0,712.6692129217847,-3.218201799716894,-0.1430271608743396,-0.0113927110276108,160.70653489696315,-503.6689970311436,-999.8712673115728,-0.0056221627502281,-0.0855209991021865,-0.0855209991021865,622.1217083486376,-0.0016430547377694,1000.0,-1000.0,0.0,-1000.0,-3.2071278343413496,-0.1425349985036064,-0.0113535082381304,839.2934651030369,-237.5139574076943,1000.0,-0.0056028166558235, Neutralism,Healthy
SRR13077766.bin.7.fbc2XSRR13077766.bin.16.fbc2 ,-0.0867218067406838,-0.0867218067406838,6.684976714070217,-0.0016661250094784,0.2023962183441199,955.064063322326,366.77258978462646,-1000.0,-3.2521593896491368,-0.1445363445677685,-0.0115129238151894,-3.9535813573673977,-692.016528133159,-955.0640633223262,-0.0056814862821283,-0.1349221716805004,-0.1349221716805004,993.3150232859298,-0.0025921646816868,999.797603781656,-1000.0,0.0,514.3850967289391,-5.059724007076397,-0.2248702861342053,-0.0179118579502528,103.19067597029516,-307.983471866841,1000.0,-0.0088392815645192, Neutralism,Healthy
SRR13077766.bin.39.fbc2XSRR13077766.bin.11.fbc2 ,-0.088687609517251,-0.088687609517251,267.81132650213794,-0.0017038925940369,-1000.0,999.8669600662612,1000.0,1000.0,-3.3258790709891173,-0.1478126825287518,-0.0117738978244688,4.2401367201466655,-599.4511593978781,-999.8669600662612,-0.0058102737455101,-0.1169941081042225,-0.1169941081042225,732.188673497862,-0.0022477254199202,1000.0,-1000.0,-367.67422549043135,-652.538078214231,-4.387402678804733,-0.1949901801735905,-0.0155317826512373,995.7598632798532,-400.5488406021219,1000.0,-0.0076647436817438, Neutralism,Healthy
SRR13077766.bin.7.fbc2XSRR13077766.bin.3.fbc2 ,-0.0867218067406838,-0.0867218067406838,470.8351788495952,-0.0016661250094784,756.2956334883943,0.071383698453701,742.3393032708352,-0.2889449013357534,-3.2521593896491368,-0.1445363445677685,-0.0115129238151894,0.0,-999.9206807162162,-0.071383698453701,-0.0056814862821283,-0.0475860848425782,-0.0475860848425782,529.1648211504048,-0.0009142379412878,-1000.0,999.9286163015464,-1000.0,-999.7110550986642,-1.7845284646855362,-0.0793101414043349,-0.0063173841741672,1000.0,-0.079319283783775,-999.9286163015464,-0.0031175513796597, Neutralism,Healthy
SRR13077766.bin.34.fbc2XSRR13077766.bin.33.fbc2 ,-0.1455939392408254,-0.1455939392408254,35.59683702833104,-0.002797193837523,-1000.0,999.8065460742,956.2795746054974,1000.0,-5.459926567193293,-0.2426565654013757,-0.0193286094170161,-20.72888465203277,-384.4151487410591,-999.8065460742,-0.009538430985799,-0.0455501213232309,-0.0455501213232309,26.70104105811788,-0.0008751224077059,1000.0,-1000.0,43.72042539450263,-22.834754011217345,-1.7081776813531633,-0.0759168688720137,-0.0060470958375162,1000.0,-506.0886835296087,1000.0,-0.0029841674104318, Neutralism,Healthy
SRR13077766.bin.34.fbc2XSRR13077766.bin.29.fbc2 ,-0.1455939392408254,-0.1455939392408254,35.59683702833104,-0.002797193837523,-1000.0,999.8065460742,139.41102565828965,1000.0,-5.459926567193293,-0.2426565654013757,-0.0193286094170161,-20.72888465203277,-384.4151487410589,-999.8065460742,-0.009538430985799,-0.0855209991021865,-0.0855209991021865,243.46210035466083,-0.0016430547377694,1000.0,-1000.0,-1000.0,-1000.0,-3.2071278343413496,-0.1425349985036064,-0.0113535082381304,-2.970642965930665,373.7694279926743,1000.0,-0.0056028166558235, Neutralism,Healthy
SRR13077766.bin.13.fbc2XSRR13077766.bin.29.fbc2 ,-0.0875090152779876,-0.0875090152779876,203.2776461842764,-0.0016812490927122,0.0,0.0,496.1590515473747,-40.82434265766392,-3.281680541623132,-0.1458483587965702,-0.0116174312308885,35.480946353594845,-284.3809867328744,0.0,-0.0057330594063387,-0.0820296605303383,-0.0820296605303383,326.90559601188124,-0.0015759781081214,-1000.0,1000.0,-809.4552076210812,-959.175657342336,-3.07619894868526,-0.136716100883973,-0.0108900087275287,-4.425346527748388,311.819198856216,-1000.0,-0.0053740853488761, Neutralism,Healthy
SRR13077766.bin.29.fbc2XSRR13077766.bin.24.fbc2 ,-0.0752913785826194,-0.0752913785826194,95.58109189196853,-0.0014465202417568,-1000.0,1000.0,-1000.0,-880.384693502768,-2.8235062554607566,-0.1254856309709566,-0.0099954548704772,95.27713293551004,338.7710097710317,-1000.0,-0.0049326340243851,-0.1727001821161593,-0.1727001821161593,904.4189081080316,-0.0033179669954961,1000.0,-882.285166933371,0.0,-119.61530649723204,-6.47643931754169,-0.2878336368603413,-0.0229271519389158,904.72286706449,-387.0160615980205,882.2851669333709,-0.0113142674547361, Amensalism,Healthy
SRR13077777.bin.38.fbc2XSRR13077777.bin.2.fbc2 ,-0.1553473060997703,-0.1553473060997703,29.76145481006233,-0.0029845784073359,-0.5998977713137492,1000.0,-763.2795427485548,-973.0735763232434,-5.825688130553317,-0.2589121768329505,-0.0206234367943807,770.5697498249524,-708.2115043975664,-1000.0,-0.0101774123688755,-0.129018462129693,-0.129018462129693,970.2385451899376,-0.0024787408669908,-0.1935400868989063,0.0,-236.7204572514452,494.4495322965529,-4.838328660611069,-0.2150307702161171,-0.0171280993912432,-44.009003023218725,0.0,0.0,-0.0084525063566616, Neutralism,Healthy
SRR13077777.bin.34.fbc2XSRR13077777.bin.19.fbc2 ,-0.049261684907492,-0.049261684907492,1000.0,-0.0009464300654826,-0.0738972595115683,0.0,217.61695370569123,-984.0519190284627,-1.8473652376833345,-0.0821028081791155,-0.0065398317523204,786.1975697289281,-504.9293390314653,0.0,-0.0032273265231879,-0.0868613682476961,-0.0868613682476961,0.0,-0.0016688063063838,1000.0,-1000.0,782.3830462943088,-15.948080971537138,-3.257393093635301,-0.1447689470794557,-0.0115314515771842,-17.690139530748297,-333.8316722725481,1000.0,-0.0056906295047838, Amensalism,Healthy
SRR13077777.bin.1.fbc2XSRR13077777.bin.2.fbc2 ,-0.0858464362125914,-0.0858464362125914,0.0,-0.0016493071318564,-0.4076441086253908,1000.0,827.654940066848,-489.7467654187171,-3.2193320698651178,-0.1430773936876903,-0.0113967122811118,-33.56984342627106,-648.2146246902967,-1000.0,-0.0056241373196144,-0.1303112125508505,-0.1303112125508505,1000.0,-0.0025035775706783,-0.1954793367141292,0.0,131.47839141570762,-510.2532345812829,-4.88680816742442,-0.2171853542514554,-0.0172997210130461,323.83540750725297,0.0,0.0,-0.0085371995157856, Neutralism,Healthy
SRR13077777.bin.29.fbc2XSRR13077777.bin.34.fbc2 ,-0.1080101412246676,-0.1080101412246676,747.9261170957673,-0.0020751227900746,-1000.0,999.8379744125492,690.9237317572035,1000.0,-4.050494427679041,-0.1800169020411886,-0.0143390984795814,1000.0,-501.8040979195606,-999.837974412549,-0.0070761687142066,-0.015018840484231,-0.015018840484231,252.07388290423276,-0.0002885464069777,832.3641787843926,0.1620255874510121,309.07626824279646,-1000.0,-0.5632223882112157,-0.0250314008070517,-0.0019938556723673,0.0,-209.64003419771237,-0.1620255874510121,-0.0009839432478884, Amensalism,Healthy
SRR13077777.bin.18.fbc2XSRR13077777.bin.1.fbc2 ,-0.08929064086999,-0.08929064086999,-261.7568203533923,-0.0017154782107127,-1000.0,999.866055461304,0.0,-20.20264896315382,-3.3484933839265523,-0.1488177347832788,-0.0118539544363329,-0.9724445559417064,-499.99617448359,-999.866055461304,-0.0058497806986679,-0.0858464362125914,-0.0858464362125914,932.5241745393816,-0.0016493071318564,1000.0,-1000.0,-1000.0,-31.696153556826744,-3.2193320698651178,-0.1430773936876903,-0.0113967122811118,886.4852503303052,-500.00382551641,1000.0,-0.0056241373196144, Neutralism,Healthy
SRR13077777.bin.8.fbc2XSRR13077777.bin.14.fbc2 ,-0.0857297928420166,-0.0857297928420166,7.505038066512384,-0.0016470661448693,999.871397075406,-1000.0,896.8360674654211,-3.405795139091879,-3.214957820214522,-0.1428829880700277,-0.0113812270612925,10.412241577552322,-400.5702941820723,1000.0,-0.0056164955541362,-0.1239945867496317,-0.1239945867496317,992.4949619334876,-0.0023822206868544,-1000.0,999.813996208772,51.16346600840552,234.57365796376305,-4.649928025247505,-0.2066576445826058,-0.0164611449459926,989.5877584224476,-404.1285249912062,-999.8139962087722,-0.0081233725420588, Amensalism,Healthy
SRR13077777.bin.29.fbc2XSRR13077777.bin.14.fbc2 ,-0.1014522705605713,-0.1014522705605713,672.1578792109121,-0.0019491310386001,-1000.0,999.847811848504,0.0,1000.0,-3.804567348228261,-0.1690871176009523,-0.0134684954768999,696.423382574975,-501.6945615307759,-999.847811848504,-0.0066465368416857,-0.0916518274318605,-0.0916518274318605,327.84212078908786,-0.0017608420255328,0.0,-0.1374865453580014,1000.0,-132.4679524420526,-3.437040375007541,-0.1527530457198054,-0.0121674183968707,303.576617425025,-0.0035216840511793,0.1374865453580014,-0.0060044713072784, Competition,Healthy
SRR13077777.bin.35.fbc2XSRR13077777.bin.27.fbc2 ,0.0,0.0,0.0,0.0,-1000.0,1000.0,-1000.0,0.0,0.0,0.0,0.0,0.0,0.0,-1000.0,0.0,-0.170241898424706,-0.170241898424706,1000.0,-0.0032707377218912,1000.0,-1000.0,1000.0,452.8110927977709,-6.384251081499542,-0.2837364973744343,-0.0226007976582423,-59.84040343110655,-619.6499100365501,1000.0,-0.0111532156316798, Amensalism,Healthy
SRR13077777.bin.27.fbc2XSRR13077777.bin.16.fbc2 ,-0.167398171922855,-0.167398171922855,992.8500000973918,-0.0032161032070234,1000.0,-1000.0,1000.0,435.0890570905312,-6.277608332782279,-0.2789969532046825,-0.0222232731601934,-58.84082728274166,-594.6376994862009,1000.0,-0.0109669119357249,-0.0876314197419105,-0.0876314197419105,7.149999902608329,-0.0016836007634992,-1000.0,999.7554906611122,-1000.0,-665.0742578890691,-3.2862708383621566,-0.1460523662364039,-0.0116336812760664,803.0786422707336,-405.3623005137992,-999.7554906611122,-0.0057410786035916, Neutralism,Healthy
SRR13077777.bin.27.fbc2XSRR13077777.bin.34.fbc2 ,-0.170241898424706,-0.170241898424706,1000.0,-0.0032707377218912,1000.0,-1000.0,520.0718632517285,457.9228633685664,-6.384251081499542,-0.2837364973744343,-0.0226007976582423,-31.06824700962727,-639.5028546357078,1000.0,-0.0111532156316798,0.0,0.0,0.0,0.0,-0.4750092393509249,1000.0,479.9281367482715,-999.5249907606492,0.0,0.0,0.0,0.0,-249.88124769016224,-1000.0,0.0, Amensalism,Healthy
SRR13077777.bin.3.fbc2XSRR13077777.bin.2.fbc2 ,-0.1918955567009561,-0.1918955567009561,47.18233535971831,-0.0036867542113441,1000.0,-1000.0,257.2816240693562,1000.0,-7.196286147766386,-0.3198259278349269,-0.0254754716004299,1000.0,-349.2351820142445,1000.0,-0.0125718318606686,-0.128261750106958,-0.128261750106958,952.8176646402816,-0.0024642026917263,-1000.0,999.807595053826,742.7183759306438,-540.2098984853625,-4.809951160159812,-0.2137695835116346,-0.0170276406001903,0.0,-0.2137942255385496,-999.807595053826,-0.0084029311789208, Amensalism,Healthy
SRR13077777.bin.27.fbc2XSRR13077777.bin.24.fbc2 ,-0.1649133461158953,-0.1649133461158953,942.6181715125672,-0.0031683639983839,-1000.0,1000.0,1000.0,408.0795074484772,-6.1844247393678415,-0.2748555768598635,-0.021893395228858,-41.59570833459895,-623.1510168790566,-1000.0,-0.0108041212345142,-0.007179893566672,-0.007179893566672,57.38182848743281,-0.000137942239462,999.9892294699388,-1000.0,-748.9743100984504,-31.055018693401397,-0.269253595571854,-0.0119664892777109,-0.000953180875058,31.18975239642259,-41.688302896633786,1000.0,-0.0004703830367134, Amensalism,Healthy
SRR13077777.bin.8.fbc2XSRR13077777.bin.24.fbc2 ,-0.0857297928420166,-0.0857297928420166,7.50503806651227,-0.0016470661448693,-1000.0,999.871397075406,878.2289965770776,-22.012866027435397,-3.214957820214522,-0.1428829880700277,-0.0113812270612925,29.01931246589629,-400.5702941820723,-999.8713970754062,-0.0056164955541362,-0.103882704487205,-0.103882704487205,992.4949619334876,-0.0019958252543119,999.844165964143,-1000.0,-466.1310181740755,-761.2263865186612,-3.895711188659561,-0.1731378408120463,-0.0137911525073377,970.9806875341036,-500.1731577990646,1000.0,-0.006805764117189, Neutralism,Healthy
SRR13077777.bin.2.fbc2XSRR13077777.bin.19.fbc2 ,-0.1303112125508505,-0.1303112125508505,1000.0,-0.0025035775706783,-1000.0,999.804520663286,0.0,479.4122304204002,-4.88680816742442,-0.2171853542514554,-0.0172997210130461,3.021506804394221,0.0,-999.804520663286,-0.0085371995157856,-0.0868613682476961,-0.0868613682476961,0.0,-0.0016688063063838,1000.0,-1000.0,1000.0,-15.948080971537363,-3.257393093635301,-0.1447689470794557,-0.0115314515771842,-17.690139530748297,-442.6401491253938,1000.0,-0.0056906295047838, Neutralism,Healthy
SRR13077777.bin.3.fbc2XSRR13077777.bin.27.fbc2 ,-0.1929118668529099,-0.1929118668529099,56.35466423860066,-0.0037062798627403,-1000.0,1000.0,-738.4225899992928,1000.0,-7.234398852376785,-0.3215197780881453,-0.0256103938511387,1000.0,-350.3002766535851,-1000.0,-0.0126384143317181,-0.1619613123841645,-0.1619613123841645,943.6453357613992,-0.0031116486528617,1000.0,-1000.0,1000.0,0.0,-6.073720355082401,-0.2699355206402742,-0.0215014921916463,-73.94316489973733,-649.6997233464149,1000.0,-0.0106107219064597, Amensalism,Healthy
SRR13077777.bin.14.fbc2XSRR13077777.bin.34.fbc2 ,-0.1447053928803825,-0.1447053928803825,1000.0,-0.0027801228219459,-1000.0,999.7829280100656,544.7945706905591,-0.1866852474911411,-5.426605139768526,-0.2411756548005996,-0.0192106486994134,1000.0,-500.00556024564384,-999.7829280100652,-0.0094802188226594,0.0,0.0,0.0,0.0,999.596242762574,0.2170719899346522,-0.0933426237455705,-999.8133147525087,0.0,0.0,0.0,0.0,-249.9533286881272,-0.2170719899346522,0.0, Amensalism,Healthy
SRR13077777.bin.30.fbc2XSRR13077777.bin.19.fbc2 ,-0.2457241083973258,-0.2457241083973258,1000.0,-0.0047209242727603,-0.9279805720108244,1000.0,-1000.0,-808.5040989377798,-9.214913715736657,-0.4095401806622476,-0.0326215867247583,877.3494904179743,-563.3705184968867,-1000.0,-0.0160983517700969,-0.0868613682476961,-0.0868613682476961,0.0,-0.0016688063063838,1000.0,-1000.0,987.9786647554392,-15.948080971537363,-3.257393093635301,-0.1447689470794557,-0.0115314515771842,-17.690139530748297,-436.6294815031133,1000.0,-0.0056906295047838, Neutralism,Healthy
SRR13077777.bin.34.fbc2XSRR13077777.bin.24.fbc2 ,-0.0159227077552941,-0.0159227077552941,267.2442506087607,-0.0003059117724433,-753.7303566623856,1000.0,0.0,-566.3792430764038,-0.5971183659703456,-0.0265378462587477,-0.0021138503475413,144.16829729104302,-499.8514753334656,-1000.0,-0.0010431591440465,-0.0891045285052314,-0.0891045285052314,732.7557493912393,-0.0017119025649208,999.8663346477292,-1000.0,-541.6824464852051,-433.6207569235962,-3.3415139735886896,-0.1485075475087569,-0.0118292467237779,453.4951924654527,-500.14852466653446,1000.0,-0.0058375877464413, Competition,Healthy
SRR13077777.bin.35.fbc2XSRR13077777.bin.3.fbc2 ,-0.0567410881100158,-0.0567410881100158,637.5152676328953,-0.0010901265727625,-1000.0,999.9148829172022,0.0,-5.428136284886932,-2.1278507610865063,-0.094568480183284,-0.0075327746175162,0.0,-318.33387981510054,-999.914882917202,-0.003717331612961,-0.2256425884241935,-0.2256425884241935,362.4847323671047,-0.0043351121695422,1000.0,-1000.0,533.7500632780768,1000.0,-8.461835497076208,-0.376070980707027,-0.0299556250914747,1000.0,-377.5524626868892,1000.0,-0.0147827324981335, Competition,Healthy
SRR13077777.bin.37.fbc2XSRR13077777.bin.18.fbc2 ,-0.055700466950725,-0.055700466950725,833.552956903598,-0.001070133851158,-684.7332709668689,1000.0,0.0,-821.3865730462206,-2.088826368012974,-0.0928341115844659,-0.0073946249111713,1000.0,-78.93160928322357,-1000.0,-0.0036491564322886,-0.08929064086999,-0.08929064086999,166.447043096402,-0.0017154782107127,-0.1339445386960278,0.0,1000.0,-178.61342695377937,-3.3484933839265523,-0.1488177347832788,-0.0118539544363329,-1.047934174606212,-499.99617448359,0.0,-0.0058497806986679, Neutralism,Healthy
SRR13077777.bin.1.fbc2XSRR13077777.bin.38.fbc2 ,-0.0855602209574044,-0.0855602209574044,458.50116121215024,-0.0016438082797094,-1000.0,1000.0,71.44800696447601,-24.515526550010463,-3.20859869535866,-0.1426003682623786,-0.0113587152126228,303.62317343468385,-247.0109606670377,-1000.0,-0.0056053862336966,-0.1560652758487322,-0.1560652758487322,125.57034901726048,-0.0029983722545239,979.395631078342,0.0,-1000.0,-975.4844734499897,-5.852612754803317,-0.2601087930812582,-0.0207187522788672,696.3768265653162,-752.9890393329623,0.0,-0.0102244493880334, Neutralism,Healthy
SRR13077777.bin.3.fbc2XSRR13077777.bin.19.fbc2 ,-0.267060629618868,-0.267060629618868,1000.0,-0.0051308478313103,-1000.0,1000.0,-1000.0,933.5572551883624,-10.015055807337376,-0.44510104936478,-0.0354541585141987,1000.0,-340.44903522735774,-1000.0,-0.0174961911046693,-0.0868613682476961,-0.0868613682476961,0.0,-0.0016688063063838,1000.0,-1000.0,782.3830462943085,-15.948080971537138,-3.257393093635301,-0.1447689470794557,-0.0115314515771842,-17.690139530748297,-333.8316722725481,1000.0,-0.0056906295047838, Neutralism,Healthy
SRR13077777.bin.18.fbc2XSRR13077777.bin.19.fbc2 ,-0.08929064086999,-0.08929064086999,996.292875789852,-0.0017154782107127,-1000.0,999.866055461304,215.0382938174864,-20.278138581818663,-3.3484933839265523,-0.1488177347832788,-0.0118539544363329,-1.1234237932710585,-499.99617448359,-999.866055461304,-0.0058497806986679,-0.0869418697179753,-0.0869418697179753,3.7071242101477537,-0.0016703529244068,1000.0,-1000.0,784.9617061825136,-19.669985560954277,-3.2604119838351835,-0.1449031161965877,-0.0115421387080232,-17.706534416882164,-333.21428008860994,1000.0,-0.0056959034724286, Neutralism,Healthy
SRR13077777.bin.29.fbc2XSRR13077777.bin.1.fbc2 ,-0.1141910494987996,-0.1141910494987996,1000.0,-0.0021938722286449,-1000.0,999.8287024563906,-1000.0,1000.0,-4.282285019177039,-0.1903184158312569,-0.0151596570996161,1000.0,-510.8491150061653,-999.8287024563908,-0.0074811042995861,-0.0858464362125914,-0.0858464362125914,0.0,-0.0016493071318564,1000.0,-25.51503494875089,674.0738616799663,-25.402644937770678,-3.2193320698651178,-0.1430773936876903,-0.0113967122811118,-26.74722608393745,-489.15088499383467,25.51503494875078,-0.0056241373196144, Neutralism,Healthy
SRR13077777.bin.14.fbc2XSRR13077777.bin.16.fbc2 ,-0.1441409513864755,-0.1441409513864755,992.848853903607,-0.0027692786048874,0.0,-0.2162252734727872,-333.33610261193826,351.2580431778304,-5.405437987316532,-0.240234918977535,-0.0191357151600186,960.8264492631774,-32.211527724625626,0.2162252734727872,-0.0094432400428559,-0.0876454676565572,-0.0876454676565572,7.151146096392836,-0.0016838706562793,-1000.0,999.7554514645964,964.336155823381,-22.784891655762635,-3.2867976500069744,-0.1460757794276332,-0.0116355462345154,39.17355073682256,-500.0,-999.7554514645964,-0.0057419989377649, Neutralism,Healthy
SRR13077777.bin.16.fbc2XSRR13077777.bin.24.fbc2 ,-0.0876454676565572,-0.0876454676565572,7.151146096392836,-0.0016838706562793,-1000.0,999.7554514645964,1000.0,-19.49809400575589,-3.2867976500069744,-0.1460757794276332,-0.0116355462345154,28.31424387203333,-499.4001060087379,-999.7554514645964,-0.0057419989377649,-0.1039028395979357,-0.1039028395979357,992.848853903607,-0.0019962120960599,999.8441357595424,-1000.0,-466.0315788144928,-761.6727457747202,-3.896466276589308,-0.1731713993299308,-0.0137938255835479,971.6857561279668,-500.1731913614509,1000.0,-0.0068070832473949, Neutralism,Healthy
SRR13077777.bin.38.fbc2XSRR13077777.bin.24.fbc2 ,-0.1516529133418771,-0.1516529133418771,65.30537191778808,-0.0029136006405678,-823.3024669163568,1000.0,-485.01024202296287,-69.53958459200715,-5.687144498353746,-0.2527548555697194,-0.0201329804264105,568.0301105086583,-499.83992262795886,-1000.0,-0.0099353781843092,-0.0960353528670339,-0.0960353528670339,934.694628082212,-0.0018450596131742,999.8559377454014,-1000.0,-514.9897579770371,-324.0053640747124,-3.601427210791144,-0.1600589214449428,-0.012749361927149,431.96988949134175,-500.16007737204114,1000.0,-0.0062916532809822, Neutralism,Healthy
SRR13077777.bin.30.fbc2XSRR13077777.bin.2.fbc2 ,-0.1830502157454248,-0.1830502157454248,47.18233535971831,-0.0035168149038327,-0.6762182392392333,1000.0,-1000.0,1000.0,-6.864576515275076,-0.3050836929090792,-0.024301190985625,390.8363194941746,-660.5594124139753,-1000.0,-0.0119923388220968,-0.128261750106958,-0.128261750106958,952.8176646402816,-0.0024642026917263,-0.1924049461739514,0.0,706.4138891926248,-981.335709898025,-4.809951160159812,-0.2137695835116346,-0.0170276406001903,440.9120171871239,0.0,0.0,-0.0084029311789208, Amensalism,Healthy
SRR13077777.bin.8.fbc2XSRR13077777.bin.29.fbc2 ,-0.0857297928420166,-0.0857297928420166,7.505038066512043,-0.0016470661448693,-1000.0,999.871397075406,896.8360674654209,-3.4057951390919925,-3.214957820214522,-0.1428829880700277,-0.0113812270612925,10.412241577551868,-400.5702941820723,-999.8713970754062,-0.0056164955541362,-0.1138497395603508,-0.1138497395603508,992.494961933488,-0.0021873148810982,0.0,-0.1707855459150096,-500.0,1000.0,-4.2694855358330415,-0.1897495659339938,-0.0151143458282376,989.587758422448,-510.8166876767845,0.1707855459150096,-0.0074587437444506, Neutralism,Healthy
SRR13077777.bin.35.fbc2XSRR13077777.bin.14.fbc2 ,-0.0877441427977601,-0.0877441427977601,985.8505104890996,-0.0016857664322742,-1000.0,999.8683753569712,82.77884137772662,-9.101424871525523,-3.290498072070818,-0.1462402379962668,-0.0116486460467513,-0.5508578970608369,-491.9162734618644,-999.8683753569712,-0.0057484635339051,-0.0668920008213262,-0.0668920008213262,14.14948951090048,-0.0012851489110516,0.0,-0.1003444269764486,917.2211586222734,294.3930900010544,-2.5085207139883323,-0.111486668035468,-0.0088803789755047,353.5166740906509,-0.0025702978221033,0.1003444269764486,-0.0043823577867669, Amensalism,Healthy
SRR13077777.bin.18.fbc2XSRR13077777.bin.14.fbc2 ,-0.08929064086999,-0.08929064086999,0.0,-0.0017154782107127,-1000.0,999.866055461304,25.37502378369209,-1000.0,-3.3484933839265523,-0.1488177347832788,-0.0118539544363329,-1.0202978206308444,-499.99617448359,-999.866055461304,-0.0058497806986679,-0.1447053928803825,-0.1447053928803825,1000.0,-0.0027801228219459,0.0,-0.2170719899346522,416.38437470765166,0.0,-5.426605139768526,-0.2411756548005996,-0.0192106486994134,1000.0,-290.9011283217021,0.2170719899346522,-0.0094802188226594, Neutralism,Healthy
SRR13077777.bin.3.fbc2XSRR13077777.bin.16.fbc2 ,-0.2665960862077554,-0.2665960862077554,992.848853903607,-0.0051219228857917,1000.0,-1000.0,-1000.0,1000.0,-9.997634938548911,-0.4443268103461832,-0.0353924871411663,650.3972457162331,-468.4656814169798,1000.0,-0.0174657570406679,-0.0876454676565572,-0.0876454676565572,7.151146096393063,-0.0016838706562793,-1000.0,999.7554514645964,201.41713824953425,-356.5962002803017,-3.2867976500069744,-0.1460757794276332,-0.0116355462345154,349.6027542837669,-405.587589682425,-999.7554514645964,-0.0057419989377649, Neutralism,Healthy
SRR13077777.bin.27.fbc2XSRR13077777.bin.2.fbc2 ,-0.0546901771431294,-0.0546901771431294,61.961427951454425,-0.0010507238644095,1000.0,-1000.0,1000.0,45.42868721984223,-2.0509394326812758,-0.0911502952386626,-0.007260501903147,-12.52589983978612,-500.0205101298335,1000.0,-0.0035829683777137,-0.1262722904746169,-0.1262722904746169,938.0385720485456,-0.0024259806046984,-1000.0,999.8105794343852,0.0,-155.21933041330556,-4.735344321731191,-0.2104538174577328,-0.0167635259784901,323.26817137153284,0.0,-999.8105794343852,-0.0082725938619887, Amensalism,Healthy
SRR13077777.bin.27.fbc2XSRR13077777.bin.38.fbc2 ,-0.1634532649895845,-0.1634532649895845,996.5283019905128,-0.0031403124877442,1000.0,-1000.0,303.53778476474577,436.2008856500386,-6.129670154295923,-0.2724221083159364,-0.0216995592905959,-29.82935727466338,-550.4984301196257,1000.0,-0.0107084655833205,-0.1538326939116814,-0.1538326939116814,3.4716980094871133,-0.002955479229854,-1000.0,999.7692361817362,-1000.0,-65.0921961868894,-5.768888573046638,-0.2563878231861736,-0.0204223614780403,1000.0,-449.5015698803743,-999.7692361817363,-0.0100781841736079, Neutralism,Healthy
SRR13077777.bin.37.fbc2XSRR13077777.bin.30.fbc2 ,-0.0415880551051941,-0.0415880551051941,497.9222851365069,-0.0007990020193346,1000.0,-513.509997553715,807.9191909612373,-988.8176131813376,-1.5595960115552998,-0.0693134251753235,-0.0055211039534697,995.5166119041668,-121.70830943343526,513.509997553715,-0.0027245968858551,-0.213733093568635,-0.213733093568635,502.0777148634932,-0.0041063034307171,-927.9663791433755,1000.0,-674.8225160768309,-11.18238681866228,-8.01521685551404,-0.3562218226144296,-0.0283745567062396,4.4833880958331065,-518.0839817287984,-1000.0,-0.0140024946987296, Competition,Healthy
SRR13077777.bin.29.fbc2XSRR13077777.bin.19.fbc2 ,-0.1141910494987996,-0.1141910494987996,1000.0,-0.0021938722286449,-1000.0,999.8287024563906,0.0,1000.0,-4.282285019177039,-0.1903184158312569,-0.0151596570996161,1000.0,-510.8491150061653,-999.8287024563908,-0.0074811042995861,-0.0868613682476961,-0.0868613682476961,0.0,-0.0016688063063838,1000.0,-1000.0,1000.0,-15.948080971537252,-3.257393093635301,-0.1447689470794557,-0.0115314515771842,-17.690139530748297,-442.6401491253938,1000.0,-0.0056906295047838, Neutralism,Healthy
SRR13077777.bin.38.fbc2XSRR13077777.bin.19.fbc2 ,-0.1564895501211367,-0.1564895501211367,994.1133241281397,-0.0030065235373513,-1000.0,999.7652506422004,0.0,-914.8484154782276,-5.868523488337587,-0.2608159168685233,-0.0207750776434068,986.6712492442924,-546.6630344166816,-999.7652506422006,-0.0102522452624498,-0.0869418697179753,-0.0869418697179753,5.8866758718604615,-0.0016703529244068,1000.0,-1000.0,1000.0,-21.84953722266698,-3.2604119838351835,-0.1449031161965877,-0.0115421387080232,-17.706534416882164,-440.7334269973532,1000.0,-0.0056959034724286, Neutralism,Healthy
SRR13077777.bin.30.fbc2XSRR13077777.bin.14.fbc2 ,-0.1787621523151301,-0.1787621523151301,20.00027365073936,-0.0034344313605743,-0.6834311197778788,1000.0,-1000.0,-274.89776882514764,-6.703769605541652,-0.2979369205252169,-0.0237319207011523,-40.50930679106966,-499.99450041241136,-1000.0,-0.0117114109393696,-0.1431267669951239,-0.1431267669951239,979.9997263492604,-0.0027497937943508,-0.2147038994615968,0.0,487.0502269357444,944.607988819309,-5.367405000974031,-0.2385446116584262,-0.0190010751188083,1000.0,-500.00549958758864,0.0,-0.0093767968386373, Amensalism,Healthy
SRR13077777.bin.29.fbc2XSRR13077777.bin.27.fbc2 ,-0.0390892481693754,-0.0390892481693754,57.36530538122133,-0.0007509942010983,-1000.0,999.9413623727748,-1000.0,616.7594324235486,-1.4658881110335642,-0.0651487469490348,-0.0051893699298943,347.1136250494444,-394.2631489253676,-999.9413623727748,-0.0025608902259364,-0.164865859292945,-0.164865859292945,942.6346946187788,-0.0031674516675366,1000.0,-1000.0,192.8087430884268,383.2405675764514,-6.182643933326631,-0.2747764321549084,-0.0218870910223358,-30.091044237302413,-605.7368510746325,1000.0,-0.0108010101861282, Amensalism,Healthy
SRR13077777.bin.30.fbc2XSRR13077777.bin.24.fbc2 ,-0.2004663264597184,-0.2004663264597184,305.3885029321564,-0.0038514183758024,0.1300517131491005,999.1987603240816,-1000.0,-615.2052933469809,-7.517699070249023,-0.3341105440995306,-0.0266133009766917,613.4483626596868,-194.1491286513923,-999.1987603240816,-0.0131333366614398,-0.0866955900282846,-0.0866955900282846,694.6114970678436,-0.0016656213261967,999.869948286851,-1000.0,0.0,-384.7947066530192,-3.251176235234766,-0.144492650047141,-0.0115094433639342,386.5516373403132,-500.1445093062604,1000.0,-0.0056797687223024, Competition,Healthy
SRR13077777.bin.18.fbc2XSRR13077777.bin.24.fbc2 ,-0.08929064086999,-0.08929064086999,0.0,-0.0017154782107127,-1000.0,999.866055461304,0.0,-229.14078940814136,-3.3484933839265523,-0.1488177347832788,-0.0118539544363329,-1.0115231495825583,-499.99617448359,-999.866055461304,-0.0058497806986679,-0.1042935904656587,-0.1042935904656587,1000.0,-0.0020037193172584,999.8435495957048,-1000.0,-464.10889865653576,-770.8592105918586,-3.911119847026157,-0.1738226507761737,-0.013845700482534,986.2753874507434,-500.00382551641,1000.0,-0.0068326828719591, Neutralism,Healthy
SRR13077777.bin.18.fbc2XSRR13077777.bin.34.fbc2 ,-0.08929064086999,-0.08929064086999,0.0,-0.0017154782107127,-1000.0,999.866055461304,-81.1500541704005,-20.20264896315382,-3.3484933839265523,-0.1488177347832788,-0.0118539544363329,-1.047934174606212,-499.99617448359,-999.866055461304,-0.0058497806986679,-0.058915072210425,-0.058915072210425,1000.0,-0.0011318937985151,0.0,-0.0883782677847193,1000.0,-656.315368340682,-2.209377462051748,-0.0981917870174129,-0.0078213861474978,25.19449958396945,-488.4682640946761,0.0883782677847193,-0.0038597578527514, Neutralism,Healthy
SRR13077777.bin.29.fbc2XSRR13077777.bin.18.fbc2 ,-0.1139353954225725,-0.1139353954225725,1000.0,-0.002188960526837,-1000.0,999.8290859620636,913.709640049566,1000.0,-4.272697721174609,-0.1898923257042497,-0.0151257172404939,1000.0,-500.00382551641,-999.8290859620636,-0.0074643553965643,-0.08929064086999,-0.08929064086999,0.0,-0.0017154782107127,0.0,-0.1339445386960278,86.29035995043387,-1000.0,-3.3484933839265523,-0.1488177347832788,-0.0118539544363329,0.0,-499.99617448359,0.1339445386960278,-0.0058497806986679, Neutralism,Healthy
SRR13077777.bin.18.fbc2XSRR13077777.bin.38.fbc2 ,-0.08929064086999,-0.08929064086999,885.100780356026,-0.0017154782107127,-1000.0,999.866055461304,-717.5904071105299,-20.20264896315382,-3.3484933839265523,-0.1488177347832788,-0.0118539544363329,-1.0870127682472912,-499.99617448359,-999.866055461304,-0.0058497806986679,-0.1564895501211367,-0.1564895501211367,114.899219643974,-0.0030065235373513,0.0,-0.2347493577993873,-282.4095928894701,9.66279027575115,-5.868523488337587,-0.2608159168685233,-0.0207750776434068,712.3894126977184,-500.00382551641,0.2347493577993873,-0.0102522452624498, Neutralism,Healthy
SRR13077777.bin.14.fbc2XSRR13077777.bin.19.fbc2 ,-0.1300687170929677,-0.1300687170929677,1000.0,-0.0024989186761104,-1000.0,999.8048844297672,217.6169537056921,355.2738365468172,-4.877714331514994,-0.216781195155022,-0.0172675280521161,1000.0,-474.01015735702913,-999.8048844297672,-0.008521312685616,-0.0868613682476961,-0.0868613682476961,0.0,-0.0016688063063838,1000.0,-1000.0,782.3830462943079,-15.948080971537138,-3.257393093635301,-0.1447689470794557,-0.0115314515771842,-17.69013953074841,-333.8316722725481,1000.0,-0.0056906295047838, Amensalism,Healthy
SRR13077777.bin.8.fbc2XSRR13077777.bin.16.fbc2 ,-0.0857297928420166,-0.0857297928420166,7.50503806651227,-0.0016470661448693,0.0,-0.1286029245937925,573.2627300352551,-327.7362229934239,-3.214957820214522,-0.1428829880700277,-0.0113812270612925,333.98557900771834,-400.5702941820724,0.1286029245937925,-0.0056164955541362,-0.0878881343728608,-0.0878881343728608,25.017049291984225,-0.0016885328409443,-1000.0,999.7547743755048,0.0,-672.2637770065761,-3.295897908287543,-0.146480223954768,-0.0116677619311076,645.671740264507,-599.4297058179276,-999.754774375505,-0.0057578969876885, Neutralism,Healthy
SRR13077777.bin.38.fbc2XSRR13077777.bin.16.fbc2 ,-0.1564895501211367,-0.1564895501211367,779.6725939470457,-0.0030065235373513,0.2452256244949922,312.76932386230555,-1000.0,-978.7631536057524,-5.868523488337587,-0.2608159168685233,-0.0207750776434068,752.0325252892726,-544.9518946773026,-312.76932386230555,-0.0102522452624498,-0.0878881343728608,-0.0878881343728608,25.017049291984225,-0.0016885328409443,999.7547743755048,-1000.0,0.0,-21.23684639424755,-3.295897908287543,-0.146480223954768,-0.0116677619311076,247.9674747107274,-455.04810532269744,1000.0,-0.0057578969876885, Neutralism,Healthy
SRR13077777.bin.14.fbc2XSRR13077777.bin.2.fbc2 ,-0.069499290422982,-0.069499290422982,47.18233535971831,-0.0013352409303024,0.0,-0.1042556118392212,661.7776213483348,196.986156009114,-2.606296829114399,-0.1158321507050459,-0.0092265148284695,1000.0,-0.0026704818606049,0.1042556118392212,-0.0045531715724109,-0.128261750106958,-0.128261750106958,952.8176646402816,-0.0024642026917263,-1000.0,999.807595053826,338.2223786516652,-498.6769526710662,-4.809951160159812,-0.2137695835116346,-0.0170276406001903,0.0,0.0,-999.807595053826,-0.0084029311789208, Amensalism,Healthy
SRR13077777.bin.35.fbc2XSRR13077777.bin.24.fbc2 ,-0.027180644656596,-0.027180644656596,305.3885029321564,-0.0005222025870352,-1000.0,999.9592264220024,347.26727918854954,-3.6195967526331287,-1.0193028957628485,-0.0453010744275843,-0.0036084198766275,-3.482913706820341,-151.839236115218,-999.9592264220022,-0.0017807108218903,-0.0866955900282846,-0.0866955900282846,694.6114970678436,-0.0016656213261967,999.869948286851,-1000.0,444.6172232773274,-384.7947066530194,-3.251176235234766,-0.144492650047141,-0.0115094433639342,386.5516373403134,-500.1445093062604,1000.0,-0.0056797687223024, Competition,Healthy
SRR13077777.bin.37.fbc2XSRR13077777.bin.29.fbc2 ,-0.0440504671967119,-0.0440504671967119,566.3994146453642,-0.0008463106089493,-468.1485965669604,1000.0,825.0386737763688,-556.7776839426937,-1.651939066962086,-0.073417445327891,-0.0058480063079286,976.4700511738442,-133.05374038611,-1000.0,-0.0028859191766059,-0.0808047284932627,-0.0808047284932627,433.60058535463577,-0.0015524443514323,-0.1212148549616358,0.0,174.9613262236312,1000.0,-3.0302627029374207,-0.1346745474887711,-0.0107273904685598,23.52994882615576,-501.3496847695268,0.0,-0.0052938352384899, Competition,Healthy
SRR13077777.bin.16.fbc2XSRR13077777.bin.2.fbc2 ,-0.0876454676565572,-0.0876454676565572,7.151146096392836,-0.0016838706562793,0.0,-0.2445485354037373,-1000.0,-417.6303582233355,-3.2867976500069744,-0.1460757794276332,-0.0116355462345154,977.5719766653136,-999.783307377717,0.2445485354037373,-0.0057419989377649,-0.1300005877112653,-0.1300005877112653,992.848853903607,-0.0024976097543003,-1000.0,999.8049866303844,0.0,444.46716349204826,-4.875159407707656,-0.2166676461854422,-0.0172584834022018,22.42802333468637,-0.2166926222829488,-999.8049866303844,-0.0085168492621505, Neutralism,Healthy
SRR13077777.bin.37.fbc2XSRR13077777.bin.19.fbc2 ,-0.055700466950725,-0.055700466950725,833.552956903598,-0.001070133851158,-342.36663548343506,1000.0,-81.56032470025343,-821.3865730462205,-2.088826368012974,-0.0928341115844659,-0.0073946249111713,1000.0,-164.52326815408207,-1000.0,-0.0036491564322886,-0.0869418697179753,-0.0869418697179753,5.886675871860575,-0.0016703529244068,1000.0,-1000.0,1000.0,-21.84953722266721,-3.2604119838351835,-0.1449031161965877,-0.0115421387080232,-17.706534416882164,-440.733426997353,1000.0,-0.0056959034724286, Neutralism,Healthy
SRR13077777.bin.35.fbc2XSRR13077777.bin.18.fbc2 ,-0.0890034968427926,-0.0890034968427926,1000.0,-0.0017099615147344,-1000.0,999.8664862049282,77.91877226478982,-11.392025805372782,-3.3377251794881886,-0.1483391614046922,-0.0118158340669651,0.7175340508229056,-498.97653673457455,-999.8664862049284,-0.0058309687652808,-0.08929064086999,-0.08929064086999,0.0,-0.0017154782107127,0.0,-0.1339445386960278,922.0812277352102,-20.278138581818325,-3.3484933839265523,-0.1488177347832788,-0.0118539544363329,-1.0870127682472912,-499.99617448359,0.1339445386960278,-0.0058497806986679, Neutralism,Healthy
SRR13077777.bin.8.fbc2XSRR13077777.bin.34.fbc2 ,-0.0857297928420166,-0.0857297928420166,7.505038066512384,-0.0016470661448693,-1000.0,999.871397075406,0.0,-341.18907695424605,-3.214957820214522,-0.1428829880700277,-0.0113812270612925,348.19552339270786,-400.5702941820723,-999.8713970754062,-0.0056164955541362,-0.0587681559925385,-0.0587681559925385,992.4949619334876,-0.0011290712005802,0.0,-0.0881578793448625,1000.0,-658.810923045754,-2.2038679486367982,-0.0979469266542309,-0.007801881996329,21.8067455905624,-488.49702072624257,0.0881578793448625,-0.0038501327941276, Neutralism,Healthy
SRR13077777.bin.35.fbc2XSRR13077777.bin.30.fbc2 ,-0.0871987738242978,-0.0871987738242978,979.7230099654008,-0.0016752886421045,-1000.0,999.8691934628204,1000.0,3.96109713987903,-3.2700461592855845,-0.1453312897070873,-0.0115762445173004,-19.75966097074036,-924.4154355258112,-999.8691934628204,-0.005712734269764,-0.1812354392922088,-0.1812354392922088,20.27699003459918,-0.0034819488816992,999.251014394411,0.1308065371796374,-917.440802053434,-673.7076500369426,-6.796520480648155,-0.3020590654871284,-0.0240602667724942,909.5344241102572,-75.58456447418882,-0.1308065371796374,-0.0118734456865468, Amensalism,Healthy
SRR13077777.bin.38.fbc2XSRR13077777.bin.34.fbc2 ,-0.1552421222478415,-0.1552421222478415,27.93573472888329,-0.002982557584005,266.5989494068949,0.086880558139228,0.0,-325.2314840896452,-5.821743624960163,-0.2587368704130313,-0.0206094729055621,932.4988432114144,-524.4216569541616,-0.086880558139228,-0.0101705213614877,-0.0579166630526515,-0.0579166630526515,972.0642652711168,-0.0011127120662877,-1000.0,999.9131194418608,1000.0,-674.7685159103548,-2.1719360636371903,-0.0965277717543813,-0.0076888403783641,29.03167913678749,-475.5783430458384,-999.9131194418608,-0.0037943481462434, Neutralism,Healthy
SRR13077777.bin.37.fbc2XSRR13077777.bin.2.fbc2 ,-0.0039408189219329,-0.0039408189219329,47.18233535971831,-7.57121790684323e-05,-1000.0,999.9940883930562,-946.4953145821196,-46.321561324208005,-0.1477848737432623,-0.0065680315366307,-0.0005231711575106,94.33359389840508,-0.0066532077380543,-999.9940883930562,-0.0002581785307711,-0.128261750106958,-0.128261750106958,952.8176646402816,-0.0024642026917263,0.0,-0.1924049461739514,1000.0,-953.678438675792,-4.809951160159812,-0.2137695835116346,-0.0170276406001903,440.8923035655896,0.0,0.1924049461739514,-0.0084029311789208, Amensalism,Healthy
SRR13077777.bin.1.fbc2XSRR13077777.bin.16.fbc2 ,-0.0858464362125914,-0.0858464362125914,649.2302059787005,-0.0016493071318564,-281.2254459107562,1000.0,873.1652693923338,-37.58190397367741,-3.2193320698651178,-0.1430773936876903,-0.0113967122811118,-44.512737854621946,-551.2598985869397,-1000.0,-0.0056241373196144,-0.0878881343728608,-0.0878881343728608,25.017049291984225,-0.0016885328409443,-0.2452256244949922,0.0,126.8347306076662,-458.1568072978753,-3.295897908287543,-0.146480223954768,-0.0116677619311076,431.5647705558067,-448.7401014130603,0.0,-0.0057578969876885, Neutralism,Healthy
SRR13077777.bin.18.fbc2XSRR13077777.bin.27.fbc2 ,-0.08929064086999,-0.08929064086999,0.0,-0.0017154782107127,-1000.0,999.866055461304,-1000.0,-1000.0,-3.3484933839265523,-0.1488177347832788,-0.0118539544363329,-1.123423793270831,-499.99617448359,-999.866055461304,-0.0058497806986679,-0.158887716589902,-0.158887716589902,1000.0,-0.0030525978211244,1000.0,-1000.0,0.0,436.70233406441616,-5.958457264999652,-0.2648128609830564,-0.0210934509440221,-28.99616881324721,-500.00382551641,1000.0,-0.0104093585700866, Neutralism,Healthy
SRR13077777.bin.35.fbc2XSRR13077777.bin.38.fbc2 ,-0.0890034968427926,-0.0890034968427926,1000.0,-0.0017099615147344,-1000.0,999.8664862049282,0.0,-13.551997891960127,-3.3377251794883023,-0.1483391614046922,-0.0118158340669651,0.7175340508200634,-495.50067231411833,-999.8664862049284,-0.0058309687652808,-0.1535328702965444,-0.1535328702965444,0.0,-0.0029497189298126,219.6666292086552,0.1335137950717353,-1000.0,-370.6579104375162,-5.757644870663512,-0.255888117161021,-0.0203825578049645,985.6748817491084,-504.49932768588167,-0.1335137950717353,-0.0100585415506202, Neutralism,Healthy
SRR13077777.bin.18.fbc2XSRR13077777.bin.16.fbc2 ,-0.08929064086999,-0.08929064086999,-575.2378462883245,-0.0017154782107127,-1000.0,999.866055461304,-615.3136962676733,-234.8189514287781,-3.3484933839265523,-0.1488177347832788,-0.0118539544363329,-1.162502386912024,-499.99617448359,-999.866055461304,-0.0058497806986679,-0.0878881343728608,-0.0878881343728608,25.017049291984225,-0.0016885328409443,0.0,-0.2452256244949922,-384.6863037323267,-765.1810485712219,-3.295897908287543,-0.146480223954768,-0.0116677619311076,738.5890118291525,-500.00382551641,0.2452256244949922,-0.0057578969876885, Neutralism,Healthy
SRR13077777.bin.29.fbc2XSRR13077777.bin.38.fbc2 ,-0.0996104156993169,-0.0996104156993169,690.6595343484785,-0.0019137447781076,-1000.0,999.8505748077272,-819.8478698363293,1000.0,-3.735495844689126,-0.1660173594989373,-0.0132239764166115,538.2849475558232,-509.46383153914246,-999.8505748077272,-0.0065258696932914,-0.1548815323897088,-0.1548815323897088,309.3404656515215,-0.0029756298249594,8.851900339847361,0.149425192272929,-180.15213016367068,0.0,-5.808221124252441,-0.2581358873161434,-0.0205616020905381,461.7150524441768,-490.5361684608576,-0.149425192272929,-0.01014689770318, Amensalism,Healthy
SRR13077777.bin.3.fbc2XSRR13077777.bin.38.fbc2 ,-0.2169421250594041,-0.2169421250594041,996.5470682202404,-0.0041679562931449,1000.0,-1000.0,-196.3407232994648,718.2476770787889,-8.135558927324496,-0.3615702084323402,-0.0288005779857485,236.55081937965565,-229.66706062229773,1000.0,-0.0142127309596844,-0.1530011527852366,-0.1530011527852366,3.4529317797596377,-0.0029395034156323,-1.0322163735137335,1000.0,-803.6592767005352,-941.529761955534,-5.73770490213542,-0.2550019213088035,-0.0203119686021864,763.4491806203444,-693.7822669730787,-1000.0,-0.0100237066474164, Amensalism,Healthy
SRR13077777.bin.24.fbc2XSRR13077777.bin.19.fbc2 ,-0.1043097126860175,-0.1043097126860175,1000.0,-0.0020040290621636,-1000.0,999.8435254108258,-464.0221933292646,-770.6923916583926,-3.911724447322968,-0.1738495211433246,-0.0138478408196078,985.9331789247768,-500.173869561434,-999.8435254108256,-0.0068337391020349,-0.0868613682476961,-0.0868613682476961,0.0,-0.0016688063063838,1000.0,-1000.0,1000.0,-15.948080971537138,-3.257393093635301,-0.1447689470794557,-0.0115314515771842,-17.69013953074841,-442.6401491253938,1000.0,-0.0056906295047838, Neutralism,Healthy
SRR13077777.bin.30.fbc2XSRR13077777.bin.27.fbc2 ,-0.1812354392922088,-0.1812354392922088,20.27699003459918,-0.0034819488816992,0.0,352.27687980821906,-1000.0,605.0589531150772,-6.796520480648155,-0.3020590654871284,-0.0240602667724942,1000.0,-236.10141958507108,-352.27687980821906,-0.0118734456865468,-0.1683589930004245,-0.1683589930004245,979.7230099654008,-0.0032345627857921,1000.0,-1000.0,213.2222381174697,394.9410468849228,-6.3136401384679175,-0.2805983216672985,-0.0223508288497669,-37.34024563795492,-620.088752025979,1000.0,-0.0110298590994943, Amensalism,Healthy
SRR13077777.bin.18.fbc2XSRR13077777.bin.2.fbc2 ,-0.08929064086999,-0.08929064086999,0.0,-0.0017154782107127,0.0,-0.1339445386960278,-1000.0,-20.202648963153703,-3.3484933839265523,-0.1488177347832788,-0.0118539544363329,-0.981219226989765,-499.99617448359,0.1339445386960278,-0.0058497806986679,-0.1303112125508505,-0.1303112125508505,1000.0,-0.0025035775706783,-1000.0,999.804520663286,0.0,475.68317666473376,-4.88680816742442,-0.2171853542514554,-0.0172997210130461,-44.44996826381612,0.0,-999.804520663286,-0.0085371995157856, Neutralism,Healthy
SRR13077777.bin.3.fbc2XSRR13077777.bin.1.fbc2 ,-0.2665718195886484,-0.2665718195886484,1000.0,-0.0051214566683484,1000.0,-1000.0,324.98837896038253,1000.0,-9.996724914689253,-0.4442863659810427,-0.0353892655783738,1000.0,-495.8996871828328,1000.0,-0.0174641672391544,-0.0855602209574044,-0.0855602209574044,0.0,-0.0016438082797094,-469.0681985955487,1000.0,675.0116210396175,-21.983913856555773,-3.20859869535866,-0.1426003682623786,-0.0113587152126228,-30.12388259734962,-504.1003128171672,-1000.0,-0.0056053862336966, Neutralism,Healthy
SRR13077777.bin.1.fbc2XSRR13077777.bin.19.fbc2 ,-0.0858464362125914,-0.0858464362125914,369.8481370803604,-0.0016493071318564,-0.4821142299770145,1000.0,111.7206131967605,-178.32653225984131,-3.2193320698651178,-0.1430773936876903,-0.0113967122811118,343.1009109964225,-666.3007214525459,-1000.0,-0.0056241373196144,-0.0869418697179753,-0.0869418697179753,630.1518629196396,-0.0016703529244068,1000.0,-1000.0,888.2793868032395,-646.1147242704457,-3.2604119838351835,-0.1449031161965877,-0.0115421387080232,-17.706534416882164,-228.8068236370281,1000.0,-0.0056959034724286, Neutralism,Healthy
SRR13077777.bin.35.fbc2XSRR13077777.bin.34.fbc2 ,-0.0890034968427926,-0.0890034968427926,1000.0,-0.0017099615147344,-1000.0,999.8664862049282,-624.9965366154487,-9.232053718783163,-3.3377251794881886,-0.1483391614046922,-0.0118158340669651,0.7175340508201771,-622.1117887910254,-999.8664862049284,-0.0058309687652808,0.0,0.0,0.0,0.0,0.0,0.0,-375.0034633845513,-624.9965366154488,0.0,0.0,0.0,624.9965366154488,0.0,0.0,0.0, Amensalism,Healthy
SRR13077777.bin.37.fbc2XSRR13077777.bin.24.fbc2 ,-0.0255070204077583,-0.0255070204077583,305.3885029321564,-0.0004900484227619,-692.8851087160806,1000.0,-500.1133969850807,-615.2052933469807,-0.9565402179524654,-0.0425117006794835,-0.0033862346016348,610.575860588682,-76.83135157134848,-1000.0,-0.0016710651218545,-0.0866955900282846,-0.0866955900282846,694.6114970678436,-0.0016656213261967,999.869948286851,-1000.0,444.6172232773279,-384.79470665301926,-3.251176235234766,-0.144492650047141,-0.0115094433639342,386.55163734031385,-500.1445093062604,1000.0,-0.0056797687223024, Competition,Healthy
SRR13077777.bin.8.fbc2XSRR13077777.bin.30.fbc2 ,-0.0857297928420166,-0.0857297928420166,7.505038066512384,-0.0016470661448693,-0.1286029245937925,0.0,896.8360674654214,-3.4057951390931294,-3.214957820214522,-0.1428829880700277,-0.0113812270612925,10.412241577552322,-400.5702941820724,0.0,-0.0056164955541362,-0.2455884204641734,-0.2455884204641734,992.4949619334876,-0.0047183173960547,-85.58202482876857,1000.0,-1000.0,-996.5942048609068,-9.209825274861828,-0.409314034106842,-0.0326035732066429,876.1497260539716,-599.4297058179276,-1000.0,-0.0160894623205649, Neutralism,Healthy
SRR13077777.bin.8.fbc2XSRR13077777.bin.27.fbc2 ,-0.0852977097418943,-0.0852977097418943,1.4191430356977437,-0.0016387648365707,-1000.0,999.8720452415628,465.9165622428268,-415.4211310850494,-3.1987542473882518,-0.1421628495698996,-0.0113238650204721,421.6389899846199,-400.5674198665048,-999.8720452415628,-0.005588188092588,-0.1329268673848673,-0.1329268673848673,998.5808569643024,-0.0025538303051462,1000.0,-1000.0,-366.0074677777717,-129.61347266305404,-4.984897987599084,-0.2215447789748168,-0.0176469674088366,-21.70462068921881,-366.6019958032928,1000.0,-0.0087085613406543, Amensalism,Healthy
SRR13077777.bin.1.fbc2XSRR13077777.bin.27.fbc2 ,-0.0824156998869511,-0.0824156998869511,0.0,-0.0015833948104955,-297.27446601039856,1000.0,671.7910744359556,-24.38746270539741,-3.09067583247554,-0.1373594998116232,-0.0109412581406331,-29.016765499105414,-381.4260359964985,-1000.0,-0.0053993763037851,-0.17019129378059,-0.17019129378059,1000.0,-0.0032697654904723,1000.0,-1000.0,328.2089255640444,444.0562032241801,-6.3823533538750326,-0.2836521563010592,-0.0225940795393171,-59.822615786917936,-618.5739640035015,1000.0,-0.0111499003226072, Neutralism,Healthy
SRR13077777.bin.37.fbc2XSRR13077777.bin.14.fbc2 ,-0.0294356214446906,-0.0294356214446906,352.4245569330026,-0.0005655258682963,-254.78112252068436,1000.0,0.0,-845.9803585598738,-1.1038669080983254,-0.0490593690744844,-0.0039077837499235,704.6169881181045,-186.3654540204543,-1000.0,-0.0019284432108861,-0.1168884470775992,-0.1168884470775992,647.5754430669974,-0.0022456954289964,-0.1753438990936047,0.0,1000.0,473.5472691341136,-4.383440278659464,-0.1948140784627412,-0.0155177554141801,295.3830118818955,-196.51895344380625,0.0,-0.0076578214127493, Competition,Healthy
SRR13077777.bin.14.fbc2XSRR13077777.bin.1.fbc2 ,-0.1447053928803825,-0.1447053928803825,1000.0,-0.0027801228219459,-1000.0,999.7829280100656,427.7840663109876,526.5736581560086,-5.426605139768526,-0.2411756548005996,-0.0192106486994134,1000.0,-398.9424354041854,-999.7829280100652,-0.0094802188226594,-0.0858464362125914,-0.0858464362125914,0.0,-0.0016493071318564,1000.0,-189.03588448655364,572.2159336890124,-25.402644937770788,-3.2193320698651178,-0.1430773936876903,-0.0113967122811118,-26.74722608393756,-601.0575645958146,189.03588448655364,-0.0056241373196144, Neutralism,Healthy
SRR13077777.bin.24.fbc2XSRR13077777.bin.2.fbc2 ,-0.0059036833617938,-0.0059036833617938,47.18233535971831,-0.000113423311518,999.991143907841,-1000.0,-969.8837396234776,-25.53505779125419,-0.2213943643477023,-0.0098394722696184,-0.0007837550822387,25.65469896865352,-34.273871194197795,1000.0,-0.0003867734920959,-0.128261750106958,-0.128261750106958,952.8176646402816,-0.0024642026917263,-1000.0,999.807595053826,0.0,-154.38983088604095,-4.809951160159812,-0.2137695835116346,-0.0170276406001903,-43.75088382736544,0.0,-999.807595053826,-0.0084029311789208, Amensalism,Healthy
SRR13077777.bin.34.fbc2XSRR13077777.bin.16.fbc2 ,-0.0583740228365741,-0.0583740228365741,991.4006551717318,-0.0011214989978043,-1000.0,999.91243335825,993.963534146242,-646.4059608174543,-2.1890875388185123,-0.0972900380610326,-0.00774955807492,25.82734456817525,-189.55728956498055,-999.91243335825,-0.003824311582548,-0.0876876763946938,-0.0876876763946938,8.599344828268158,-0.0016846815830149,999.7553336937024,-1000.0,6.036465853758045,-353.59403918254566,-3.288380522286161,-0.146146127324414,-0.011641149738466,396.981351700188,-405.6384390764364,1000.0,-0.0057447641979706, Neutralism,Healthy
SRR13077777.bin.18.fbc2XSRR13077777.bin.30.fbc2 ,-0.08929064086999,-0.08929064086999,0.0,-0.0017154782107127,-1000.0,999.866055461304,0.0,-205.8705034775386,-3.3484933839265523,-0.1488177347832788,-0.0118539544363329,-1.162502386912024,-499.99617448359,-999.866055461304,-0.0058497806986679,-0.2449471419703286,-0.2449471419703286,1000.0,-0.0047059969639349,999.1826035222388,0.1339445386960278,-1000.0,-794.1294965224614,-9.18577665372004,-0.4082452366171765,-0.032518439020464,870.494351871642,-500.00382551641,-0.1339445386960278,-0.0160474496468623, Neutralism,Healthy
SRR13077777.bin.29.fbc2XSRR13077777.bin.2.fbc2 ,-0.047359567612375,-0.047359567612375,47.182335359718536,-0.0009098860251697,-1000.0,999.9289560991512,-1000.0,1000.0,-1.7760338291957396,-0.0789326126872538,-0.0062873124342104,780.4202075395688,-499.9995450569874,-999.9289560991512,-0.0031027113459458,-0.128261750106958,-0.128261750106958,952.8176646402816,-0.0024642026917263,0.0,-0.1924049461739514,706.3941755710907,-496.6728088835366,-4.809951160159812,-0.2137695835116346,-0.0170276406001903,-43.75088382736544,0.0,0.1924049461739514,-0.0084029311789208, Amensalism,Healthy
SRR13077777.bin.3.fbc2XSRR13077777.bin.30.fbc2 ,-0.2599763045122927,-0.2599763045122927,979.7230099654008,-0.0049947416813438,1000.0,-1000.0,-725.9440891576044,963.17728279417,-9.749386130001769,-0.4332938408537075,-0.0345136650178119,1000.0,-327.05326482587725,1000.0,-0.017032069133279,-0.1812354392922088,-0.1812354392922088,20.27699003459918,-0.0034819488816992,-1.2310697704654103,1000.0,-274.05591084239563,36.82271720582981,-6.796520480648155,-0.3020590654871284,-0.0240602667724942,-17.931445453425113,-672.9467351741228,-1000.0,-0.0118734456865468, Amensalism,Healthy
SRR13077777.bin.8.fbc2XSRR13077777.bin.3.fbc2 ,-0.0857297928420166,-0.0857297928420166,7.505038066512384,-0.0016470661448693,-1000.0,999.871397075406,484.7426144147189,-415.4992481897952,-3.214957820214522,-0.1428829880700277,-0.0113812270612925,422.50569462825433,-400.5702941820723,-999.8713970754062,-0.0056164955541362,-0.2665730971398261,-0.2665730971398261,992.4949619334876,-0.0051214812131092,1000.0,-1000.0,415.8011065619148,1000.0,-9.99677282421169,-0.4442884952331951,-0.03538943518231,577.4943053717457,-364.0138360282695,1000.0,-0.0174642509365412, Neutralism,Healthy
SRR13077777.bin.37.fbc2XSRR13077777.bin.3.fbc2 ,0.0,0.0,0.0,0.0,-500.0,1000.0,250.0,0.0,0.0,0.0,0.0,0.0,-125.0,-1000.0,0.0,-0.267060629618868,-0.267060629618868,1000.0,-0.0051308478313103,1000.0,-1000.0,516.1414711643665,697.0419156279413,-10.015055807337376,-0.44510104936478,-0.0354541585141987,1000.0,-310.5628828091766,1000.0,-0.0174961911046693, Amensalism,Healthy
SRR13077777.bin.37.fbc2XSRR13077777.bin.27.fbc2 ,0.0,0.0,0.0,0.0,-500.0,1000.0,250.0,0.0,0.0,0.0,0.0,0.0,-125.0,-1000.0,0.0,-0.170241898424706,-0.170241898424706,1000.0,-0.0032707377218912,1000.0,-1000.0,250.9365473754929,469.7158025912581,-6.384251081499542,-0.2837364973744343,-0.0226007976582423,-42.9356936376214,-636.5546198300357,1000.0,-0.0111532156316798, Amensalism,Healthy
SRR13077777.bin.3.fbc2XSRR13077777.bin.34.fbc2 ,-0.267060629618868,-0.267060629618868,1000.0,-0.0051308478313103,1000.0,-1000.0,-500.0,669.7296429947914,-10.015055807337376,-0.44510104936478,-0.0354541585141987,1000.0,-445.6165191997048,1000.0,-0.0174961911046693,0.0,0.0,0.0,0.0,-1000.0,1000.0,-500.0,0.0,0.0,0.0,0.0,0.0,0.0,-1000.0,0.0, Amensalism,Healthy
SRR13077777.bin.1.fbc2XSRR13077777.bin.24.fbc2 ,-0.0858464362125914,-0.0858464362125914,0.0,-0.0016493071318564,-928.7481424059936,1000.0,700.2966204657798,-27.48910092491326,-3.2193320698651178,-0.1430773936876903,-0.0113967122811118,-35.308556748889714,-263.342608129524,-1000.0,-0.0056241373196144,-0.1043097126860175,-0.1043097126860175,1000.0,-0.0020040290621636,999.8435254108258,-1000.0,299.7033795342202,-770.6923916583926,-3.911724447322968,-0.1738495211433246,-0.0138478408196078,985.9331789247768,-500.173869561434,1000.0,-0.0068337391020349, Neutralism,Healthy
SRR13077777.bin.30.fbc2XSRR13077777.bin.34.fbc2 ,-0.2434808270680832,-0.2434808270680832,953.8512479532504,-0.0046778256881907,-69.59056688917599,1000.0,-991.463870658768,-860.3161338211231,-9.130788295465775,-0.4058013784467675,-0.0323237755051195,890.6457255459688,-732.6884536594964,-1000.0,-0.0159513855966224,-0.0027495936411696,-0.0027495936411696,46.14875204674945,-5.28260065948416e-05,-0.0041246545918056,0.0,50.36748341707971,-139.68386617887688,-0.1031126669739705,-0.0045826560685782,-0.0003650277052429,109.35427445403116,-0.3236321900354824,0.0,-0.0001801366823883, Amensalism,Healthy
SRR13077777.bin.3.fbc2XSRR13077777.bin.24.fbc2 ,-0.2313122630667976,-0.2313122630667976,502.4957957646605,-0.0044440396362688,1000.0,-1000.0,527.2351561753808,1000.0,-8.674454287183835,-0.3855204384445869,-0.0307083138865209,742.0318304874986,-376.2494573836445,1000.0,-0.0151541751596369,-0.0620183739607682,-0.0620183739607682,497.5042042353396,-0.0011915153498875,-0.0930335185178137,0.0,-683.6875609653304,-258.95523274348693,-2.3257545568720843,-0.1033639566012425,-0.0082333710676039,257.9681695125014,-365.5171433428111,0.0,-0.0040630673430541, Competition,Healthy
SRR13077777.bin.30.fbc2XSRR13077777.bin.16.fbc2 ,-0.2453615557041075,-0.2453615557041075,991.4006551717316,-0.0047139588031086,999.0707254567204,0.2446663062976313,-1000.0,-575.5865627809605,-9.201317606636508,-0.4089359261733989,-0.0325734553297252,883.4849859833139,-594.3615609235636,-0.2446663062976313,-0.016074599518788,-0.0876876763946938,-0.0876876763946938,8.599344828268272,-0.0016846815830149,-1000.0,999.7553336937024,878.6355917352575,-19.507483994366453,-3.288380522286161,-0.146146127324414,-0.011641149738466,11.788292635723453,-405.6384390764364,-999.7553336937024,-0.0057447641979706, Neutralism,Healthy
SRR13077777.bin.29.fbc2XSRR13077777.bin.24.fbc2 ,-0.0697250435410978,-0.0697250435410978,305.5882703603793,-0.0013395781660392,-1000.0,999.8954057367976,-1000.0,1000.0,-2.614762809590161,-0.1162084059018297,-0.009256485127139,613.559533331051,-499.999330210917,-999.8954057367976,-0.0045679615460585,-0.0866706567309165,-0.0866706567309165,694.4117296396207,-0.0016651423003395,999.8699856891922,-1000.0,0.0,-384.6840412677407,-3.250241210234435,-0.1444510945514139,-0.0115061332951427,386.44046666894906,-500.000669789083,1000.0,-0.0056781352440111, Competition,Healthy
SRR13077777.bin.37.fbc2XSRR13077777.bin.38.fbc2 ,-0.0258491872710919,-0.0258491872710919,530.7150029054883,-0.000496622233868,-1000.0,999.9612237359822,-132.11264776077064,526.8680429266535,-0.9693718368869212,-0.0430819787850396,-0.0034316596357939,702.2753057312427,-263.0278738680531,-999.9612237359822,-0.0016934818173695,-0.1546664537970628,-0.1546664537970628,469.2849970945117,-0.0029714976714103,439.6028118277477,0.0387762640177697,-867.8873522392294,-500.38063895089374,-5.800155449762997,-0.2577774229951046,-0.0205330489094421,297.7246942687573,-736.9721261319469,-0.0387762640177697,-0.0101328070595627, Amensalism,Healthy
SRR13077777.bin.37.fbc2XSRR13077777.bin.35.fbc2 ,0.0,0.0,0.0,0.0,-500.0,1000.0,-750.0,0.0,0.0,0.0,0.0,0.0,-125.0,-1000.0,0.0,-0.0890034968427926,-0.0890034968427926,1000.0,-0.0017099615147344,-0.1335137950717353,0.0,-250.0,-9.232053718783732,-3.3377251794883023,-0.1483391614046922,-0.0118158340669651,0.7175340508201771,-498.9765367345758,0.0,-0.0058309687652808, Amensalism,Healthy
SRR13077777.bin.35.fbc2XSRR13077777.bin.16.fbc2 ,-0.0884531563818882,-0.0884531563818882,993.8166422613874,-0.0016993882110227,-1000.0,999.8673117684862,153.50653107949643,-13.46820104092194,-3.3170868306702914,-0.1474219273030712,-0.0117427725379002,-6.850862652122828,-504.5313001740598,-999.8673117684862,-0.005794913799491,-0.0875612476628475,-0.0875612476628475,6.183357738612585,-0.0016822525967654,0.0,-0.2443135446314954,-1000.0,-922.5887074925256,-3.2836393112487485,-0.1459354127713368,-0.0116243654438221,977.1550321656508,-495.4686998259402,0.2443135446314954,-0.0057364813550293, Neutralism,Healthy
SRR13077777.bin.35.fbc2XSRR13077777.bin.19.fbc2 ,-0.0890034968427926,-0.0890034968427926,1000.0,-0.0017099615147344,-1000.0,999.8664862049282,-532.6057848180654,-11.58663652536461,-3.3377251794883023,-0.1483391614046922,-0.0118158340669651,-6.893487551722615,-666.1683277274519,-999.8664862049284,-0.0058309687652808,-0.0868613682476961,-0.0868613682476961,0.0,-0.0016688063063838,1000.0,-1000.0,782.3830462943079,-15.94808097153691,-3.257393093635301,-0.1447689470794557,-0.0115314515771842,-17.69013953074841,-333.8316722725481,1000.0,-0.0056906295047838, Neutralism,Healthy
SRR13077777.bin.3.fbc2XSRR13077777.bin.18.fbc2 ,-0.267060629618868,-0.267060629618868,1000.0,-0.0051308478313103,1000.0,-1000.0,0.0,1000.0,-10.01505580733749,-0.44510104936478,-0.0354541585141987,1000.0,-500.00382551641,1000.0,-0.0174961911046693,-0.08929064086999,-0.08929064086999,0.0,-0.0017154782107127,-1000.0,999.866055461304,-1000.0,-20.202648963153933,-3.3484933839265523,-0.1488177347832788,-0.0118539544363329,-1.0870127682472912,-499.99617448359,-999.866055461304,-0.0058497806986679, Neutralism,Healthy
SRR13077777.bin.1.fbc2XSRR13077777.bin.34.fbc2 ,-0.0858464362125914,-0.0858464362125914,0.0,-0.0016493071318564,-472.3427220682133,1000.0,572.8784397475372,-26.727657054818224,-3.2193320698651178,-0.1430773936876903,-0.0113967122811118,-26.74722608393733,-530.2308552003996,-1000.0,-0.0056241373196144,-0.0519002632217961,-0.0519002632217961,1000.0,-0.0009971232127554,-0.0778553804486819,0.0,427.1215602524628,-973.2723429451818,-1.9463147125927664,-0.0865004387029557,-0.006890121399806,657.6954505585877,-5.193366684938951,0.0,-0.0034001901553892, Amensalism,Healthy
SRR13077777.bin.29.fbc2XSRR13077777.bin.16.fbc2 ,-0.1137751538524298,-0.1137751538524298,984.6554447635564,-0.0021858819184217,-1000.0,999.8293263398118,-0.0489200373338007,1000.0,-4.266688492973572,-0.1896252564207543,-0.0151044440560781,996.6115808760204,-510.8096014040297,-999.8293263398116,-0.0074538573417157,-0.0878107777742798,-0.0878107777742798,15.344555236443624,-0.0016870466431555,0.0,-0.2450097839800946,1000.0,-21.2181543351694,-3.292996954102932,-0.1463512962905042,-0.0116574923039252,3.3884191239794745,-458.2794475795727,0.2450097839800946,-0.0057528290529944, Neutralism,Healthy
SRR13077777.bin.16.fbc2XSRR13077777.bin.19.fbc2 ,-0.0878881343728608,-0.0878881343728608,25.017049291984225,-0.0016885328409443,-1000.0,999.7547743755048,-481.4204466780145,-980.3300144390458,-3.295897908287543,-0.146480223954768,-0.0116677619311076,953.737977696976,-666.78571991139,-999.754774375505,-0.0057578969876885,-0.0869418697179753,-0.0869418697179753,3.707124210147185,-0.0016703529244068,1000.0,-1000.0,784.9617061825138,-19.66998556095416,-3.2604119838351835,-0.1449031161965877,-0.0115421387080232,-17.706534416882164,-333.21428008861005,1000.0,-0.0056959034724286, Neutralism,Healthy
SRR13077777.bin.8.fbc2XSRR13077777.bin.18.fbc2 ,-0.0857297928420166,-0.0857297928420166,7.50503806651227,-0.0016470661448693,0.0,-0.1286029245937925,485.4997048388798,-415.49924818979525,-3.214957820214522,-0.1428829880700277,-0.0113812270612925,421.7486042040937,-400.5702941820723,0.1286029245937925,-0.0056164955541362,-0.08929064086999,-0.08929064086999,-264.6176996780039,-0.0017154782107127,-1000.0,999.866055461304,0.0,-20.202648963153703,-3.3484933839265523,-0.1488177347832788,-0.0118539544363329,-1.0870127682472912,-499.99617448359,-999.866055461304,-0.0058497806986679, Neutralism,Healthy
SRR13077777.bin.8.fbc2XSRR13077777.bin.1.fbc2 ,-0.0857297928420166,-0.0857297928420166,7.50503806651227,-0.0016470661448693,-1000.0,999.871397075406,-15.214520688860944,-915.4563832933742,-3.214957820214522,-0.1428829880700277,-0.0113812270612925,922.4628297318336,-400.5702941820724,-999.8713970754062,-0.0056164955541362,-0.0858464362125914,-0.0858464362125914,-2.086455987142358,-0.0016493071318564,1000.0,-622.3216776176494,861.3420410237245,-84.54361670662581,-3.2193320698651178,-0.1430773936876903,-0.0113967122811118,-32.178872768176234,-599.4297058179276,622.3216776176494,-0.0056241373196144, Neutralism,Healthy
SRR13077777.bin.30.fbc2XSRR13077777.bin.38.fbc2 ,-0.179832928925407,-0.179832928925407,955.2709202470528,-0.0034550034375797,-86.15284131346311,1000.0,-497.4191689154668,-928.3384433938608,-6.743924859890626,-0.2997215482089359,-0.0238740737536318,57.08821413179976,-550.4984301196257,-1000.0,-0.0117815617221594,-0.1538326939116814,-0.1538326939116814,44.7290797529472,-0.002955479229854,-0.2307638182636537,0.0,-502.5808310845332,-71.66155660613913,-5.768888573046638,-0.2563878231861736,-0.0204223614780403,942.9117858682002,-449.5015698803743,0.0,-0.0100781841736079, Amensalism,Healthy
SRR13077777.bin.3.fbc2XSRR13077777.bin.14.fbc2 ,-0.2489460444218139,-0.2489460444218139,723.6137389223843,-0.0047828250609427,1000.0,-1000.0,0.0,1000.0,-9.335739721197228,-0.4149100740363565,-0.03304932117112,696.8600214052326,-368.0975484564266,1000.0,-0.0163094334577635,-0.0874410562905723,-0.0874410562905723,276.3862610776157,-0.0016799434446284,-1000.0,999.8688300158468,1000.0,0.0,-3.27913200778778,-0.1457350938177342,-0.01160840920204,303.1399785947674,-1.7202106110928526,-999.8688300158468,-0.0057286071460112, Amensalism,Healthy
SRR13077777.bin.37.fbc2XSRR13077777.bin.1.fbc2 ,-0.055700466950725,-0.055700466950725,833.5529569035982,-0.001070133851158,-535.1683648311628,1000.0,385.4822978934162,-970.951479181926,-2.088826368012974,-0.0928341115844659,-0.0073946249111713,1000.0,-116.32283581715012,-1000.0,-0.0036491564322886,-0.0858464362125914,-0.0858464362125914,61.41872970661598,-0.0016493071318564,1000.0,-993.5564868973012,614.5177021065838,-29.04852081807394,-3.2193320698651178,-0.1430773936876903,-0.0113967122811118,0.0,-513.4084457512962,993.556486897301,-0.0056241373196144, Neutralism,Healthy
SRR13077777.bin.35.fbc2XSRR13077777.bin.29.fbc2 ,-0.0890020167926195,-0.0890020167926195,999.983370876075,-0.0017099330796099,-1000.0,999.8664884251456,1000.0,-10.674314247104917,-3.337669676042651,-0.1483366946544038,-0.0118156375799571,0.0,-499.3270002513395,-999.8664884251456,-0.0058308718014359,-0.0432772950149455,-0.0432772950149455,0.0166291239249858,-0.0008314561962379,0.0,-0.0649200998033165,0.0,1000.0,-1.6229442931498852,-0.0721288250248335,-0.0057453623161336,1000.0,-499.9995842719019,0.0649200998033165,-0.0028352656291872, Amensalism,Healthy
SRR13077777.bin.34.fbc2XSRR13077777.bin.2.fbc2 ,-0.0028111756770385,-0.0028111756770385,47.182335359718536,-5.400913880748704e-05,0.0,0.1924049461739514,19.6389035393172,-46.331874798577815,-0.1054220583922642,-0.0046852927951022,-0.0003732031494791,15.126375988644782,-0.38003600299146,-0.1924049461739514,-0.0001841711634824,-0.128261750106958,-0.128261750106958,952.8176646402816,-0.0024642026917263,-1000.0,999.807595053826,678.746304496022,-953.6681252014222,-4.809951160159812,-0.2137695835116346,-0.0170276406001903,440.9120171871239,0.0,-999.807595053826,-0.0084029311789208, Amensalism,Healthy
SRR13077777.bin.35.fbc2XSRR13077777.bin.1.fbc2 ,-0.0890034968427926,-0.0890034968427926,1000.0,-0.0017099615147344,-1000.0,999.8664862049282,377.7883586327998,-11.392025805370054,-3.3377251794883023,-0.1483391614046922,-0.0118158340669651,-3.793840313933288,-497.66064440070704,-999.8664862049284,-0.0058309687652808,-0.0858464362125914,-0.0858464362125914,0.0,-0.0016493071318564,1000.0,-783.8915511853972,622.2116413672002,-25.40264493777022,-3.2193320698651178,-0.1430773936876903,-0.0113967122811118,-26.747226083937903,-502.33935559929296,783.8915511853972,-0.0056241373196144, Neutralism,Healthy
SRR13077777.bin.14.fbc2XSRR13077777.bin.38.fbc2 ,-0.1394822495183234,-0.1394822495183234,936.2799426397768,-0.0026797742463031,-1000.0,999.7907632268513,650.8743586153673,796.6468710984946,-5.230731744522586,-0.2324704158639861,-0.0185172400417741,489.7442404148408,-500.0040196613693,-999.7907632268513,-0.0091380301797698,-0.1479714769735665,-0.1479714769735665,63.720057360223336,-0.0028428717957922,1000.0,-832.4763226962946,-128.57763615606268,-27.463449070213528,-5.54908674445926,-0.2466191282893532,-0.0196442441092585,510.2557595851592,-499.99598033863066,832.4763226962946,-0.009694192823872, Neutralism,Healthy
SRR13077777.bin.3.fbc2XSRR13077777.bin.29.fbc2 ,-0.2488745263403871,-0.2488745263403871,720.0445031424536,-0.0047814510344323,1000.0,-1000.0,-502.2216779926874,1000.0,-9.33305771757,-0.4147908772339406,-0.0330398266477232,702.4983555258718,-368.6340842472788,1000.0,-0.0163047480273235,-0.0675064831247027,-0.0675064831247027,279.95549685754645,-0.0012969545268788,-1000.0,999.8987337905404,-497.7783220073126,0.0,-2.5315644496737377,-0.1125108052077621,-0.0089619557808191,297.50164447412817,-501.12756361931525,-999.8987337905404,-0.0044226149367432, Amensalism,Healthy
SRR13077777.bin.14.fbc2XSRR13077777.bin.24.fbc2 ,-0.0896088890920054,-0.0896088890920054,301.9592778499548,-0.00172159248973,-1000.0,999.8655780583996,1000.0,53.07226625620842,-3.360428028539104,-0.1493481484867516,-0.0118962041042323,606.5982813857536,-61.46301336914905,-999.8655780583996,-0.0058706303900635,-0.0869671920465862,-0.0869671920465862,698.0407221500452,-0.0016708394244915,999.869540857733,-1000.0,0.0,-391.6392837724677,-3.2613615979157657,-0.1449453200776815,-0.0115455004234945,393.4017186142464,-500.1449620284719,1000.0,-0.0056975624376036, Competition,Healthy
SRR13077777.bin.37.fbc2XSRR13077777.bin.16.fbc2 ,-0.055700466950725,-0.055700466950725,833.5529569035982,-0.001070133851158,-684.7332709668688,1000.0,-252.7436424419716,-821.3865730462203,-2.088826368012974,-0.0928341115844659,-0.0073946249111713,1000.0,-78.93160928322368,-1000.0,-0.0036491564322886,-0.0878881343728608,-0.0878881343728608,25.017049291984225,-0.0016885328409443,-0.2452256244949922,0.0,903.651317608118,-26.59203674206867,-3.295897908287543,-0.146480223954768,-0.0116677619311076,0.0,-405.5836243574796,0.0,-0.0057578969876885, Neutralism,Healthy
SRR13077777.bin.37.fbc2XSRR13077777.bin.8.fbc2 ,-0.0552654919123369,-0.0552654919123369,828.3451210345697,-0.0010617769819418,-342.2960927902619,1000.0,-87.4310563332823,-816.2737466730783,-2.07251434444504,-0.0921091531871525,-0.0073368789454661,989.587758422448,-164.5400063414147,-1000.0,-0.0036206595085559,-0.0857297928420166,-0.0857297928420166,7.50503806651227,-0.0016470661448693,999.871397075406,-1000.0,896.8360674654214,-3.405795139091083,-3.214957820214522,-0.1428829880700277,-0.0113812270612925,10.412241577552097,-400.5702941820723,1000.0,-0.0056164955541362, Neutralism,Healthy
SRR13077777.bin.8.fbc2XSRR13077777.bin.35.fbc2 ,-0.0852977097418943,-0.0852977097418943,1.419143035696834,-0.0016387648365707,0.0,-0.127954758437113,-34.29923304211866,-915.3784822301784,-3.1987542473882518,-0.1421628495698996,-0.0113238650204721,921.8547852695656,-400.5674198665048,0.127954758437113,-0.005588188092588,-0.0888771881501497,-0.0888771881501497,998.5808569643032,-0.0017075348347361,-1000.0,999.8666756801008,-876.5861605066184,-13.532765668531852,-3.332988470044711,-0.1481286469168026,-0.01179906570826,0.7165157673691738,-496.1115108802487,-999.8666756801008,-0.0058226937866265, Neutralism,Healthy
SRR13077777.bin.27.fbc2XSRR13077777.bin.19.fbc2 ,-0.1393365797047181,-0.1393365797047181,1000.0,-0.0026769755946816,-1000.0,1000.0,-384.15119510832426,214.3236051496881,-5.225268972583308,-0.232227632841159,-0.0184979013594102,-37.38468696354346,-344.5687359839262,-1000.0,-0.0091284867779677,-0.0868613682476961,-0.0868613682476961,0.0,-0.0016688063063838,0.0,0.0,782.3830462943074,-15.94808097153691,-3.257393093635301,-0.1447689470794557,-0.0115314515771842,-17.690139530748297,-333.8316722725481,0.0,-0.0056906295047838, Amensalism,Healthy
SRR13077777.bin.8.fbc2XSRR13077777.bin.19.fbc2 ,-0.0677434293023679,-0.0677434293023679,5.9304589316665215,-0.0013015068069535,-1000.0,999.8983783485124,67.51012996466852,-88.62237633700238,-2.540450181711435,-0.1129057155038708,-0.0089934120361476,94.15884963559893,-316.5294643197344,-999.8983783485124,-0.0044381382117535,-0.0869418697179753,-0.0869418697179753,895.4147623121912,-0.0016703529244068,1000.0,-1000.0,932.4898700353316,-911.3776236629976,-3.2604119838351835,-0.1449031161965877,-0.0115421387080232,-17.706534416882164,-184.5963404049361,1000.0,-0.0056959034724286, Amensalism,Healthy
SRR13077777.bin.14.fbc2XSRR13077777.bin.27.fbc2 ,-0.060067894314443,-0.060067894314443,151.5465489964995,-0.0011540421578501,-0.0901076116824697,0.0,-3.515572613752965,-119.61373772540072,-2.25260950911138,-0.1001131571907762,-0.007974431310572,1000.0,-0.0023080843155867,0.0,-0.00393528375821,-0.1531276714182468,-0.1531276714182468,848.4534510035005,-0.0029419341291259,1000.0,-1000.0,173.1971979179093,354.77722179843136,-5.742449484561348,-0.2552127856970401,-0.0203287648319019,-27.948609580923176,-594.6780083433373,1000.0,-0.0100319953801317, Competition,Healthy
SRR13077777.bin.35.fbc2XSRR13077777.bin.2.fbc2 ,-0.0041993928361989,-0.0041993928361989,47.18233535971831,-8.067997760008438e-05,0.0,-0.0062994926541932,0.0,-0.435589854619252,-0.1574816687572138,-0.0069989880603316,-0.0005574986455485,0.0338549322178778,-23.48079141944777,0.0062994926541932,-0.0002751187237208,-0.128261750106958,-0.128261750106958,952.8176646402816,-0.0024642026917263,-1000.0,999.807595053826,700.4738053939618,-981.3357098980248,-4.809951160159812,-0.2137695835116346,-0.0170276406001903,446.8521009857864,0.0,-999.807595053826,-0.0084029311789208, Amensalism,Healthy
SRR13077777.bin.29.fbc2XSRR13077777.bin.30.fbc2 ,-0.1080101412246676,-0.1080101412246676,747.9261170957677,-0.0020751227900746,-1000.0,999.8379744125492,0.0,1000.0,-4.050494427679041,-0.1800169020411886,-0.0143390984795814,1000.0,-501.8040979195606,-999.837974412549,-0.0070761687142066,-0.1968702337178456,-0.1968702337178456,252.07388290423228,-0.0037823291780796,352.89443688617484,0.1620255874510121,-1000.0,0.0,-7.382841792526051,-0.3281170561964472,-0.0261358946203245,0.0,-498.1959020804394,-0.1620255874510121,-0.0128977424972163, Amensalism,Healthy
SRR13077777.bin.8.fbc2XSRR13077777.bin.38.fbc2 ,-0.0857297928420166,-0.0857297928420166,7.50503806651227,-0.0016470661448693,-1000.0,999.871397075406,896.8360674654218,-3.4057951390909693,-3.214957820214522,-0.1428829880700277,-0.0113812270612925,10.412241577552209,-400.5702941820723,-999.8713970754062,-0.0056164955541362,-0.1564895501211367,-0.1564895501211367,992.4949619334876,-0.0030065235373513,0.0,-0.2347493577993873,-1000.0,-996.594204860909,-5.868523488337587,-0.2608159168685233,-0.0207750776434068,985.8679004172092,-469.7028875279814,0.2347493577993873,-0.0102522452624498, Neutralism,Healthy
SRR13077777.bin.30.fbc2XSRR13077777.bin.1.fbc2 ,-0.2455913534599858,-0.2455913534599858,1000.0,-0.004718373745618,-76.7771389825939,1000.0,-1000.0,-546.5017003048839,-9.209935265306626,-0.4093189224333855,-0.0326039625822431,921.6807573405122,-631.1289474477958,-1000.0,-0.0160896544725801,-0.0858464362125914,-0.0858464362125914,0.0,-0.0016493071318564,1000.0,-924.147639311242,715.0776326392993,-31.960273600921028,-3.2193320698651178,-0.1430773936876903,-0.0113967122811118,-34.26532875531848,-276.51242659738,924.147639311242,-0.0056241373196144, Neutralism,Healthy
SRR13077777.bin.37.fbc2XSRR13077777.bin.34.fbc2 ,-0.0415880551051941,-0.0415880551051941,497.9222851365066,-0.0007990020193346,-1000.0,1000.0,-435.3258102619056,-488.8384072088903,-1.5595960115552998,-0.0693134251753235,-0.0055211039534697,995.5166119041668,-0.0858088218640205,-1000.0,-0.0027245968858551,-0.0299143450457677,-0.0299143450457677,502.0777148634934,-0.0005747232477233,0.0,-0.0448743911848623,271.48776928880034,-338.0107967183775,-1.1218195489949494,-0.0498572417429841,-0.0039713376420422,4.4833880958331065,-2.9933598274568567,0.0448743911848623,-0.00195980627484, Competition,Healthy
SRR13077777.bin.8.fbc2XSRR13077777.bin.2.fbc2 ,-0.0857297928420166,-0.0857297928420166,7.505038066512498,-0.0016470661448693,-1000.0,999.871397075406,-15.214520688861969,-915.4563832933744,-3.214957820214522,-0.1428829880700277,-0.0113812270612925,922.462829731835,-400.5702941820723,-999.8713970754062,-0.0056164955541362,-0.1299852156806764,-0.1299852156806764,992.4949619334876,-0.0024973144222713,0.0,-0.1949903100930896,-479.6014619426411,493.1714727454098,-4.874582940317737,-0.2166420261344228,-0.0172564426580947,-30.66382454336872,0.0,0.1949903100930896,-0.0085158421800315, Neutralism,Healthy
SRR13077788.bin.1.fbc2XSRR13077788.bin.6.fbc2 ,-0.178233645117757,-0.178233645117757,682.0288402688475,-0.0034242775238908,1000.0,-1000.0,439.9731157277829,916.5622304254646,-6.683950027178639,-0.2970560751962239,-0.0236617576899789,693.9282731498649,-325.3214142396205,1000.0,-0.0116767863563609,-0.1931661785177993,-0.1931661785177993,317.9711597311525,-0.0037111657736659,-1000.0,999.7102321763946,-429.4571133546759,-972.640692001666,-7.243935808533934,-0.321943630862961,-0.0256441554957973,-58.113698794271386,-382.8974448709879,-999.7102321763944,-0.0126550752880802, Neutralism,Healthy
SRR13077829.bin.15.fbc2XSRR13077829.bin.9.fbc2 ,-0.0603512314891077,-0.0603512314891077,166.03784169486084,-0.0011594857154477,-0.1683921104547607,1000.0,-45.43066396613256,-716.6633469388689,-2.263234952557468,-0.1005853858152932,-0.0080120462937429,493.13552825215766,-249.98053513355197,-1000.0,-0.0039538462897326,-0.0731561743522206,-0.0731561743522206,833.9621583051392,-0.0014054980663331,-0.1097412890186433,0.0,-597.3578989401094,307.58675917030746,-2.7434338406010284,-0.1219269572536632,-0.0097119916382553,506.8644717478424,0.0,0.0,-0.0047927484062029, Competition,Healthy
SRR13077829.bin.19.fbc2XSRR13077829.bin.3.fbc2 ,-0.0778410887535301,-0.0778410887535301,501.7744963635582,-0.0014955060279362,-1000.0,1000.0,897.3435604085753,-938.8952147494892,-2.919123081087264,-0.1297351479224744,-0.0103339466529632,681.2080899144798,-1.4722359541302694,-1000.0,-0.0050996755552432,-0.0891711083015707,-0.0891711083015707,36.60541054608211,-0.0017131817156723,1000.0,-1000.0,102.65643959142471,-61.10478525051076,-3.3440107863046933,-0.1486185138360269,-0.0118380856554267,41.5870945639565,-500.1820769527434,1000.0,-0.0058419496505166, Neutralism,Healthy
SRR13077829.bin.3.fbc2XSRR13077829.bin.15.fbc2 ,-0.0892112803799136,-0.0892112803799136,38.42392364455691,-0.0017139535135584,1000.0,-1000.0,1000.0,-61.49271772640896,-3.345517281688217,-0.1486854672997424,-0.0118434187785396,36.38137953316618,-500.1821589794192,1000.0,-0.005844581481142,-0.0748868291668714,-0.0748868291668714,328.10552104155704,-0.0014387479186552,-0.4578668290004088,1000.0,-304.8825622875502,-862.8216478207793,-2.808335224891948,-0.1248113819447098,-0.0099417481179671,963.6186204668338,-249.9136176521224,-1000.0,-0.0049061304026736, Neutralism,Healthy
SRR13077829.bin.19.fbc2XSRR13077829.bin.4.fbc2 ,-0.077706314357556,-0.077706314357556,851.619992237232,-0.0014929167023183,-1000.0,1000.0,246.431391885568,-976.3942710259844,-2.9140688988272814,-0.1295105239292979,-0.0103160544132379,914.2220746600806,-1.4696869184660954,-1000.0,-0.00509084595501,-0.0895746091485989,-0.0895746091485989,79.50655788677977,-0.0017209338933525,1000.0,-1000.0,753.568608114432,-23.605728974015506,-3.3591424944363557,-0.149291015247627,-0.0118916532030652,69.97633001709096,-338.0832485536764,1000.0,-0.0058683845762743, Amensalism,Healthy
SRR13077829.bin.19.fbc2XSRR13077829.bin.9.fbc2 ,-0.0809574744354222,-0.0809574744354222,456.832953998821,-0.001555378951707,1000.0,-1000.0,924.6259084971056,-1000.0,-3.035990837170744,-0.1349291240589991,-0.0107476685561778,786.104954566013,-0.165305674985575,1000.0,-0.0053038422253166,-0.0476472735889501,-0.0476472735889501,543.167046001179,-0.0009154135175322,-1000.0,999.9285245125488,75.37409150289454,316.56435827431824,-1.786823107330633,-0.0794121226483639,-0.006325507406359,213.89504543398695,-57.873820854790665,-999.928524512549,-0.0031215600948826, Amensalism,Healthy
SRR13077829.bin.4.fbc2XSRR13077829.bin.9.fbc2 ,-0.0873035182148669,-0.0873035182148669,8.564715502642798,-0.0016773010223687,1000.0,-1000.0,777.9131686160567,-32.011970314032965,-3.273974184613394,-0.1455058636914827,-0.0115901500646486,9.041793075321038,-334.9202588417236,1000.0,-0.0057195964863012,-0.0869699084177,-0.0869699084177,991.4352844973572,-0.001670891612207,-1000.0,999.8695367829156,-931.1771775333284,-22.71800586376912,-3.2614634647017056,-0.1449498473627954,-0.0115458610406449,990.958206924679,0.0,-999.8695367829154,-0.0056977403977498, Amensalism,Healthy
SRR13077829.bin.19.fbc2XSRR13077829.bin.15.fbc2 ,-0.0699079695986029,-0.0699079695986029,523.2346826165954,-0.0013430925955617,1000.0,-1000.0,1000.0,-831.4607443404519,-2.621622730039121,-0.1165132826643002,-0.0092807698352999,508.4907249547284,12.314807738905529,1000.0,-0.0045799457508337,-0.0292687726027907,-0.0292687726027907,63.76011817140011,-0.000562320318977,-0.2767231175773759,1000.0,-1000.0,-168.53925565954808,-1.0976099002213004,-0.0487812876713178,-0.0038856334041383,61.66509822859598,-249.94179571323207,-1000.0,-0.0019175122877186, Competition,Healthy
SRR13077829.bin.3.fbc2XSRR13077829.bin.9.fbc2 ,-0.088046642424274,-0.088046642424274,19.33345259291525,-0.0016915781445732,1000.0,-1000.0,1000.0,-51.9290633086307,-3.301842127708369,-0.1467444040404188,-0.0116888049789167,44.75206153470481,-492.6969499785646,1000.0,-0.0057682814729105,-0.086025261708869,-0.086025261708869,980.6665474070846,-0.001652742780152,-1000.0,999.8709538437228,0.0,2.076145868069148,-3.226038214934988,-0.1433754361813726,-0.0114204526111052,955.2479384652952,-438.1125609378735,-999.8709538437228,-0.0056358528804594, Neutralism,Healthy
SRR13077829.bin.4.fbc2XSRR13077829.bin.15.fbc2 ,-0.0954822997049404,-0.0954822997049404,315.2486617472848,-0.0018344341922329,-1000.0,1000.0,681.014389667449,-189.4552950180306,-3.580687132816024,-0.1591371661749008,-0.0126759402681955,206.7499217197883,-365.5267047630689,-1000.0,-0.0062554205954938,-0.0696541644696253,-0.0696541644696253,270.83392223425085,-0.0013382164163431,1000.0,-0.4607640478785697,-209.74732519851648,-810.5447049819694,-2.6121047695138486,-0.1160902741160043,-0.0092470754367468,793.2500782802117,-249.910930972477,0.4607640478785697,-0.0045633179796595, Neutralism,Healthy
SRR13077829.bin.3.fbc2XSRR13077829.bin.4.fbc2 ,-0.0892112803799136,-0.0892112803799136,38.42392364455736,-0.0017139535135584,-1000.0,1000.0,248.39792692968425,-61.49271772640907,-3.345517281688217,-0.1486854672997424,-0.0118434187785396,38.00178546393954,-500.1821589794192,-1000.0,-0.005844581481142,-0.1014444436556232,-0.1014444436556232,647.1455447616736,-0.0019489806658157,1000.0,-1000.0,751.6020730703158,-680.2041312650367,-3.8042738310234654,-0.169074072759372,-0.0134674564008037,698.5786759650853,-333.66553789989666,1000.0,-0.0066460240703918, Neutralism,Healthy
SRR13077833.bin.28.fbc2XSRR13077833.bin.3.fbc2 ,-0.0009471285407016,-0.0009471285407016,10.57735276155097,-1.819651379264542e-05,-1000.0,1000.0,0.0,-20.86614448019634,-0.035518321083714,-0.0015785475677603,-0.0001257379100252,10.187342151257326,-4.3123193259559685,-1000.0,-6.205011186466436e-05,-0.1707336713283211,-0.1707336713283211,989.4226472384488,-0.0032801858084212,999.7438830920784,-1000.0,-1000.0,-979.1338555198035,-6.4026930850317285,-0.2845561188805732,-0.0226660839362011,828.9678398038116,-500.2813087349302,1000.0,-0.0111854336066699, Amensalism,Healthy
SRR13077833.bin.5.fbc2XSRR13077833.bin.8.fbc2 ,-0.211912396948378,-0.211912396948378,308.59164760567955,-0.0040713236685405,-437.0285930376906,1000.0,-1000.0,-425.59308292945457,-7.946938808364052,-0.3531873282472588,-0.0281328465497381,537.767180397922,-999.035681989102,-1000.0,-0.0138832137097324,-0.0481954140216203,-0.0481954140216203,691.4083523943204,-0.0009259445537281,1000.0,-1000.0,0.0,-574.4069170705454,-1.807378952762292,-0.0803256900360338,-0.0063982768663208,462.23281960207805,-0.9643180108980688,1000.0,-0.0031574709282722, Competition,Healthy
SRR13077833.bin.10.fbc2XSRR13077833.bin.11.fbc2 ,-0.0045775430889989,-0.0045775430889989,54.565923419030696,-8.794511222731671e-05,-1000.0,1000.0,-48.72160838082027,-110.03453701602734,-0.171662702817116,-0.0076292384816269,-0.0006077007251406,54.74047423933166,-0.001716688589795,-1000.0,-0.0002998928325723,-0.170777739136156,-0.170777739136156,945.4340765809692,-0.0032810324521506,999.7438169861334,-1000.0,345.12260274293,-889.9654629839727,-6.404345674391948,-0.2846295652269646,-0.0226719342446131,787.4124994640038,-451.69721523494206,1000.0,-0.0111883206619722, Amensalism,Healthy
SRR13077833.bin.24.fbc2XSRR13077833.bin.28.fbc2 ,-0.1144575287408997,-0.1144575287408997,2.717010353714727,-0.0021989919066527,-97.7906409631762,1000.0,-147.8868939589596,-988.4500195544388,-4.292278272340013,-0.1907625479016133,-0.0151950340749635,0.0,-25.26246018369716,-1000.0,-0.007498562401679,-0.0884126091156076,-0.0884126091156076,997.2829896462854,-0.0016986092049364,1000.0,-1000.0,-852.1131060410404,-11.549980445561232,-3.315566265341204,-0.1473543485260506,-0.0117373896059689,964.8703950666508,-0.0331568516799052,1000.0,-0.0057922573887481, Amensalism,Healthy
SRR13077833.bin.43.fbc2XSRR13077833.bin.8.fbc2 ,-0.0884776304327488,-0.0884776304327488,9.326978627969083,-0.0016998584136445,0.0,999.5604493869614,788.8541930599647,-430.3198144007944,-3.318004633440069,-0.1474627173878389,-0.0117460216386007,-29.560886285098604,-999.8589957373498,-999.5604493869614,-0.0057965171906744,-0.0690560017965253,-0.0690560017965253,990.6730213720308,-0.0013267243380141,1000.0,-1000.0,-656.2443928591924,-569.6801855992056,-2.5896730372098773,-0.115093336327618,-0.0091676651760508,664.1381553591841,-0.141004262650199,1000.0,-0.0045241299927738, Neutralism,Healthy
SRR13077833.bin.3.fbc2XSRR13077833.bin.39.fbc2 ,-0.1707336713283211,-0.1707336713283211,989.4226472384483,-0.0032801858084212,-1000.0,999.7438830920784,1000.0,-649.5026358814621,-6.4026930850317285,-0.2845561188805732,-0.0226660839362011,-12.875090118492269,-819.6895555886592,-999.7438830920784,-0.0111854336066699,-0.0009110443177178,-0.0009110443177178,10.577352761551424,-1.7503252934147895e-05,1000.0,-1000.0,0.0,-21.81778825710444,-0.0341651245921639,-0.0015184071961584,-0.0001209474780807,32.466261111334234,-10.65845986031593,1000.0,-5.968609264073166e-05, Amensalism,Healthy
SRR13077833.bin.6.fbc2XSRR13077833.bin.31.fbc2 ,-0.0601139654531834,-0.0601139654531834,47.41093173789932,-0.0011549272901447,-1000.0,999.909823277184,-610.2544008481747,-617.7194348727473,-2.254337225494737,-0.1001899424219345,-0.0079805475750163,0.0,0.0,-999.9098232771838,-0.0039383020595096,-0.079654006925466,-0.079654006925466,24.86068635887068,-0.0015303363481962,999.88051133793,-1000.0,-389.7455991518253,-19.448753885770884,-2.987109428204008,-0.132756678209148,-0.0105746241662245,1000.0,-265.75529093515445,1000.0,-0.0052184469474241, Neutralism,Healthy
SRR13077833.bin.35.fbc2XSRR13077833.bin.5.fbc2 ,-0.1499777789690597,-0.1499777789690597,50.32358141369218,-0.0028814174634135,-0.7412841384585818,1000.0,1000.0,5.679100935277347,-5.624325189298816,-0.2499629649483949,-0.0199105946719555,16.22889232230648,-352.31116045928263,-1000.0,-0.0098256335501218,-0.2502243718107593,-0.2502243718107593,949.6764185863078,-0.0048073846649003,-0.3753605946395737,0.0,-1000.0,-380.5128673291564,-9.383678349061825,-0.4170406196847125,-0.033219028034864,983.7711076776936,-647.6888395407174,0.0,-0.0163931817074853, Amensalism,Healthy
SRR13077833.bin.24.fbc2XSRR13077833.bin.3.fbc2 ,-0.1116403990798744,-0.1116403990798744,0.0,-0.0021448683780818,-564.2255771894554,1000.0,-223.520780350191,-1000.0,-4.186632933257101,-0.1860673317997907,-0.0148210404926203,-56.00452542133098,126.50452505380896,-1000.0,-0.007314001169334,-0.1716414272907513,-0.1716414272907513,1000.0,-0.0032976258845565,999.7425213709344,-1000.0,-776.479219649809,0.0,-6.436734892828667,-0.2860690454846235,-0.022786594862282,224.31872543461876,-500.2828043958589,1000.0,-0.0112449042662774, Amensalism,Healthy
SRR13077833.bin.35.fbc2XSRR13077833.bin.3.fbc2 ,-0.1481113758901528,-0.1481113758901528,0.0256100361769995,-0.0028455595752348,-1000.0,1000.0,1000.0,-1000.0,-5.554333101656425,-0.2468522931502548,-0.0196628166647769,1000.0,-499.71719922545645,-1000.0,-0.0097033581514551,-0.1716392294192701,-0.1716392294192701,999.9743899638228,-0.0032975836584228,999.7425246679528,-1000.0,-741.5948812645709,423.3693372844282,-6.436652470321974,-0.2860653823653365,-0.0227863030794424,0.0,-500.2828007745436,1000.0,-0.0112447602750762, Amensalism,Healthy
SRR13077833.bin.6.fbc2XSRR13077833.bin.43.fbc2 ,-0.0601139654531834,-0.0601139654531834,65.40765092421861,-0.0011549272901447,-1000.0,999.909823277184,-355.3801167476074,-72.66911011820798,-2.254337225494737,-0.1001899424219345,-0.0079805475750163,-1.228403764366817,-344.03590518187855,-999.9098232771838,-0.0039383020595096,-0.0884776304327488,-0.0884776304327488,934.5923490757814,-0.0016998584136445,0.0,0.0901767228161816,298.86887708101494,-174.24209715755092,-3.318004633440069,-0.1474627173878389,-0.0117460216386007,-10.11189674978425,-655.9640948181215,-0.0901767228161816,-0.0057965171906744, Neutralism,Healthy
SRR13077833.bin.3.fbc2XSRR13077833.bin.8.fbc2 ,-0.1716414272908015,-0.1716414272908015,1000.0,-0.0032976258845495,-1000.0,999.7425213709344,-1000.0,-1000.0,-6.4367348928287065,-0.2860690454846691,-0.022786594862237,1000.0,-658.4680291563715,-999.7425213709344,-0.0112449042663137,0.0,0.0,0.0,0.0,1000.0,-1000.0,0.0,0.0,0.0,0.0,0.0,0.0,0.0,1000.0,0.0, Amensalism,Healthy
SRR13077833.bin.24.fbc2XSRR13077833.bin.43.fbc2 ,-0.1399299694189721,-0.1399299694189721,990.6730213720308,-0.0026883759734346,-227.02461304810151,1000.0,-984.7030686224044,-1000.0,-5.247521713891956,-0.2332166156984385,-0.0185766779766254,318.89186279234946,-105.05810485937592,-1000.0,-0.0091673620695473,-0.0884776304327488,-0.0884776304327488,9.326978627969083,-0.0016998584136445,1000.0,-1000.0,388.1862315749922,216.44163465614545,-3.318004633440069,-0.1474627173878389,-0.0117460216386007,-28.5750958945373,-731.7592485769084,1000.0,-0.0057965171906744, Neutralism,Healthy
SRR13077833.bin.10.fbc2XSRR13077833.bin.12.fbc2 ,0.0,0.0,0.0,0.0,1000.0,-1000.0,0.0,0.0,0.0,0.0,0.0,0.0,0.0,1000.0,0.0,-0.1430297010173262,-0.1430297010173262,1000.0,-0.0027479289340135,-1000.0,999.7854417088292,418.368365906643,-1000.0,-5.363764924242446,-0.238382835028915,-0.0189881889342586,1000.0,-471.3812074669743,-999.7854417088292,-0.0093704376650975, Amensalism,Healthy
SRR13077833.bin.24.fbc2XSRR13077833.bin.21.fbc2 ,-0.1391492416074697,-0.1391492416074697,960.038260643583,-0.0026733763997981,-0.3882544545371047,1000.0,-169.94810304145722,-1000.0,-5.218243595982358,-0.2319154026790784,-0.0184730309223368,0.0,-3.887552644632706,-1000.0,-0.009116213523157,-0.1811898315901317,-0.1811898315901317,39.96173935641696,-0.0034810726530167,-0.5055561813992426,0.0,188.6266569846184,151.39563629439365,-6.794810143624659,-0.3019830526501437,-0.0240542120324107,1000.0,-996.1124473553672,0.0,-0.0118704577467951, Neutralism,Healthy
SRR13077833.bin.6.fbc2XSRR13077833.bin.13.fbc2 ,-0.0596379626205134,-0.0596379626205134,19.89983037458637,-0.0011457821829026,-0.0894626728417051,0.0,-370.18454006030777,-627.7304805854981,-2.2364866162902217,-0.0993966043675982,-0.0079173548839435,0.0,0.0,0.0,-0.0039071172437843,-0.2019988651907169,-0.2019988651907169,980.1001696254136,-0.0038808619633527,-461.2603978189648,1000.0,1000.0,181.9734542794581,-7.57517089205794,-0.3366647753177858,-0.0268167561665677,1000.0,-1000.0,-1000.0,-0.0132337392949466, Neutralism,Healthy
SRR13077833.bin.14.fbc2XSRR13077833.bin.8.fbc2 ,-0.0890445230141949,-0.0890445230141949,2.716003365660299,-0.0017107497217239,0.0,0.0,1000.0,-293.21195124965675,-3.3392637042685465,-0.1484075383571053,-0.0118212805768962,276.89613768141203,-308.63205261705,0.0,-0.0058336565509762,-0.0695168274269235,-0.0695168274269235,997.2839966343396,-0.00133557785648,-1000.0,1000.0,-653.8235499612991,-573.481784646698,-2.606954485293272,-0.1158613790449862,-0.009228842987909,668.9084592853449,-0.1419452145809145,-1000.0,-0.0045543204904561, Neutralism,Healthy
SRR13077833.bin.29.fbc2XSRR13077833.bin.13.fbc2 ,-0.1895416137886059,-0.1895416137886059,776.282586075869,-0.0036415295636516,-1000.0,1000.0,376.9231172767495,-509.8279906166232,-7.108010801200408,-0.3159026896477144,-0.0251629692849064,-754.0884207012756,616.3706046479035,-1000.0,-0.012417615812069,-0.1349144534142397,-0.1349144534142397,223.71741392413105,-0.002592016396079,652.6831125205724,0.0,623.0768827232505,10.267048471064754,-5.059434563936065,-0.224857422357104,-0.0179108332966961,1000.0,-663.2213742901939,0.0,-0.0088387759104762, Amensalism,Healthy
SRR13077833.bin.24.fbc2XSRR13077833.bin.29.fbc2 ,-0.1120324448089604,-0.1120324448089604,0.0,-0.0021524004766888,1000.0,-0.89342976883961,-716.1846730126737,-1000.0,-4.201335062360158,-0.1867207413481537,-0.0148730872936084,495.8639387056196,-475.4981747557304,0.89342976883961,-0.0073396856253111,-0.208170126754112,-0.208170126754112,1000.0,-0.0039994260663434,-1000.0,1000.0,1000.0,1000.0,-7.806599721713496,-0.3469502112568534,-0.0276360341185863,-678.3170214608188,80.98478769236203,-1000.0,-0.0136380428863276, Amensalism,Healthy
SRR13077833.bin.14.fbc2XSRR13077833.bin.5.fbc2 ,-0.0890445230141949,-0.0890445230141949,2.716003365660754,-0.0017107497217239,1000.0,-1000.0,654.0987536093385,0.6546483191283414,-3.3392637042685465,-0.1484075383571053,-0.0118212805768962,0.0,-293.9446033407796,1000.0,-0.0058336565509762,-0.2554879113496326,-0.2554879113496326,997.2839966343392,-0.0049085093438634,-1000.0,999.616743590429,-1000.0,-504.39745964287,-9.581066643624354,-0.4258131855826832,-0.0339177995663249,1000.0,-706.0553966592204,-999.6167435904288,-0.0167380168626323, Neutralism,Healthy
SRR13077833.bin.11.fbc2XSRR13077833.bin.39.fbc2 ,-0.1708434741179871,-0.1708434741179871,946.2983787366654,-0.0032822953720597,-1000.0,999.7437183773465,353.69841586677103,-889.2302612761993,-6.406810805668783,-0.2847391235299028,-0.0226806610212406,778.5637306803974,-451.8053240683817,-999.7437183773462,-0.0111926272188611,-0.0046254065648554,-0.0046254065648554,53.70162126333457,-8.886467946922494e-05,1000.0,-1000.0,5.803891287509032,-110.76973872380074,-0.1734576337411226,-0.0077090109415394,-0.0006140549348856,164.7374261692621,-54.01839185425683,1000.0,-0.0003030285569138, Amensalism,Healthy
SRR13077833.bin.14.fbc2XSRR13077833.bin.35.fbc2 ,-0.0896937519280527,-0.0896937519280527,21.77062945093394,-0.0017232228997272,1000.0,-1000.0,1000.0,-375.76564365982,-3.363610474562165,-0.1494895865467924,-0.0119074702367925,776.7844680115252,-309.4251584451058,1000.0,-0.0058761900878607,-0.1713974525124513,-0.1713974525124513,978.229370549066,-0.0032929385689612,-63.774074145452005,1000.0,0.0,-197.68364112181095,-6.427585580836762,-0.2856624208540097,-0.0227542055112053,223.2155319884748,-628.0724702885561,-1000.0,-0.0112289205200113, Neutralism,Healthy
SRR13077833.bin.21.fbc2XSRR13077833.bin.13.fbc2 ,-0.1750015473769508,-0.1750015473769508,27.187524255825792,-0.0033621815058495,0.0,-0.4882896200875848,-1000.0,-105.86963403997902,-6.5627429466193234,-0.2916692456283272,-0.0232326742051327,878.6334662071101,-500.0,0.4882896200875848,-0.0114650389348298,-0.1642416835388758,-0.1642416835388758,972.8124757441742,-0.003155459818231,-1000.0,999.7536216973926,1000.0,860.3665739046987,-6.159236682999676,-0.2737361392315733,-0.0218042273439778,121.36653379288988,-500.0,-999.7536216973924,-0.0107601179801122, Amensalism,Healthy
SRR13077833.bin.21.fbc2XSRR13077833.bin.11.fbc2 ,-0.179613499441757,-0.179613499441757,543.7282544023417,-0.0034507876933957,-1000.0,999.4988421032868,-282.7524285765453,-156.9326358182375,-6.735696022389561,-0.2993558324029663,-0.023844942961432,670.2304389008177,-1000.0,-999.4988421032866,-0.0117671860344898,-0.1288468001911269,-0.1288468001911269,456.2717455976583,-0.0024754428470714,999.8067174224992,-1000.0,-717.2475714234547,-843.0673641817625,-4.831891156522829,-0.2147446669852115,-0.0171053100733615,329.7695610991823,48.25857808157366,1000.0,-0.0084412601086114, Amensalism,Healthy
SRR13077833.bin.28.fbc2XSRR13077833.bin.8.fbc2 ,-0.0892011418226006,-0.0892011418226006,996.1815141952948,-0.0017137587285802,-1000.0,1000.0,-359.26708566204536,-997.3361126419233,-3.3451370750775946,-0.1486685697043343,-0.0118420728144893,958.8556948485322,-224.8687601265256,-1000.0,-0.0058439172644585,-0.0002661719426099,-0.0002661719426099,3.8184858047051193,-5.11377411354409e-06,0.0,0.0,-640.7329143379546,-2.6638873580768783,-0.0099817291054501,-0.0004436199043499,-3.533617912458966e-05,3.592075782595264,-0.5159945769203365,0.0,-1.7437969727185347e-05, Amensalism,Healthy
SRR13077833.bin.10.fbc2XSRR13077833.bin.17.fbc2 ,0.0,0.0,0.0,0.0,-1000.0,1000.0,0.0,0.0,0.0,0.0,0.0,0.0,0.0,-1000.0,0.0,-0.1702870802338338,-0.1702870802338338,1000.0,-0.0032716057681909,0.0,0.0,-131.43596545123364,-69.76720799771522,-6.385945447087352,-0.2838118003897989,-0.0226067958581097,1000.0,-333.81251024060066,0.0,-0.0111561756694982, Amensalism,Healthy
SRR13077833.bin.43.fbc2XSRR13077833.bin.17.fbc2 ,-0.0867180229874975,-0.0867180229874975,0.0,-0.0016660523148175,-54.81471308762411,1000.0,384.931188094502,211.7519421026016,-3.2520174949099783,-0.1445300383126095,-0.0115124214955812,20.444642210823645,-666.3205863566923,-1000.0,-0.005681238393663,-0.1694907803365595,-0.1694907803365595,1000.0,-0.0032563070190008,1000.0,-1000.0,-1000.0,-1000.0,-6.356083359505874,-0.2824846338942279,-0.0225010815009909,979.5553577891764,-333.6794136433077,1000.0,-0.0111040069346017, Neutralism,Healthy
SRR13077833.bin.10.fbc2XSRR13077833.bin.43.fbc2 ,-0.0416152794697382,-0.0416152794697382,497.4236004466036,-0.0007995250618932,-1000.0,1000.0,-446.4294962363557,-1000.0,-1.5606169539936443,-0.0693587991162303,-0.005524718177412,499.8820360735608,-0.015606729207434,-1000.0,-0.0027263804608992,-0.0884776304327488,-0.0884776304327488,502.5763995533964,-0.0016998584136445,1000.0,-1000.0,-553.5705037636443,0.0,-3.318004633440069,-0.1474627173878389,-0.0117460216386007,500.1179639264392,-247.90960576383952,1000.0,-0.0057965171906744, Neutralism,Healthy
SRR13077833.bin.35.fbc2XSRR13077833.bin.13.fbc2 ,-0.1481113758901528,-0.1481113758901528,0.0256100361769995,-0.0028455595752348,761.1052242592405,0.3024690752038168,196.02851988669863,-14.968610855905467,-5.554333101656425,-0.2468522931502548,-0.0196628166647769,0.0,-451.678024485454,-0.3024690752038168,-0.0097033581514551,-0.2016331373508819,-0.2016331373508819,999.9743899638228,-0.003873835491845,-1000.0,999.6975309247962,803.9714801133014,672.1435954770852,-7.561455711611984,-0.3360552289182124,-0.0267682032487073,1000.0,-548.321975514546,-999.6975309247962,-0.0132097790271927, Amensalism,Healthy
SRR13077833.bin.11.fbc2XSRR13077833.bin.12.fbc2 ,-0.1523546654427718,-0.1523546654427718,744.632981840675,-0.0029270829095366,999.7714533664212,-1000.0,588.0307978843205,-433.1240665896785,-5.713460943663336,-0.2539244424045819,-0.0202261429051304,595.050702975712,-511.9985963837867,1000.0,-0.0099813527216383,-0.1136177950404544,-0.1136177950404544,255.36701815932497,-0.0021828586943684,-1000.0,999.8295623931458,-215.98977943410955,-566.8759334103215,-4.260787371245328,-0.1893629917341286,-0.0150835535779378,404.949297024288,-488.0014036162133,-999.8295623931458,-0.0074435481476484, Competition,Healthy
SRR13077833.bin.3.fbc2XSRR13077833.bin.12.fbc2 ,-0.1707336713283211,-0.1707336713283211,989.4226472384483,-0.0032801858084212,999.7438830920784,-1000.0,-426.6182681944149,151.1363563893799,-6.4026930850317285,-0.2845561188805732,-0.0226660839362011,0.0,-517.2710954386391,1000.0,-0.0111854336066699,-0.1279257893197609,-0.1279257893197609,10.577352761551424,-0.0024577481137839,-1000.0,999.8080990272796,-573.3817318055851,-546.0631144754766,-4.797352275637422,-0.2132096488662682,-0.0169830394659129,1000.0,-477.3888470183624,-999.8080990272798,-0.0083809210677827, Amensalism,Healthy
SRR13077833.bin.10.fbc2XSRR13077833.bin.39.fbc2 ,0.0,0.0,0.0,0.0,-1000.0,1000.0,0.0,0.0,0.0,0.0,0.0,0.0,0.0,-1000.0,0.0,-0.041941363375372,-0.041941363375372,1000.0,-0.0008057898822926,1000.0,-1000.0,50.78397664660065,-1000.0,-1.5728454450184015,-0.0699022722922109,-0.0055680080869251,982.340059143969,-490.1381954829131,1000.0,-0.0027477434987304, Amensalism,Healthy
SRR13077833.bin.6.fbc2XSRR13077833.bin.5.fbc2 ,-0.0596379626205134,-0.0596379626205134,19.89983037458637,-0.0011457821829026,-1000.0,999.9105373271582,-394.29972795379103,-913.08507649871,-2.2364866162902217,-0.0993966043675982,-0.0079173548839435,-1.838121066935628,0.0,-999.9105373271584,-0.0039071172437843,-0.2546892878704057,-0.2546892878704057,980.1001696254136,-0.0048931659533764,0.0,0.0,-605.700272046209,-86.91492350128988,-9.551117419268166,-0.424482146450714,-0.0338117767374797,1000.0,-1000.0,0.0,-0.0166856959008327, Neutralism,Healthy
SRR13077833.bin.24.fbc2XSRR13077833.bin.13.fbc2 ,-0.1144302137369095,-0.1144302137369095,0.0,-0.0021984671227528,821.824174978376,0.0,-1000.0,-1000.0,-4.291253930825633,-0.1907170228948871,-0.0151914078179515,0.0,-204.94252428334505,0.0,-0.0074967728884303,-0.1950822968477723,-0.1950822968477723,1000.0,-0.0037479788059044,-822.6877773205896,1000.0,1000.0,368.150546757799,-7.315792270627071,-0.3251371614130676,-0.0258985335489114,1000.0,-660.5460173021484,-1000.0,-0.012780607728132, Amensalism,Healthy
SRR13077833.bin.28.fbc2XSRR13077833.bin.42.fbc2 ,-0.0892011418226275,-0.0892011418226275,996.1815141952948,-0.001713758728556,1000.0,-1000.0,121.6174849131744,-992.1750400435006,-3.3451370750775595,-0.1486685697043412,-0.0118420728144883,958.855694848532,-222.4091020271613,1000.0,-0.0058439172644284,-0.0003277739597251,-0.0003277739597251,3.8184858047051193,-6.297290269685618e-06,-1000.0,999.9995083075742,0.3478258229263247,-7.824959956499356,-0.0122918698394869,-0.0005462899327994,-4.351427594428969e-05,11.667233145553157,-0.0037020195303512,-999.999508307574,-2.147375994354661e-05, Amensalism,Healthy
SRR13077833.bin.13.fbc2XSRR13077833.bin.42.fbc2 ,-0.2033447184208456,-0.2033447184208456,1000.0,-0.0039067188937722,-587.5404568961651,1000.0,1000.0,256.6824635394583,-7.625641810320869,-0.3389078640347427,-0.0269954275559662,1000.0,-1000.0,-1000.0,-0.0133219114277633,0.0,0.0,0.0,0.0,0.0,0.0,-1000.0,0.0,0.0,0.0,0.0,0.0,0.0,0.0,0.0, Amensalism,Healthy
SRR13077833.bin.5.fbc2XSRR13077833.bin.39.fbc2 ,-0.255614138415126,-0.255614138415126,1000.0,-0.0049109344556654,-1000.0,1000.0,-1000.0,179.29523246594545,-9.585800291961732,-0.4260235640251721,-0.0339345570884006,1000.0,-1000.0,-1000.0,-0.0167462864936851,0.0,0.0,0.0,0.0,1000.0,-1000.0,0.0,0.0,0.0,0.0,0.0,0.0,0.0,1000.0,0.0, Amensalism,Healthy
SRR13077833.bin.8.fbc2XSRR13077833.bin.11.fbc2 ,0.0,0.0,0.0,0.0,-1000.0,1000.0,-400.2672874280795,0.0,0.0,0.0,0.0,0.0,0.0,-1000.0,0.0,-0.1749277808286251,-0.1749277808286251,1000.0,-0.0033607642810693,1000.0,-1000.0,-599.7327125719205,-843.8124369728848,-6.559976623108128,-0.291546301381004,-0.0232228811820505,833.6771200365929,-517.8433394050166,1000.0,-0.0114602061984214, Amensalism,Healthy
SRR13077833.bin.6.fbc2XSRR13077833.bin.28.fbc2 ,-0.0562298373512248,-0.0562298373512248,31.501618552756558,-0.0010803042719089,-1000.0,999.9156498424518,-1000.0,0.0,-2.108678317407339,-0.0937163955854885,-0.0074649025186772,-5.659800504712052,0.0,-999.9156498424518,-0.0036838375671095,-0.0865683815289912,-0.0865683815289912,968.4983814472434,-0.0016631773588642,1000.0,-1000.0,0.0,-1000.0,-3.246405782090505,-0.1442806358816142,-0.0114925555498075,918.1692374989888,-145.37583040376092,1000.0,-0.0056714347937258, Neutralism,Healthy
SRR13077833.bin.29.fbc2XSRR13077833.bin.28.fbc2 ,-0.1578731061174494,-0.1578731061174494,395.96255451033016,-0.003033104824567,-1000.0,1000.0,1000.0,0.0,-5.920408300167878,-0.2631218435290066,-0.0209587543375846,-879.0296689254716,671.1274544350899,-1000.0,-0.0103428874516566,-0.0540873616639601,-0.0540873616639601,604.0374454896698,-0.0010391423950295,1000.0,-1000.0,-0.821416148157823,-1000.0,-2.0283332152322373,-0.0901456027733047,-0.0071804739500294,581.7652363588568,-0.0202840595519546,1000.0,-0.0035434755671985, Competition,Healthy
SRR13077833.bin.14.fbc2XSRR13077833.bin.11.fbc2 ,-0.0890445230141949,-0.0890445230141949,2.71600336566064,-0.0017107497217239,-1000.0,1000.0,706.9713427524014,-34.671097417205715,-3.3392637042685465,-0.1484075383571053,-0.0118212805768962,20.107296853944376,-291.3881509094756,-1000.0,-0.0058336565509762,-0.1198062089962377,-0.1198062089962377,997.2839966343396,-0.0023017523342332,1000.0,-1000.0,182.1364592235518,-71.95731241985948,-4.49285943373684,-0.1996770149936537,-0.0159051086294539,879.6660405647358,-500.044930205564,1000.0,-0.0078489754597512, Amensalism,Healthy
SRR13077833.bin.31.fbc2XSRR13077833.bin.21.fbc2 ,-0.0440010613680215,-0.0440010613680215,9.153099940411153,-0.0008453614095742,-1000.0,999.9339941811407,-218.50873369023495,-11.593320185269931,-1.650086296177733,-0.0733351022799979,-0.0058414473401171,553.3288839278059,-145.4236408362874,-999.933994181141,-0.0028826824066072,-0.179613499441757,-0.179613499441757,990.8469000595888,-0.0034507876933957,0.0,-0.5011578967133801,-494.0144711242315,-988.40667981473,-6.735696022389561,-0.2993558324029663,-0.023844942961432,446.6711160721941,-854.5763591637126,0.5011578967133801,-0.0117671860344898, Amensalism,Healthy
SRR13077833.bin.14.fbc2XSRR13077833.bin.13.fbc2 ,-0.0809148565292616,-0.0809148565292616,2.468035261757564,-0.0015545601638677,1000.0,-1000.0,232.41667078230148,81.6425571856114,-3.0343926206577407,-0.134858094215474,-0.010742010732315,-3.577804671539297,-298.9521491305284,1000.0,-0.0053010501587777,-0.2009765261796019,-0.2009765261796019,997.5319647382426,-0.0038612204837136,-1000.0,999.6985159046284,767.5833292176985,651.3710716273445,-7.536832098860486,-0.3349608769659653,-0.0266810335427862,1000.0,-553.6988589019749,-999.6985159046284,-0.0131667618495612, Neutralism,Healthy
SRR13077833.bin.28.fbc2XSRR13077833.bin.43.fbc2 ,-0.0891225089586669,-0.0891225089586669,995.8879507898208,-0.00171224801079,-1000.0,1000.0,91.86547216631902,-990.160097742928,-3.3421882595927173,-0.1485375149311494,-0.0118316337541273,950.1693536350442,-209.6245443044905,-1000.0,-0.0058387657165894,-0.088020489577957,-0.088020489577957,4.112049210179066,-0.0016910756883135,1000.0,-603.2734182302412,835.6101468273823,-9.839902257071913,-3.3008613683359727,-0.1467008159632996,-0.0116853330064259,49.83064636495578,-790.3754556955095,603.2734182302411,-0.0057665680972149, Neutralism,Healthy
SRR13077833.bin.10.fbc2XSRR13077833.bin.31.fbc2 ,-0.041192353976271,-0.041192353976271,491.0661786323917,-0.0007913996921615,-1000.0,1000.0,-438.50547491738416,-990.1312120182474,-1.5447568010931718,-0.068653923293823,-0.0054685718727114,492.5747922095445,-0.0154481219907438,-1000.0,-0.0026986729502596,-0.0404184510155118,-0.0404184510155118,12.614938941462585,-0.0007765312394667,999.9393684408204,-1000.0,-197.7667416350307,-9.868787981752575,-1.515734622299192,-0.0673640850258152,-0.0053658308648891,507.4252077904555,-134.85093372418373,1000.0,-0.0026479715266987, Amensalism,Healthy
SRR13077833.bin.42.fbc2XSRR13077833.bin.12.fbc2 ,-0.0339517747788704,-0.0339517747788704,792.8517659913682,-0.0006522915423374,0.0,-0.0509309236260833,0.0,-404.1322966247841,-1.2732274302437645,-0.0565862912982311,-0.0045073345576156,390.2149912315426,28.96808739801372,0.0509309236260833,-0.0022243141594344,-0.1203066500002023,-0.1203066500002023,207.1482340086318,-0.0023113669548138,-1000.0,999.8195284681652,-1000.0,-595.8677033752159,-4.511626500188299,-0.2005110833335948,-0.0159715456580897,609.7850087684574,-500.00231136695487,-999.819528468165,-0.0078817613160708, Competition,Healthy
SRR13077833.bin.42.fbc2XSRR13077833.bin.39.fbc2 ,-0.0517510336746909,-0.0517510336746909,1000.0,-0.0009942561705429,-1000.0,999.9223684782072,-942.8866395496442,-810.5649203319846,-1.940718446890628,-0.0862517227911894,-0.006870310138197,1000.0,-100.96835629438988,-999.9223684782072,-0.0033904135414104,0.0,0.0,0.0,0.0,1000.0,-1000.0,0.0,0.0,0.0,0.0,0.0,0.0,0.0,1000.0,0.0, Amensalism,Healthy
SRR13077833.bin.29.fbc2XSRR13077833.bin.11.fbc2 ,-0.1589301673469663,-0.1589301673469663,408.6572341705162,-0.0030534133976516,-1000.0,1000.0,1000.0,-339.41267644256345,-5.960049213248794,-0.2648836122449438,-0.0210990865776921,-874.8708583351093,658.8835119208788,-1000.0,-0.0104121396859682,-0.1407975015681586,-0.1407975015681586,591.3427658294838,-0.0027050432578334,999.7887902224315,-1000.0,0.0,-660.5873235574365,-5.280055086183324,-0.2346625026135598,-0.0186918489113168,461.0716425443154,-409.169329744525,1000.0,-0.0092241975090701, Competition,Healthy
SRR13077833.bin.5.fbc2XSRR13077833.bin.42.fbc2 ,-0.255614138415126,-0.255614138415126,1000.0,-0.0049109344556654,0.0,-0.3834457622949685,-1000.0,-496.9090444601746,-9.585800291961732,-0.4260235640251721,-0.0339345570884006,1000.0,-694.7540608489105,0.3834457622949685,-0.0167462864936851,0.0,0.0,0.0,0.0,-1000.0,1000.0,0.0,0.0,0.0,0.0,0.0,0.0,221.9224708433644,-1000.0,0.0, Amensalism,Healthy
SRR13077833.bin.14.fbc2XSRR13077833.bin.12.fbc2 ,-0.0898185489298839,-0.0898185489298839,28.75775959786688,-0.0017256205366038,1000.0,-1000.0,850.8373916312778,0.0,-3.368290493998188,-0.1496975815497307,-0.0119240379078746,0.0,-378.28254256065566,1000.0,-0.005884366029818,-0.1430297010173262,-0.1430297010173262,971.2422404021332,-0.0027479289340135,-1000.0,999.7854417088292,149.1626083687222,-1000.0,-5.363764924242446,-0.238382835028915,-0.0189881889342586,1000.0,-486.2112252305344,-999.7854417088292,-0.0093704376650975, Neutralism,Healthy
SRR13077833.bin.10.fbc2XSRR13077833.bin.28.fbc2 ,0.0,0.0,0.0,0.0,0.0,0.0,0.0,0.0,0.0,0.0,0.0,0.0,0.0,0.0,0.0,-0.0894011077119785,-0.0894011077119785,1000.0,-0.0017176005324017,-1000.0,1000.0,-1000.0,-1000.0,-3.3526360072266925,-0.1490018461865929,-0.0118686196789212,957.0717007253864,-0.0335275623926918,-1000.0,-0.005857017815515, Amensalism,Healthy
SRR13077833.bin.31.fbc2XSRR13077833.bin.43.fbc2 ,-0.079654006925466,-0.079654006925466,24.86068635886977,-0.0015303363481962,-1000.0,999.88051133793,-389.7455991518247,-19.448753885770884,-2.987109428204008,-0.132756678209148,-0.0105746241662245,1000.0,-265.75529093515445,-999.88051133793,-0.0052184469474241,-0.0884776304327488,-0.0884776304327488,975.1393136411302,-0.0016998584136445,1000.0,-1000.0,-610.2544008481754,-27.931648489202644,-3.318004633440069,-0.1474627173878389,-0.0117460216386007,0.0,-489.7204615175713,1000.0,-0.0057965171906744, Neutralism,Healthy
SRR13077833.bin.43.fbc2XSRR13077833.bin.39.fbc2 ,-0.0884776304327488,-0.0884776304327488,10.675799280650494,-0.0016998584136445,-1000.0,1000.0,277.68967680111723,217.1464284725325,-3.318004633440069,-0.1474627173878389,-0.0117460216386007,199.6456106034232,-555.9355796938103,-1000.0,-0.0057965171906744,-0.0379988080621842,-0.0379988080621842,989.3242007193494,-0.0007300443431859,1000.0,-1000.0,-313.6197824868407,-905.9983988162176,-1.424995454771988,-0.0633313467703828,-0.0050446064113884,800.3543893965768,-444.0644203061897,1000.0,-0.0024894512101809, Neutralism,Healthy
SRR13077833.bin.14.fbc2XSRR13077833.bin.29.fbc2 ,-0.0890445230141949,-0.0890445230141949,2.7160033656608675,-0.0017107497217239,1000.0,-1000.0,91.33494890869385,819.5808896555116,-3.3392637042685465,-0.1484075383571053,-0.0118212805768962,80.08301169963033,-505.3178826173868,1000.0,-0.0058336565509762,-0.2079439704481274,-0.2079439704481274,997.283996634339,-0.0039950810845539,-1000.0,1000.0,908.6650510913062,180.41911034448844,-7.798118621266099,-0.3465732840802502,-0.0276060102938799,0.0,141.6143546249948,-1000.0,-0.0136232264981117, Neutralism,Healthy
SRR13077833.bin.11.fbc2XSRR13077833.bin.17.fbc2 ,-0.0993740655759438,-0.0993740655759438,144.36183149247563,-0.0019092039495944,-967.3597624308802,1000.0,-129.67324760358588,-59.68547659582305,-3.726632465314424,-0.1656234426264973,-0.0131925992916421,46.80282701938222,-368.7609144019035,-1000.0,-0.0065103854681183,-0.1189547178710199,-0.1189547178710199,855.6381685075244,-0.0022853932348425,1000.0,-1000.0,-371.8072279797734,-940.314523404177,-4.460927616792446,-0.1982578631184424,-0.0157920672523914,873.5684039625637,-180.53866958956223,1000.0,-0.0077931909306698, Competition,Healthy
SRR13077833.bin.5.fbc2XSRR13077833.bin.17.fbc2 ,-0.1898389813566154,-0.1898389813566154,68.12198371208524,-0.0036472426774025,-1000.0,999.7152232917516,-927.4216695704484,319.76679499970624,-7.1191623992219775,-0.3163983022610637,-0.0252024469006073,65.10006760238275,-666.1675255156929,-999.7152232917516,-0.0124370975297551,-0.1645972033675207,-0.1645972033675207,931.8780162879148,-0.003162290170394,1000.0,-1000.0,-72.57833042955167,-67.00434338928267,-6.1725690522399645,-0.2743286722791254,-0.0218514250772159,934.8999323976172,-333.8324744843071,1000.0,-0.0107834094809504, Amensalism,Healthy
SRR13077833.bin.6.fbc2XSRR13077833.bin.42.fbc2 ,-0.0600512839118891,-0.0600512839118891,30.4335061228428,-0.0011537230338944,0.0,-0.0900826944829304,-858.1113836213462,1000.0,-2.251986601460544,-0.1000854731863682,-0.007972226163929,-1.8508601770520272,0.0,0.0900826944829304,-0.0039341955454119,-0.050701056741218,-0.050701056741218,969.5664938771572,-0.0009740837029994,-1000.0,999.9239435444696,-141.88861637865375,-804.2638673956753,-1.901343202399857,-0.0845017612354013,-0.0067309183876886,1000.0,-96.85901919175376,-999.9239435444696,-0.0033216254272474, Neutralism,Healthy
SRR13077833.bin.29.fbc2XSRR13077833.bin.12.fbc2 ,-0.2061912029225823,-0.2061912029225823,976.23429616955,-0.0039614063962289,-1000.0,1000.0,1000.0,1000.0,-7.732387986949902,-0.3436520048710463,-0.0273733181977604,0.0,228.39276984120897,-1000.0,-0.0135083958110726,-0.129140128949075,-0.129140128949075,23.76570383044998,-0.0024810783660313,0.0,-0.1937225988154978,-1000.0,-560.739167828949,-4.842891294900824,-0.2152335482484204,-0.0171442515088529,1000.0,-478.22893568947006,0.1937225988154978,-0.0084604772280272, Neutralism,Healthy
SRR13077833.bin.29.fbc2XSRR13077833.bin.5.fbc2 ,-0.0811166981566202,-0.0811166981566202,460.3812491234528,-0.0015584380048494,-1000.0,1000.0,1000.0,-1000.0,-3.041961894962469,-0.1351944969276246,-0.0107688066140099,0.0,157.06565999844634,-1000.0,-0.0053142735968094,-0.2331190522114639,-0.2331190522114639,539.6187508765472,-0.0044787522039086,0.0,0.0,-1000.0,154.81257756694845,-8.742210789301566,-0.388531753685811,-0.0309481777287601,1000.0,-1000.0,0.0,-0.0152725450152502, Amensalism,Healthy
SRR13077833.bin.13.fbc2XSRR13077833.bin.11.fbc2 ,-0.1746292483405795,-0.1746292483405795,650.4682120085758,-0.0033550287865864,-187.65258461517035,1000.0,1000.0,129.14733691378024,-6.5487813393565375,-0.291048747234413,-0.0231832489151884,767.6981999879047,-1000.0,-1000.0,-0.0114406481621927,-0.1194027510075557,-0.1194027510075557,349.5317879914241,-0.0022940009799867,999.820884403484,-1000.0,0.0,-1000.0,-4.477729332835452,-0.199004585012517,-0.0158515467716142,232.30180001209533,250.88333614939663,1000.0,-0.0078225433417173, Competition,Healthy
SRR13077833.bin.14.fbc2XSRR13077833.bin.28.fbc2 ,-0.0890445230141949,-0.0890445230141949,2.716003365660413,-0.0017107497217239,0.0,0.0,675.3238748359977,-8.073953110129196,-3.3392637042685465,-0.1484075383571053,-0.0118212805768962,-2.0537885715895072,-292.56092859573096,0.0,-0.0058336565509762,-0.0892751106787272,-0.0892751106787272,997.2839966343396,-0.0017151798401755,-1000.0,1000.0,-850.9669952642338,-991.9260468898708,-3.3479109853414,-0.1487918511311363,-0.0118518926952901,948.680943378665,-221.65800084811508,-1000.0,-0.0058487632547894, Neutralism,Healthy
SRR13077833.bin.28.fbc2XSRR13077833.bin.21.fbc2 ,-0.0345018247269308,-0.0345018247269308,386.3746449664641,-0.0006628592647075,1000.0,-1000.0,188.84334655109117,-592.5516854355587,-1.293854884519419,-0.0575030412115893,-0.0045803575189893,364.7181114147795,-0.0129390128466866,1000.0,-0.0022603500925697,-0.179613499441757,-0.179613499441757,613.6253550335359,-0.0034507876933957,-1000.0,999.4988421032868,296.8069325226502,-407.44831456444126,-6.735696022389561,-0.2993558324029663,-0.023844942961432,635.2818885852205,-999.9870609871532,-999.4988421032866,-0.0117671860344898, Amensalism,Healthy
SRR13077833.bin.10.fbc2XSRR13077833.bin.6.fbc2 ,-0.0416152794697382,-0.0416152794697382,497.42360044660336,-0.0007995250618932,1000.0,-1000.0,-448.8156388072194,-1000.0,-1.5606169539936443,-0.0693587991162303,-0.005524718177412,502.26817864442455,-0.015606729207434,1000.0,-0.0027263804608992,-0.0601139654531834,-0.0601139654531834,38.22858414861048,-0.0011549272901447,-1000.0,999.909823277184,-506.4374511475385,0.0,-2.254337225494737,-0.1001899424219345,-0.0079805475750163,246.90664274601863,0.0,-999.9098232771838,-0.0039383020595096, Neutralism,Healthy
SRR13077833.bin.31.fbc2XSRR13077833.bin.35.fbc2 ,-0.0623379881652681,-0.0623379881652681,19.456211078865408,-0.0011976558724882,-0.0935129705272856,0.0,-305.018636038251,-15.220780929383864,-2.3377404272699778,-0.1038966469420756,-0.008275802079197,782.609570709818,-207.9826341526241,0.0,-0.0040840065253178,-0.1713916783666036,-0.1713916783666036,980.5437889211346,-0.0032928276343682,-970.0169555853548,1000.0,1000.0,214.18133826259785,-6.427369044268176,-0.2856527972777485,-0.0227534389531456,217.39042929018208,-751.6991081561149,-1000.0,-0.0112285422330842, Amensalism,Healthy
SRR13077833.bin.29.fbc2XSRR13077833.bin.8.fbc2 ,-0.208170126754112,-0.208170126754112,1000.0,-0.0039994260663434,-1000.0,1000.0,1000.0,-601.0005273536561,-7.806599721713496,-0.3469502112568534,-0.0276360341185863,0.0,134.1901738399597,-1000.0,-0.0136380428863276,0.0,0.0,0.0,0.0,1000.0,-1000.0,-1000.0,0.0,0.0,0.0,0.0,0.0,0.0,1000.0,0.0, Amensalism,Healthy
SRR13077833.bin.29.fbc2XSRR13077833.bin.39.fbc2 ,-0.1809640446649609,-0.1809640446649609,673.2710582275383,-0.003476734767787,-1000.0,1000.0,1000.0,-326.05983465251984,-6.78634289534682,-0.3016067411082304,-0.0240242372456123,-785.3837307286483,407.86347295374776,-1000.0,-0.0118556655583006,-0.0281416865387882,-0.0281416865387882,326.72894177246167,-0.0005406664080283,1000.0,-1000.0,-641.0099018625929,-673.9401653474802,-1.0553429818565974,-0.0469028108979046,-0.0037360048795562,1000.0,-328.6562228772374,1000.0,-0.0018436724514003, Competition,Healthy
SRR13077833.bin.31.fbc2XSRR13077833.bin.39.fbc2 ,-0.0546741214104713,-0.0546741214104713,17.06425372428464,-0.0010504153968895,-1000.0,999.9179835658074,-267.51947616591053,-13.349529700717651,-2.050337325738724,-0.0911235356841189,-0.007258370392833,686.3951170920063,-182.4131340392555,-999.9179835658074,-0.0035819165035491,-0.0274678339966385,-0.0274678339966385,982.9357462757152,-0.0005277201536273,1000.0,-1000.0,36.09223517597775,-659.3880562899147,-1.0300727994806491,-0.0457797233276551,-0.0036465462616206,313.60488290799367,-320.7991783026381,1000.0,-0.0017995257238681, Competition,Healthy
SRR13077833.bin.24.fbc2XSRR13077833.bin.42.fbc2 ,-0.0940253655356855,-0.0940253655356855,0.0,-0.0018064431418451,999.8589529194804,-1000.0,0.0,-189.43507966801545,-3.526050561960915,-0.1567089425594758,-0.0124825221105311,0.0,230.18653684115475,1000.0,-0.0061599711139024,-0.0517510336746909,-0.0517510336746909,1000.0,-0.0009942561705429,-1000.0,999.9223684782072,-942.8866395496452,-810.5649203319846,-1.940718446890628,-0.0862517227911894,-0.006870310138197,1000.0,-101.4535359061125,-999.9223684782072,-0.0033904135414104, Amensalism,Healthy
SRR13077833.bin.28.fbc2XSRR13077833.bin.5.fbc2 ,-0.0794633934079911,-0.0794633934079911,887.4321780065254,-0.0015266742249195,1000.0,-1000.0,317.7182262922604,-1000.0,-2.9799612198831937,-0.1324389890133943,-0.0105493188942773,846.1390752389593,-271.5056310478269,1000.0,-0.0052059591070019,-0.1939187951835492,-0.1939187951835492,112.56782199347458,-0.003725625267748,-1000.0,999.7091031790984,-1000.0,28.07954582988168,-7.272159728773545,-0.32319799197262,-0.0257440705997851,153.86092476104068,-643.2142278024006,-999.7091031790984,-0.0127043821628376, Competition,Healthy
SRR13077833.bin.43.fbc2XSRR13077833.bin.42.fbc2 ,-0.0884776304327488,-0.0884776304327488,9.32697862796897,-0.0016998584136445,1000.0,-0.313219599792319,-440.5193915905768,-189.2362066541192,-3.318004633440069,-0.1474627173878389,-0.0117460216386007,0.0,-832.3682670388032,0.313219599792319,-0.0057965171906744,-0.0514292464846448,-0.0514292464846448,990.6730213720311,-0.000988073899748,-1000.0,999.9228511899036,58.88819165241284,-810.7637933458808,-1.9286510872392453,-0.0857154108077793,-0.0068275906476173,1000.0,-100.04545104636291,-999.9228511899036,-0.0033693319983285, Neutralism,Healthy
SRR13077833.bin.6.fbc2XSRR13077833.bin.39.fbc2 ,-0.060007132541159,-0.060007132541159,30.411130564453515,-0.0011528747846796,-1000.0,999.9099835368144,-497.1102711009527,-1.3178084987337115,-2.250330878406885,-0.1000118875685984,-0.0079663647619554,-1.849499373278945,0.0,-999.9099835368144,-0.0039313030156336,-0.0418186985218653,-0.0418186985218653,969.5888694355464,-0.00080343320883,1000.0,-1000.0,-463.53219139263376,-998.6821915012664,-1.568245383397766,-0.0696978308698135,-0.0055517234733315,1000.0,-488.7047005969745,1000.0,-0.0027397072423127, Neutralism,Healthy
SRR13077833.bin.3.fbc2XSRR13077833.bin.42.fbc2 ,-0.1707336713283211,-0.1707336713283211,989.4226472384483,-0.0032801858084212,999.7438830920784,-1000.0,1000.0,135.26124996819,-6.4026930850317285,-0.2845561188805732,-0.0226660839362011,-12.87509011849238,-967.5183700553356,1000.0,-0.0111854336066699,-0.0009079464937258,-0.0009079464937258,10.577352761551424,-1.7443736624045414e-05,-1000.0,999.9986379930406,-1000.0,-989.3544509499324,-0.0340489529202159,-0.0015132441561718,-0.0001205362203791,1000.0,-0.010254736695515,-999.9986379930408,-5.9483142081262486e-05, Amensalism,Healthy
SRR13077833.bin.5.fbc2XSRR13077833.bin.12.fbc2 ,-0.2312719713031583,-0.2312719713031583,976.2342961695496,-0.0044432655389528,1000.0,-1000.0,-445.1324853806884,-441.7419105370278,-8.672943303471357,-0.3854532855051502,-0.0307029648741945,0.0,-522.0467396845274,1000.0,-0.0151515354879165,-0.129140128949075,-0.129140128949075,23.76570383045032,-0.0024810783660313,-1000.0,999.8062774011846,-554.8675146193116,-558.2580894629722,-4.842891294900937,-0.2152335482485341,-0.0171442515088529,1000.0,-477.95326031547256,-999.8062774011844,-0.0084604772280272, Neutralism,Healthy
SRR13077833.bin.17.fbc2XSRR13077833.bin.39.fbc2 ,-0.1702870802338338,-0.1702870802338338,1000.0,-0.0032716057681909,-1000.0,1000.0,-131.40758427119454,-69.93749507794996,-6.385945447087352,-0.2838118003897989,-0.0226067958581097,1000.0,-333.8267008306202,-1000.0,-0.0111561756694982,0.0,0.0,0.0,0.0,1000.0,-1000.0,0.0,0.0,0.0,0.0,0.0,0.0,0.0,1000.0,0.0, Amensalism,Healthy
SRR13077833.bin.29.fbc2XSRR13077833.bin.31.fbc2 ,-0.2067927166602885,-0.2067927166602885,983.4581201049228,-0.0039729628560962,-1000.0,1000.0,1000.0,-221.11328963708752,-7.754945387719317,-0.3446545277672612,-0.0274531733357434,-687.7686258568822,80.90807685047048,-1000.0,-0.0135478033392928,-0.0795206298570292,-0.0795206298570292,16.541879895077386,-0.0015277738684744,999.8807114163452,-1000.0,-394.898477265727,-20.951951943976155,-2.982107647199996,-0.132534383094935,-0.010556917431586,1000.0,-262.8159220678982,1000.0,-0.005209708891698, Neutralism,Healthy
SRR13077833.bin.24.fbc2XSRR13077833.bin.12.fbc2 ,-0.1166129078125095,-0.1166129078125095,635.2249207010668,-0.0022404016871178,1000.0,-146.04720858212215,548.4413153507764,-450.61013124628175,-4.373107265063823,-0.1943548463542583,-0.0154811756577828,0.0,-471.50575747254607,146.04720858212204,-0.0076397697529273,-0.1301395745477975,-0.1301395745477975,364.7750792989332,-0.0025002800105085,-1000.0,999.8047781367782,451.5586846492236,-549.3898687537182,-4.880371560945036,-0.2168992909130338,-0.0172769348727115,1000.0,-500.0025002800105,-999.8047781367782,-0.0085259548359317, Amensalism,Healthy
SRR13077833.bin.13.fbc2XSRR13077833.bin.12.fbc2 ,-0.1810558732182698,-0.1810558732182698,825.4050893053698,-0.0034784990051548,0.0,-0.2716012023223584,1000.0,818.2867748455351,-6.789786563129951,-0.3017597886970407,-0.0240364281256688,730.1860819728468,-536.1261764415972,0.2716012023223584,-0.01186168160757,-0.0984642058649569,-0.0984642058649569,174.59491069463024,-0.0018917234556283,-1000.0,999.8522942325852,0.0,-174.1672863047704,-3.692511764725623,-0.1641070097749661,-0.0130718090782693,269.81391802715325,-431.2167723933617,-999.8522942325852,-0.0064507769836836, Competition,Healthy
SRR13077833.bin.24.fbc2XSRR13077833.bin.39.fbc2 ,-0.1251391506617665,-0.1251391506617665,806.2380005380562,-0.0024042103873398,0.0,999.6045019593072,-623.0016987308861,-604.062211123374,-4.692850381387757,-0.208565251102982,-0.0166130937766411,391.8163265358228,-181.57801619752604,-999.604501959307,-0.0081983574208379,-0.0166061706772779,-0.0166061706772779,193.7619994619438,-0.0003190426642731,1000.0,-1000.0,-376.9983012691139,-395.937788876626,-0.6227489477452082,-0.0276769511287966,-0.0022045848103289,589.7101827485731,-194.06423336348416,1000.0,-0.0010879354853159, Competition,Healthy
SRR13077833.bin.42.fbc2XSRR13077833.bin.8.fbc2 ,-0.0123031884974125,-0.0123031884974125,143.3291121538798,-0.0002363724975111,-1000.0,999.9815440353914,-987.8760468581636,-287.8380469008498,-0.4613825691404827,-0.020505314162392,-0.0016333339580114,427.282880530935,-0.5171351592060773,-999.9815440353914,-0.0008060302166086,-0.0597152290351914,-0.0597152290351914,856.6708878461202,-0.001147266648104,1000.0,-1000.0,298.9848010777541,-491.7511413774125,-2.239384188483541,-0.0995253817252432,-0.0079276125385376,572.717119469065,-1.194812246194715,1000.0,-0.0039121792701735, Competition,Healthy
SRR13077833.bin.6.fbc2XSRR13077833.bin.11.fbc2 ,-0.0595177114608986,-0.0595177114608986,19.86084877219207,-0.0011434718820737,-1000.0,999.9107177154492,-895.0257632024471,-30.433585610578803,-2.2319770707358657,-0.0991961857680507,-0.0079013907050011,-1.835558238665726,-500.0,-999.9107177154492,-0.0038992391177998,-0.1732871671764542,-0.1732871671764542,980.1391512278078,-0.0033292443262098,999.7400526030136,-1000.0,-104.97423679755286,-969.5664143894212,-6.498451877553521,-0.2888119452940145,-0.0230050782937496,815.3879667489964,-408.2333772900404,1000.0,-0.0113527231521857, Neutralism,Healthy
SRR13077833.bin.14.fbc2XSRR13077833.bin.39.fbc2 ,-0.0897448914403185,-0.0897448914403185,24.63382666643793,-0.001724205407072,-1000.0,1000.0,1000.0,61.97757571472175,-3.365528260310498,-0.1495748190671975,-0.0119142593631522,0.0,-509.86180451708685,-1000.0,-0.0058795404382863,-0.041941363375372,-0.041941363375372,975.366173333562,-0.0008057898822926,1000.0,-1000.0,-462.7643850742938,-1000.0,-1.5728454450184015,-0.0699022722922109,-0.0055680080869251,1000.0,-490.1381954829132,1000.0,-0.0027477434987304, Neutralism,Healthy
SRR13077833.bin.29.fbc2XSRR13077833.bin.17.fbc2 ,-0.1554070965610208,-0.1554070965610208,366.34723944556754,-0.0029857271193804,-1000.0,1000.0,1000.0,-508.0580694456944,-5.82793033603059,-0.2590118276017392,-0.0206313743946111,-888.4195110877789,700.1595683982432,-1000.0,-0.0101813294769499,-0.1391882268931112,-0.1391882268931112,633.6527605544325,-0.002674125396652,1000.0,-1000.0,-248.54434204808547,-491.94193055430566,-5.219705585387146,-0.2319803781550717,-0.0184782064904993,645.3874378435585,-333.7554217428085,1000.0,-0.0091187676024446, Competition,Healthy
SRR13077833.bin.14.fbc2XSRR13077833.bin.21.fbc2 ,-0.0898185489298839,-0.0898185489298839,28.75775959786688,-0.0017256205366038,1000.0,-1000.0,716.2682215421432,-12.431625737488844,-3.368290493998188,-0.1496975815497307,-0.0119240379078746,0.6368816739227441,-304.7830074576192,1000.0,-0.005884366029818,-0.1811898315901317,-0.1811898315901317,971.2422404021332,-0.0034810726530167,-1000.0,999.4944438186008,-1000.0,-982.9751538624046,-6.794810143624659,-0.3019830526501437,-0.0240542120324107,999.3631183260773,-695.2169925423808,-999.4944438186008,-0.0118704577467951, Neutralism,Healthy
SRR13077833.bin.8.fbc2XSRR13077833.bin.39.fbc2 ,-0.0600473120587139,-0.0600473120587139,861.4349298376424,-0.00115364672547,-1000.0,1000.0,-700.9707819572311,-492.32812980105575,-2.2518376527723376,-0.1000788534312278,-0.0079716988727795,575.9020630047025,-1.2014567298506336,-1000.0,-0.0039339353337481,-0.0119348312047122,-0.0119348312047122,138.56507016235764,-0.0002292955082339,1000.0,-1000.0,-271.8509769734843,-285.8166337821359,-0.4475687814277762,-0.0198913853411113,-0.0015844319619873,424.0979369952975,-139.38242610290297,1000.0,-0.0007818976831686, Competition,Healthy
SRR13077833.bin.10.fbc2XSRR13077833.bin.14.fbc2 ,-0.0416152794697382,-0.0416152794697382,497.4236004466036,-0.0007995250618932,0.0,0.0,-454.862438854806,-1000.0,-1.5606169539936443,-0.0693587991162303,-0.005524718177412,508.314978692011,-0.015606729207434,0.0,-0.0027263804608992,-0.0898185489298839,-0.0898185489298839,28.75775959786688,-0.0017256205366038,-1000.0,1000.0,688.3893364636842,0.0,-3.368290493998188,-0.1496975815497307,-0.0119240379078746,5.32768998032509,-306.41070123291763,-1000.0,-0.005884366029818, Neutralism,Healthy
SRR13077833.bin.43.fbc2XSRR13077833.bin.12.fbc2 ,-0.0884768092594185,-0.0884768092594185,501.7342585631882,-0.0016998426370946,368.2736752497774,0.2098163877260503,0.0,191.56299788934663,-3.317973838571902,-0.1474613487656597,-0.0117459126221319,110.50384999716972,-499.9973128024113,-0.2098163877260503,-0.0057964633923575,-0.1398686344921316,-0.1398686344921316,498.2657414368118,-0.0026871975886706,-1000.0,999.790183612274,-1000.0,-1000.0,-5.245221589320749,-0.2331143908201056,-0.0185685353379767,889.4961500028303,-500.0026871975887,-999.790183612274,-0.0091633437774589, Neutralism,Healthy
SRR13077833.bin.10.fbc2XSRR13077833.bin.8.fbc2 ,-0.024875166692027,-0.024875166692027,296.5207348956028,-0.0004779090622832,0.0,0.0,-269.8024258812013,-597.9468454942438,-0.9328450359506631,-0.0414586111534163,-0.0033023516203911,302.5099916250915,-0.0093287848958425,0.0,-0.0016296699023996,-0.049036830868431,-0.049036830868431,703.4792651043972,-0.0009421101030966,-1000.0,1000.0,-730.1975741187987,-402.0531545057562,-1.8389329736203308,-0.0817280514472713,-0.006509980812666,638.605625686185,-123.90587247746303,-1000.0,-0.0032125954517141, Competition,Healthy
SRR13077833.bin.35.fbc2XSRR13077833.bin.39.fbc2 ,-0.1546393297135182,-0.1546393297135182,198.1702416083301,-0.0029709765555026,-0.5367073708147245,1000.0,-66.50435571734613,23.42549652523496,-5.799138267967123,-0.257732216189197,-0.0205294479984559,25.51825241092547,-559.252290582825,-1000.0,-0.0101310300542536,-0.0377149955010054,-0.0377149955010054,801.8297583916699,-0.0007245916523288,1000.0,-1000.0,-494.7385732866552,-902.5875282568088,-1.4143521838286688,-0.062858325835009,-0.0050069283172433,974.4817475890744,-440.747709417175,1000.0,-0.0024708575342629, Competition,Healthy
SRR13077833.bin.3.fbc2XSRR13077833.bin.43.fbc2 ,-0.1708409793287728,-0.1708409793287728,990.6730213720308,-0.0032822474414615,-1000.0,999.7437221197696,725.8474900044428,-557.8873501958556,-6.4067172484390085,-0.2847349655479547,-0.0226803298205595,0.0,-500.2814855405809,-999.7437221197696,-0.0111924637753872,-0.0884776304327488,-0.0884776304327488,9.326978627969195,-0.0016998584136445,1000.0,-891.0294319080883,-1000.0,150.34555214033435,-3.318004633440069,-0.1474627173878389,-0.0117460216386007,1000.0,-499.7185144594191,891.0294319080883,-0.0057965171906744, Neutralism,Healthy
SRR13077833.bin.24.fbc2XSRR13077833.bin.6.fbc2 ,-0.1393926949000388,-0.1393926949000388,969.59105645237,-0.0026780536963997,1000.0,-441.8529381880618,-627.2987567893741,-1000.0,-5.227373351704273,-0.2323211581666555,-0.0185053510424495,1000.0,207.5589004267872,441.85293818806167,-0.0091321631049368,-0.0600005425289964,-0.0600005425289964,30.408943547630088,-0.0011527481754001,-1000.0,999.9099934224656,-372.7012432106259,0.0,-2.250083745986444,-0.100000904214994,-0.0079654898919443,0.0,-202.43839915951528,-999.9099934224656,-0.0039308712780439, Neutralism,Healthy
SRR13077833.bin.6.fbc2XSRR13077833.bin.17.fbc2 ,-0.0587852631297209,-0.0587852631297209,8.891855512802977,-0.0011293998679775,-1000.0,999.911816458306,-389.5762573764978,-5.677100350967521,-2.204509484357459,-0.097975438549497,-0.0078041530879318,5.7772894132588135,-494.9941180478408,-999.911816458306,-0.0038512535498966,-0.1696436469702575,-0.1696436469702575,991.108144487197,-0.0032592439379186,1000.0,-1000.0,-125.90245507894896,-69.05865314144785,-6.361816019802518,-0.2827394116171717,-0.022521375611177,994.2227105867412,-333.8477778285726,1000.0,-0.0111140218284617, Neutralism,Healthy
SRR13077833.bin.21.fbc2XSRR13077833.bin.42.fbc2 ,-0.179613499441757,-0.179613499441757,231.43775849191707,-0.0034507876933957,-1000.0,999.4988421032868,293.38202285493776,-259.4858816414883,-6.735696022389561,-0.2993558324029663,-0.023844942961432,826.3756868560299,-1000.0,-999.4988421032866,-0.0117671860344898,-0.0240794500517722,-0.0240794500517722,768.5622415080829,-0.0004626215187499,0.0,-0.0361214881852447,706.6179771450622,-441.3096744031827,-0.903004821124796,-0.0401324167529537,-0.0031967146946954,173.62431314397008,125.41321160817142,0.0361214881852447,-0.0015775393790136, Amensalism,Healthy
SRR13077833.bin.42.fbc2XSRR13077833.bin.11.fbc2 ,-0.0046974867718745,-0.0046974867718745,54.72456253939299,-9.02495056607222e-05,-1000.0,999.9929533185946,5.184229882181853,-109.89959375406568,-0.1761607176663346,-0.0078291446196772,-0.0006236240843691,163.14109789868144,-0.1974476429527385,-999.9929533185948,-0.0003077508144997,-0.1707656737495426,-0.1707656737495426,945.275437460607,-0.0032808006484401,999.7438350853724,-1000.0,481.01841069575767,-890.1004062459343,-6.403893209643684,-0.2846094562491998,-0.0226703324805157,782.9215397255341,-517.3547464619331,1000.0,-0.011187530211032, Amensalism,Healthy
SRR13077833.bin.28.fbc2XSRR13077833.bin.11.fbc2 ,-0.0752547342377738,-0.0752547342377738,840.4306668228649,-0.001445816219757,-1000.0,1000.0,0.0,-396.5815209773991,-2.8221320538077634,-0.1254245570629564,-0.0099905900784733,809.4421118728424,-158.18934327039688,-1000.0,-0.0049302333093237,-0.1025954109397844,-0.1025954109397844,159.56933317713515,-0.001971093389784,520.13188261199,0.0,1000.0,-603.4184790226009,-3.84743632037862,-0.1709923515662694,-0.0136202553236444,64.64421534352982,-405.590479186897,0.0,-0.0067214284592864, Competition,Healthy
SRR13077833.bin.29.fbc2XSRR13077833.bin.6.fbc2 ,-0.2074297192784797,-0.2074297192784797,991.108144487197,-0.0039852011389029,-1000.0,1000.0,1000.0,1000.0,-7.7788336590048175,-0.3457161987973904,-0.0275377398696718,-566.0719533366771,452.614979044612,-1000.0,-0.0135895358835114,-0.0587852631297209,-0.0587852631297209,8.891855512802863,-0.0011293998679775,0.0,-0.0881835416939793,-1000.0,-585.2586885214,-2.204509484357459,-0.097975438549497,-0.0078041530879318,-1.8118397382490912,0.0,0.0881835416939793,-0.0038512535498966, Neutralism,Healthy
SRR13077833.bin.10.fbc2XSRR13077833.bin.3.fbc2 ,0.0,0.0,0.0,0.0,-1000.0,1000.0,0.0,0.0,0.0,0.0,0.0,0.0,0.0,-1000.0,0.0,-0.1716414272907513,-0.1716414272907513,1000.0,-0.0032976258845565,999.7425213709344,-1000.0,-856.7884302429438,-1000.0,-6.436734892828667,-0.2860690454846235,-0.022786594862282,1000.0,-500.2828043958589,1000.0,-0.0112449042662774, Amensalism,Healthy
SRR13077833.bin.29.fbc2XSRR13077833.bin.42.fbc2 ,-0.180238430162376,-0.180238430162376,664.5568575652239,-0.0034627940473228,-1000.0,1000.0,1000.0,1000.0,-6.7591315847606666,-0.3003973836039222,-0.023927906866902,0.0,412.5765739584067,-1000.0,-0.0118081277013288,-0.0287940122527743,-0.0287940122527743,335.44314243477606,-0.0005531990826739,0.0,-0.0431937843745799,-970.432950115087,-674.840020841333,-1.0798058854292094,-0.0479900204213663,-0.0038226056611847,1000.0,-251.21028757006,0.0431937843745799,-0.0018864088718828, Competition,Healthy
SRR13077833.bin.6.fbc2XSRR13077833.bin.21.fbc2 ,-0.0601139654531834,-0.0601139654531834,33.597828108414205,-0.0011549272901447,0.0,-0.0901767228161816,-915.4759593519282,639.3042339549597,-2.254337225494737,-0.1001899424219345,-0.0079805475750163,-1.8539470325398495,0.0,0.0901767228161816,-0.0039383020595096,-0.1811898315901317,-0.1811898315901317,966.4021718915858,-0.0034810726530167,-1000.0,999.4944438186008,481.7338092493024,360.6957660450403,-6.794810143624659,-0.3019830526501437,-0.0240542120324107,1000.0,-1000.0,-999.4944438186008,-0.0118704577467951, Neutralism,Healthy
SRR13077833.bin.5.fbc2XSRR13077833.bin.43.fbc2 ,-0.2409238426458841,-0.2409238426458841,990.3232968408654,-0.0046287001468954,-1000.0,999.6385910925304,-1000.0,-1000.0,-9.034898677730666,-0.4015397377431782,-0.0319843180150201,410.6873807254524,-250.4886865897588,-999.6385910925304,-0.0157838675008861,-0.0874874002091701,-0.0874874002091701,9.676703159134604,-0.0016808338176588,1000.0,-632.3074964842216,1000.0,217.94643186389908,-3.280869953702222,-0.1458123336818744,-0.0116145616800622,589.3126192745476,-749.5113134102412,632.3074964842217,-0.0057316433181995, Neutralism,Healthy
SRR13077833.bin.13.fbc2XSRR13077833.bin.43.fbc2 ,-0.1929389818664049,-0.1929389818664049,998.6276859727903,-0.0037068008043661,-1000.0,999.7105729931964,1000.0,838.5251429522059,-7.235415694036192,-0.3215649697774552,-0.0256139935580677,732.2894254364423,-500.0,-999.7105729931964,-0.0126401907427862,-0.0877397430875817,-0.0877397430875817,1.372314027209427,-0.0016856819037229,703.1792712197944,0.2894270068037485,0.0,138.80128816432307,-3.2903330782870626,-0.1462329051458937,-0.0116480619545882,267.71057456355766,-500.0,-0.2894270068037485,-0.0057481752916146, Neutralism,Healthy
SRR13077833.bin.28.fbc2XSRR13077833.bin.39.fbc2 ,-0.0892011418226275,-0.0892011418226275,996.1815141952948,-0.001713758728556,-1000.0,1000.0,-1000.0,-992.1236516708942,-3.3451370750775595,-0.1486685697043412,-0.0118420728144883,958.855694848532,-224.5384533447351,-1000.0,-0.0058439172644284,-0.0003288922921456,-0.0003288922921456,3.8184858047051193,-6.318776058833464e-06,1000.0,-1000.0,0.0,-7.876348329105781,-0.0123338084880515,-0.0005481538202047,-4.366274231415446e-05,11.720508900497409,-3.847765938616704,1000.0,-2.154702622192417e-05, Amensalism,Healthy
SRR13077833.bin.24.fbc2XSRR13077833.bin.5.fbc2 ,-0.1116375879704492,-0.1116375879704492,0.0,-0.00214481437024,-33.32888534580081,1000.0,-1000.0,-1000.0,-4.186527513684155,-0.186062646617529,-0.0148206672982951,-856.1526999438865,134.31830693881307,-1000.0,-0.0073138170024549,-0.255614138415126,-0.255614138415126,1000.0,-0.0049109344556654,-0.3834457622949685,0.0,0.0,46.732083959613874,-9.585800291961732,-0.4260235640251721,-0.0339345570884006,1000.0,-1000.0,0.0,-0.0167462864936851, Amensalism,Healthy
SRR13077833.bin.5.fbc2XSRR13077833.bin.11.fbc2 ,-0.2036869311838245,-0.2036869311838245,218.9827250742344,-0.0039132935866064,-948.375284858,1000.0,-375.3484892871735,83.91003385909971,-7.638475150540671,-0.3394782186396696,-0.0270408586835628,366.9481110441254,-815.3198828256657,-1000.0,-0.0133443311303835,-0.150707804745366,-0.150707804745366,781.0172749257656,-0.0028954429345731,1000.0,-59.66833468062941,153.9616111089313,-1000.0,-5.651701927313411,-0.2511796745756101,-0.0200075106780559,633.0518889558746,-184.68011717433436,59.66833468062941,-0.0098734604069932, Competition,Healthy
SRR13077833.bin.35.fbc2XSRR13077833.bin.11.fbc2 ,-0.1481113758901528,-0.1481113758901528,0.0256100361769995,-0.0028455595752348,-0.6362800847064136,1000.0,1000.0,-14.968610855905467,-5.554333101656425,-0.2468522931502548,-0.0196628166647769,169.74907094028254,-453.73395414073616,-1000.0,-0.0097033581514551,-0.1728691480036559,-0.1728691480036559,999.9743899638228,-0.0033212132181006,999.7406796719284,-1000.0,0.0,-444.12771154961024,-6.482775716864126,-0.2881152466727599,-0.0229495833373221,830.2509290597175,-469.59040658569097,1000.0,-0.0113253370737993, Amensalism,Healthy
SRR13077833.bin.14.fbc2XSRR13077833.bin.43.fbc2 ,-0.0898185489298839,-0.0898185489298839,28.75775959786461,-0.0017256205366038,-1000.0,1000.0,716.2713572411778,-12.433075258727968,-3.368290493998188,-0.1496975815497307,-0.0119240379078746,0.6350180037443351,-304.7829877362416,-1000.0,-0.005884366029818,-0.0884776304327488,-0.0884776304327488,971.2422404021354,-0.0016998584136445,1000.0,-1000.0,283.72864275882216,-724.4933458113644,-3.318004633440069,-0.1474627173878389,-0.0117460216386007,999.3649819962556,-695.2170122637584,1000.0,-0.0057965171906744, Neutralism,Healthy
SRR13077833.bin.24.fbc2XSRR13077833.bin.8.fbc2 ,-0.1001174078089661,-0.1001174078089661,0.0,-0.0019234852604768,-1000.0,1000.0,-1000.0,-428.47902639164295,-3.754508584524615,-0.166862346348239,-0.0132912831500107,99.699137351319,-285.91871372777155,-1000.0,-0.0065590847383418,-0.0697061495637854,-0.0697061495637854,1000.0,-0.0013392151693096,1000.0,-1000.0,0.0,-571.520973608357,-2.614054265476284,-0.1161769159396044,-0.0092539768201049,900.300862648681,-175.73175313919137,1000.0,-0.0045667237274074, Amensalism,Healthy
SRR13077833.bin.10.fbc2XSRR13077833.bin.29.fbc2 ,-0.0416009665065075,-0.0416009665065075,495.8981506968371,-0.000799250076966,1000.0,-1000.0,-442.78469017162377,-1000.0,-1.5600802027471443,-0.0693349441775126,-0.0055228180318636,497.484478272112,-0.0156013615024903,1000.0,-0.0027254427624257,-0.1668776543990588,-0.1668776543990588,504.1018493031629,-0.0032061028703083,-1000.0,1000.0,1000.0,632.057030518527,-6.258088375622265,-0.2781294239983936,-0.0221541708338008,0.0,567.3138089269869,-1000.0,-0.0109328107877217, Amensalism,Healthy
SRR13077833.bin.10.fbc2XSRR13077833.bin.35.fbc2 ,-0.0416031904401279,-0.0416031904401279,495.9718739945856,-0.0007992928038902,1000.0,-1000.0,-453.4230762064292,-1000.0,-1.5601636026080996,-0.0693386507334707,-0.0055231132745348,508.0220682558409,-0.0156021955310734,1000.0,-0.0027255884610895,-0.1612101187672578,-0.1612101187672578,504.0281260054144,-0.0030972164988725,-1000.0,1000.0,1000.0,0.0,-6.045549800680533,-0.2686835312788389,-0.0214017660073295,100.96190519531342,-461.8575461213177,-1000.0,-0.010561508261162, Neutralism,Healthy
SRR13077833.bin.21.fbc2XSRR13077833.bin.8.fbc2 ,-0.179613499441757,-0.179613499441757,522.5611912205168,-0.0034507876933957,-1000.0,999.4988421032868,-72.8983916768857,-550.6093143700873,-6.735696022389561,-0.2993558324029663,-0.023844942961432,680.8139704917301,-990.836747900166,-999.4988421032866,-0.0117671860344898,-0.033280421012364,-0.033280421012364,477.4388087794832,-0.0006393932951596,1000.0,-1000.0,-927.1016083231144,-396.6457062474869,-1.248050954593964,-0.0554673683539022,-0.0044182076694596,319.18602950826994,-0.6658913517799192,1000.0,-0.002180331136401, Amensalism,Healthy
SRR13077833.bin.6.fbc2XSRR13077833.bin.12.fbc2 ,-0.0601139654531834,-0.0601139654531834,62.28258397518675,-0.0011549272901447,0.0,-0.0901767228161816,-804.0163094884152,831.236685097007,-2.254337225494737,-0.1001899424219345,-0.0079805475750163,-1.853947032539736,0.0,0.0901767228161816,-0.0039383020595096,-0.1430297010173262,-0.1430297010173262,937.7174160248132,-0.0027479289340135,-1000.0,999.7854417088292,-195.9836905115848,-1000.0,-5.363764924242446,-0.238382835028915,-0.0189881889342586,1000.0,-469.3729441560554,-999.7854417088292,-0.0093704376650975, Neutralism,Healthy
SRR13077833.bin.21.fbc2XSRR13077833.bin.5.fbc2 ,-0.1626926569472289,-0.1626926569472289,0.0538558017137802,-0.0031256994610657,-1000.0,999.5460546672728,338.0627529276121,553.5357167721818,-6.101146548992801,-0.2711544282454952,-0.0215985832758178,1000.0,-749.5286558201708,-999.5460546672728,-0.0106586351621444,-0.2323739865038305,-0.2323739865038305,999.9461441982862,-0.0044644377810527,0.0,-0.3485833019447,131.48000316262574,-1000.0,-8.714270037972483,-0.3872899775063843,-0.0308492650671041,0.0,-250.4713441798292,0.3485833019447,-0.0152237328334194, Amensalism,Healthy
SRR13077833.bin.29.fbc2XSRR13077833.bin.35.fbc2 ,-0.2081679942563141,-0.2081679942563141,999.9743899638228,-0.0039993850962218,0.0,0.0,1000.0,1000.0,-7.8065197507929724,-0.3469466570938948,-0.0276357510145999,38.5597043568755,172.27917638911072,0.0,-0.013637903177937,-0.1481113758901528,-0.1481113758901528,0.0256100361769995,-0.0028455595752348,-1000.0,1000.0,0.0,-976.3161981680696,-5.554333101656425,-0.2468522931502548,-0.0196628166647769,961.4402956431244,-401.7393843341069,-1000.0,-0.0097033581514551, Amensalism,Healthy
SRR13077833.bin.24.fbc2XSRR13077833.bin.31.fbc2 ,-0.1395277138914252,-0.1395277138914252,983.473670806888,-0.002680647721263,0.1191764427600219,574.3581643206849,-612.7028632537224,-991.415358170169,-5.232436706552676,-0.2325461898190042,-0.0185232757538642,0.0,71.12703790991304,-574.3581643206849,-0.0091410087294434,-0.0794458740479058,-0.0794458740479058,16.52632919311202,-0.0015263376377561,999.88082355724,-1000.0,-387.2971367462776,-8.584641829830957,-2.9793042253672866,-0.1324097900799188,-0.0105469930772414,1000.0,-267.2713269624378,1000.0,-0.0052048113449245, Neutralism,Healthy
SRR13077833.bin.31.fbc2XSRR13077833.bin.12.fbc2 ,-0.079654006925466,-0.079654006925466,24.86068635886932,-0.0015303363481962,999.88051133793,-1000.0,-389.7455991518259,-19.448753885770543,-2.987109428204008,-0.132756678209148,-0.0105746241662245,1000.0,-265.75529093515445,1000.0,-0.0052184469474241,-0.1082560731958892,-0.1082560731958892,975.1393136411308,-0.0020798477079324,-1000.0,999.8376054909676,997.7973372908464,-784.3913685704489,-4.059717136468862,-0.1804267886598154,-0.0143717476615847,0.0,-500.0020798477079,-999.8376054909676,-0.007092280683878, Amensalism,Healthy
SRR13077833.bin.14.fbc2XSRR13077833.bin.6.fbc2 ,-0.0898185489298839,-0.0898185489298839,28.75775959786688,-0.0017256205366038,1000.0,-1000.0,1000.0,129.31099699314086,-3.368290493998188,-0.1496975815497307,-0.0119240379078746,35.753806919887666,-518.4029664935572,1000.0,-0.005884366029818,-0.0601139654531834,-0.0601139654531834,43.30879169304853,-0.0011549272901447,-1000.0,999.909823277184,-332.8179457468434,-420.6997036607029,-2.254337225494737,-0.1001899424219345,-0.0079805475750163,-1.8539470325398495,0.0,-999.9098232771838,-0.0039383020595096, Neutralism,Healthy
SRR13077833.bin.21.fbc2XSRR13077833.bin.39.fbc2 ,-0.1811898315901317,-0.1811898315901317,372.6515604749329,-0.0034810726530167,-1000.0,999.4944438186008,-185.1809454822956,-400.9458408362864,-6.794810143624659,-0.3019830526501437,-0.0240542120324107,799.1418205686646,-794.5361011187005,-999.4944438186008,-0.0118704577467951,-0.0175846459377453,-0.0175846459377453,627.3484395250671,-0.0003378414205599,1000.0,-1000.0,22.740634736631705,-420.8555111502301,-0.6594428039442164,-0.0293077432296513,-0.0023344842157939,200.85817943133543,-205.46389888129957,1000.0,-0.0011520392439479, Amensalism,Healthy
SRR13077833.bin.14.fbc2XSRR13077833.bin.3.fbc2 ,-0.0890445230141949,-0.0890445230141949,2.7160033656601854,-0.0017107497217239,-1000.0,1000.0,0.0,423.3224387125342,-3.3392637042685465,-0.1484075383571053,-0.0118212805768962,99.45124479844912,-329.8057244085152,-1000.0,-0.0058336565509762,-0.171408337943717,-0.171408337943717,997.28399663434,-0.0032931477030615,999.742871027346,-1000.0,-1000.0,-603.0803879663763,-6.427993796012288,-0.2856805632394525,-0.0227556506280279,900.5487552015509,-500.28242034701344,1000.0,-0.0112296336674262, Neutralism,Healthy
SRR13077833.bin.14.fbc2XSRR13077833.bin.17.fbc2 ,-0.0890445230141949,-0.0890445230141949,2.71600336566064,-0.0017107497217239,0.0,0.0,694.1128773651385,-19.651934314680148,-3.3392637042685465,-0.1484075383571053,-0.0118212805768962,0.1537112555060957,-291.5924932646119,0.0,-0.0058336565509762,-0.1395624829517601,-0.1395624829517601,997.2839966343396,-0.0026813157147671,-1000.0,1000.0,-406.7755853674811,-56.81319208737148,-5.233740583055578,-0.2326041382528956,-0.0185278915887465,999.846288744494,-214.0103595869365,-1000.0,-0.009143286587232, Amensalism,Healthy
SRR13077833.bin.3.fbc2XSRR13077833.bin.21.fbc2 ,-0.171637618319778,-0.171637618319778,999.9556171133248,-0.0032975527054759,0.0,-0.25747291524317,-362.2803139243608,37.17917672159683,-6.436592052391006,-0.286062697199668,-0.0227860891948239,0.0,-500.2827981200213,0.25747291524317,-0.0112446547256013,-0.1777022501114515,-0.1777022501114515,0.04438288667518,-0.0034140682057568,-1000.0,999.5041748744728,-637.7196860756392,-118.58839612489304,-6.66402215293158,-0.2961704168524193,-0.0235912113020049,1000.0,-499.7172018799787,-999.5041748744728,-0.0116419725817422, Neutralism,Healthy
SRR13077833.bin.29.fbc2XSRR13077833.bin.21.fbc2 ,-0.2077704499882884,-0.2077704499882884,995.2001186236284,-0.0039917473580999,-1000.0,1000.0,1000.0,1000.0,-7.791611420666754,-0.3462840833138898,-0.0275829742444102,-683.9283277198508,77.13581106638935,-1000.0,-0.0136118584911173,-0.1796125162766202,-0.1796125162766202,4.799881376371559,-0.003450768804555,0.0,-0.5011551534842056,0.0,0.0,-6.735659152657831,-0.2993541937943291,-0.0238448124393926,951.2284900855702,-866.1385702108689,0.5011551534842056,-0.0117671216235066, Neutralism,Healthy
SRR13077833.bin.35.fbc2XSRR13077833.bin.28.fbc2 ,-0.1482222456104409,-0.1482222456104409,2.121017625718082,-0.0028476896370648,-0.6626122253750282,1000.0,1000.0,-14.702905650136472,-5.558490833320661,-0.2470370760173637,-0.0196775353922475,1.1447434723240804,-750.9948991245044,-1000.0,-0.0097106216625206,-0.0892560049629764,-0.0892560049629764,997.8789823742818,-0.0017148127755035,1000.0,-1000.0,-1000.0,-985.2970943498636,-3.347194500814908,-0.1487600082716653,-0.0118493562785033,948.0975216511883,-219.0059627222124,1000.0,-0.0058475115642977, Amensalism,Healthy
SRR13077833.bin.39.fbc2XSRR13077833.bin.12.fbc2 ,0.0,0.0,0.0,0.0,1000.0,-1000.0,0.0,0.0,0.0,0.0,0.0,0.0,0.0,1000.0,0.0,-0.1430297010173262,-0.1430297010173262,1000.0,-0.0027479289340135,-1000.0,999.7854417088292,1000.0,-1000.0,-5.363764924242446,-0.238382835028915,-0.0189881889342586,1000.0000000000005,-500.00274792893407,-999.7854417088292,-0.0093704376650975, Amensalism,Healthy
SRR13077833.bin.35.fbc2XSRR13077833.bin.12.fbc2 ,-0.161247644079026,-0.161247644079026,505.77485875820753,-0.0030979374462276,0.0,0.2102073597678782,827.7386658545554,0.0,-6.046957039521885,-0.2687460734649676,-0.0214067477537582,101.39275856229052,-499.99730779508496,-0.2102073597678782,-0.0105639666918477,-0.1401292658288184,-0.1401292658288184,494.22514124179247,-0.0026922049150925,-1000.0,999.789792640232,172.2613341454446,-1000.0,-5.254995539852757,-0.2335487763814399,-0.018603135963076,898.6072414377095,-500.00269220491504,-999.789792640232,-0.0091804187603656, Neutralism,Healthy
SRR13077833.bin.21.fbc2XSRR13077833.bin.12.fbc2 ,-0.1794373881522233,-0.1794373881522233,307.25040495864755,-0.0034474041912062,-1000.0,999.4993334893117,-620.2117804408047,-170.2833183529815,-6.729091662937549,-0.2990623135870009,-0.0238215629611886,911.7766706751232,-507.9015538283661,-999.4993334893114,-0.0117556482920235,-0.1120763576747094,-0.1120763576747094,692.7495950413524,-0.002153244143642,0.0,-0.1681253027327329,-379.78821955919534,-829.7166816470185,-4.202981841227484,-0.1867939294577354,-0.0148789170323198,88.22332932487689,-492.0984461716339,0.1681253027327329,-0.0073425625297431, Amensalism,Healthy
SRR13077833.bin.24.fbc2XSRR13077833.bin.17.fbc2 ,-0.112904617829372,-0.112904617829372,0.0,-0.0021691569227186,-125.99169658019446,1000.0,0.0,-930.2327920022846,-4.23404247223209,-0.1881743630489154,-0.014988874336268,0.0,-266.7227388489547,-1000.0,-0.0073968251066389,-0.1702870802338338,-0.1702870802338338,1000.0,-0.0032716057681909,1000.0,-1000.0,-131.4359654512333,-69.76720799771545,-6.385945447087352,-0.2838118003897989,-0.0226067958581097,1000.0,-333.81251024060066,1000.0,-0.0111561756694982, Amensalism,Healthy
SRR13077833.bin.6.fbc2XSRR13077833.bin.8.fbc2 ,-0.0595857497972929,-0.0595857497972929,19.88240814418998,-0.0011447790546981,-1000.0,999.9106156514088,-867.8344147228446,-359.5321061073223,-2.234528580248025,-0.0993095829956018,-0.0079104232679583,343.60319242855167,0.0,-999.9106156514088,-0.0039036965765717,-0.0683202234480404,-0.0683202234480404,980.11759185581,-0.0013125883467637,1000.0,-1000.0,-132.1655852771554,-563.6103533577345,-2.5620805716590667,-0.1138670390799916,-0.0090699854760032,656.3968075714483,-0.139501889491953,1000.0,-0.0044759262624438, Neutralism,Healthy
SRR13077833.bin.29.fbc2XSRR13077833.bin.43.fbc2 ,-0.2073934874248379,-0.2073934874248379,990.6730213720308,-0.0039845050417852,-1000.0,1000.0,1000.0,1000.0,-7.777474926208924,-0.34565581237473,-0.027532929838685,-683.8351449627917,57.915652460689216,-1000.0,-0.0135871621924934,-0.0884776304327488,-0.0884776304327488,9.326978627969195,-0.0016998584136445,999.174459895361,0.0,0.0,0.0,-3.318004633440069,-0.1474627173878389,-0.0117460216386007,-33.5825643074711,-983.7533096568318,0.0,-0.0057965171906744, Neutralism,Healthy
SRR13077833.bin.31.fbc2XSRR13077833.bin.3.fbc2 ,-0.0790350610789119,-0.0790350610789119,12.644273541053051,-0.0015184449774778,-1000.0,999.8814398161568,-395.2475547777181,-10.747132724819949,-2.963898304934673,-0.1317251017982244,-0.0104924547945302,1000.0,-263.9573460153058,-999.8814398161568,-0.0051778973733007,-0.1704668851801898,-0.1704668851801898,987.355726458947,-0.0032750602340456,999.7442832969286,-1000.0,-277.9702633802542,439.6885472638419,-6.392688322568574,-0.2841114753002784,-0.022630666216969,0.0,-736.0426539846942,1000.0,-0.0111679553979229, Neutralism,Healthy
SRR13077833.bin.31.fbc2XSRR13077833.bin.13.fbc2 ,-0.0795267724211044,-0.0795267724211044,16.726168560686233,-0.0015278918813237,-1000.0,999.8807022019088,-394.8339107422293,-21.179362237890928,-2.982337999844731,-0.1325446207018785,-0.010557732899656,1000.0,-262.788688049902,-999.8807022019088,-0.0052101113152502,-0.1590200903095819,-0.1590200903095819,983.2738314393137,-0.0030551410242196,0.0,-0.2385454111694116,1000.0,890.5323951602393,-5.963421419364181,-0.2650334838492654,-0.0211110244772498,0.0,-500.0,0.2385454111694116,-0.0104180308925379, Amensalism,Healthy
SRR13077833.bin.31.fbc2XSRR13077833.bin.5.fbc2 ,-0.0795206298570292,-0.0795206298570292,16.5418798950775,-0.0015277738684744,-1000.0,999.8807114163452,-394.8984772657272,-20.95195194397604,-2.982107647199996,-0.132534383094935,-0.010556917431586,1000.0,-262.8159220678983,-999.8807114163452,-0.005209708891698,-0.2313468169351153,-0.2313468169351153,983.4581201049224,-0.0044447034954373,0.0,-0.3470424489200923,-605.1015227342729,-692.4136812434924,-8.675750093757074,-0.3855780282251544,-0.0307129011531515,0.0,-593.8276718986596,0.3470424489200923,-0.0151564389192344, Neutralism,Healthy
SRR13077833.bin.29.fbc2XSRR13077833.bin.3.fbc2 ,-0.2051492442978997,-0.2051492442978997,963.720989854533,-0.0039413879787844,-1000.0,1000.0,1000.0,1000.0,-7.693313437511279,-0.341915407163242,-0.0272349909337208,-690.2409595067309,137.85598475138067,-1000.0,-0.013440133007748,-0.0475225333608477,-0.0475225333608477,36.279010145467055,-0.0009130169713671,999.928711634874,-1000.0,0.0,0.0,-1.7821452169631584,-0.0792042222680038,-0.0063089472722595,749.8800015828579,-500.0783003354664,1000.0,-0.0031133878724176, Amensalism,Healthy
SRR13077833.bin.17.fbc2XSRR13077833.bin.12.fbc2 ,-0.139839008511899,-0.139839008511899,650.1075543367917,-0.0026866284056268,1000.0,-1000.0,197.00461176119416,-58.86776278034449,-5.244110583757561,-0.2330650141864225,-0.0185646022827086,633.2396250578947,-333.6188682002813,1000.0,-0.0091614028631283,-0.1160238358145306,-0.1160238358145306,349.89244566320826,-0.0022290842615575,-1000.0,999.8259531008569,-143.70101048999766,-689.1746857225921,-4.351016442679679,-0.1933730596908844,-0.0154029722474433,366.7603749421053,-500.0022290842616,-999.8259531008569,-0.0076011773319351, Competition,Healthy
SRR13077833.bin.14.fbc2XSRR13077833.bin.42.fbc2 ,-0.089428286766747,-0.089428286766747,11.34730131202366,-0.0017181227044602,1000.0,-1000.0,669.0823043724174,-0.3387851619403363,-3.353655250501106,-0.1490471446112451,-0.0118722278878067,0.0,-298.49876639689774,1000.0,-0.0058587984221958,-0.0513595439598475,-0.0513595439598475,988.6526986879762,-0.0009867347542922,-1000.0,999.9229557503864,-941.1916200485524,-810.3426123544232,-1.926037168904827,-0.0855992399330034,-0.0068183371520262,1000.0,-99.74044490271262,-999.9229557503864,-0.0033647655120603, Neutralism,Healthy
SRR13077833.bin.43.fbc2XSRR13077833.bin.11.fbc2 ,-0.0884776304327488,-0.0884776304327488,9.326978627969083,-0.0016998584136445,0.2588763730105938,999.2716155301468,1000.0,214.3099779103518,-3.318004633440069,-0.1474627173878389,-0.0117460216386007,178.75987384450218,-970.466874053764,-999.2716155301468,-0.0057965171906744,-0.1725731969160051,-0.1725731969160051,990.6730213720308,-0.0033155273182501,999.7411236269896,-1000.0,-203.8438920588045,-1000.0,-6.471677238353777,-0.2876219948600464,-0.0229102937692005,821.2401261554978,-29.53312594623605,1000.0,-0.0113059481552681, Neutralism,Healthy
SRR13077833.bin.42.fbc2XSRR13077833.bin.17.fbc2 ,0.0,0.0,0.0,0.0,-1000.0,1000.0,0.0,0.0,0.0,0.0,0.0,0.0,0.0,-1000.0,0.0,-0.1702870802338338,-0.1702870802338338,1000.0,-0.0032716057681909,1000.0,-1000.0,-131.40758427119465,-1000.0,-6.385945447087352,-0.2838118003897989,-0.0226067958581097,1000.0,-333.8267008306202,1000.0,-0.0111561756694982, Amensalism,Healthy
SRR13077833.bin.28.fbc2XSRR13077833.bin.12.fbc2 ,-0.061112309814689,-0.061112309814689,684.3767596239209,-0.0011741077773876,1000.0,-1000.0,260.6453712680441,-368.28801871326425,-2.2917761939784214,-0.1018538496911105,-0.0081130847419217,646.0170265258159,-231.0515818758249,1000.0,-0.0040037075209511,-0.1140145515452104,-0.1140145515452104,315.62324037607914,-0.0021904812977027,-1000.0,999.828967220276,-159.7962314319301,-631.7119812867357,-4.275666159415437,-0.1900242525753128,-0.0151362257670371,353.98297347418406,-494.9435598866336,-999.8289672202758,-0.0074695412251912, Competition,Healthy
SRR13077833.bin.14.fbc2XSRR13077833.bin.31.fbc2 ,-0.0898185489298839,-0.0898185489298839,28.75775959786688,-0.0017256205366038,-1000.0,1000.0,787.3760040572402,-11.163039251239296,-3.368290493998188,-0.1496975815497307,-0.0119240379078746,0.0,-340.9703291480168,-1000.0,-0.005884366029818,-0.079654006925466,-0.079654006925466,24.86068635886727,-0.0015303363481962,999.88051133793,-1000.0,-389.7455991518248,-19.448753885770884,-2.987109428204008,-0.132756678209148,-0.0105746241662245,1000.0,-265.75529093515445,1000.0,-0.0052184469474241, Neutralism,Healthy
SRR13077833.bin.3.fbc2XSRR13077833.bin.11.fbc2 ,-0.1652643661918773,-0.1652643661918773,947.0493062181783,-0.0031751078998922,-1000.0,999.7520875751728,-706.427036673057,-595.8536981005456,-6.197588363129057,-0.2754406103197198,-0.0219399955885819,773.5697535132158,-500.2722972534989,-999.7520875751728,-0.0108271179387884,-0.0917627947563914,-0.0917627947563914,52.950693781821656,-0.0017629739626272,1000.0,-1000.0,-293.5729633269429,-404.1463018994544,-3.441201766931272,-0.1529379912606145,-0.0121821500819123,-32.01410863400304,-67.46465447076275,1000.0,-0.0060117412126601, Amensalism,Healthy
SRR13077833.bin.6.fbc2XSRR13077833.bin.3.fbc2 ,-0.0587852631297209,-0.0587852631297209,8.891855512802977,-0.0011293998679775,-1000.0,999.911816458306,-432.44590179658894,-998.3931011617996,-2.204509484357459,-0.097975438549497,-0.0078041530879318,998.4932902240904,0.0,-999.911816458306,-0.0038512535498966,-0.1708783219050929,-0.1708783219050929,991.108144487197,-0.0032829648780534,999.743666102318,-1000.0,-274.8426950123745,441.4676105879407,-6.40811763450813,-0.2847972031751169,-0.022685287307695,1.506709775909826,-500.2815470679458,1000.0,-0.0111949102342805, Neutralism,Healthy
SRR13077833.bin.31.fbc2XSRR13077833.bin.28.fbc2 ,-0.0048025312336221,-0.0048025312336221,1.4989104419940986,-9.226765098446776e-05,-1000.0,999.9927957418112,-23.49869749599486,-1.1726120454735565,-0.1800999959808678,-0.0080042187227036,-0.0006375694682674,60.292399829873375,-16.02302425796654,-999.9927957418114,-0.0003146326898786,-0.0888950285190048,-0.0888950285190048,995.5063349598918,-0.0017078775891832,1000.0,-1000.0,-801.704831589543,-998.8273879545264,-3.3336575027320805,-0.1481583808650839,-0.0118014341414891,939.7076001701266,-0.0333377705416069,1000.0,-0.005823862579291, Amensalism,Healthy
SRR13077833.bin.24.fbc2XSRR13077833.bin.35.fbc2 ,-0.1363887293448442,-0.1363887293448442,851.7192903142491,-0.0026203406214335,303.4508273591514,0.0,-1000.0,-1000.0,-5.114721469165261,-0.2273145489079979,-0.0181065536939968,2.771762743905697,493.9533231241255,0.0,-0.008935361519093,-0.153528982167586,-0.153528982167586,148.28070968575094,-0.0029496442299432,-807.0416628927557,1000.0,1000.0,0.0,-5.757499061718136,-0.2558816369460146,-0.0203820416287499,997.2282372560944,-499.6397362324988,-1000.0,-0.0100582868240053, Amensalism,Healthy
SRR13077833.bin.31.fbc2XSRR13077833.bin.17.fbc2 ,-0.0016695802871709,-0.0016695802871709,0.5210900678018788,-3.207647046110651e-05,-1000.0,999.997495469187,-8.169225811220599,-0.4076537684723007,-0.0626110249735347,-0.0027826338118757,-0.000221648410843,20.960405528628485,-5.570338669379453,-999.9974954691868,-0.0001093807642291,-0.1694466203554157,-0.1694466203554157,999.478909932198,-0.0032554586043715,1000.0,-1000.0,-114.16166527328916,-71.33162310834837,-6.354427313551469,-0.2824110339256549,-0.0224952189558962,979.0395944713714,-333.6793234738017,1000.0,-0.011101113840823, Amensalism,Healthy
SRR13077833.bin.31.fbc2XSRR13077833.bin.42.fbc2 ,-0.0630758054069247,-0.0630758054069247,16.57303759883041,-0.0012118310356754,999.9053802327344,-1000.0,-312.74296733758683,-20.07110906641128,-2.3654093534661342,-0.1051263423448745,-0.0083737524564639,792.3171258579673,-208.2203713330166,1000.0,-0.0041323438316567,-0.0299395377006703,-0.0299395377006703,983.4269624011696,-0.0005752072564746,-1000.0,999.9550878174128,1000.0,-566.9237266028259,-1.1227643001750494,-0.049899229501193,-0.0039746821423705,207.6828741420327,201.8805635476388,-999.9550878174128,-0.0019614567446524, Competition,Healthy
SRR13077833.bin.24.fbc2XSRR13077833.bin.11.fbc2 ,-0.1134340676192096,-0.1134340676192096,0.0,-0.0021793288688058,-320.37749550805995,1000.0,-1000.0,-951.0077245579812,-4.253897398807794,-0.1890567793653872,-0.0150591624831122,-997.6388497237144,234.18775596210295,-1000.0,-0.0074315114425189,-0.170938800820295,-0.170938800820295,1000.0,-0.0032841268168795,999.7435753781356,-1000.0,0.0,-48.99227544201881,-6.410385657736015,-0.2848980013671962,-0.022693316304867,841.8293916248376,-470.0996905774919,1000.0,-0.011198872445675, Amensalism,Healthy
SRR13077833.bin.10.fbc2XSRR13077833.bin.13.fbc2 ,0.0,0.0,0.0,0.0,1000.0,-1000.0,0.0,0.0,0.0,0.0,0.0,0.0,0.0,1000.0,0.0,-0.2033447184207943,-0.2033447184207943,1000.0,-0.0039067188937451,-587.5404568961651,1000.0,1000.0,256.6824635394562,-7.625641810320872,-0.3389078640346952,-0.0269954275560166,1000.0,-712.0746599220839,-1000.0,-0.013321911427738, Amensalism,Healthy
SRR13077833.bin.35.fbc2XSRR13077833.bin.21.fbc2 ,-0.1584231099376438,-0.1584231099376438,374.31027627078106,-0.0030436716606345,-0.4420324352785201,1000.0,1000.0,66.81537453303349,-5.94103402460496,-0.2640385165627776,-0.0210317711752168,68.95933685080718,-473.5410435650255,-1000.0,-0.0103789203628821,-0.1810797519468678,-0.1810797519468678,625.6897237292189,-0.0034789577703122,-0.5052490369882889,0.0,-714.9221190581793,-431.6675822607052,-6.790682040683578,-0.3017995865779994,-0.0240395981930987,931.0406631491928,-526.4589564349745,0.0,-0.0118632459968921, Neutralism,Healthy
SRR13077833.bin.35.fbc2XSRR13077833.bin.42.fbc2 ,-0.1506860626628849,-0.1506860626628849,50.56123910123324,-0.0028950252192316,-282.6563476773764,1000.0,1000.0,5.705921005663754,-5.650886576245284,-0.2511434377714749,-0.0200046242650842,16.30553474147314,-843.0764925134692,-1000.0,-0.0098720359976596,-0.0497253599905889,-0.0497253599905889,949.4387608987668,-0.0009553383283673,-0.0745928166776366,0.0,-943.0628148521145,-792.3152066406303,-1.8647535432565971,-0.0828755999843906,-0.0066013878489457,983.6944652585267,-94.62773150026862,0.0,-0.0032577036996599, Amensalism,Healthy
SRR13077833.bin.31.fbc2XSRR13077833.bin.11.fbc2 ,-0.0140010569856485,-0.0140010569856485,4.369847793562826,-0.0002689924492642,-1000.0,999.9789970695592,-68.50691577534292,-3.418573929474519,-0.5250544315447314,-0.0233350949760051,-0.0018587378245911,175.77341713268697,-46.71271560876357,-999.9789970695592,-0.0009172642520525,-0.1745803958898477,-0.1745803958898477,995.6301522064372,-0.0033540902188633,999.738112635714,-1000.0,-335.34443426022426,-996.5814260705256,-6.546949320832709,-0.2909673264831554,-0.0231767634120387,824.226582867313,-318.3594227907922,1000.0,-0.0114374476462444, Amensalism,Healthy
SRR13077833.bin.3.fbc2XSRR13077833.bin.17.fbc2 ,-0.1716414272907513,-0.1716414272907513,1000.0,-0.0032976258845565,-1000.0,999.7425213709344,-743.407838724662,0.0,-6.436734892828667,-0.2860690454846235,-0.022786594862282,460.34423504405663,-500.2828043958589,-999.7425213709344,-0.0112449042662774,-0.0852006192832277,-0.0852006192832277,0.0,-0.001636899505911,1000.0,-1000.0,760.720159557653,-1000.0,-3.1951132525957746,-0.1420010321387508,-0.0113109755859568,7.223572043656873,-333.59170427951403,1000.0,-0.0055818273151544, Amensalism,Healthy
SRR13077833.bin.13.fbc2XSRR13077833.bin.8.fbc2 ,-0.2033447184207943,-0.2033447184207943,1000.0,-0.0039067188937451,-544.5352953135175,1000.0,1000.0,256.6824635394546,-7.625641810320872,-0.3389078640346952,-0.0269954275560166,1000.0,-712.0746599220852,-1000.0,-0.013321911427738,0.0,0.0,0.0,0.0,1000.0,-1000.0,-999.9999999999995,0.0,0.0,0.0,0.0,0.0,0.0,1000.0,0.0, Amensalism,Healthy
SRR13077833.bin.10.fbc2XSRR13077833.bin.5.fbc2 ,-0.0416009665065075,-0.0416009665065075,495.89815069683686,-0.000799250076966,1000.0,-1000.0,-442.78469017162365,-1000.0,-1.5600802027471443,-0.0693349441775126,-0.0055228180318636,497.4844782721118,-0.0156013615024903,1000.0,-0.0027254427624257,-0.2210067544739331,-0.2210067544739331,504.1018493031632,-0.0042460471561298,-1000.0,999.6684686380532,-557.2153098283763,0.0,-8.287986825367852,-0.3683445907900022,-0.0293401858484685,502.5155217278882,-553.5080306895431,-999.6684686380532,-0.0144790208022413, Amensalism,Healthy
SRR13077833.bin.35.fbc2XSRR13077833.bin.43.fbc2 ,-0.1059456020515199,-0.1059456020515199,990.6730213720308,-0.0020354582526351,-1000.0,999.8410714196316,-432.8571408428621,0.0,-3.9730720271340942,-0.1765760034190862,-0.014065016525933,587.1541988437139,-303.4669695840445,-999.8410714196316,-0.006940912641653,-0.0884776304327488,-0.0884776304327488,9.326978627969195,-0.0016998584136445,1000.0,-0.3835514590873572,-492.3517278357404,-1000.0,-3.318004633440069,-0.1474627173878389,-0.0117460216386007,412.8458011562861,-696.5330304159555,0.3835514590873572,-0.0057965171906744, Amensalism,Healthy
SRR13077833.bin.28.fbc2XSRR13077833.bin.17.fbc2 ,-0.0892011418226275,-0.0892011418226275,996.1815141952948,-0.001713758728556,0.0,0.0,0.0,-965.1840344181734,-3.3451370750775595,-0.1486685697043412,-0.0118420728144883,949.8281965443392,-157.08661041847745,0.0,-0.0058439172644284,-0.0855259566385484,-0.0855259566385484,3.8184858047051193,-0.0016431499834652,-1000.0,1000.0,757.2608156804345,-34.81596558182662,-3.2073137471952577,-0.1425432610642474,-0.0113541663856722,11.069640955669795,-333.59269086530435,-1000.0,-0.0056031414435437, Amensalism,Healthy
SRR13077833.bin.3.fbc2XSRR13077833.bin.5.fbc2 ,-0.0738996840093477,-0.0738996840093477,242.73077782508065,-0.0014197825938708,-1000.0,999.889143375073,359.86958415356844,855.6246986119122,-2.7713162383945478,-0.1231661400156554,-0.0098106977234238,0.0,-500.12176055524776,-999.889143375073,-0.0048414586450462,-0.2277471983035184,-0.2277471983035184,757.2692221749194,-0.0043755465571848,0.0,-0.3416426751880408,-1000.0,-304.7043626460038,-8.540760591442563,-0.3795786638391973,-0.0302350267104429,1000.0,-499.8782394447522,0.3416426751880408,-0.0149206137601822, Competition,Healthy
SRR13077833.bin.10.fbc2XSRR13077833.bin.21.fbc2 ,-0.0311356086198202,-0.0311356086198202,371.176756568733,-0.0005981865248259,1000.0,-1000.0,-331.4482792742066,-748.3995189363658,-1.1676182235031547,-0.0518926810331095,-0.0041334688869483,372.3170556136449,-0.011676600965643,1000.0,-0.0020398160498871,-0.179613499441757,-0.179613499441757,628.823243431267,-0.0034507876933957,-1000.0,999.4988421032868,-668.5517207257934,-251.60048106363425,-6.735696022389561,-0.2993558324029663,-0.023844942961432,627.6829443863551,-999.9883233990344,-999.4988421032868,-0.0117671860344898, Amensalism,Healthy
SRR13077833.bin.3.fbc2XSRR13077833.bin.13.fbc2 ,-0.1664036661646832,-0.1664036661646832,956.0587947624294,-0.0031969964680911,0.0,-0.2496214842293511,-242.23609409415545,421.0695663178808,-6.2403133159818935,-0.2773394436078433,-0.0220912455945381,0.0,-500.0,0.2496214842293511,-0.010901757956276,-0.1097984830115592,-0.1097984830115592,43.94120523757056,-0.0021094809416126,-1000.0,999.835291728078,-585.59109785514,97.13543087833229,-4.117559134386283,-0.1829974716860078,-0.0145765133066788,1000.0,-500.0,-999.835291728078,-0.0071933300109776, Amensalism,Healthy
SRR13077833.bin.10.fbc2XSRR13077833.bin.24.fbc2 ,-0.0166019888629307,-0.0166019888629307,197.9203864235892,-0.0003189623220123,-1000.0,1000.0,-176.73782271361438,-399.0556658576768,-0.6225921252856779,-0.02766998143818,-0.0022040296453269,198.52585984105008,-0.0062261445265221,-1000.0,-0.0010876615182269,-0.1249537148532908,-0.1249537148532908,802.0796135764108,-0.0024006477397051,999.8125574244814,-1000.0,1000.0,-600.9443341423232,-4.685896342622982,-0.2082561914221514,-0.0165884758815764,0.0,-357.35096586591817,1000.0,-0.0081862087924946, Competition,Healthy
SRR13077833.bin.8.fbc2XSRR13077833.bin.17.fbc2 ,0.0,0.0,0.0,0.0,-1000.0,1000.0,-1000.0,0.0,0.0,0.0,0.0,0.0,0.0,-1000.0,0.0,-0.1702870802338338,-0.1702870802338338,1000.0,-0.0032716057681909,0.0,0.0,35.23015594780486,-69.76720799771579,-6.385945447087352,-0.2838118003897989,-0.0226067958581097,1000.0,-417.14557094012,0.0,-0.0111561756694982, Amensalism,Healthy
SRR13077833.bin.5.fbc2XSRR13077833.bin.13.fbc2 ,-0.1867988272855427,-0.1867988272855427,35.00228709683279,-0.0035888343378474,-1000.0,999.7197838149,-660.9948336262387,-184.0609851964848,-7.005153409097716,-0.3113313788093137,-0.0247988452746312,0.0,-262.2651194842954,-999.7197838149,-0.0122379250921085,-0.2009310569283116,-0.2009310569283116,964.9977129031672,-0.0038603469150757,591.484580764517,0.2802161851000164,1000.0,134.46106279877085,-7.535126953893837,-0.334885094880633,-0.0266749971830222,1000.0,-737.7348805157046,-0.2802161851000164,-0.0131637829803139, Amensalism,Healthy
SRR13077833.bin.10.fbc2XSRR13077833.bin.42.fbc2 ,-0.0131995003956717,-0.0131995003956717,157.35513010252544,-0.0002535927069402,1000.0,-1000.0,-140.51280470681377,-317.2733787523465,-0.4949952124370611,-0.0219991673261574,-0.0017523256049116,157.83854373603663,-0.0049501296392691,1000.0,-0.0008647511306207,-0.0435994039861498,-0.0435994039861498,842.6448698974746,-0.0008376446490956,-1000.0,999.9345967057976,48.11707706039897,-682.7266212476535,-1.6350237199357025,-0.0726656733102117,-0.0057881245253383,842.1614562639634,-85.1044820962453,-999.9345967057976,-0.0028563682534468, Competition,Healthy
SRR13077833.bin.35.fbc2XSRR13077833.bin.17.fbc2 ,-0.1482749696189103,-0.1482749696189103,3.123589038485989,-0.0028487025863341,-0.8884283459177595,1000.0,1000.0,-873.8361293722047,-5.560468039353509,-0.2471249493648883,-0.0196845348716578,0.0,-613.2178060749525,-1000.0,-0.0097140758193745,-0.1701351068461463,-0.1701351068461463,996.876410961514,-0.0032686860105286,1000.0,-1000.0,-131.0671955427871,-126.16387062779528,-6.380246284459076,-0.2835585114102059,-0.022586620332504,1000.0,-333.8634461066099,1000.0,-0.0111462192958242, Amensalism,Healthy
SRR13077833.bin.8.fbc2XSRR13077833.bin.12.fbc2 ,-0.0541556862750667,-0.0541556862750667,776.9140400655313,-0.0010404550677094,1000.0,-1000.0,-730.3104508067368,-444.0226685882542,-2.0308954603417533,-0.0902594771250733,-0.0071895445179279,519.3966287568412,-1.0835741268676884,1000.0,-0.003547951780888,-0.1154701862066076,-0.1154701862066076,223.08595993446875,-0.0022184473814377,-1000.0,999.8267836284532,-247.3991062153002,-555.9773314117458,-4.33025399735493,-0.1924503103443839,-0.0153294714060621,480.6033712431588,-485.90652651481696,-999.8267836284532,-0.0075649055709163, Competition,Healthy
SRR13077833.bin.31.fbc2XSRR13077833.bin.8.fbc2 ,-0.0267616814070379,-0.0267616814070379,7.031576518223687,-0.0005141533411006,-1000.0,999.9598549071228,-132.68998469694873,-8.515731552799707,-1.0035913311990043,-0.044602802345139,-0.0035527995873962,336.1627863297101,-88.3433386879251,-999.9598549071228,-0.0017532628933167,-0.0692160054393298,-0.0692160054393298,992.9684234817764,-0.0013297983754227,1000.0,-1000.0,-655.311665535922,-567.5022801506597,-2.5956733428857888,-0.1153600090655118,-0.009188906773943,663.8372136702899,-1.3849085445679066,1000.0,-0.0045346124601337, Amensalism,Healthy
SRR13077833.bin.24.fbc2XSRR13077833.bin.14.fbc2 ,-0.1398784814338114,-0.1398784814338114,988.6526986879762,-0.0026873867710719,-924.5511994522752,1000.0,-1000.0,-1000.0,-5.245590860039897,-0.2331308023896099,-0.0185698425880218,87.00911762038186,248.86504976105607,-1000.0,-0.0091639888893269,-0.089428286766747,-0.089428286766747,11.347301312023887,-0.0017181227044602,1000.0,-1000.0,731.4843457811821,0.0,-3.353655250501106,-0.1490471446112451,-0.0118722278878067,429.71039655063896,-328.98939777020905,1000.0,-0.0058587984221958, Neutralism,Healthy
SRR13077833.bin.28.fbc2XSRR13077833.bin.13.fbc2 ,-0.0441388503732014,-0.0441388503732014,493.1899274310458,-0.0008480086527242,1000.0,-1000.0,-1000.0,-970.4463022831948,-1.6552535294721338,-0.0735647506220402,-0.0058597397901394,468.20857621242953,-0.0165531289007958,1000.0,-0.0028917095057749,-0.1599984405945633,-0.1599984405945633,506.8100725689542,-0.0030739373793267,-568.6460000117622,1000.0,1000.0,735.8555500453547,-6.000110588852294,-0.2666640676576435,-0.0212409072912578,531.7914237875705,-996.3063359202064,-1000.0,-0.0104821264635575, Competition,Healthy
SRR13077833.bin.6.fbc2XSRR13077833.bin.35.fbc2 ,-0.0599857035208515,-0.0599857035208515,30.40027050988033,-0.0011524630839403,-0.0899843175967589,0.0,-1000.0,-12.544710975674093,-2.249527267502117,-0.0999761725347525,-0.0079635199102767,-1.8488389024660137,0.0,0.0,-0.003929899116315,-0.1712120606886173,-0.1712120606886173,969.5997294901196,-0.0032893767663608,-0.5551040838662402,1000.0,536.1954489859618,-790.8527567549152,-6.420633191545676,-0.2853534344810668,-0.0227295934554376,250.23128154541175,-498.20182177365416,-1000.0,-0.0112167747732883, Neutralism,Healthy
SRR13077833.bin.21.fbc2XSRR13077833.bin.43.fbc2 ,-0.1620797768828197,-0.1620797768828197,823.8044125342826,-0.0031139246278826,-1000.0,999.5477647262884,-332.82151728978965,-212.60335526852668,-6.078162898959931,-0.2701329614714041,-0.0215172191789179,662.1091439051711,-507.1372086649128,-999.5477647262884,-0.0106184829811581,-0.0879580151173513,-0.0879580151173513,176.19558746571738,-0.0016898754105341,1000.0,-1000.0,550.8118005005795,-61.56895518672536,-3.2985185100488934,-0.146596691862328,-0.0116770390866349,337.8908560948289,-492.86279133508725,1000.0,-0.0057624751498224, Amensalism,Healthy
SRR13077833.bin.13.fbc2XSRR13077833.bin.39.fbc2 ,-0.2033447184207943,-0.2033447184207943,1000.0,-0.0039067188937451,-587.5404568961662,1000.0,1000.0,256.68246353945915,-7.625641810320872,-0.3389078640346952,-0.0269954275560166,1000.0,-712.0746599220834,-1000.0,-0.013321911427738,0.0,0.0,0.0,0.0,1000.0,-1000.0,0.0,0.0,0.0,0.0,0.0,0.0,0.0,1000.0,0.0, Amensalism,Healthy
SRR13077833.bin.13.fbc2XSRR13077833.bin.17.fbc2 ,-0.199245019082582,-0.199245019082582,955.6877738544016,-0.0038279542570762,-589.8406303989655,1000.0,1000.0,346.196766054034,-7.471898753081746,-0.3320750318043792,-0.0264511639165903,954.054221470068,-666.3968467286893,-1000.0,-0.0130533240167096,-0.0889760483927375,-0.0889760483927375,44.31222614559829,-0.001709434166969,1000.0,-1000.0,0.0,-762.7061965954557,-3.3366958336056314,-0.148293413987858,-0.0118121900940195,45.945778529931886,-333.6031532713107,1000.0,-0.0058291705095143, Amensalism,Healthy
SRR13077833.bin.21.fbc2XSRR13077833.bin.17.fbc2 ,-0.179613499441757,-0.179613499441757,618.6493038176186,-0.0034507876933957,-1000.0,999.4988421032868,-378.0435077461474,-646.6974269671906,-6.735696022389561,-0.2993558324029663,-0.023844942961432,632.7699141931794,-666.4276375281077,-999.4988421032866,-0.0117671860344898,-0.1170631037072098,-0.1170631037072098,381.3506961823814,-0.002249050983778,1000.0,-1000.0,436.3718914194583,-49.27983323608965,-4.389990086823332,-0.1951051728452739,-0.0155409422981165,367.2300858068206,-333.57236247189235,1000.0,-0.0076692638548365, Amensalism,Healthy
SRR13077833.bin.35.fbc2XSRR13077833.bin.8.fbc2 ,-0.1481113758901528,-0.1481113758901528,0.0256100361769995,-0.0028455595752348,-572.0037943382694,1000.0,1000.0,-15.73739568634221,-5.554333101656425,-0.2468522931502548,-0.0196628166647769,329.6262919956925,-722.0921762149101,-1000.0,-0.0097033581514551,-0.06970436438678,-0.06970436438678,999.9743899638228,-0.0013391808720371,1000.0,-1000.0,-653.0168924241002,-575.0288781257881,-2.613987319452008,-0.1161739406446713,-0.0092537398254535,670.3737080043074,-0.1423281430744509,1000.0,-0.0045666067734373, Amensalism,Healthy
SRR13077835.bin.20.fbc2XSRR13077835.bin.12.fbc2 ,-0.0761093689108065,-0.0761093689108065,901.9230215833436,-0.001462235713916,-1000.0,1000.0,-796.4036985513601,-910.4831037025328,-2.854181757119477,-0.1268489481847154,-0.0101040487833188,16.213177557888685,-2.478723248390452,-1000.0,-0.004986223784499,-0.0638193016899322,-0.0638193016899322,98.0769784166564,-0.0012261153062809,0.0,0.0,1000.0,-89.51689629746727,-2.393291249714821,-0.1063655028166294,-0.0084724567661851,983.7868224421112,-47.687248835083096,0.0,-0.0041810531943156, Amensalism,Healthy
SRR13077835.bin.8.fbc2XSRR13077835.bin.12.fbc2 ,-0.0873206906533141,-0.0873206906533141,14.881818810208983,-0.0016776309443002,-1000.0,1000.0,545.2073016615611,-58.45991341261436,-3.2746181692009486,-0.1455344844222281,-0.0115924298254412,48.43355735515024,-500.1782986167653,-1000.0,-0.0057207215202197,-0.0913051331104952,-0.0913051331104952,985.1181811897908,-0.0017541812317176,0.0,0.0,454.79269833843887,-622.7774016766543,-3.424038971609661,-0.1521752218507117,-0.0121213923110872,951.5664426448498,-494.0442856765341,0.0,-0.0059817580000753, Neutralism,Healthy
SRR13077835.bin.5.fbc2XSRR13077835.bin.13.fbc2 ,-0.0599570747662028,-0.0599570747662028,0.3437884527179449,-0.0011519130598571,-975.1857250064872,1000.0,-614.5302941164447,-32.29087038076614,-2.2484536589494155,-0.0999284579436334,-0.0079597192436722,-7.09444247007616,-314.0665332465924,-1000.0,-0.003928023534172,-0.2916729794402499,-0.2916729794402499,999.656211547282,-0.005603707578075,1000.0,-1000.0,-385.4697058835553,673.7226535999348,-10.938044932926571,-0.4861216324004545,-0.0387216193646509,421.7894216792388,-500.1093843719246,1000.0,-0.0191086428412745, Amensalism,Healthy
SRR13077835.bin.20.fbc2XSRR13077835.bin.5.fbc2 ,-0.058820661965683,-0.058820661965683,697.3193059953214,-0.0011300799609443,1000.0,-1000.0,-615.5347089082621,-703.6420469796741,-2.20583697811162,-0.0980344366095096,-0.0078088525299335,12.155380942036118,-1.8500258387622357,1000.0,-0.003853572666685,-0.0605521569573284,-0.0605521569573284,289.2451860507531,-0.0011633459549784,-1000.0,999.9091659478344,221.1037246740057,-296.3579530203259,-2.27076986992563,-0.1009202615954336,-0.0080387205489387,280.02002712956755,-298.01229475649666,-999.9091659478344,-0.0039670097065709, Competition,Healthy
SRR13077835.bin.8.fbc2XSRR13077835.bin.13.fbc2 ,-0.0873206906533141,-0.0873206906533141,14.881818810208074,-0.0016776309443002,0.0,0.0,1000.0,-58.45991341261436,-3.2746181692009486,-0.1455344844222281,-0.0115924298254412,48.4335573551507,-500.1782986167653,0.0,-0.0057207215202197,-0.2909446542686282,-0.2909446542686282,985.1181811897918,-0.0055897147793757,-1000.0,1000.0,-175.0824523741377,681.7479255121623,-10.910731969387484,-0.4849077571144562,-0.0386249291257172,423.6920522566925,-499.8217013832347,-1000.0,-0.0190609273978452, Neutralism,Healthy
SRR13077835.bin.2.fbc2XSRR13077835.bin.12.fbc2 ,-0.072364142677884,-0.072364142677884,857.066379422582,-0.001390281319459,0.0,0.0,94.19631316239064,-871.0726513946158,-2.713731815891265,-0.1206069044631021,-0.0096068439174814,6.825321984432549,-3.6760180103290168,0.0,-0.0047408592993178,-0.0651837509491315,-0.0651837509491315,142.93362057741797,-0.0012523295091568,-1000.0,1000.0,905.8036868376092,-128.92734860538417,-2.4444595387144545,-0.1086395849151813,-0.0086535969079477,993.1746780155676,-70.08668055319572,-1000.0,-0.0042704436260692, Competition,Healthy
SRR13077835.bin.18.fbc2XSRR13077835.bin.20.fbc2 ,-0.172885244275335,-0.172885244275335,1000.0,-0.0033215224644891,-1000.0,1000.0,800.1986124286768,-16.367981084114717,-6.483379344059017,-0.2881420737921871,-0.0229517202294573,41.79616203260776,-500.0648361185063,-1000.0,-0.0113263916038022,0.0,0.0,0.0,0.0,1000.0,-1000.0,0.0,0.0,0.0,0.0,0.0,0.0,0.0,1000.0,0.0, Amensalism,Healthy
SRR13077835.bin.22.fbc2XSRR13077835.bin.27.fbc2 ,-0.1210525521216823,-0.1210525521216823,790.1709002259975,-0.0023256974470768,-1000.0,999.8184095433304,0.0,-201.4366180094468,-4.539598617922479,-0.2017542535361371,-0.0160705693594991,987.2537651694744,-557.2078140475204,-999.8184095433304,-0.0079306282946163,-0.0403383648173303,-0.0403383648173303,7.912664110285732,-0.0007749925997586,999.9394885778112,-1000.0,1000.0,-13.260580627478248,-1.5127313052439604,-0.0672306080289217,-0.0053551988643221,12.74623483052585,-0.9092193805535088,1000.0,-0.0026427247652236, Amensalism,Healthy
SRR13077835.bin.20.fbc2XSRR13077835.bin.14.fbc2 ,-0.0835570576356303,-0.0835570576356303,988.9950109910832,-0.0016053229132921,0.0,0.0,-873.897032155124,-1000.0,-3.133477954096861,-0.1392617627260506,-0.0110927813307171,19.947860499092823,-2.741716723339664,0.0,-0.0054741511341944,-0.0893896363257908,-0.0893896363257908,11.004989008916825,-0.0017173801406897,-1000.0,1000.0,99.40741334000244,900.7548374360696,-3.3522058181227976,-0.1489827272096135,-0.011867096772562,-3.192798593459088,-454.6619420425036,-1000.0,-0.0058562662799204, Amensalism,Healthy
SRR13077835.bin.22.fbc2XSRR13077835.bin.2.fbc2 ,-0.1438975114405138,-0.1438975114405138,786.4025678630815,-0.0027646015646496,-1000.0,999.7841399098312,870.6042817553725,-89.66272634398024,-5.39630873210649,-0.2398291857342656,-0.019103396811829,998.2989984388788,-503.4169538822055,-999.7841399098312,-0.0094272913354416,-0.0180345366775327,-0.0180345366775327,213.5974321369185,-0.0003464848545036,1000.0,-1000.0,23.475533624137256,-217.0880646000113,-0.6763141820744067,-0.0300575611291833,-0.0023942103447325,1.701001561121302,-0.9161344165949004,1000.0,-0.001181513353913, Amensalism,Healthy
SRR13077835.bin.4.fbc2XSRR13077835.bin.5.fbc2 ,-0.0770996156959427,-0.0770996156959427,281.6827101150375,-0.0014812606281111,-0.1156568298470119,0.0,111.98254159999853,1000.0,-2.891317057930792,-0.128499359493162,-0.0102355109405607,-145.67501632883443,-323.9180358113865,0.0,-0.0050510987420011,-0.0828443936463827,-0.0828443936463827,595.0936159329776,-0.0015916310018155,-604.949217924793,1000.0,-1000.0,-1000.0,-3.106752301446022,-0.1380739894107137,-0.0109981702228196,584.81600093918,-393.4025884142825,-1000.0,-0.0054274617162946, Neutralism,Healthy
SRR13077835.bin.22.fbc2XSRR13077835.bin.31.fbc2 ,-0.1326929130542566,-0.1326929130542566,725.1692299504248,-0.002549335505364,-1000.0,999.8009478837412,724.9494368114638,107.65585708515027,-4.976124452988415,-0.2211548550905036,-0.0176159083421225,730.2293338680968,-520.4542544720815,-999.8009478837412,-0.0086932340733483,-0.0547379334246898,-0.0547379334246898,274.8307700495752,-0.0010516413722143,1000.0,-0.1527298764895022,220.25409111235356,-31.211459216443014,-2.0527303437032742,-0.0912298890411875,-0.0072668418821422,269.7706661319032,-249.9823455704636,0.1527298764895022,-0.0035860970792782, Amensalism,Healthy
SRR13077835.bin.22.fbc2XSRR13077835.bin.13.fbc2 ,-0.1094963764390968,-0.1094963764390968,598.3997272877566,-0.0021036767807345,-1000.0,999.8357449169577,827.9268712970397,-308.5886037950761,-4.10622981868903,-0.1824939607317901,-0.0145364065550666,1000.0,-345.61361534884145,-999.8357449169574,-0.007173537822382,-0.2229223907651203,-0.2229223907651203,401.6002727122434,-0.0042828509273249,1000.0,-1000.0,172.07312870296028,1000.0,-8.359825210492431,-0.3715373179418293,-0.029594499907489,0.0,-425.5267970894354,1000.0,-0.0146045216620223, Competition,Healthy
SRR13077835.bin.19.fbc2XSRR13077835.bin.8.fbc2 ,-0.1755491974854521,-0.1755491974855658,836.405441072319,-0.0033727031217267,-1000.0,999.7366593402562,-1000.0,-340.45723930861845,-6.583280404379025,-0.2925819958092006,-0.0233053785710808,679.3800574374861,-499.821452845317,-999.736659340256,-0.0115009176450939,-0.0873206906533141,-0.0873206906533141,163.59455892768096,-0.0016776309443002,1000.0,-1000.0,271.37391949191647,-328.9823851046507,-3.2746181692009486,-0.1455344844222281,-0.0115924298254412,320.61994256251387,-500.178547154683,1000.0,-0.0057207215202197, Neutralism,Healthy
SRR13077835.bin.19.fbc2XSRR13077835.bin.12.fbc2 ,-0.0895869882226634,-0.0895869882227771,2.660621674053232,-0.0017211717238296,-1000.0,999.8656109118074,-1000.0,-606.3802016866375,-3.3596067227972526,-0.1493116470378481,-0.0118932966113334,7.6916133563148605,333.4639987056903,-999.8656109118072,-0.0058691955780432,-0.0900581702107956,-0.0900581702107956,997.3393783259468,-0.001730224211542,1000.0,-1000.0,201.26696639377317,-393.6197983133625,-3.3772765452365547,-0.150096950351326,-0.0119558493017848,992.308386643685,-622.6785916692711,1000.0,-0.0059000645613878, Amensalism,Healthy
SRR13077835.bin.18.fbc2XSRR13077835.bin.27.fbc2 ,-0.1726557424888142,-0.1726557424888142,998.3406494044112,-0.0033171132082543,-1000.0,1000.0,0.0,-12.679930607552135,-6.474772784558127,-0.2877595708147282,-0.0229212522689294,38.07435614228166,-500.06475004982485,-1000.0,-0.0113113560400961,-0.0398166422079384,-0.0398166422079384,1.659350595588876,-0.0007649691106053,1000.0,-995.7213900698416,1000.0,-8.20095079642681,-1.49316615609996,-0.0663610703466019,-0.0052859365544009,1.818028138205591,-1.2133149564632504,995.7213900698416,-0.0026085446672823, Neutralism,Healthy
SRR13077835.bin.27.fbc2XSRR13077835.bin.8.fbc2 ,-0.0421116457155221,-0.0421116457155221,43.44992226295426,-0.0008090613970352,-1000.0,999.9368284861198,1000.0,-66.6375652675888,-1.5792312127084642,-0.070186076192499,-0.0055906142534922,74.87946967384664,-5.344633294297182,-999.9368284861198,-0.0027588993639255,-0.0873206906533141,-0.0873206906533141,914.361081989035,-0.0016776309443002,1000.0,-1000.0,0.0,-686.6532166209508,-3.2746181692009486,-0.1455344844222281,-0.0115924298254412,666.7038524749689,-409.3538980113974,1000.0,-0.0057207215202197, Neutralism,Healthy
SRR13077835.bin.2.fbc2XSRR13077835.bin.18.fbc2 ,0.0,0.0,0.0,0.0,1000.0,-1000.0,0.0,0.0,0.0,0.0,0.0,0.0,0.0,1000.0,0.0,-0.172885244275335,-0.172885244275335,1000.0,-0.0033215224644891,-1000.0,1000.0,802.2775865544079,-16.367981084116423,-6.483379344059017,-0.2881420737921871,-0.0229517202294573,39.71718790687646,-500.0648361185063,-1000.0,-0.0113263916038022, Amensalism,Healthy
SRR13077835.bin.2.fbc2XSRR13077835.bin.8.fbc2 ,-0.0788452791377949,-0.0788452791377949,933.8276586242192,-0.0015147988307262,0.0,0.0,102.6328003097401,-949.0883717681772,-2.956781281602844,-0.1314087985630294,-0.0104672599201194,7.436617047530262,-4.005252538267428,0.0,-0.0051654640126344,-0.0869689869158492,-0.0869689869158492,66.17234137578066,-0.0016708739080968,-1000.0,1000.0,158.49344900631263,-50.91162823182288,-3.2614289074108456,-0.1449483115264911,-0.0115457387048536,34.35545633808624,-538.5022778854777,-1000.0,-0.0056976800266284, Neutralism,Healthy
SRR13077835.bin.27.fbc2XSRR13077835.bin.19.fbc2 ,-0.0421116457155221,-0.0421116457155221,43.449922262953805,-0.0008090613970352,-1000.0,999.9368284861198,1000.0,-66.63756526758971,-1.5792312127084642,-0.070186076192499,-0.0055906142534922,74.87946967384664,-5.344633294297182,-999.9368284861198,-0.0027588993639255,-0.1755491974856795,-0.1755491974855658,956.5500777370462,-0.0033727031217267,999.7366593402562,-1000.0,-1000.0,752.6283041708225,-6.583280404379025,-0.2925819958092006,-0.0233053785710808,831.8801848340918,-737.3279293013338,1000.0,-0.0115009176450939, Neutralism,Healthy
SRR13077835.bin.19.fbc2XSRR13077835.bin.14.fbc2 ,-0.1755490779169122,-0.1755490779169122,5.213588388580206,-0.0033727008245705,-1000.0,999.7366595196204,-1000.0,-574.4424056782343,-6.5832759204301965,-0.2925817965282249,-0.0233053626975561,1000.0,537.8294940639485,-999.7366595196204,-0.0115009098116161,-0.1418074400676232,-0.1418074400676232,994.7864116114196,-0.0027244464951081,1000.0,-1000.0,49.40149926434651,-425.5575943217657,-5.317928847091366,-0.2363457334460008,-0.0188259252807938,-11.613836164197778,-401.3260916381098,1000.0,-0.0092903625480857, Neutralism,Healthy
SRR13077835.bin.18.fbc2XSRR13077835.bin.8.fbc2 ,-0.1723871567872947,-0.1723871567872947,996.49907632099,-0.0033119530602334,-1000.0,999.7414027050536,0.0,-12.143010939254282,-6.464700536942701,-0.2873119279788625,-0.0228855956464713,35.94214259837008,-499.8251333505024,-999.7414027050536,-0.0112937599354836,-0.0865478924199578,-0.0865478924199578,3.5009236790099294,-0.0016627837160285,1000.0,-1000.0,1000.0,-59.59172409090036,-3.2456374188548125,-0.1442464873666722,-0.0114898354778461,51.30329013452047,-500.1748666494976,1000.0,-0.0056700924717461, Neutralism,Healthy
SRR13077835.bin.2.fbc2XSRR13077835.bin.20.fbc2 ,0.0,0.0,0.0,0.0,0.0,0.0,0.0,0.0,0.0,0.0,0.0,0.0,0.0,0.0,0.0,-0.0835996496692814,-0.0835996496692814,993.585979252552,-0.0016061412039789,-1000.0,1000.0,-877.8398837192914,-1000.0,-3.1350752003628486,-0.1393327494487266,-0.0110984357197594,18.023517765774272,-2.771263519956392,-1000.0,-0.0054769415056625, Amensalism,Healthy
SRR13077835.bin.27.fbc2XSRR13077835.bin.12.fbc2 ,-0.0375531902191141,-0.0375531902191141,1.5653792218454328,-0.0007214830013708,-995.9624704971712,1000.0,943.1532960747908,-7.737433820355818,-1.4082843147834865,-0.0625886503652282,-0.0049854475391839,1.714500138446283,-1.144788702100982,-1000.0,-0.0024602570344995,-0.0915653311127471,-0.0915653311127471,998.4346207781546,-0.0017591802327387,1000.0,-1000.0,56.84670392520911,-445.0124702256578,-3.4337966716427677,-0.1526088851879876,-0.0121559354080318,998.2854998615536,-498.39678599228665,1000.0,-0.0059988045935597, Amensalism,Healthy
SRR13077835.bin.22.fbc2XSRR13077835.bin.18.fbc2 ,-0.054564113411061,-0.054564113411061,298.19389140261865,-0.0010483018907052,999.9181485883742,-1000.0,130.2244069839478,-626.4268769416011,-2.046211909517752,-0.0909401890183971,-0.0072437660647892,970.9702405038634,-70.52789912104231,1000.0,-0.0035747094473208,-0.1316412196531473,-0.1316412196531473,701.8061085973814,-0.0025291300605658,-1000.0,999.80252552487,869.7755930160522,-9.272853036708511,-4.93668483914621,-0.2194020327552834,-0.0174762887186261,29.02975949613665,-500.0,-999.80252552487,-0.0086243335065319, Competition,Healthy
SRR13077835.bin.22.fbc2XSRR13077835.bin.14.fbc2 ,-0.1111378047522748,-0.1111378047522748,607.3701634510801,-0.002135212387202,-1000.0,999.8332826168098,830.3442760941261,-298.22385677160673,-4.167785114891217,-0.1852296745871626,-0.0147543175953614,1000.0,-353.29305997088045,-999.8332826168096,-0.007281074240268,-0.109271809989309,-0.109271809989309,392.6298365489199,-0.0020993623436424,1000.0,-1000.0,169.65572390587386,221.08432009921285,-4.097808339526182,-0.1821196833154772,-0.0145065937949766,-16.569049348615522,-419.8387414451648,1000.0,-0.0071588255920005, Competition,Healthy
SRR13077835.bin.4.fbc2XSRR13077835.bin.20.fbc2 ,-0.0613261646470846,-0.0613261646470846,34.13646619114775,-0.0011782164197029,-1000.0,999.9080048619472,-147.99968622731558,1000.0,-2.299795976167616,-0.1022102744117319,-0.0081414754603201,35.7952594099188,-228.59564686372343,-999.9080048619472,-0.0040177179912461,-0.0816495651104105,-0.0816495651104105,965.8635338088524,-0.0015686756024706,1000.0,-1000.0,-852.0003137726844,-982.880479684575,-3.061944968800617,-0.1360826085174267,-0.010839548413287,16.119780521518123,-2.84649073624405,1000.0,-0.0053491838045829, Amensalism,Healthy
SRR13077835.bin.2.fbc2XSRR13077835.bin.14.fbc2 ,-0.083074749921252,-0.083074749921252,983.9206615549124,-0.0015960566747708,0.0,0.0,108.13829708874437,-1000.0,-3.1153909051633946,-0.1384579165353443,-0.0110287516225753,7.835536993963615,-4.220104952719566,0.0,-0.0054425532608775,-0.0896600076163167,-0.0896600076163167,16.07933844508773,-0.0017225745939413,-1000.0,1000.0,107.77378610478468,896.7810344723121,-3.3623450272139053,-0.1494333460271946,-0.011902990444355,74.45278996332604,-456.7208503552788,-1000.0,-0.0058739793654467, Amensalism,Healthy
SRR13077835.bin.30.fbc2XSRR13077835.bin.8.fbc2 ,-0.0984990236732983,-0.0984990236732983,985.1219779672196,-0.0018923923856846,-1000.0,999.852242002528,0.0,-941.5403052919438,-3.693817469331975,-0.1641650394556109,-0.0130764313848885,-3.080871575618289,-499.8235726017732,-999.852242002528,-0.0064530580350492,-0.0873203639775965,-0.0873203639775965,14.87802203278045,-0.0016776246681047,1000.0,-1000.0,1000.0,-58.45969470805619,-3.274605918517068,-0.1455339399626609,-0.0115923864569822,48.43337616022268,-500.1764273982268,1000.0,-0.0057207001184451, Neutralism,Healthy
SRR13077835.bin.18.fbc2XSRR13077835.bin.14.fbc2 ,-0.1148382516087167,-0.1148382516087167,612.2260694029487,-0.0022063064669737,-1000.0,999.8277315910544,98.74474048887303,-8.08924615683577,-4.306555782183295,-0.1913970860146037,-0.0152455776872102,25.3243386375666,-436.1789259903524,-999.8277315910544,-0.0075235050525179,-0.1090124674105936,-0.1090124674105936,387.7739305970513,-0.0020943797773043,1000.0,-1000.0,-246.7779577636172,229.71891642172116,-4.088082718785472,-0.1816874456843606,-0.0144721642614058,-16.570313922367745,-420.2664886919288,1000.0,-0.0071418350407839, Competition,Healthy
SRR13077835.bin.18.fbc2XSRR13077835.bin.31.fbc2 ,-0.1316412196531473,-0.1316412196531473,701.8061085973816,-0.0025291300605658,-1000.0,999.80252552487,789.9502218431353,-9.27285303670783,-4.93668483914621,-0.2194020327552834,-0.0174762887186261,29.02975949613665,-500.0,-999.80252552487,-0.0086243335065319,-0.0589736952466637,-0.0589736952466637,298.1938914026184,-0.0011330200816246,1000.0,-0.3343795900168516,210.0497781568647,-33.62668206252533,-2.211575887853428,-0.0982894920776971,-0.0078291687638056,292.74222365254855,-249.93852165448837,0.3343795900168516,-0.0038635984782331, Competition,Healthy
SRR13077835.bin.18.fbc2XSRR13077835.bin.12.fbc2 ,-0.1718773176767172,-0.1718773176767172,999.9989018481843,-0.0033021578803982,-1000.0,1000.0,850.0650841609122,-70.92087407865847,-6.445581031560323,-0.2864621961278999,-0.0228179109537904,57.70174169485245,-500.0644581218261,-1000.0,-0.011260358372283,-0.0017442417454276,-0.0017442417454276,0.0010981518155404,-3.3510888442833675e-05,1000.0,-1000.0,149.9349158390878,-392.7341028660019,-0.0654109085510299,-0.002907069575599,-0.0002315602393991,942.2982583051476,-0.0006541325431044,1000.0,-0.0001142721297355, Amensalism,Healthy
SRR13077835.bin.18.fbc2XSRR13077835.bin.4.fbc2 ,-0.1718539548978697,-0.1718539548978697,999.8289931695564,-0.0033017090278235,0.0,0.0,880.1451980991101,-70.91123401258756,-6.444704902665762,-0.2864232581630404,-0.0228148093822255,27.872037100118177,-500.06444936022297,0.0,-0.0112588277848999,-0.0023030105628549,-0.0023030105628549,0.17100683044373,-4.424612029652053e-05,-1000.0,999.9965452629248,-7.028447900937408,38.77357775655764,-0.0863653296457869,-0.0038383509381674,-0.0003057406914876,2.28821095434148,-8.404756121141759,-999.996545262925,-0.0001508792703361, Amensalism,Healthy
SRR13077835.bin.5.fbc2XSRR13077835.bin.8.fbc2 ,-0.0824776118874979,-0.0824776118874979,800.5677840100111,-0.0015845842822272,-865.5412805321074,1000.0,-845.054828502348,-944.8384711949648,-3.0929975979165647,-0.1374626864791253,-0.0109494773898859,592.3685072753674,-332.0209445445696,-1000.0,-0.005403432402204,-0.0873206906533141,-0.0873206906533141,199.4322159899889,-0.0016776309443002,1000.0,-1000.0,296.04465904081553,-55.16152880503512,-3.2746181692009486,-0.1455344844222281,-0.0115924298254412,38.5384035324123,-667.9790554554304,1000.0,-0.0057207215202197, Neutralism,Healthy
SRR13077835.bin.4.fbc2XSRR13077835.bin.31.fbc2 ,-0.0770401238153226,-0.0770401238153226,276.19262975839774,-0.0014801176525907,-1000.0,999.884432413689,122.906717964785,1000.0,-2.8890860495445168,-0.1284002063588332,-0.0102276129791789,-153.27171958956706,-324.9315387169015,-999.8844324136888,-0.0050472011952251,-0.1311520488359292,-0.1311520488359292,723.8073702416023,-0.0025197319661174,999.4191018398822,0.1155675863111582,116.00934118106716,-74.78263367439843,-4.918340416606043,-0.2185867480599199,-0.0174113478858544,711.6833649201753,-322.82456486335195,-0.1155675863111582,-0.0085922860043865, Neutralism,Healthy
SRR13077835.bin.31.fbc2XSRR13077835.bin.5.fbc2 ,-0.1295474798156419,-0.1295474798156419,687.3754801072971,-0.0024889045113241,-0.3614636021831074,1000.0,41.08535093588512,-73.86771165592575,-4.858167382836086,-0.2159124663594411,-0.0171983301734144,675.3998049378811,-249.9582175155158,-1000.0,-0.0084871643837232,-0.0745158567831367,-0.0745158567831367,312.6245198927029,-0.0014316206875264,604.6429727276227,0.0,785.533849143781,-926.1322883440744,-2.794423368505818,-0.1241930946385991,-0.0098924989504212,303.38013710177165,-447.0575599380586,0.0,-0.004881826544306, Amensalism,Healthy
SRR13077835.bin.2.fbc2XSRR13077835.bin.27.fbc2 ,-0.0824616556971022,-0.0824616556971022,976.6592966368768,-0.0015842777271473,-1000.0,1000.0,107.34023311117652,-992.619969066855,-3.0923992239144127,-0.1374360928284659,-0.0109473590944162,7.777710488570392,-4.188960447627437,-1000.0,-0.0054023870494575,-0.0358309735594275,-0.0358309735594275,11.424766154003237,-0.0006883952653424,999.9462500976848,-1000.0,892.6597668888235,-7.380030933145008,-1.3436993702174505,-0.0597182892656746,-0.0047568112833005,15.718235794099542,-0.8076236042739993,1000.0,-0.0023474278547155, Amensalism,Healthy
SRR13077835.bin.19.fbc2XSRR13077835.bin.31.fbc2 ,-0.1755491974855658,-0.1755491974855658,61.80171541306618,-0.0033727031217267,-1000.0,999.7366593402562,-968.33222392992,79.14457731736684,-6.583280404379025,-0.2925819958092006,-0.0233053785710808,75.46900247771009,485.788154209396,-999.736659340256,-0.0115009176450939,-0.1405711892462022,-0.1405711892462022,938.1982845869338,-0.0027006952784631,1000.0,-0.6186989899207447,55.035489739090735,920.8554226826332,-5.271568134972654,-0.234285315410375,-0.0186618043744601,924.53099752229,-499.89804282435625,0.6186989899207447,-0.0092093708997254, Neutralism,Healthy
SRR13077835.bin.22.fbc2XSRR13077835.bin.20.fbc2 ,-0.1438193100569833,-0.1438193100569833,785.9751958521933,-0.0027630991365867,-1000.0,999.7842572194188,869.5876982062596,-88.28556085439061,-5.393376097590135,-0.2396988500950101,-0.0190930150334907,996.4280327931853,-503.5358640324832,-999.7842572194188,-0.0094221680556074,-0.0180926513630765,-0.0180926513630765,214.02480414780663,-0.0003476013710042,1000.0,-1000.0,-188.79395888359124,-217.79557339290196,-0.6784935441911557,-0.030154418938423,-0.0024019254739187,3.571967206814861,-0.6307512407375953,1000.0,-0.0011853206752903, Amensalism,Healthy
SRR13077835.bin.27.fbc2XSRR13077835.bin.5.fbc2 ,-0.0421116457155221,-0.0421116457155221,43.449922262953805,-0.0008090613970352,-1000.0,999.9368284861198,1000.0,-66.63756526758948,-1.5792312127084642,-0.070186076192499,-0.0055906142534922,74.87946967384642,-5.344633294297182,-999.9368284861198,-0.0027588993639255,-0.0824428991963941,-0.0824428991963941,604.325494005481,-0.001583917371704,319.16593109912856,0.0631715138802064,-1000.0,-933.3624347324104,-3.0916958353182054,-0.1374048319938765,-0.010944869038326,594.0976881200427,-379.0771955662766,-0.0631715138802064,-0.0054011582374187, Neutralism,Healthy
SRR13077835.bin.18.fbc2XSRR13077835.bin.19.fbc2 ,-0.1580458053936126,-0.1580458053936126,998.6045248889172,-0.0030364227741301,-1000.0,999.7629161097956,793.2940320382843,-185.72538639609377,-5.92688470551127,-0.2634096756559074,-0.0209816813692214,200.22515534094964,-500.0,-999.7629161097958,-0.0103542016597657,-0.0469876696716937,-0.0469876696716937,1.3954751110826464,-0.0009027410119415,999.9295139817872,-1000.0,-1000.0,-814.2746136039062,-1.7620872634431637,-0.0783127827861562,-0.006237940392566,799.7748446590504,483.3641448247199,1000.0,-0.0030783468507706, Amensalism,Healthy
SRR13077835.bin.30.fbc2XSRR13077835.bin.19.fbc2 ,-0.0852619999034232,-0.0852619999034232,994.7864080603828,-0.0016380787685648,-1000.0,1000.0,0.0,-303.51843003896613,-3.1974150907116154,-0.142103333172372,-0.0113191242907078,16.72985146026531,-500.1740950115224,-1000.0,-0.0055858486007309,-0.1755491974855658,-0.1755491974855658,5.213591939617231,-0.0033727031217267,999.7366593402562,-1000.0,-1000.0,1000.0,-6.583280404379025,-0.2925819958092006,-0.0233053785710808,983.2701485397348,-499.8259049884777,1000.0,-0.0115009176450939, Amensalism,Healthy
SRR13077835.bin.30.fbc2XSRR13077835.bin.20.fbc2 ,-0.0493601897106827,-0.0493601897106827,69.52178733588926,-0.0009483225688882,-0.3570714577095941,1000.0,621.6044785962754,-59.16794086588095,-1.851059271892041,-0.0822669828511379,-0.0065529089509936,-1.5438975918287952,-750.0115198581941,-1000.0,-0.0032337799599417,-0.0786131585905423,-0.0786131585905423,930.4782126641109,-0.0015103392620403,1000.0,-1000.0,-822.1903442337002,-940.832059134119,-2.94807651580436,-0.131021930984275,-0.0104364443009217,18.767586668681474,-2.579494990382045,1000.0,-0.0051502568836667, Amensalism,Healthy
SRR13077835.bin.22.fbc2XSRR13077835.bin.4.fbc2 ,-0.1302866022479065,-0.1302866022479065,810.9533181509426,-0.0025031047501897,999.8045575811044,-1000.0,1000.0,-44.6728749488899,-4.885885255058838,-0.2171443370798442,-0.0172964538238602,1000.0,-634.1008397259168,1000.0,-0.0085355871981391,-0.0152540249351886,-0.0152540249351886,20.09978566071948,-0.000293064840207,-1000.0,999.977117497273,-23.288552416540824,236.78929688199676,-0.5720420536367783,-0.0254233748920569,-0.002025078046131,0.0,-58.43777654081521,-999.977117497273,-0.0009993511052925, Amensalism,Healthy
SRR13077835.bin.31.fbc2XSRR13077835.bin.8.fbc2 ,-0.1405707160976135,-0.1405707160976135,938.1961364753624,-0.002700686188291,-0.6358629971649634,1000.0,55.03059223521586,920.8556890753598,-5.271550391401775,-0.2342845268293558,-0.0186617415606633,924.5288954134408,-499.8937516451031,-1000.0,-0.0092093399018722,-0.0873206906533141,-0.0873206906533141,61.80386352463756,-0.0016776309443002,1000.0,-1000.0,944.969407764784,-95.6390435070299,-3.2746181692009486,-0.1455344844222281,-0.0115924298254412,75.47110458655925,-500.1062483548969,1000.0,-0.0057207215202197, Neutralism,Healthy
SRR13077835.bin.30.fbc2XSRR13077835.bin.13.fbc2 ,-0.0668867941117241,-0.0668867941117241,527.7186263829831,-0.0012850488782305,-1000.0,999.8996633835882,-558.2978894153202,-385.5250146251542,-2.5083254568761504,-0.1114779901861311,-0.0088796877485037,4.021354856588346,-500.1114908406749,-999.899663383588,-0.0043820166747536,-0.2633802365218116,-0.2633802365218116,472.2813736170169,-0.0050601390302063,1000.0,-1000.0,-441.70211058467976,1000.0,-9.87703717721456,-0.438967060869686,-0.0349655606986516,572.9115008334372,-499.8885091593251,1000.0,-0.0172550740929864, Amensalism,Healthy
SRR13077835.bin.27.fbc2XSRR13077835.bin.30.fbc2 ,-0.0403383648173303,-0.0403383648173303,7.912664110285618,-0.0007749925997586,-1000.0,999.9394885778112,1000.0,-13.260580627478248,-1.5127313052439604,-0.0672306080289217,-0.0053551988643221,12.746234830525736,-0.9092193805535088,-999.939488577811,-0.0026427247652236,-0.1080051205218524,-0.1080051205218524,992.0873358897144,-0.0020750263308855,1000.0,-0.353396827106053,0.0,-986.7394193725218,-4.050306146017192,-0.1800085342030115,-0.0143384319462711,987.2537651694744,-750.1321845916684,0.353396827106053,-0.0070758397882855, Neutralism,Healthy
SRR13077835.bin.31.fbc2XSRR13077835.bin.14.fbc2 ,-0.129539368997257,-0.129539368997257,687.3387052054991,-0.0024887486839588,-0.6557025541245594,1000.0,41.00138712780404,-73.86308688363954,-4.857863218575744,-0.2158989483287996,-0.0171972534058113,675.363779819302,-249.88465473577867,-1000.0,-0.0084866330121258,-0.1054624759533453,-0.1054624759533453,312.6612947945009,-0.0020261762911104,1000.0,-1000.0,-403.2344262110944,366.6911849109483,-3.954954287948226,-0.1757707932556513,-0.0140008781717142,-3.766884604605366,-428.14253060627584,1000.0,-0.0069092611527139, Amensalism,Healthy
SRR13077835.bin.30.fbc2XSRR13077835.bin.31.fbc2 ,-0.0634202290801795,-0.0634202290801795,368.2968523136988,-0.0012184482052362,-554.703878401501,1000.0,658.0925275587729,-87.76897912819288,-2.3783256051559647,-0.1057003818002613,-0.0084194770978456,-1.983670231494898,-611.4535270748723,-1000.0,-0.0041549083797463,-0.117268774617969,-0.117268774617969,631.7031476863012,-0.0022530023942408,1000.0,-445.800280369048,-86.02473790982617,-66.86641872191456,-4.397702963305505,-0.195447957696615,-0.0155682465439213,620.8625450413215,-138.5939085144728,445.8002803690479,-0.0076827381642488, Competition,Healthy
SRR13077835.bin.30.fbc2XSRR13077835.bin.14.fbc2 ,-0.0892671256023049,-0.0892671256023049,803.7520059029671,-0.0017150264284282,-754.2360310776289,1000.0,-566.1213695153276,-1000.0,-3.347611536538352,-0.1487785426704704,-0.0118508326207802,1000.0,-561.6232652394114,-1000.0,-0.005848240121054,-0.0992597469643215,-0.0992597469643215,196.2479940970329,-0.0019070076266416,1000.0,-1000.0,404.828246518736,572.7936643903204,-3.7223453965809767,-0.1654329116071267,-0.0131774226997549,-3.545336948680301,-438.3767347605887,1000.0,-0.0065028960067365, Competition,Healthy
SRR13077835.bin.2.fbc2XSRR13077835.bin.13.fbc2 ,-0.0631332579483796,-0.0631332579483796,747.7376337039098,-0.0012129348308462,0.0,0.0,81.62847307289394,-761.0612616073577,-2.367563884478386,-0.105222096580519,-0.0083813796815093,6.506682185997761,-2.379085689863132,0.0,-0.0041361077733199,-0.2502131121493676,-0.2502131121493676,252.26236629609025,-0.0048071683410171,-1000.0,1000.0,-1000.0,913.4095783511864,-9.383256099859182,-0.4170218535822414,-0.0332175332363249,824.9034968362223,-500.0938359260164,-1000.0,-0.0163924440428218, Competition,Healthy
SRR13077835.bin.22.fbc2XSRR13077835.bin.19.fbc2 ,-0.1302866022479065,-0.1302866022479065,810.9533181509428,-0.0025031047501897,-1000.0,999.8045575811044,1000.0,-44.672874948889785,-4.885885255058838,-0.2171443370798442,-0.0172964538238602,1000.0,-634.100839725917,-999.8045575811044,-0.0085355871981391,-0.1046732624192827,-0.1046732624192827,189.0466818490572,-0.0020110136872517,999.8429800513028,-1000.0,-1000.0,-434.630140269953,-3.925357946475515,-0.1744554373655091,-0.0138961045786345,-2.0191582926431693,454.8016647735526,1000.0,-0.006857556673367, Amensalism,Healthy
SRR13077835.bin.22.fbc2XSRR13077835.bin.5.fbc2 ,-0.1333905382185776,-0.1333905382185776,732.4470993882667,-0.0025627384864037,-1000.0,999.79990137898,738.1679710333469,92.57283503500456,-5.002286133811708,-0.2223175636975156,-0.0177085229412341,743.4711972419088,-519.1391536568362,-999.7999013789798,-0.0087389382387073,-0.0723600437943332,-0.0723600437943332,267.5529006117333,-0.0013902025705192,723.6386718223796,0.2000986210201745,-1000.0,-1000.0,-2.713578103426812,-0.1206000729904417,-0.0096062997621402,256.5288027580912,-478.5309302518227,-0.2000986210201745,-0.0047405907654365, Amensalism,Healthy
SRR13077835.bin.20.fbc2XSRR13077835.bin.13.fbc2 ,-0.0516638854587654,-0.0516638854587654,611.1516076289167,-0.000992581853211,0.0,0.0,-539.1044834347842,-621.9191057949056,-1.9374502967042415,-0.0861064757644953,-0.0068587406055939,10.19981543510744,-1.8011213061291755,0.0,-0.0033847041194121,-0.2579625209928053,-0.2579625209928053,388.84839237108326,-0.0049560522764977,-1000.0,1000.0,-460.89551656521576,1000.0,-9.673867120105228,-0.429937534987971,-0.0342463212307393,615.4492098160886,-500.0967421404376,-1000.0,-0.0169001382629403, Competition,Healthy
SRR13077835.bin.27.fbc2XSRR13077835.bin.4.fbc2 ,-0.0421116457155221,-0.0421116457155221,306.49265031587674,-0.0008090613970352,999.9368284861198,-1000.0,888.0174584000013,-508.69228461414247,-1.5792312127084642,-0.070186076192499,-0.0055906142534922,468.2359844211485,-26.041012907730877,1000.0,-0.0027588993639255,-0.0770996156959427,-0.0770996156959427,281.68271011503793,-0.0014812606281111,-1000.0,999.884343170153,111.98254159999874,1000.0,-2.891317057930792,-0.128499359493162,-0.0102355109405607,-145.67501632883477,-323.9180358113865,-999.884343170153,-0.0050510987420011, Neutralism,Healthy
SRR13077835.bin.30.fbc2XSRR13077835.bin.12.fbc2 ,-0.0926979026904746,-0.0926979026904746,999.9651579185518,-0.0017809395329777,-1000.0,1000.0,-1000.0,-472.29898075850326,-3.476269302567175,-0.1544965044840864,-0.0123062921727523,1.3936208033305777,-500.1892782535628,-1000.0,-0.006073003807387,-0.0553411760566859,-0.0553411760566859,0.0348420814482324,-0.0010632310481923,1000.0,-1000.0,415.6349386142461,-527.7010192414967,-2.075352579833861,-0.0922352934278478,-0.0073469265428229,998.6063791966694,-0.0207542700600242,1000.0,-0.0036256178742632, Competition,Healthy
SRR13077835.bin.22.fbc2XSRR13077835.bin.30.fbc2 ,-0.140586715353038,-0.140586715353038,768.3090058628713,-0.0027009935706701,-1000.0,999.7891064220024,873.7150021770638,-112.2696447937824,-5.272150380383437,-0.2343111922549496,-0.0186638655733304,1000.0,-491.07018756357945,-999.7891064220026,-0.009210388075985,-0.0471795581346441,-0.0471795581346441,231.69099413712863,-0.0009064276298431,1000.0,-546.6270452622919,-1000.0,-80.91320506500108,-1.7692832835704166,-0.0786325968911114,-0.0062634149223868,0.0,-508.92981243642055,546.6270452622919,-0.003090918217822, Amensalism,Healthy
SRR13077835.bin.2.fbc2XSRR13077835.bin.30.fbc2 ,-0.0781361838772909,-0.0781361838772909,925.4292767027332,-0.0015011754827582,-1000.0,1000.0,101.7097719043236,-940.552742576069,-2.9301894600479272,-0.1302269731287424,-0.0103731225858609,7.369735809228814,-3.969231287239268,-1000.0,-0.00511900839615,-0.0495932064101225,-0.0495932064101225,74.5707232972668,-0.0009527993546498,1000.0,-0.3563907656375704,626.900466650432,-59.44725742393098,-1.8597976443452355,-0.0826553440168709,-0.0065838435407385,-1.5511859333702205,-750.0121658240041,0.3563907656375704,-0.0032490457994072, Amensalism,Healthy
SRR13077835.bin.18.fbc2XSRR13077835.bin.5.fbc2 ,-0.172837854906561,-0.172837854906561,999.6573639865916,-0.0033206120058366,-1000.0,1000.0,793.3926912985569,-12.693305041476036,-6.481602192657533,-0.288063091510935,-0.0229454289607247,38.114515901529785,-500.06481834635497,-1000.0,-0.011323286940069,-0.0599569826791821,-0.0599569826791821,0.3426360134086508,-0.0011519112906626,768.2892241044015,0.0,0.6842824747110399,-775.7646560971974,-2.248450205590529,-0.0999283044652656,-0.0079597070184718,-7.096159440787801,-499.935181653645,0.0,-0.0039280175011526, Amensalism,Healthy
SRR13077835.bin.31.fbc2XSRR13077835.bin.20.fbc2 ,-0.1295454472683559,-0.1295454472683559,687.3662644247795,-0.0024888654614869,-0.4351990204442018,1000.0,41.06430985187171,-73.86655270155768,-4.85809116016469,-0.215909078780669,-0.0171980603386145,675.390777148838,-249.9397828986964,-1000.0,-0.0084870312235807,-0.0264285871191987,-0.0264285871191987,312.6337355752205,-0.0005077538351088,1000.0,-1000.0,-275.7781316741675,-318.14183394624933,-0.9910999434329142,-0.0440476451987024,-0.0035085790008224,5.217701077523202,-0.9213610422198144,1000.0,-0.0017314405778279, Amensalism,Healthy
SRR13077835.bin.19.fbc2XSRR13077835.bin.20.fbc2 ,-0.1755491974855658,-0.1755491974855658,493.706670882995,-0.0033727031217267,-1000.0,999.7366593402562,-493.7066708829947,952.8046690892576,-6.583280404379025,-0.2925819958092006,-0.0233053785710808,20.33153132053985,339.7113229198651,-999.736659340256,-0.0115009176450939,0.0,0.0,506.293329117005,0.0,1000.0,-1000.0,-506.2933291170053,-506.2933291170054,0.0,0.0,0.0,506.2933291170052,0.0,1000.0,0.0, Amensalism,Healthy
SRR13077835.bin.27.fbc2XSRR13077835.bin.31.fbc2 ,-0.0421116457155221,-0.0421116457155221,55.01727490685562,-0.0008090613970352,-1000.0,999.9368284861198,985.5408091951228,-83.98859423344175,-1.5792312127084642,-0.070186076192499,-0.0055906142534922,95.1223368006747,-6.790552374784966,-999.9368284861198,-0.0027588993639255,-0.1397047018382409,-0.1397047018382409,918.4607044650544,-0.0026840480660439,1000.0,-0.4441327734440392,14.459190804877151,921.343273571722,-5.239073941577203,-0.2328411697303636,-0.0185467721364602,904.8776631993256,-460.4321195673458,0.4441327734440392,-0.0091526039052496, Neutralism,Healthy
SRR13077835.bin.4.fbc2XSRR13077835.bin.30.fbc2 ,-0.0593964037537944,-0.0593964037537944,4.410396942710236,-0.00114114128246,-1000.0,999.910899688663,-181.2705902124119,1000.0,-2.227427903538114,-0.0989940062563619,-0.0078852862620806,59.01961809724162,-216.76545768609665,-999.9108996886628,-0.0038912917733568,-0.0964023421827278,-0.0964023421827278,995.58960305729,-0.0018521103205557,1000.0,-608.1774982890062,-454.4776860296731,-1000.0,-3.615189697921096,-0.1606705703045463,-0.0127980823147026,73.68636641423109,-598.1524677126126,608.177498289006,-0.006315696192928, Competition,Healthy
SRR13077835.bin.31.fbc2XSRR13077835.bin.13.fbc2 ,-0.1295474798156419,-0.1295474798156419,687.3754801072973,-0.0024889045113241,-0.3614636021831074,1000.0,41.08535093588489,-73.86771165592586,-4.858167382836086,-0.2159124663594411,-0.0171983301734144,675.3998049378808,-249.9582175155158,-1000.0,-0.0084871643837232,-0.2391988609481359,-0.2391988609481359,312.62451989270266,-0.0045955592881909,1000.0,-1000.0,371.3622004514434,1000.0,-8.970210041316136,-0.3986647682469311,-0.0317553146811633,324.6001950621192,-500.0897053173047,1000.0,-0.0156708571726085, Amensalism,Healthy
SRR13077835.bin.2.fbc2XSRR13077835.bin.19.fbc2 ,0.0,0.0,0.0,0.0,-1000.0,1000.0,0.0,0.0,0.0,0.0,0.0,0.0,0.0,-1000.0,0.0,-0.1755491974855658,-0.1755491974855658,1000.0,-0.0033727031217267,999.7366593402562,-1000.0,-1000.0,1000.0,-6.583280404379025,-0.2925819958092006,-0.0233053785710808,1000.0,-683.4643499209168,1000.0,-0.0115009176450939, Amensalism,Healthy
SRR13077835.bin.2.fbc2XSRR13077835.bin.4.fbc2 ,-0.083074749921252,-0.083074749921252,983.9206615549124,-0.0015960566747708,1000.0,-1000.0,108.13829708874437,-1000.0,-3.1153909051633946,-0.1384579165353443,-0.0110287516225753,7.835536993963615,-4.220104952719566,1000.0,-0.0054425532608775,-0.0601539350138864,-0.0601539350138864,16.079338445087615,-0.0011556951972124,-1000.0,999.9097633190032,-168.21076956594288,1000.0,-2.2558361262549624,-0.1002565583563637,-0.0079858538125563,49.90491190300418,-221.40955696739772,-999.9097633190032,-0.0039409206224263, Amensalism,Healthy
SRR13077835.bin.4.fbc2XSRR13077835.bin.14.fbc2 ,-0.0770400409007834,-0.0770400409007834,276.1913525508903,-0.0014801160596107,-1000.0,999.8844325380684,122.9052885205665,1000.0,-2.8890829401625524,-0.1284000681679344,-0.0102276019716782,-153.27072195227754,-324.9310304035755,-999.8844325380684,-0.0050471957631543,-0.1273692133091799,-0.1273692133090662,723.8086474491097,-0.002447055010748,1000.0,-1000.0,217.6872948478649,-314.3519936587033,-4.7764800871187845,-0.2122820221819665,-0.0169091501242064,-4.549344441021617,-401.1910746618188,1000.0,-0.0083444575866451, Amensalism,Healthy
SRR13077835.bin.5.fbc2XSRR13077835.bin.12.fbc2 ,-0.0783280304467552,-0.0783280304467552,402.0608128759909,-0.0015048612957571,-629.7876668758958,1000.0,-133.92266726189996,-781.5914578243185,-2.93738390912506,-0.1305467174113346,-0.0103985915540079,392.3434946034943,-389.1498571943314,-1000.0,-0.0051315770186874,-0.0794625769887034,-0.0794625769887034,597.9391871240091,-0.0015266585396602,1000.0,-1000.0,1000.0,-218.40854217568156,-2.979930603296566,-0.1324376283145056,-0.0105492105089979,607.6565053965057,-300.468382950012,1000.0,-0.0052059056201869, Amensalism,Healthy
SRR13077835.bin.13.fbc2XSRR13077835.bin.12.fbc2 ,-0.2861071956476735,-0.2861071956476735,999.9961096846428,-0.0054967760930821,-1000.0,1000.0,0.0,697.2186269192173,-10.729322159472304,-0.4768453260794558,-0.0379827228035765,277.5260220396881,-500.107297069338,-1000.0,-0.0187440064776183,-0.0061791551524947,-0.0061791551524947,0.0038903153573528,-0.0001187157570257,0.0,0.0,0.0,-497.96157840615473,-0.2317248475847009,-0.0102985919207867,-0.0008203258809089,722.4739779603119,-0.0023173315769327,0.0,-0.0004048207314326, Amensalism,Healthy
SRR13077835.bin.18.fbc2XSRR13077835.bin.30.fbc2 ,-0.1725141181706249,-0.1725141181706249,997.3296124626264,-0.0033143922798899,-1000.0,999.7412122507826,0.0,-15.815269070203954,-6.46946172297271,-0.2875235302843748,-0.0229024506543282,30.05361658145648,-500.0,-999.7412122507828,-0.0113020776745997,-0.0292240496116846,-0.0292240496116846,2.670387537373585,-0.0005614610876136,1000.0,-314.63226532695387,-1000.0,-19.496635733178096,-1.0959327407994124,-0.0487067493528456,-0.0038796961156322,2.553600559921392,-500.0,314.632265326954,-0.0019145823088138, Amensalism,Healthy
SRR13077835.bin.31.fbc2XSRR13077835.bin.12.fbc2 ,-0.1304733149572712,-0.1304733149572712,708.4631570244057,-0.0025066919299661,0.0,999.445598889186,0.0,94.50326782913088,-4.892887178954993,-0.2174555249288232,-0.0173212412364591,696.4018954666449,-249.91033034877037,-999.445598889186,-0.0085478194813504,-0.0682223940414132,-0.0682223940414132,291.53684297559425,-0.0013107088192327,1000.0,-1000.0,1000.0,-507.9850774570174,-2.5584118655360726,-0.1137039900689842,-0.0090569979408883,303.5981045333551,-142.7441902614479,1000.0,-0.0044695170736304, Amensalism,Healthy
SRR13077835.bin.27.fbc2XSRR13077835.bin.13.fbc2 ,-0.0421101768563403,-0.0421101768563403,43.39921373193829,-0.0008090331768926,-1000.0,999.9368306895494,1000.0,-66.5515286606369,-1.5791761289389117,-0.0701836280940142,-0.0055904192522575,74.79933981598333,-5.341530173420892,-999.9368306895497,-0.0027588031331333,-0.2895578078455401,-0.2895578078455401,956.6007862680616,-0.0055630702755706,1000.0,-1000.0,-194.14814300474316,711.4415884173955,-10.858723763071794,-0.4825963464091956,-0.0384408156044173,434.1408662390161,-500.1085911317799,1000.0,-0.0189700696398631, Neutralism,Healthy
SRR13077835.bin.14.fbc2XSRR13077835.bin.13.fbc2 ,-0.1260862803692362,-0.1260862803692362,699.7324807992852,-0.0024224069235287,-1000.0,1000.0,234.9569230817044,-304.4690179016602,-4.72836874622908,-0.2101438006154694,-0.0167388318415078,-4.503520935587858,-401.1790775011409,-1000.0,-0.0082604076092138,-0.2539737084917988,-0.2539737084917988,300.2675192007148,-0.0048794180305549,0.0,0.0,-1000.0,969.4466568773096,-9.52428243643601,-0.4232895141531116,-0.0337167785913834,768.253278425781,-500.09524623995696,0.0,-0.0166388154842707, Competition,Healthy
SRR13077835.bin.20.fbc2XSRR13077835.bin.8.fbc2 ,-0.0793434553850147,-0.0793434553850147,943.0008992604947,-0.0015243699401708,-1000.0,1000.0,-833.1476259123082,-949.0883717681772,-2.9754634172830947,-0.1322390923082821,-0.0105333962864051,17.10591112985344,-2.6301739818959504,-1000.0,-0.005198101495921,-0.0869689869158492,-0.0869689869158492,34.94525471527004,-0.0016708739080968,0.0,0.0,1000.0,-50.91162823182288,-3.2614289074108456,-0.1449483115264911,-0.0115457387048536,17.075902173585632,-500.17758047895137,0.0,-0.0056976800266284, Neutralism,Healthy
SRR13077835.bin.14.fbc2XSRR13077835.bin.12.fbc2 ,-0.1420831781409788,-0.1420831781409788,999.9614852451286,-0.0027297440565234,-1000.0,1000.0,194.88277582073056,-494.2632703288439,-5.328269316208434,-0.2368052969015934,-0.0188625314303862,61.50700147537236,-411.8853703863624,-1000.0,-0.0093084272326677,-0.0611746411672129,-0.0611746411672129,0.0385147548712438,-0.0011753053057645,0.0,0.0,805.1172241792694,-505.7367296711561,-2.294113685563161,-0.1019577352786882,-0.0081213596631641,938.4929985246276,-0.0229419595693798,0.0,-0.0040077910928175, Amensalism,Healthy
SRR13077835.bin.27.fbc2XSRR13077835.bin.14.fbc2 ,-0.0403383648173303,-0.0403383648173303,7.912664110285505,-0.0007749925997586,-1000.0,999.9394885778112,1000.0,-13.260580627477792,-1.5127313052439604,-0.0672306080289217,-0.0053551988643221,12.746234830525736,-0.9092193805535088,-999.939488577811,-0.0026427247652236,-0.1416636280192733,-0.1416636280192733,992.0873358897144,-0.0027216835354693,1000.0,-1000.0,0.0,-348.6900114963805,-5.312535743317312,-0.236106046698751,-0.0188068332298598,919.1788113390757,-432.9188395969063,1000.0,-0.0092809408557741, Neutralism,Healthy
SRR13077835.bin.4.fbc2XSRR13077835.bin.13.fbc2 ,-0.0142024490008907,-0.0142024490008907,1.054582999877539,-0.0002728616523199,-1000.0,999.9786949621904,-43.34377552418766,239.11299823759123,-0.5326068449249988,-0.0236707483348936,-0.0018854740171718,14.111181210253449,-51.831338552238776,-999.9786949621904,-0.0009304582342792,-0.2810245624923482,-0.2810245624923482,998.9454170001223,-0.005399127041187,1000.0,-1000.0,-956.6562244758125,760.8870017624088,-10.538718045449627,-0.4683742708205045,-0.0373079678544172,342.4298172319375,-500.1053909598434,1000.0,-0.0184110232103194, Amensalism,Healthy
SRR13077835.bin.18.fbc2XSRR13077835.bin.13.fbc2 ,-0.1687718663893065,-0.1687718663893065,985.503543454572,-0.0032424950314862,-1000.0,1000.0,-111.22050217259924,-83.1218497977336,-6.329123326823947,-0.2812864439821396,-0.0224056406676709,63.3994743346509,-500.06329350301473,-1000.0,-0.0110569080574123,-0.1777447216989003,-0.1777447216989003,14.496456545428032,-0.0034148841824617,1000.0,-1000.0,-126.9123095305672,1000.0,-6.665614882338446,-0.2962412028315384,-0.0235968497009935,30.57639488627956,-354.52589540824465,1000.0,-0.0116447550623206, Amensalism,Healthy
SRR13077835.bin.4.fbc2XSRR13077835.bin.8.fbc2 ,-0.0770996156959427,-0.0770996156959427,281.6827101150375,-0.0014812606281111,-1000.0,999.884343170153,111.98254159999853,1000.0,-2.891317057930792,-0.128499359493162,-0.0102355109405607,-145.67501632883443,-323.9180358113865,-999.884343170153,-0.0050510987420011,-0.0873206906533141,-0.0873206906533141,687.9250689610819,-0.0016776309443002,1000.0,-1000.0,888.0174584000015,-1000.0,-3.2746181692009486,-0.1455344844222281,-0.0115924298254412,991.637557457862,-501.8422121320916,1000.0,-0.0057207215202197, Neutralism,Healthy
SRR13077835.bin.4.fbc2XSRR13077835.bin.12.fbc2 ,-0.0014568684591722,-0.0014568684591722,0.1081777311761698,-2.798978789542161e-05,-1000.0,999.9978145573624,-4.446147242428765,24.527895525614213,-0.0546341066559534,-0.0024281140985067,-0.0001934094342459,1.4475063297238648,-5.316790247006907,-999.9978145573624,-9.544517672566144e-05,-0.0902886518663308,-0.0902886518663308,999.891822268824,-0.0017346522932939,1000.0,-1000.0,1000.0,-804.8173094153035,-3.38591985086407,-0.1504810864439605,-0.0119864473466577,998.552493670276,-916.1977172007672,1000.0,-0.0059151643201857, Amensalism,Healthy
SRR13077835.bin.19.fbc2XSRR13077835.bin.5.fbc2 ,-0.1755491974855658,-0.1755491974855658,404.9063840670224,-0.0033727031217267,-1000.0,999.7366593402562,-1000.0,1000.0,-6.583280404379025,-0.2925819958092006,-0.0233053785710808,415.18399906082,-606.5974115857168,-999.736659340256,-0.0115009176450939,-0.0828443936463827,-0.0828443936463827,595.0936159329776,-0.0015916310018155,394.7874414154667,0.2633406597439034,0.0,-1000.0,-3.106752301446022,-0.1380739894107137,-0.0109981702228196,584.81600093918,-393.4025884142832,-0.2633406597439034,-0.0054274617162946, Neutralism,Healthy
SRR13077835.bin.8.fbc2XSRR13077835.bin.14.fbc2 ,-0.0873206906533141,-0.0873206906533141,14.88181881020796,-0.0016776309443002,-1000.0,1000.0,587.2705319734509,-58.45991341261424,-3.2746181692009486,-0.1455344844222281,-0.0115924298254412,48.43355735514979,-500.1782986167653,-1000.0,-0.0057207215202197,-0.1412922977879134,-0.1412922977879134,985.118181189792,-0.0027145494291289,0.0,0.0,45.91225599502786,-421.58988363262574,-5.298610467263757,-0.2354871629797799,-0.0187575365555403,-8.988401442562008,-401.32127436005135,0.0,-0.0092566135534752, Neutralism,Healthy
SRR13077835.bin.5.fbc2XSRR13077835.bin.14.fbc2 ,-0.0599570747662028,-0.0599570747662028,0.3437884527180586,-0.0011519130598571,-975.1857250064884,1000.0,0.0,-32.29087038076568,-2.2484536589494155,-0.0999284579436334,-0.0079597192436722,-7.094442470076274,-314.06653324659214,-1000.0,-0.003928023534172,-0.142066912559585,-0.142066912559585,999.656211547282,-0.0027294315573271,1000.0,-1000.0,1000.0,-718.0986544300424,-5.327659339719617,-0.2367781875992705,-0.0188603720612263,858.8271567000929,-401.32851805735686,1000.0,-0.0093073616105812, Amensalism,Healthy
SRR13077835.bin.4.fbc2XSRR13077835.bin.19.fbc2 ,0.0,0.0,0.0,0.0,-1000.0,1000.0,0.0,0.0,0.0,0.0,0.0,0.0,0.0,-1000.0,0.0,-0.1755491974855658,-0.1755491974855658,1000.0,-0.0033727031217267,999.7366593402562,-1000.0,-1000.0,-1000.0,-6.583280404379025,-0.2925819958092006,-0.0233053785710808,640.5572409063279,251.80959013292767,1000.0,-0.0115009176450939, Amensalism,Healthy
SRR13077835.bin.30.fbc2XSRR13077835.bin.5.fbc2 ,-0.1063282891980179,-0.1063282891980179,999.6570250256602,-0.0020428105513019,-238.78155713236004,1000.0,0.0,-733.8775684485622,-3.987423199506793,-0.1772138153301057,-0.0141158209098648,1000.0,-690.5217206223081,-1000.0,-0.0069659839800806,-0.0598152032648613,-0.0598152032648613,0.3429749743397678,-0.0011491873825661,-0.0897285508341383,0.0,-1000.0,-7.369175582856315,-2.2431333277370413,-0.0996920054413976,-0.00794088481382,-7.077655473574055,-309.47827937769193,0.0,-0.0039187289746678, Amensalism,Healthy
SRR13077835.bin.2.fbc2XSRR13077835.bin.31.fbc2 ,-0.0263964052005576,-0.0263964052005576,312.6337243533444,-0.000507135546627,-1000.0,1000.0,34.3601673235064,-317.7428186732884,-0.989893087475707,-0.043994008667596,-0.0035043066270645,2.489685610280844,-1.340908042774231,-1000.0,-0.0017293322139266,-0.129545449743432,-0.129545449743432,687.3662756466556,-0.002488865509008,1000.0,-0.435109233304729,41.0643354734641,-73.8665541128081,-4.858091252980444,-0.2159090829056822,-0.0171980606671695,675.3907881419182,-249.93980534640943,0.435109233304729,-0.0084870313856981, Amensalism,Healthy
SRR13077835.bin.19.fbc2XSRR13077835.bin.13.fbc2 ,-0.1755491974855658,-0.1755491974855658,5.21359193961689,-0.0033727031217267,-1000.0,999.7366593402562,514.6579498671167,455.30544413643474,-6.583280404379025,-0.2925819958092006,-0.0233053785710808,203.84265556823857,90.44439007440474,-999.736659340256,-0.0115009176450939,-0.2151480486210175,-0.2151480486210175,994.7864080603832,-0.0041334879658734,1000.0,-1000.0,485.3420501328833,446.870968243298,-8.068279165127592,-0.3585800810351429,-0.0285624018438284,37.36018890572177,-90.81825008691057,1000.0,-0.0140951939634987, Amensalism,Healthy
SRR13077835.bin.22.fbc2XSRR13077835.bin.8.fbc2 ,-0.1436022057756645,-0.1436022057756645,788.5193394590938,-0.0027589280648498,-1000.0,999.784582896696,871.2328324227976,-87.47390091180853,-5.385234457632464,-0.2393370096261833,-0.0190641929281127,987.5210014331948,-503.59219800034,-999.784582896696,-0.0094079447011381,-0.0869665785878623,-0.0869665785878623,211.48066054090623,-0.001670827638577,1000.0,-1000.0,128.76716757720237,-54.93410601561959,-3.261338592566517,-0.1449442976464752,-0.0115454189825641,12.47899856680533,-496.40780199966,1000.0,-0.0056975222476012, Neutralism,Healthy
SRR13077835.bin.22.fbc2XSRR13077835.bin.12.fbc2 ,-0.1336608664379355,-0.1336608664379355,820.3165895207858,-0.0025679321121288,-1000.0,999.7994958606826,810.362054514479,-147.77849569943055,-5.0124237276892245,-0.2227681107299304,-0.0177444108950339,1000.0,-500.2202258579388,-999.7994958606826,-0.0087566485024126,-0.0129621400587893,-0.0129621400587893,179.68341047921422,-0.0002490324699238,1000.0,-1000.0,189.63794548552096,-179.98783212850083,-0.4860939489923339,-0.0216035667647247,-0.0017208143671041,0.0,-70.09173078986657,1000.0,-0.0008492007224276, Amensalism,Healthy
SRR13077835.bin.2.fbc2XSRR13077835.bin.5.fbc2 ,-0.0587367859748155,-0.0587367859748155,695.6667022021138,-0.0011284685106147,1000.0,-1000.0,76.45760014694224,-707.0353630980125,-2.2026915398244,-0.0978946432913971,-0.0077977174080388,5.540001743594985,-2.9837634375578546,1000.0,-0.0038480776210008,-0.0605409267108143,-0.0605409267108143,285.85318909477746,-0.0011631301961188,-1000.0,999.909182794283,-1000.0,-292.96463690198755,-2.270348723814436,-0.1009015445179102,-0.0080372296555424,276.6297411086612,-298.14248821910803,-999.9091827942829,-0.0039662739688992, Competition,Healthy
SRR13077835.bin.27.fbc2XSRR13077835.bin.20.fbc2 ,-0.0401395636820325,-0.0401395636820325,12.798567357663728,-0.0007711731735753,-1000.0,999.9397867986112,1000.0,-8.267462259295485,-1.505276052600152,-0.0668992728033117,-0.0053288066291088,17.608316602956165,-0.9047384392474668,-999.9397867986112,-0.0026297005217656,-0.0829084927206622,-0.0829084927206622,985.3715446677156,-0.0015928624922025,1000.0,-1000.0,-870.5823756109369,-991.7325377407044,-3.1091560844637343,-0.1381808212012174,-0.011006679821321,17.8745090128657,-2.748352203394574,1000.0,-0.0054316610985551, Neutralism,Healthy
SRR13077844.bin.9.fbc2XSRR13077844.bin.1.fbc2 ,-0.2607775878304892,-0.2607775878304892,1000.0,-0.0050101361734959,-0.7276220764770187,1000.0,-288.1551846926586,-555.2761376633086,-9.779435101134254,-0.4346293130508911,-0.0346200409588846,448.873664606655,-990.396336341263,-1000.0,-0.0170845643516486,0.0,0.0,0.0,0.0,1000.0,-1000.0,985.1754078735156,29.649184252968325,0.0,0.0,0.0,0.0,0.0,1000.0,0.0, Amensalism,Healthy
SRR13077844.bin.3.fbc2XSRR13077844.bin.30.fbc2 ,-0.1203762763174154,-0.1203762763174154,397.241806007768,-0.0023127046362105,1000.0,-875.2930859838849,782.4715533871049,265.02526251315203,-4.514237560660149,-0.2006271271957302,-0.0159807890365755,-4.096863754953802,-526.0531481984485,875.2930859838848,-0.0078863228096679,-0.2138044743372802,-0.2138044743372802,602.758193992232,-0.0041076748191244,-1000.0,1000.0,217.5284466128951,734.974737486848,-8.017893709761097,-0.3563407905620579,-0.0283840330004068,-81.90952103729717,-473.9468518015515,-1000.0,-0.0140071711333575, Competition,Healthy
SRR13077844.bin.26.fbc2XSRR13077844.bin.22.fbc2 ,-0.109526953962586,-0.109526953962586,400.2462872957872,-0.0021042642451902,-1000.0,1000.0,358.79921872316027,-75.46809042494885,-4.107376508131438,-0.1825449232710525,-0.0145404659343739,269.4325120581707,-371.4648237931908,-1000.0,-0.0071755410760943,-0.1183614919845013,-0.1183614919845013,599.7537127042128,-0.0022739960035096,1000.0,-1000.0,-350.5639142683534,238.94108854124036,-4.438681019196906,-0.1972691533073884,-0.0157133123844914,730.5674879418293,-229.2414816917817,1000.0,-0.0077543263720372, Amensalism,Healthy
SRR13077844.bin.3.fbc2XSRR13077844.bin.29.fbc2 ,-0.1238791893493953,-0.1238791893493953,416.4592364579428,-0.0023800036378816,-376.46878503253856,1000.0,1000.0,-214.80013592200817,-4.645600500800356,-0.2064653155822498,-0.0164458251374526,-4.216081244280076,-653.2903639543212,-1000.0,-0.0081158124049807,-0.0932013175043948,-0.0932013175043948,583.5407635420572,-0.0017906112873333,999.8601890706868,-1000.0,-100.3464790721689,-585.7571105690356,-3.4951478900352413,-0.1553355291739535,-0.0123731239953031,500.28802863161786,-2.016814734705463,1000.0,-0.0061059844897499, Competition,Healthy
SRR13077844.bin.25.fbc2XSRR13077844.bin.7.fbc2 ,-0.1390438058066365,-0.1390438058066365,840.6488468753046,-0.002671350735909,-1000.0,999.7914209345364,1000.0,-995.3978378817294,-5.214289642039148,-0.2317396763444321,-0.0184590335854863,9.578645637983756,-501.4824258584523,-999.7914209345364,-0.0091093060095772,-0.0135982836992525,-0.0135982836992525,159.35115312469543,-0.0002612542497217,0.0,-0.020398731820137,-309.8252554087792,-4.602162118270599,-0.5099500077071752,-0.0226638061654966,-0.0018052668657446,158.8143318111306,-498.5175741415477,0.020398731820137,-0.0008908769916615, Amensalism,Healthy
SRR13077844.bin.9.fbc2XSRR13077844.bin.22.fbc2 ,-0.2113318213600905,-0.2113318213600905,435.0196519815577,-0.0040601694786346,-0.3170180328875176,0.0,58.76581201283216,449.92575218826687,-7.925166610323345,-0.3522197022667797,-0.0280557710970015,0.0,-500.3341519480871,0.0,-0.0138451779220076,-0.1245405938682324,-0.1245405938682324,564.9803480184423,-0.0023927107371264,1000.0,-1000.0,-486.0911384101464,383.5825110709584,-4.670403869150277,-0.2075676564470541,-0.0165336311936243,1000.0,-355.2761833984628,1000.0,-0.008159143613625, Competition,Healthy
SRR13077844.bin.8.fbc2XSRR13077844.bin.25.fbc2 ,-0.186980596527178,-0.186980596527178,293.600767747673,-0.0035923265422752,999.7195111435768,-1000.0,977.7764397873344,794.9082385360989,-7.011969947728289,-0.3116343275452209,-0.0248229764073357,1000.0,-0.0108223482890252,1000.0,-0.0122498335092586,-0.1242937338846559,-0.1242937338846559,706.399232252327,-0.0023879679901028,-1000.0,999.813547459333,22.22356021266546,-834.4541784764738,-4.661146358916085,-0.207156223141169,-0.0165008588115824,0.0,-256.8312220093044,-999.813547459333,-0.0081429708462792, Competition,Healthy
SRR13077844.bin.11.fbc2XSRR13077844.bin.29.fbc2 ,-0.0347957438826824,-0.0347957438826824,161.45162555960383,-0.0006685061264306,1000.0,-1000.0,-117.17485637787308,-5.285672042097303,-1.3048771634371406,-0.0579929064710995,-0.0046193773339382,315.28694611321976,-0.0811165333856251,1000.0,-0.0022796058912035,-0.1322462749631086,-0.1322462749631086,838.5483744403962,-0.0025407545622329,-1000.0,999.8016178837825,427.6301004441523,-827.6344615882385,-4.959375052615542,-0.2204104582717718,-0.0175566140248975,684.7130538867802,-2.861721734168213,-999.8016178837826,-0.0086639730570823, Competition,Healthy
SRR13077844.bin.26.fbc2XSRR13077844.bin.20.fbc2 ,-0.1094030927092717,-0.1094030927092717,397.53190966742727,-0.0021018845861817,-1000.0,1000.0,-642.7374128384658,-70.29380964815687,-4.102731580248815,-0.1823384878487104,-0.0145240224902636,277.04394006542407,-368.782994391677,-1000.0,-0.0071674264387411,-0.1416604888582924,-0.1416604888582924,602.4680903325727,-0.0027216232249429,0.0,0.0,753.725114536795,-53.545786868407845,-5.312418021463259,-0.2361008147638585,-0.0188064164843808,15.58292593673434,-585.3078476558223,0.0,-0.0092807351970805, Amensalism,Healthy
SRR13077844.bin.25.fbc2XSRR13077844.bin.15.fbc2 ,-0.1413195013568611,-0.1413195013568611,957.7796957787856,-0.002715072072192,-1000.0,999.7880071726044,1000.0,-1000.0,-5.299630629847115,-0.2355325022614351,-0.0187611480187115,21.9082830851371,-278.7306576925689,-999.7880071726044,-0.0092583957660963,-0.3609942332558375,-0.3609942332558375,42.22030422121452,-0.00693552801647,0.0,0.2119928273956475,0.0,1000.0,-13.5376652011347,-0.6016570554263581,-0.047924498593602,978.0917169148628,-721.2693423074311,-0.2119928273956475,-0.0236501505360138, Neutralism,Healthy
SRR13077844.bin.8.fbc2XSRR13077844.bin.21.fbc2 ,-0.2082515337660879,-0.2082515337660879,1000.0,-0.0040009900819768,999.6876026944004,-1000.0,924.2757931569436,82.7491489436627,-7.809652570682829,-0.3470858896101845,-0.0276468414663213,283.8776169070652,0.0,1000.0,-0.013643376179516,-0.1492382941358983,-0.1492382941358983,0.0,-0.0028672102620248,-1000.0,999.7761282227448,75.72420684305644,-174.10102218399038,-5.596593726662263,-0.248730490226535,-0.0198124229102631,716.1223830929348,-1000.0,-999.7761282227448,-0.0097771869933467, Neutralism,Healthy
SRR13077844.bin.26.fbc2XSRR13077844.bin.28.fbc2 ,-0.1162141089258739,-0.1162141089258739,540.3062781094382,-0.0022327398448851,-1000.0,1000.0,435.2632235230626,-243.20905977389748,-4.358151885411303,-0.1936901815430474,-0.0154282323280767,243.7692318735781,-400.6724409573012,-1000.0,-0.0076136428709787,-0.0465260330686305,-0.0465260330686305,51.86857588083194,-0.0008938719129218,999.8701829820834,-1000.0,564.7367764769374,-25.7312292926332,-1.7447754030280294,-0.0775433884476797,-0.0061766549184767,482.1690806449183,-15.034724029217044,1000.0,-0.0030481032231364, Neutralism,Healthy
SRR13077844.bin.3.fbc2XSRR13077844.bin.22.fbc2 ,-0.1238791893493953,-0.1238791893493953,416.459236457943,-0.0023800036378816,-454.20797241426976,1000.0,959.9404044902168,-137.06094854027788,-4.645600500800356,-0.2064653155822498,-0.0164458251374526,-4.216081244280076,-633.8555671088884,-1000.0,-0.0081158124049807,-0.1272578146899832,-0.1272578146899832,583.540763542057,-0.0024449147874747,1000.0,-1000.0,-471.7618486027888,379.4840945576061,-4.772302521189658,-0.2120963578166765,-0.0168943611816985,1000.0,-366.1444328911116,1000.0,-0.0083371594254231, Competition,Healthy
SRR13077844.bin.1.fbc2XSRR13077844.bin.30.fbc2 ,-0.0089928166119079,-0.0089928166119079,105.77840536587814,-0.0001727726533999,1000.0,-824.7029344720347,-743.7308284994781,-174.86761490965318,-0.3372401254413262,-0.0149880276865133,-0.0011938590353111,0.947132775286036,-43.84262865959965,824.7029344720347,-0.0005891547482406,-0.2698840076534452,-0.2698840076534452,894.2215946341219,-0.0051850914054512,-1000.0,999.5951480630628,-256.2691715005219,1000.0,-10.12093546703136,-0.4498066794224087,-0.0358289816116439,-103.39385960488472,-956.1573713404003,-999.5951480630628,-0.0176811616926215, Amensalism,Healthy
SRR13077844.bin.1.fbc2XSRR13077844.bin.7.fbc2 ,0.0,0.0,0.0,0.0,0.0,0.1280111967826087,0.0853407978551104,-0.0426703989274983,0.0,0.0,0.0,0.0,-0.0320027991956521,-0.1280111967826087,0.0,-0.085335332896193,-0.085335332896193,1000.0,-0.0016394876637377,-1000.0,999.8719888032174,0.0,-34.17462850377683,-3.2001651554293176,-0.1422255548270641,-0.0113288597563041,1000.0,-0.1422419497037026,-999.8719888032174,-0.0055906529332787, Amensalism,Healthy
SRR13077844.bin.3.fbc2XSRR13077844.bin.25.fbc2 ,-0.1645448667644586,-0.1645448667644586,881.4386626554201,-0.0031612846640882,999.75316689343,-1000.0,815.575080291158,836.3925690917922,-6.170606374323825,-0.274241444607469,-0.0218444770287078,7.521091376387972,-853.4205839352045,1000.0,-0.0107799807044557,-0.0759237805114025,-0.0759237805114025,118.5613373445799,-0.0014586701347525,-1000.0,999.886107035882,184.42491970884203,-410.2467915501615,-2.847221996035273,-0.126539634185633,-0.0100794106308512,98.05981062614433,-146.5794160647955,-999.8861070358822,-0.004974065159331, Amensalism,Healthy
SRR13077844.bin.16.fbc2XSRR13077844.bin.28.fbc2 ,-0.057020357104875,-0.057020357104875,13.374036206675214,-0.0010954919712276,-1000.0,1000.0,754.398814973044,-13.730087529719183,-2.1383236434903665,-0.0950339285080872,-0.0075698495214737,330.5039185797641,-0.1164288867071263,-1000.0,-0.0037356276220634,-0.0465260330686305,-0.0465260330686305,986.6259637933248,-0.0008938719129218,999.8701829820834,-1000.0,245.60118502695605,-960.4886172051253,-1.7447754030280294,-0.0775433884476797,-0.0061766549184767,669.4960814202359,-202.36172480453445,1000.0,-0.0030481032231364, Neutralism,Healthy
SRR13077844.bin.15.fbc2XSRR13077844.bin.21.fbc2 ,-0.3609942332558375,-0.3609942332558375,937.2524824161944,-0.00693552801647,-1000.0,999.4584739724762,0.0,632.7402947918251,-13.5376652011347,-0.6016570554263581,-0.047924498593602,295.0163065910804,0.0,-999.4584739724762,-0.0236501505360138,-0.1506485361614977,-0.1506485361614977,62.747517583805575,-0.0028943042490254,0.0,-0.2259872757636003,1000.0,-244.74492365733693,-5.64947929279117,-0.2510808936025341,-0.0199996423607444,704.9836934089196,-1000.0,0.2259872757636003,-0.0098695774892121, Neutralism,Healthy
SRR13077844.bin.3.fbc2XSRR13077844.bin.20.fbc2 ,-0.1285511259146687,-0.1285511259146687,469.8790863522543,-0.0024697622653775,-0.1928390376832567,0.0,587.5429964462396,458.2478891490391,-4.8208030587237545,-0.2142518765243721,-0.0170660572539418,-6.731633425849623,-497.26158008256033,0.0,-0.0084218893250636,-0.1352648941638108,-0.1352648941638108,530.1209136477457,-0.0025987491674186,1000.0,-1000.0,-347.41591969801016,-7.140375187361997,-5.072576462345069,-0.2254414902729422,-0.0179573567468196,14.87939823292993,-502.73841991743967,1000.0,-0.0088617346608543, Competition,Healthy
SRR13077844.bin.3.fbc2XSRR13077844.bin.28.fbc2 ,-0.1738818582856538,-0.1738818582856538,988.1996767563342,-0.0033406697076543,-855.0554875256997,1000.0,984.8374163427716,795.3921199253591,-6.52075342254625,-0.2898030971427943,-0.02308402768017,4.592351833777684,-992.0968025398616,-1000.0,-0.0113916837032093,-0.0460362788254542,-0.0460362788254542,11.80032324366573,-0.0008844626095196,999.8715494952198,-1000.0,15.162583657228424,-497.5407340249831,-1.726409101396257,-0.0767271313757191,-0.0061116366317719,984.9269351408398,-7.903197460138472,1000.0,-0.003016017498453, Neutralism,Healthy
SRR13077844.bin.11.fbc2XSRR13077844.bin.21.fbc2 ,-0.088159077389605,-0.088159077389605,934.3043774123804,-0.0016937382783908,1000.0,-1000.0,-257.3099009171243,-520.1140482057225,-3.3060585577151187,-0.1469317956493796,-0.0117037315036441,768.0261008117427,-0.2055182026984994,1000.0,-0.0057756475292762,-0.1305477490303701,-0.1305477490303701,58.599448412645415,-0.0025081219794174,-1000.0,999.8041658358444,1000.0,422.1993169856978,-4.895678535349816,-0.2175795817173593,-0.0173311228779766,231.9738991882573,-999.7944817973016,-999.8041658358444,-0.008552695949902, Amensalism,Healthy
SRR13077844.bin.11.fbc2XSRR13077844.bin.22.fbc2 ,-0.0294470911672988,-0.0294470911672988,136.43101725932002,-0.0005657462279486,-1000.0,1000.0,-599.8885049865924,-4.511067770584759,-1.104297034818046,-0.0490784852788692,-0.0039093064355029,267.4378328327075,-0.0686476473053971,-1000.0,-0.0019291946374551,-0.1570671400755827,-0.1570671400755827,863.56898274068,-0.0030176203664495,1000.0,-1000.0,-400.1114950134077,181.70071544419875,-5.89018372195244,-0.2617785667926,-0.0208517567324406,732.5621671672925,-498.5500937663114,1000.0,-0.0102900854496965, Amensalism,Healthy
SRR13077844.bin.3.fbc2XSRR13077844.bin.7.fbc2 ,-0.1749138784383603,-0.1749138784383603,1000.0,-0.0033604971841896,-1000.0,1000.0,935.6269544336578,986.344787716806,-6.559455268783268,-0.2915231307306385,-0.0232210355429742,-8.696261008337615,-996.40117215486,-1000.0,-0.01145929539814,0.0,0.0,0.0,0.0,0.0,0.0,64.37304556634217,-564.3730455663422,0.0,0.0,0.0,564.3730455663422,0.0,0.0,0.0, Amensalism,Healthy
SRR13077844.bin.25.fbc2XSRR13077844.bin.22.fbc2 ,-0.0868094994364128,-0.0868094994364128,243.0929995423744,-0.0016678097874773,-1000.0,999.8697774117963,451.9006400799269,-955.8628504751622,-3.255447958402442,-0.1446824990606501,-0.0115245656312481,5.980255131021067,-501.3982014020828,-999.8697774117963,-0.005687231375191,-0.1514659985398339,-0.1514659985398339,756.9070004576256,-0.0029100095780449,1000.0,-1000.0,-313.085767137366,320.7027500441402,-5.680134995769549,-0.2524433308997231,-0.0201081661846274,994.0197448689788,-498.60179859791725,1000.0,-0.0099231326613562, Amensalism,Healthy
SRR13077844.bin.16.fbc2XSRR13077844.bin.15.fbc2 ,-0.057020357104875,-0.057020357104875,13.374036206675214,-0.0010954919712276,1000.0,-1000.0,754.3988149730433,-13.730087529719183,-2.1383236434903665,-0.0950339285080872,-0.0075698495214737,330.5039185797641,-0.1164288867071263,1000.0,-0.0037356276220634,-0.3609942332558375,-0.3609942332558375,986.6259637933248,-0.00693552801647,-1000.0,999.4584739724762,-1000.0,1000.0,-13.5376652011347,-0.6016570554263581,-0.047924498593602,669.4960814202359,-557.2340775551072,-999.4584739724762,-0.0236501505360138, Neutralism,Healthy
SRR13077844.bin.22.fbc2XSRR13077844.bin.7.fbc2 ,-0.1639251258919785,-0.1639251258919785,920.934550090135,-0.0031493780190885,1000.0,-1000.0,-224.98969091787205,144.79966149769825,-6.147365436738596,-0.2732085431532596,-0.0217622021116312,922.0822394672684,-498.4867868494033,1000.0,-0.010739379044935,-0.0067470764886365,-0.0067470764886365,79.06544990986504,-0.0001296268297892,-1000.0,999.989878737133,1000.0,-2.817525994658695,-0.2530224977998614,-0.0112451274810609,-0.00089572139359,77.91776053273156,-154.6142828894515,-999.9898787371328,-0.0004420274894982, Amensalism,Healthy
SRR13077844.bin.8.fbc2XSRR13077844.bin.11.fbc2 ,-0.1818749208515555,-0.1818749208515555,607.9524981165541,-0.0034942347906508,-1000.0,999.7271701475486,1000.0,616.5641604484176,-6.820501714848774,-0.3031248680860017,-0.0241451624032151,243.1725812416662,-0.0116882153746473,-999.7271701475486,-0.011915340636051,-0.0840149883056255,-0.0840149883056255,392.0475018834459,-0.0016141208127464,1000.0,-1000.0,-277.0023483898136,-14.242001297140291,-3.1506508381058893,-0.1400249805093381,-0.011153574816376,756.8274187583338,-0.1958574194237599,1000.0,-0.0055041519716496, Amensalism,Healthy
SRR13077844.bin.11.fbc2XSRR13077844.bin.28.fbc2 ,-0.088159077389605,-0.088159077389605,745.3245783917037,-0.0016937382783908,1000.0,-1000.0,-120.38793055483416,-520.1140482057219,-3.3060585577151187,-0.1469317956493796,-0.0117037315036441,768.0261008117427,-0.2055182026983857,1000.0,-0.0057756475292762,-0.0347522402807953,-0.0347522402807953,254.67542160829635,-0.0006676703224002,-1000.0,999.903034239078,-576.4169367457168,-108.50233331723678,-1.3032457323993183,-0.0579204004681059,-0.0046136019277582,231.9738991882573,-9.689063799561607,-999.903034239078,-0.0022767557993574, Amensalism,Healthy
SRR13077844.bin.9.fbc2XSRR13077844.bin.25.fbc2 ,-0.2122161402293159,-0.2122161402293159,441.34638250357057,-0.0040771592742885,457.1132281873413,0.1708106912160474,-756.9000357094642,0.0,-7.958329502360812,-0.3536935670489356,-0.02817317058566,17.897587609756783,-614.7361460769525,-0.1708106912160474,-0.0139031131254796,-0.1138665020208691,-0.1138665020208691,558.6536174964294,-0.0021876369264646,-1000.0,999.829189308784,1000.0,-1000.0,-4.2701141458153415,-0.189777503368191,-0.015116571161684,328.96651093025935,-385.26385392304746,-999.829189308784,-0.0074598419191715, Competition,Healthy
SRR13077844.bin.22.fbc2XSRR13077844.bin.21.fbc2 ,-0.1331467239139101,-0.1331467239139101,1000.0,-0.0025580542538818,1000.0,-1000.0,-803.742538823358,-384.2159253531616,-4.99314283975616,-0.2219112065232593,-0.0176761548942749,54.75498568404646,-90.45916599083876,1000.0,-0.0087229650057452,-0.1477083919276083,-0.1477083919276083,0.0,-0.0028378173280998,-1000.0,999.778423223022,-196.257461176642,-217.17395002377884,-5.539220777236778,-0.2461806532126047,-0.0196093177371494,945.2450143159537,-909.5408340091612,-999.778423223022,-0.0096769570888, Amensalism,Healthy
SRR13077844.bin.11.fbc2XSRR13077844.bin.25.fbc2 ,-0.0878505722695308,-0.0878505722695308,407.244645353032,-0.0016878111866844,1000.0,-1000.0,-1000.0,-16.292350857499628,-3.2944892897240834,-0.146417620449256,-0.0116627753003513,800.8156410469217,-0.2123266472913201,1000.0,-0.0057554361467282,-0.1173746268034392,-0.1173746268034392,592.755354646968,-0.0022550360577042,-1000.0,999.8239267846144,326.8774337667594,-983.7076491425004,-4.401672532113025,-0.195624378005732,-0.0155822991587228,8.08586869813189,-447.4253313555657,-999.8239267846144,-0.0076896729567579, Amensalism,Healthy
SRR13077844.bin.22.fbc2XSRR13077844.bin.1.fbc2 ,-0.1512836537292514,-0.1512836537292514,753.9893418058541,-0.0029065063156394,1000.0,-1000.0,-319.09459590005326,324.317928437971,-5.673296872696028,-0.2521394228821236,-0.0200839586410666,999.8223793394828,-498.6034818454592,1000.0,-0.0099111865363283,-0.0209147483935794,-0.0209147483935794,246.0106581941459,-0.0004018203342184,-0.480468279352749,1000.0,1000.0,-1.4937150300527264,-0.7843251648795331,-0.0348579139894127,-0.002776578509156,0.1776206605171637,-249.9225883952776,-1000.0,-0.0013702073395052, Amensalism,Healthy
SRR13077844.bin.28.fbc2XSRR13077844.bin.29.fbc2 ,-0.0351665316957223,-0.0351665316957223,132.37114339126197,-0.000675629811667,-1000.0,999.901878282456,398.76811622360856,-14.668811663841096,-1.318782098228553,-0.0586108861594993,-0.0046686019984463,298.10529643053,-36.38713450545117,-999.901878282456,-0.0023038976577254,-0.1362127107416881,-0.1362127107416881,867.628856608738,-0.0026169588999209,999.795667849093,-1000.0,454.8770625315237,-852.4575346085483,-5.108120585552797,-0.2270211845694802,-0.0180831859985346,701.89470356947,0.0,1000.0,-0.0089238298487543, Competition,Healthy
SRR13077844.bin.30.fbc2XSRR13077844.bin.21.fbc2 ,-0.2749205174615099,-0.2749205174615099,1000.0,-0.0052818543219927,-1000.0,999.587592814536,113.23907733087684,0.0,-10.30980990679234,-0.458200862435774,-0.0364976133652135,-81.52697960749765,-477.8763160485162,-999.5875928145362,-0.018011123238125,-0.1162460388919726,-0.1162460388919726,0.0,-0.0022333532928087,0.0,-0.1743802251044144,0.0,-1000.0,-4.359349292878505,-0.1937433981531739,-0.0154324712534617,1000.0,-522.1236839514838,0.1743802251044144,-0.0076157347285743, Amensalism,Healthy
SRR13077844.bin.8.fbc2XSRR13077844.bin.3.fbc2 ,-0.1918529869780059,-0.1918529869780059,501.3370086451077,-0.0036859363492567,999.7122020898514,-1000.0,490.8115577602564,509.3170518724005,-7.194689738173224,-0.3197549782966007,-0.0254698201732708,1000.0,0.0,1000.0,-0.0125690429508722,-0.1310684781449254,-0.1310684781449254,498.66299135489226,-0.0025181263812328,-1000.0,999.8033846921508,509.1884422397436,490.6829481275995,-4.915206427386693,-0.2184474635748756,-0.0174002532945678,-4.4607601593593245,-497.2079549786366,-999.8033846921506,-0.0085868109600824, Competition,Healthy
SRR13077844.bin.16.fbc2XSRR13077844.bin.1.fbc2 ,-0.057020357104875,-0.057020357104875,13.3740362066751,-0.0010954919712276,-1000.0,1000.0,754.3988149730435,-13.730087529718958,-2.1383236434903665,-0.0950339285080872,-0.0075698495214737,330.5039185797641,-0.1164288867071263,-1000.0,-0.0037356276220634,-0.0427320658014878,-0.0427320658014878,733.9188135326867,-0.0008209810912376,1000.0,-1000.0,245.6011850269565,231.163810340506,-1.6024976215151128,-0.0712201096690705,-0.0056729793407157,2.52074855249748,-0.0872538703819145,1000.0,-0.0027995455212703, Neutralism,Healthy
SRR13077844.bin.11.fbc2XSRR13077844.bin.9.fbc2 ,-0.0878505722695308,-0.0878505722695308,407.244645353032,-0.0016878111866844,1000.0,-1000.0,-302.9237540441246,-16.292350857499628,-3.2944892897240834,-0.146417620449256,-0.0116627753003513,800.8156410469219,-0.2123266472913201,1000.0,-0.0057554361467282,-0.2253774957398491,-0.2253774957398491,592.755354646968,-0.0043300191304069,-1000.0,1000.0,-697.0762459558754,964.75549821737,-8.451894241296145,-0.3756291595664152,-0.0299204321913748,199.1843589530781,-500.4408825478623,-1000.0,-0.0147653652347798, Amensalism,Healthy
SRR13077844.bin.22.fbc2XSRR13077844.bin.29.fbc2 ,-0.125951495985646,-0.125951495985646,660.0820917418869,-0.0024198174061211,1000.0,-1000.0,-524.2789756633705,194.24915413721877,-4.723314189420421,-0.2099191599761525,-0.0167209382758528,708.8022443982331,-498.8373261327339,1000.0,-0.0082515773547129,-0.0542904463230797,-0.0542904463230797,339.9179082581132,-0.0010430441176367,-1000.0,999.9185591152948,-475.7210243366295,-341.20662055677894,-2.0359491045413733,-0.0904840772051329,-0.0072074348528303,291.19775560176686,-1.174809273409096,-999.9185591152948,-0.0035567804411584, Competition,Healthy
SRR13077844.bin.11.fbc2XSRR13077844.bin.20.fbc2 ,-0.0878505722695308,-0.0878505722695308,407.244645353032,-0.0016878111866844,-1000.0,1000.0,-302.0798484507567,-16.292350857499855,-3.2944892897240834,-0.146417620449256,-0.0116627753003513,800.8156410469214,-0.2123266472913201,-1000.0,-0.0057554361467282,-0.1408018690244716,-0.1408018690244716,592.755354646968,-0.0027051271666778,1000.0,-1000.0,743.0955933591431,-53.221239953515806,-5.280218870412909,-0.2346697817074527,-0.0186924287215788,15.488476105411678,-575.6991220921204,1000.0,-0.0092244836382633, Amensalism,Healthy
SRR13077844.bin.28.fbc2XSRR13077844.bin.7.fbc2 ,-0.0461457895142984,-0.0461457895142984,41.00581792017783,-0.0008865665612347,-1000.0,999.8712439383062,-436.9117107237571,-23.150052644987117,-1.7305158679478154,-0.0769096491904974,-0.0061261749384584,480.1453595915968,-7.925951602535292,-999.8712439383062,-0.0030231919739662,-0.0641706645513977,-0.0641706645513977,958.9941820798222,-0.0012328657934403,0.0,-0.0962621611560052,0.0,-221.3838804540395,-2.4064677282955245,-0.1069511075855871,-0.0085191026330448,519.8546404084032,-0.1069634362435181,0.0962621611560052,-0.0042040723558329, Amensalism,Healthy
SRR13077844.bin.3.fbc2XSRR13077844.bin.21.fbc2 ,-0.1610488511557832,-0.1610488511557832,997.1904478709904,-0.0030941181778416,999.7584112526756,-1000.0,593.3523273184824,330.1977436581976,-6.039502094840373,-0.2684147519262296,-0.0213803566088017,315.70526540745186,-500.0,1000.0,-0.0105509429863559,-0.1123565090902047,-0.1123565090902047,2.809552129009603,-0.0021586264955431,-1000.0,999.8314544432324,-605.3093674871509,-1000.0,-4.213487815339022,-0.1872608484836746,-0.0149161090838561,684.2947345925481,-500.0,-999.8314544432322,-0.0073609163496257, Amensalism,Healthy
SRR13077844.bin.9.fbc2XSRR13077844.bin.3.fbc2 ,-0.2153649739735783,-0.2153649739735783,477.5707425469,-0.004137655599834,-0.3230681492384519,0.0,301.4359154444046,434.7165009176711,-8.076414095068799,-0.3589416232894109,-0.0285912001951373,89.11696203913016,-500.3405290558699,0.0,-0.0141094055956045,-0.1331470030345372,-0.1331470030345372,522.4292574531,-0.0025580596163763,999.80026670515,-1000.0,524.1894036758167,488.70293100783056,-4.993153307075204,-0.2219116717242286,-0.0176761919494765,2.1543971700182283,-499.6594709441301,1000.0,-0.0087229832919319, Competition,Healthy
SRR13077844.bin.9.fbc2XSRR13077844.bin.7.fbc2 ,-0.2607775878304892,-0.2607775878304892,1000.0,-0.0050101361734959,-197.69944734189917,1000.0,-1000.0,1000.0,-9.779435101134254,-0.4346293130508911,-0.0346200409588846,853.536810439093,-701.0852702297107,-1000.0,-0.0170845643516486,0.0,0.0,0.0,0.0,0.0,0.0,0.0,-146.46318956090715,0.0,0.0,0.0,146.46318956090704,0.0,0.0,0.0, Amensalism,Healthy
SRR13077844.bin.25.fbc2XSRR13077844.bin.1.fbc2 ,-0.140139033532364,-0.140139033532364,872.9518351259294,-0.0026923925751134,-1000.0,999.7897779877388,626.9505771931058,-1000.0,-5.255361839053194,-0.2335650558871975,-0.018604432693678,20.12502959524488,-301.6378899218398,-999.7897779877388,-0.0091810586809515,-0.0107549071836956,-0.0107549071836956,127.0481648740706,-0.000206626458862,999.9838666060924,-1000.0,139.6907321791,0.0,-0.4033203838436066,-0.0179248453061973,-0.0014277888307105,1.1233736451904406,-0.0179269115707256,1000.0,-0.0007045962247502, Amensalism,Healthy
SRR13077844.bin.20.fbc2XSRR13077844.bin.7.fbc2 ,-0.1634151051083563,-0.1634151051083563,848.5570219682045,-0.00313957934884,1000.0,-1000.0,273.0365423548892,-561.6870358686427,-6.128239118426563,-0.2723585085138893,-0.0216944933006288,17.975975519850977,-953.7410763485808,1000.0,-0.0107059655796319,-0.0129234369451296,-0.0129234369451296,151.44297803179552,-0.0002482888942267,-1000.0,999.980613603138,-489.2352996728231,-5.176436114206808,-0.4846425413318229,-0.0215390615752539,-0.0017156762592094,158.75965075845284,-0.0215415444641848,-999.9806136031378,-0.0008466651293019, Amensalism,Healthy
SRR13077844.bin.25.fbc2XSRR13077844.bin.29.fbc2 ,-0.0323399425927846,-0.0323399425927846,4.9457558085981645,-0.0006213245454773,-1000.0,999.951486979488,39.72326121435526,38.9300100730311,-1.2127820200799988,-0.0538999043213834,-0.004293352609352,-0.3852460711862022,-307.2842638401306,-999.951486979488,-0.0021187167001244,-0.1589269719291905,-0.1589269719291905,995.0542441914016,-0.0030533520063045,999.7615942753464,-1000.0,534.0900074694725,-998.8335611707496,-5.959929381703773,-0.264878286548651,-0.0210986623636699,853.0916044088194,-3.4390743319027024,1000.0,-0.0104119303415473, Amensalism,Healthy
SRR13077844.bin.26.fbc2XSRR13077844.bin.1.fbc2 ,-0.1135967010093281,-0.1135967010093281,544.3670975115065,-0.0021824534295546,-1000.0,1000.0,402.9421732260407,-190.91056098768425,-4.259996322787856,-0.1893278350155469,-0.01508075319839,215.75669997058932,-400.6579507827739,-1000.0,-0.0074421661948917,-0.0385703294570021,-0.0385703294570021,455.6329024884935,-0.0007410245813161,1000.0,-150.0606472522071,-586.8718440874659,-809.0894390123158,-1.446428110989018,-0.0642838824282989,-0.0051204798568278,4.062267113737335,-212.5635942794495,150.06064725220722,-0.0025268938222779, Neutralism,Healthy
SRR13077844.bin.15.fbc2XSRR13077844.bin.7.fbc2 ,-0.3609942332558375,-0.3609942332558375,240.0364359735017,-0.00693552801647,-1.0902072854793232,1000.0,0.0,952.5738190943616,-13.5376652011347,-0.6016570554263581,-0.047924498593602,0.0,-905.822827889535,-1000.0,-0.0236501505360138,-0.0643052377283766,-0.0643052377283766,759.9635640264983,-0.0012354512531373,-0.096464033848747,0.0,0.0,-288.1471523628629,-2.41151436463133,-0.1071753962138473,-0.0085369681595466,1000.0,-94.177172110465,0.0,-0.0042128887733952, Amensalism,Healthy
SRR13077844.bin.28.fbc2XSRR13077844.bin.21.fbc2 ,-0.0423621656223076,-0.0423621656223076,695.2407754294143,-0.0008138744595953,999.881801012232,-1000.0,0.0,-626.7977269628515,-1.5886259739307889,-0.0706036093704369,-0.0056238725157982,392.3121457685127,-11.62905538945256,1000.0,-0.0027753119072713,-0.1472672843442524,-0.1472672843442524,66.10440774272138,-0.0028293426387335,-1000.0,999.7790849267705,1000.0,-373.2022730371485,-5.522678776754674,-0.2454454739071252,-0.0195507576333966,607.6878542314873,-988.3709446105474,-999.7790849267705,-0.0096480583979428, Neutralism,Healthy
SRR13077844.bin.15.fbc2XSRR13077844.bin.22.fbc2 ,-0.3581954341127584,-0.3581954341127584,0.0,-0.0068817566592542,-1.3593761204658676,1000.0,-1000.0,1000.0,-13.432707275843882,-0.5969923901878929,-0.0475529385153095,1000.0,-699.7219699987224,-1000.0,-0.0234667902079763,-0.1290009238729226,-0.1290009238729226,1000.0,-0.0024784039168253,1000.0,-1000.0,544.3642529598019,-245.35315722056876,-4.837670957447926,-0.2150015397880906,-0.0171257710655936,0.0,-300.2780300012776,1000.0,-0.0084513573565345, Amensalism,Healthy
SRR13077844.bin.9.fbc2XSRR13077844.bin.29.fbc2 ,-0.2113318213600905,-0.2113318213600905,435.0196519815581,-0.0040601694786346,-751.8383490029489,1000.0,-1000.0,201.44708315832892,-7.925166610323345,-0.3522197022667797,-0.0280557710970015,127.12314832222296,-562.4538192055717,-1000.0,-0.0138451779220076,-0.0902369056101406,-0.0902369056101406,564.9803480184419,-0.0017336581289555,999.8646359732944,-1000.0,623.0228927795351,-567.12620070409,-3.383979311576695,-0.1503948426835677,-0.011979577670786,484.3755949628362,-1.9526668261976283,1000.0,-0.0059117742196121, Competition,Healthy
SRR13077844.bin.8.fbc2XSRR13077844.bin.7.fbc2 ,-0.2185960080219047,-0.2185960080219047,841.5713823122478,-0.0041997311819841,999.6720849893112,-1000.0,1000.0,113.73334391802224,-8.19758128603678,-0.3643266800364699,-0.029020142467516,848.7615647090993,-0.014048100803734,1000.0,-0.0143210833305147,-0.0134047752918604,-0.0134047752918604,158.4286176877522,-0.0002575365090251,-1000.0,999.9798915493798,0.0,-5.597728571922175,-0.502693237953622,-0.0223412921531007,-0.0017795772770341,151.23843529090072,0.9480820272963228,-999.9798915493795,-0.0008781994955597, Amensalism,Healthy
SRR13077844.bin.20.fbc2XSRR13077844.bin.28.fbc2 ,-0.1643684418746716,-0.1643684418746716,879.1404275208756,-0.0031578951368373,-1000.0,1000.0,433.07589926525657,-565.3067082729729,-6.163990254530859,-0.2739474031243389,-0.0218210553958897,8.906243233495047,-942.9146079227576,-1000.0,-0.0107684224167314,-0.0465260330686305,-0.0465260330686305,19.178397318364205,-0.0008938719129218,999.8701829820834,-1000.0,566.9241007347434,-434.6932917270272,-1.7447754030280294,-0.0775433884476797,-0.0061766549184767,921.633997383974,-12.847399771410435,1000.0,-0.0030481032231364, Neutralism,Healthy
SRR13077844.bin.1.fbc2XSRR13077844.bin.21.fbc2 ,-0.0380112271127472,-0.0380112271127472,451.5342495391026,-0.0007302829416175,999.9429795079164,-1000.0,0.0,-328.53198785321683,-1.4254611822888137,-0.0633520451879121,-0.0050462551267855,328.150181325665,-0.0633593480172294,1000.0,-0.0024902648310671,-0.1322900069480965,-0.1322900069480965,-40.45313596336519,-0.0025415947540068,-1000.0,999.801552281604,1000.0,75.48251421697046,-4.961015048264699,-0.2204833449135321,-0.0175624197504475,671.849818674335,-999.9366406519828,-999.801552281604,-0.0086668381112531, Competition,Healthy
SRR13077844.bin.26.fbc2XSRR13077844.bin.29.fbc2 ,-0.1094030927092717,-0.1094030927092717,397.5319096674275,-0.0021018845861817,-1000.0,1000.0,357.262587161534,-70.29380964815653,-4.102731580248815,-0.1823384878487104,-0.0145240224902636,277.04394006542384,-368.7829943916768,-1000.0,-0.0071674264387411,-0.0962243313260842,-0.0962243313260842,602.4680903325725,-0.0018486903232997,999.8556542595592,-1000.0,165.33749120525977,-604.7563252671007,-3.6085141026958354,-0.1603738855434358,-0.0127744501337474,516.515026981856,-2.082230750080271,1000.0,-0.006304034002369, Amensalism,Healthy
SRR13077844.bin.16.fbc2XSRR13077844.bin.21.fbc2 ,0.0,0.0,0.0,0.0,1000.0,-1000.0,0.0,0.0,0.0,0.0,0.0,0.0,0.0,1000.0,0.0,-0.1535162724539333,-0.1535162724539333,145.0821533321149,-0.0029494000471456,-1000.0,999.7697108443188,387.3125056587951,69.21066083165454,-5.757022434025093,-0.2558604540898889,-0.0203803543257767,832.6193516600035,-1000.0,-999.7697108443188,-0.0100574541607665, Amensalism,Healthy
SRR13077844.bin.16.fbc2XSRR13077844.bin.22.fbc2 ,-0.0568826241592432,-0.0568826241592432,4.980797755485241,-0.0010928458051466,-1000.0,1000.0,740.6714093717226,-11.6309447995161,-2.1331585124898997,-0.094804373598663,-0.0075515645137329,330.5131900907961,-0.1161476521737086,-1000.0,-0.0037266041956627,-0.1674791355253546,-0.1674791355253546,995.0192022445148,-0.0032176587036474,1000.0,-1000.0,-988.0228591837572,45.9457018737221,-6.280644553430193,-0.2791318925422956,-0.022234021642248,669.4868099092039,-500.0628086978954,1000.0,-0.0109722161794252, Neutralism,Healthy
SRR13077844.bin.26.fbc2XSRR13077844.bin.25.fbc2 ,-0.1094030927092717,-0.1094030927092717,397.5319096674275,-0.0021018845861817,1000.0,-1000.0,357.26258716153416,-70.29380964815721,-4.102731580248815,-0.1823384878487104,-0.0145240224902636,277.0439400654236,-368.782994391677,1000.0,-0.0071674264387411,-0.1182236487212549,-0.1182236487212549,602.4680903325725,-0.002271347717965,-1000.0,999.8226531701794,244.85607100252923,-929.7061903518428,-4.433511751171864,-0.1970394145354248,-0.0156950127312711,110.37385411092056,-294.6219605544934,-999.8226531701796,-0.0077452957183368, Amensalism,Healthy
SRR13077844.bin.8.fbc2XSRR13077844.bin.26.fbc2 ,-0.1969259059462729,-0.1969259059462729,538.5288919915349,-0.0037833987694284,-1000.0,999.7045922240868,878.5945651258812,577.2055964546739,-7.384929559917055,-0.3282098432437124,-0.0261432854964596,797.8991667601413,-0.0126554688836222,-999.7045922240868,-0.0129013898035736,-0.1123207373152581,-0.1123207373152581,461.4711080084651,-0.002157939237577,1000.0,-1000.0,121.40543487411878,-140.00297857843702,-4.212146335978218,-0.1872012288587257,-0.0149113601315775,202.10083323985876,-400.650560415766,1000.0,-0.007358572800058, Amensalism,Healthy
SRR13077844.bin.8.fbc2XSRR13077844.bin.28.fbc2 ,-0.214428641831887,-0.214428641831887,980.9254905932994,-0.0041196665097231,999.6783364389196,-1000.0,1000.0,30.123731540370954,-8.041300650353492,-0.3573810697198496,-0.0284668955822553,489.4285715931212,0.0,1000.0,-0.0140480627982242,-0.0464758042744506,-0.0464758042744506,19.074509406700717,-0.0008929069024361,-1000.0,999.870323130552,0.0,-25.699467885971785,-1.7428917701695354,-0.0774596737907131,-0.0061699866961362,510.5714284068788,-12.75034670793741,-999.870323130552,-0.003044812537496, Neutralism,Healthy
SRR13077844.bin.25.fbc2XSRR13077844.bin.28.fbc2 ,-0.140167656517633,-0.140167656517633,980.8216026816352,-0.0026929424883519,-1000.0,999.7897350505112,176.78646986535296,-974.2687707073666,-5.256435231247792,-0.2336127608626839,-0.0186082325943743,21.729716485578024,-284.3881211698757,-999.7897350505112,-0.0091829338851994,-0.0465260330686305,-0.0465260330686305,19.178397318364546,-0.0008938719129218,999.8701829820834,-1000.0,-898.6742478300985,-25.73122929263343,-1.7447754030280294,-0.0775433884476797,-0.0061766549184767,978.270283514422,-478.4457483362527,1000.0,-0.0030481032231364, Neutralism,Healthy
SRR13077844.bin.20.fbc2XSRR13077844.bin.22.fbc2 ,-0.1336640546414855,-0.1336640546414855,513.3375957885867,-0.0025679933648916,-1000.0,1000.0,-351.9900269752076,4.297485536241993,-5.012543288690949,-0.2227734244024759,-0.0177448341512445,3.349947344473094,-496.5948568481407,-1000.0,-0.0087568573742373,-0.1129348259381686,-0.1129348259381686,486.6624042114133,-0.0021697372899325,1000.0,-1000.0,-648.0099730247924,399.1733733783976,-4.235175308232442,-0.1882247098969856,-0.0149928846730063,996.6500526555268,-450.208296301945,1000.0,-0.0073988041584698, Competition,Healthy
SRR13077844.bin.9.fbc2XSRR13077844.bin.21.fbc2 ,-0.2607775878304892,-0.2607775878304892,1000.0,-0.0050101361734959,999.6088085675732,-1000.0,0.0,899.3521259310428,-9.779435101134254,-0.4346293130508911,-0.0346200409588846,1.8203828772786887,-500.4123342070788,1000.0,-0.0170845643516486,-0.1143319585498829,-0.1143319585498829,0.0,-0.0021965794149991,-1000.0,999.828491079278,-1000.0,-1000.0,-4.2875692574865525,-0.1905532642497291,-0.0151783637575135,998.1796171227212,-499.5876657929212,-999.828491079278,-0.0074903358050733, Amensalism,Healthy
SRR13077844.bin.8.fbc2XSRR13077844.bin.9.fbc2 ,-0.1859123953798871,-0.1859123953798871,279.0578847202828,-0.0035718039458743,999.7211135479104,-1000.0,1000.0,865.8515451780381,-6.971911275964203,-0.3098539922998498,-0.0246811652656333,998.348947854426,0.0,1000.0,-0.0121798514552438,-0.2365202404830597,-0.2365202404830597,720.9421152797172,-0.004544096839254,-0.8997858189263752,1000.0,-225.58842236833584,-282.55133172554247,-8.869758943440388,-0.3942004008050617,-0.0313997091592455,1.6510521455738854,-750.2377334854409,-1000.0,-0.0154953702218563, Amensalism,Healthy
SRR13077844.bin.29.fbc2XSRR13077844.bin.21.fbc2 ,-0.1481757220014969,-0.1481757220014969,1000.0,-0.0028467958117062,999.7777221830188,-1000.0,922.7923781710896,-921.0430648467064,-5.556746148826164,-0.2469595366691237,-0.0196713590592025,731.7486511596762,-0.2469880046272692,1000.0,-0.0097075737180603,-0.1195043091772731,-0.1195043091772731,-3.3309420696102734,-0.0022959521455732,-1000.0,999.8207320564734,77.2076218289103,775.6563879319792,-4.481537871514206,-0.1991738486286749,-0.015865029325937,268.2513488403238,-863.3978008865557,-999.8207320564734,-0.0078291968163739, Amensalism,Healthy
SRR13077844.bin.3.fbc2XSRR13077844.bin.1.fbc2 ,-0.1749138784383603,-0.1749138784383603,1000.0,-0.0033604971841896,-1000.0,999.7376123798564,915.3112493332146,955.319837587843,-6.559455268783268,-0.2915231307306385,-0.0232210355429742,7.193900334676982,-972.219181439006,-999.7376123798564,-0.01145929539814,0.0,0.0,0.0,0.0,1000.0,-888.8767257560244,84.68875066678538,-111.12327424397564,0.0,0.0,0.0,0.0,-27.780818560993907,888.8767257560244,0.0, Amensalism,Healthy
SRR13077844.bin.22.fbc2XSRR13077844.bin.28.fbc2 ,-0.1653535793557239,-0.1653535793557239,999.8859582262272,-0.0031768218896104,1000.0,-1000.0,-794.17545199682,7.143556027079399,-6.200933951044476,-0.2755892989262065,-0.02195183925744,486.0216918075309,-500.06201156328575,1000.0,-0.0108329626436898,-0.0449840803672714,-0.0449840803672714,0.114041773772783,-0.0008642474614362,-1000.0,999.8744853411768,-205.82454800318,-25.68649325676756,-1.6869505473842992,-0.0749734672788235,-0.0059719499585071,513.9783081924691,-0.1189398962603718,-999.8744853411768,-0.0029470838434235, Neutralism,Healthy
SRR13077844.bin.8.fbc2XSRR13077844.bin.22.fbc2 ,-0.1235146216657767,-0.1235146216657767,0.0,-0.0023729994555878,-1000.0,999.814716202504,1000.0,611.5771402351984,-4.631928827437264,-0.2058577027763704,-0.0163974262384272,688.283698291634,0.0,-999.814716202504,-0.008091928143699,-0.1579945750111164,-0.1579945750111164,1000.0,-0.0030354385208966,1000.0,-1000.0,0.0,-62.64508423840937,-5.924963512036925,-0.2633242916853078,-0.0209748801792102,311.716301708366,-424.6685964188806,1000.0,-0.0103508453561289, Amensalism,Healthy
SRR13077844.bin.11.fbc2XSRR13077844.bin.16.fbc2 ,-0.0881600763410688,-0.0881600763410688,415.5468016523623,-0.001693757470548,-1000.0,1000.0,-291.2278318905076,-20.181018635905048,-3.3060960194497966,-0.146933460568448,-0.0117038641213866,795.6394146170937,-1.422265085578147,-1000.0,-0.0057757129744686,-0.0513098961621381,-0.0513098961621381,12.034656460880228,-0.0009857809061486,1000.0,-1000.0,879.1429814147973,-12.355050042074254,-1.9241753240312391,-0.0855164936035635,-0.0068117460610892,197.25693369741748,-0.1047687946996802,1000.0,-0.0033615128897963, Amensalism,Healthy
SRR13077844.bin.26.fbc2XSRR13077844.bin.15.fbc2 ,-0.1162141089258739,-0.1162141089258739,540.3062781094382,-0.0022327398448851,1000.0,-1000.0,435.2706920378439,-243.20905977389648,-4.358151885411303,-0.1936901815430474,-0.0154282323280767,243.7692318735785,-400.6724409573012,1000.0,-0.0076136428709787,-0.3609942332558375,-0.3609942332558375,459.69372189056185,-0.00693552801647,0.0,998.6684924585006,564.7293079621561,-549.8782173939605,-13.5376652011347,-0.6016570554263581,-0.047924498593602,756.2307681264215,-599.3275590426988,-998.6684924585004,-0.0236501505360138, Neutralism,Healthy
SRR13077844.bin.15.fbc2XSRR13077844.bin.28.fbc2 ,-0.3609942332558375,-0.3609942332558375,980.8216026816352,-0.00693552801647,-1.0072467338278557,1000.0,0.0,999.9381350900932,-13.5376652011347,-0.6016570554263581,-0.047924498593602,79.1322041445328,-852.0788189466596,-1000.0,-0.0236501505360138,-0.0465260330686305,-0.0465260330686305,19.17839731836466,-0.0008938719129218,999.8701829820834,-1000.0,566.9241007347437,-25.73122929263309,-1.7447754030280294,-0.0775433884476797,-0.0061766549184767,512.6719349495797,-12.84739977141055,1000.0,-0.0030481032231364, Neutralism,Healthy
SRR13077844.bin.9.fbc2XSRR13077844.bin.20.fbc2 ,-0.2149688318488642,-0.2149688318488642,473.0135013200627,-0.0041300448001493,-1000.0,999.6775261020028,-1000.0,484.3453530409779,-8.061558346796119,-0.3582813864147738,-0.0285386095691819,157.62741737583747,-500.339902687054,-999.6775261020028,-0.0140834527685456,-0.1349878073629042,-0.1349878073629042,526.9864986799373,-0.0025934256938171,1000.0,-1000.0,649.1698858600262,-7.125748304830154,-5.062185414521878,-0.2249796789382117,-0.0179205715442094,14.848918152488409,-499.660097312946,1000.0,-0.0088435816159062, Competition,Healthy
SRR13077844.bin.7.fbc2XSRR13077844.bin.29.fbc2 ,-0.000331392457042,-0.000331392457042,3.8891625170002726,-6.366809884639224e-06,-1000.0,999.9995028794804,0.0,-0.1058324891273514,-0.0124275673139209,-0.0005523207616988,-4.399465660753776e-05,4.111667405903404,-0.0005523844298522,-999.9995028794804,-2.171082189761364e-05,-0.1590957277264806,-0.1590957277264806,996.1108374829996,-0.0030565941926852,999.7613411254392,-1000.0,1000.0,-999.8941675108726,-5.9662579024250135,-0.2651595462108389,-0.021121065871057,853.9974553929228,-3.4427260955021666,1000.0,-0.010422986196886, Amensalism,Healthy
SRR13077844.bin.26.fbc2XSRR13077844.bin.7.fbc2 ,-0.1094030927092717,-0.1094030927092717,397.5319096674275,-0.0021018845861817,1000.0,-1000.0,-550.2917288971291,-70.29380964815687,-4.102731580248815,-0.1823384878487104,-0.0145240224902636,277.0439400654236,-368.782994391677,1000.0,-0.0071674264387411,-0.0514118150479134,-0.0514118150479134,602.4680903325725,-0.0009877390018573,-1000.0,999.9228773387332,-449.70827110287087,-148.48701199270363,-1.927997389940288,-0.0856863584131133,-0.0068252765030365,722.9560599345764,-0.0856962358030841,-999.9228773387332,-0.0033681899964221, Amensalism,Healthy
SRR13077844.bin.15.fbc2XSRR13077844.bin.30.fbc2 ,-0.3609935353548508,-0.3609935353548508,42.18929020261612,-0.0069355146081306,-1.359829818016351,1000.0,1000.0,-942.7854684365876,-13.537639029109071,-0.6016558922580089,-0.0479244059423535,1000.0,-368.0577922630055,-1000.0,-0.0236501048137824,-0.2732993430852275,-0.2732993430852275,957.810709797384,-0.0052507078402186,-0.4099752681669315,0.0,0.0,935.291769390978,-10.249014154625796,-0.4554989051420079,-0.0362823911762006,-82.2915085980577,-631.9422077369945,0.0,-0.0179049137352649, Neutralism,Healthy
SRR13077844.bin.28.fbc2XSRR13077844.bin.30.fbc2 ,-0.046524281434813,-0.046524281434813,19.102378346070395,-0.0008938382600263,999.8701878694952,-1000.0,566.8651084436419,-25.73026055128321,-1.7447097149079127,-0.077540469057908,-0.006176422376825,512.6526336368925,-12.771619151471896,1000.0,-0.0030479884667329,-0.2742061854968369,-0.2742061854968369,980.8976216539296,-0.0052681303649251,-1000.0,999.5886643811028,-157.02861052462765,1000.0,-10.283021703303575,-0.4570103091614328,-0.0364027808219589,-16.67964421317447,-987.228380848528,-999.5886643811028,-0.0179643245445504, Neutralism,Healthy
SRR13077844.bin.11.fbc2XSRR13077844.bin.15.fbc2 ,-0.0881600763410688,-0.0881600763410688,412.7307753022383,-0.001693757470548,1000.0,-1000.0,-293.8397901061875,-20.16746857614089,-3.3060960194497966,-0.146933460568448,-0.0117038641213866,796.9155677144763,-0.2130746897925064,1000.0,-0.0057757129744686,-0.3609942332558375,-0.3609942332558375,587.2692246977617,-0.00693552801647,-1.2532311312728552,1000.0,-706.1602098938125,-979.8325314238592,-13.5376652011347,-0.6016570554263581,-0.047924498593602,203.0844322855237,-728.9237268137798,-1000.0,-0.0236501505360138, Neutralism,Healthy
SRR13077844.bin.11.fbc2XSRR13077844.bin.30.fbc2 ,-0.0872523100035778,-0.0872523100035778,403.64474418607006,-0.0016763171951197,1000.0,-1000.0,-294.62100478228524,-13.594325834764163,-3.272053822580688,-0.1454205166726296,-0.0115833518179897,796.9672446478094,-0.2034043284503468,1000.0,-0.0057162416352412,-0.2124392630234979,-0.2124392630234979,596.35525581393,-0.0040814459754301,-1000.0,999.6813206982348,799.3738555131815,1000.0,-7.966696842907936,-0.3540654383724586,-0.0282027916905462,-81.38650202577617,-999.7965956715497,-999.6813206982348,-0.0139177307763702, Amensalism,Healthy
SRR13077844.bin.30.fbc2XSRR13077844.bin.7.fbc2 ,-0.2698840076534452,-0.2698840076534452,894.2215946341216,-0.0051850914054512,-1000.0,999.5951480630628,1000.0,891.4395583606956,-10.12093546703136,-0.4498066794224087,-0.0358289816116439,-103.39385960488494,-999.9849538733844,-999.5951480630628,-0.0176811616926215,-0.0090266354351342,-0.0090266354351342,105.77840536587836,-0.0001734223907305,0.0,-0.0135408202646658,0.0,-704.5482326934126,-0.3385083670488029,-0.0150443923919283,-0.0011983487196403,811.8461754518112,-0.0150461266157435,0.0135408202646658,-0.0005913703522537, Amensalism,Healthy
SRR13077844.bin.15.fbc2XSRR13077844.bin.1.fbc2 ,-0.3609942332558375,-0.3609942332558375,468.366821083632,-0.00693552801647,-1.126477817715454,1000.0,0.0,-1000.0,-13.5376652011347,-0.6016570554263581,-0.047924498593602,890.5116273572189,-749.8537620524521,-1000.0,-0.0236501505360138,-0.0427320658014878,-0.0427320658014878,531.633178916368,-0.0008209810912376,1000.0,-1000.0,1000.0,23.24360187884986,-1.6024976215151128,-0.0712201096690705,-0.0056729793407157,4.500585503189768,-0.0872538703819145,1000.0,-0.0027995455212703, Neutralism,Healthy
SRR13077844.bin.9.fbc2XSRR13077844.bin.28.fbc2 ,-0.2597518345535263,-0.2597518345535263,988.1996767563364,-0.0049904290980293,-937.9856218370973,1000.0,-999.9980276483808,331.89821528193943,-9.740968269356358,-0.4329197242558393,-0.0344838650675001,402.75494308862017,-734.9710012543391,-1000.0,-0.0170173632243404,-0.0460362788254542,-0.0460362788254542,11.800323243663684,-0.0008844626095196,999.8715494952198,-1000.0,474.9902293886576,-25.460370637859118,-1.7264091013961431,-0.0767271313757191,-0.0061116366317719,597.2450569113798,-92.30168261780044,1000.0,-0.003016017498453, Neutralism,Healthy
SRR13077844.bin.16.fbc2XSRR13077844.bin.25.fbc2 ,-0.0425624567590148,-0.0425624567590148,6.108378988770596,-0.0008177225122381,1000.0,-1000.0,393.87906953095785,-7.799506827600567,-1.596137103202409,-0.0709374279317671,-0.0056504625591742,331.2249830257256,-0.086907548594695,1000.0,-0.0027884337665682,-0.112331832584914,-0.112331832584914,993.8916210112292,-0.0021581524031262,-1000.0,999.8314914603608,430.72367337144897,-992.2004931723994,-4.212562420314953,-0.187219720974781,-0.0149128331058818,17.414423091733852,-504.8508738572919,-999.8314914603608,-0.0073592996948264, Competition,Healthy
SRR13077844.bin.26.fbc2XSRR13077844.bin.9.fbc2 ,-0.1094030927092717,-0.1094030927092717,397.5319096674277,-0.0021018845861817,-1000.0,1000.0,357.2625871615337,-70.29380964815653,-4.102731580248815,-0.1823384878487104,-0.0145240224902636,277.04394006542407,-368.7829943916768,-1000.0,-0.0071674264387411,-0.2262217836675972,-0.2262217836675972,602.4680903325723,-0.0043462398399469,1000.0,-541.3904684524446,-1000.0,105.95743503542462,-8.483555930726766,-0.3770363061127,-0.0300325172937618,322.43293458844914,-615.0949170273891,541.3904684524446,-0.014820677854118, Amensalism,Healthy
SRR13077844.bin.20.fbc2XSRR13077844.bin.25.fbc2 ,-0.1610034012413734,-0.1610034012413734,821.2757488253069,-0.0030932449806186,1000.0,-1000.0,136.18372160354647,-346.7835426434549,-6.037797675026127,-0.2683390020689558,-0.0213743228160865,17.710683461051076,-873.2539730640478,1000.0,-0.0105479653839211,-0.0811828171138131,-0.0811828171138131,178.7242511746931,-0.0015597083018974,-1000.0,999.8782179757876,368.9861703651345,-653.2164573565451,-3.044441425726177,-0.1353046951898022,-0.0107775843661102,276.6387818598282,-126.74602693595216,-999.8782179757876,-0.0053186053095259, Amensalism,Healthy
SRR13077844.bin.9.fbc2XSRR13077844.bin.16.fbc2 ,-0.2605620686700831,-0.2605620686700831,997.5206554877992,-0.0050059955556207,-0.885201683653122,1000.0,-1000.0,630.8042503800377,-9.771352904884113,-0.4342701144502143,-0.0345914292893212,666.9926133087565,-750.2884100465601,-1000.0,-0.0170704448446485,-0.0566915816373239,-0.0566915816373239,2.479344512200896,-0.001089175439688,1000.0,-1000.0,737.9381365049417,-9.598554614089494,-2.125994216047729,-0.094485969395464,-0.0075262022884317,333.0073866912435,-0.1157575657331335,1000.0,-0.0037140882494668, Neutralism,Healthy
SRR13077844.bin.9.fbc2XSRR13077844.bin.15.fbc2 ,-0.2607775878304892,-0.2607775878304892,1000.0,-0.0050101361734959,-1000.0,999.6088085675732,-479.937471941843,649.3174502219058,-9.779435101134254,-0.4346293130508911,-0.0346200409588846,319.5466577170039,-505.3079136169683,-999.6088085675732,-0.0170845643516486,-0.3590997648310576,-0.3590997648310576,0.0,-0.0068991309285593,1000.0,-1000.0,-520.062528058157,350.6825497780942,-13.466620633365435,-0.5984996080517249,-0.0476729947163221,680.4533422829961,-494.6920863830317,1000.0,-0.0235260364663645, Neutralism,Healthy
SRR13077844.bin.11.fbc2XSRR13077844.bin.3.fbc2 ,-0.0878505722695308,-0.0878505722695308,407.2446453530315,-0.0016878111866844,1000.0,-1000.0,-1000.0,-16.292350857498946,-3.2944892897240834,-0.146417620449256,-0.0116627753003513,800.815641046921,-0.2123266472913201,1000.0,-0.0057554361467282,-0.1392975082424072,-0.1392975082424072,592.7553546469685,-0.0026762249422063,-179.3763576595752,1000.0,1000.0,-236.55831122782604,-5.223803751460878,-0.2321625137373075,-0.0184927143507138,-4.740825436139176,-796.4171154657105,-1000.0,-0.0091259270529917, Amensalism,Healthy
SRR13077844.bin.16.fbc2XSRR13077844.bin.7.fbc2 ,-0.0459497136959043,-0.0459497136959043,4.023482288736886,-0.0008827994946614,1000.0,-1000.0,982.7142876736452,-9.398177483965128,-1.7231628175666174,-0.0765828561598027,-0.0061001445079682,74.78528651687338,-0.0938239302900001,1000.0,-0.0030103462767101,-0.0833649228787862,-0.0833649228787862,995.9765177112632,-0.001601631563517,-1000.0,999.874944607524,17.285712326354655,-37.73763489037549,-3.126272697688478,-0.1389415381312346,-0.0110672741035386,925.2147134831266,-0.1389575544468471,-999.874944607524,-0.0054615636314565, Amensalism,Healthy
SRR13077844.bin.3.fbc2XSRR13077844.bin.16.fbc2 ,-0.1621808288912234,-0.1621808288912234,998.1354682226356,-0.003115866069038,-1000.0,999.756713177333,612.5227112088514,383.6255028008866,-6.081952456053045,-0.2703013814852966,-0.0215306345367025,293.6684824069773,-542.3366776515277,-999.7567131773328,-0.0106251032952968,-0.0426335488882614,-0.0426335488882614,1.864531777364391,-0.0008190883552288,1000.0,-1000.0,387.47728879114857,-7.218363566123003,-1.5988031331697812,-0.071055914813769,-0.0056599005343969,335.4580485267277,-0.0870527103909353,1000.0,-0.0027930912912097, Amensalism,Healthy
SRR13077844.bin.20.fbc2XSRR13077844.bin.29.fbc2 ,-0.1336640546414855,-0.1336640546414855,513.3375957885864,-0.0025679933648916,-1000.0,1000.0,647.9956564617819,4.297485536242903,-5.012543288690949,-0.2227734244024759,-0.0177448341512445,3.349947344473094,-496.5948568481406,-1000.0,-0.0087568573742373,-0.0777282069842613,-0.0777282069842613,486.6624042114136,-0.0014933373099665,999.883400222837,-1000.0,36.65905361533191,-488.5107974002096,-2.9148898954621245,-0.1295470116403976,-0.0103189608119009,417.2311345212547,-1.681986879002352,1000.0,-0.0050922802270179, Competition,Healthy
SRR13077844.bin.25.fbc2XSRR13077844.bin.30.fbc2 ,-0.0748063827179521,-0.0748063827179521,105.77840536587836,-0.0014372023576925,0.0,-0.1122167600886996,1000.0,-959.175201049197,-2.80531839805235,-0.1246773045298823,-0.0099310682916211,5.153367511466399,-217.8421800331992,0.1122167600886996,-0.0049008600396973,-0.2698840076534452,-0.2698840076534452,894.2215946341216,-0.0051850914054512,-1000.0,999.5951480630628,0.0,1000.0,-10.12093546703136,-0.4498066794224087,-0.0358289816116439,-103.39385960488482,-782.1578199668008,-999.5951480630628,-0.0176811616926215, Amensalism,Healthy
SRR13077844.bin.26.fbc2XSRR13077844.bin.30.fbc2 ,-0.1094030927092717,-0.1094030927092717,397.5319096674275,-0.0021018845861817,1000.0,-1000.0,255.13046881238935,-70.29380964815687,-4.102731580248815,-0.1823384878487104,-0.0145240224902636,277.0439400654236,-368.782994391677,1000.0,-0.0071674264387411,-0.213742619484492,-0.213742619484492,602.4680903325725,-0.0041064864453801,-1000.0,999.6793655383412,744.8695311876106,1000.0,-8.015574087421555,-0.3562376991407063,-0.0283758213379314,-81.88582414610607,-631.217005608323,-999.6793655383412,-0.0140031187788736, Amensalism,Healthy
SRR13077844.bin.20.fbc2XSRR13077844.bin.30.fbc2 ,-0.1321196041590155,-0.1321196041590155,504.0148368242508,-0.0025383209252822,1000.0,-1000.0,205.6254080522399,-3.8589966110456544,-4.954624763613538,-0.2201993402650259,-0.0175397975934856,17.065943843118475,-495.6148348443604,1000.0,-0.0086556743550545,-0.1910387149907819,-0.1910387149907819,495.9851631757492,-0.0036702923149505,-1000.0,999.7134235760524,794.3745919477601,1000.0,-7.164153678231401,-0.3183978583180078,-0.0253617198959545,-297.11077618600734,-504.3851651556396,-999.7134235760524,-0.0125156967937982, Competition,Healthy
SRR13077844.bin.30.fbc2XSRR13077844.bin.29.fbc2 ,-0.2619022577850955,-0.2619022577850955,828.3422325790095,-0.0050317436654268,-1000.0,999.607121454604,1000.0,1000.0,-9.82161141284189,-0.4365037629751214,-0.0347693487279912,-100.3360128933782,-999.4067219699274,-999.607121454604,-0.0171582458990542,-0.0274166452167037,-0.0274166452167037,171.65776742099047,-0.0005267366996122,999.9588723984916,-1000.0,-735.241464292058,-172.3097410383466,-1.0281531661436247,-0.0456944086944304,-0.003639750594516,147.056466655534,-0.5932780300726108,1000.0,-0.0017961721457595, Amensalism,Healthy
SRR13077844.bin.20.fbc2XSRR13077844.bin.16.fbc2 ,-0.1638892713260702,-0.1638892713260702,873.6623154262152,-0.0031486891705299,-1000.0,1000.0,254.569856649086,-524.9037104198094,-6.146020852633001,-0.2731487855435262,-0.0217574421683366,8.880279554537992,-927.5618291331492,-1000.0,-0.0107370300714819,-0.0569814930015581,-0.0569814930015581,9.62444238056139,-0.0010947453026801,0.0,0.0,745.430143350914,-13.966213198218952,-2.1368661985497965,-0.094969155002559,-0.0075646900411356,330.5107296246731,-0.1163495307628181,0.0,-0.0037330814819824, Neutralism,Healthy
SRR13077844.bin.3.fbc2XSRR13077844.bin.15.fbc2 ,-0.1749138784383603,-0.1749138784383603,1000.0,-0.0033604971841896,-893.4527315742555,1000.0,969.51717787866,850.8518599923461,-6.559455268783268,-0.2915231307306385,-0.0232210355429742,6.146307343712806,-1000.0,-1000.0,-0.01145929539814,-0.3590997648310576,-0.3590997648310576,0.0,-0.0068991309285593,491.502952100464,0.0,0.0,149.14814000765386,-13.466620633365435,-0.5984996080517249,-0.0476729947163221,993.8536926562872,0.0,0.0,-0.0235260364663645, Neutralism,Healthy
SRR13077844.bin.1.fbc2XSRR13077844.bin.29.fbc2 ,-0.0003216761881503,-0.0003216761881503,3.783730469486613,-6.1801381434634095e-06,-1000.0,1000.0,0.0,0.0,-0.0120631969612077,-0.0005361269801369,-4.27047542643777e-05,111.61621544452532,-0.0006568250772716,-1000.0,-2.10742708759426e-05,-0.1591125670055362,-0.1591125670055362,996.2162695305132,-0.0030569177138204,999.7613158649032,-1000.0,1000.0,-1000.0,-5.966889393181759,-0.2651876116758558,-0.0211233014026674,854.0878456355599,-3.443090486338633,1000.0,-0.0104240894041822, Amensalism,Healthy
SRR13077844.bin.11.fbc2XSRR13077844.bin.26.fbc2 ,-0.0856520858407066,-0.0856520858405929,459.7959972884821,-0.0016455732150006,-1000.0,1000.0,-233.5394436256372,-73.90915037113086,-3.212043725551439,-0.1427534764011397,-0.0113709109156161,756.3815026121183,0.2235675769896943,-1000.0,-0.0056114046631137,-0.116204776737959,-0.116204776737959,540.2040027115179,-0.0022325605521018,1000.0,-1000.0,435.3588683104492,-243.05837027095765,-4.357801918501991,-0.1936746278964847,-0.0154269934151898,243.6184973878817,-400.6723869591639,1000.0,-0.0076130314827196, Neutralism,Healthy
SRR13077844.bin.20.fbc2XSRR13077844.bin.15.fbc2 ,-0.1643684418746716,-0.1643684418746716,879.1404275208745,-0.0031578951368373,1000.0,-1000.0,1000.0,-565.3067082729727,-6.163990254530859,-0.2739474031243389,-0.0218210553958897,8.906243233495275,-942.914607922758,1000.0,-0.0107684224167314,-0.3609942332558375,-0.3609942332558375,120.85957247912552,-0.00693552801647,-1.4658678445570104,1000.0,-1000.0,1000.0,-13.5376652011347,-0.6016570554263581,-0.047924498593602,991.0937567665046,-57.08539207724198,-1000.0,-0.0236501505360138, Neutralism,Healthy
SRR13077844.bin.8.fbc2XSRR13077844.bin.1.fbc2 ,-0.2033182634331751,-0.2033182634331751,599.339464330088,-0.0039062106327492,999.6950030737972,-1000.0,926.2291899202628,456.0627691993361,-7.624649720329785,-0.3388637723886631,-0.026991915472081,999.7107215211274,0.0,1000.0,-0.0133201782575724,-0.034062403459643,-0.034062403459643,400.660535669912,-0.0006544169732478,-1000.0,999.9489031227256,-1000.0,21.38098640869441,-1.277376122671967,-0.0567706724327763,-0.0045220212854246,0.2892784788725748,-0.0567772166025406,-999.9489031227256,-0.0022315618789434, Competition,Healthy
SRR13077844.bin.26.fbc2XSRR13077844.bin.3.fbc2 ,-0.1094030927092717,-0.1094030927092717,397.5319096674275,-0.0021018845861817,-1000.0,1000.0,183.81847538766897,-70.29380964815675,-4.102731580248815,-0.1823384878487104,-0.0145240224902636,277.0439400654236,-368.7829943916768,-1000.0,-0.0071674264387411,-0.1401469543768598,-0.1401469543768598,602.4680903325725,-0.0026925447526764,1000.0,-1000.0,816.181524612331,563.8909784939497,-5.25565887909454,-0.2335782572947664,-0.018605484240993,6.40590053471476,-631.2170056083232,1000.0,-0.0091815776066823, Amensalism,Healthy
SRR13077844.bin.25.fbc2XSRR13077844.bin.21.fbc2 ,-0.0927604802501491,-0.0927604802501491,1000.0,-0.0017821417915229,-1000.0,999.860850368916,-638.33969219346,-1000.0,-3.4786160271789868,-0.1546008004169152,-0.0123145997796427,15.224525450392662,-260.04860203629664,-999.860850368916,-0.006077103509142,-0.1212335225721972,-0.1212335225721972,-251.15290616312723,-0.0023291743049185,0.0,-0.1818619297298482,-197.14252062875343,0.0,-4.546385201044245,-0.2020558709536999,-0.0160945944471677,678.2758553869412,-739.9513979637034,0.1818619297298482,-0.007942484379896, Competition,Healthy
SRR13077844.bin.26.fbc2XSRR13077844.bin.21.fbc2 ,-0.1162141089258739,-0.1162141089258739,540.3062781094382,-0.0022327398448851,1000.0,-1000.0,435.2632235230626,-243.2090597738968,-4.358151885411303,-0.1936901815430474,-0.0154282323280767,243.7692318735781,-400.6724409573012,1000.0,-0.0076136428709787,-0.1223653897310441,-0.1223653897310441,54.92660268975078,-0.0023509200716489,-1000.0,999.8164401608032,-647.9445350995373,-756.7909402261032,-4.588831415516665,-0.2039423162183311,-0.0162448576953693,756.2307681264219,-599.3275590426988,-999.8164401608032,-0.0080166374444843, Amensalism,Healthy
SRR13077844.bin.8.fbc2XSRR13077844.bin.29.fbc2 ,-0.1786145155252825,-0.1786145155252825,428.568400109971,-0.0034315949188794,999.7320610687376,-1000.0,1000.0,736.5875104544007,-6.698233069919866,-0.2976908592088421,-0.0237123208891034,533.3999948312799,0.0,1000.0,-0.0117017386731959,-0.0901196672548394,-0.0901196672548394,571.431599890029,-0.0017314057109842,-1000.0,999.8648118420892,-367.8633593956981,-563.994277402426,-3.3795827493697743,-0.1501994454247324,-0.0119640134626024,466.60000516872014,-1.9501298658972248,-999.8648118420892,-0.0059040934743279, Competition,Healthy
SRR13077844.bin.11.fbc2XSRR13077844.bin.1.fbc2 ,-0.0881600763410688,-0.0881600763410688,413.24547643958,-0.001693757470548,1000.0,-1000.0,-296.04824871405765,-20.167468576141346,-3.3060960194497966,-0.146933460568448,-0.0117038641213866,799.6387274596875,-0.7277758271338826,1000.0,-0.0057757129744686,-0.0423097899092681,-0.0423097899092681,586.75452356042,-0.0008128682019332,-0.3640372464077472,1000.0,-599.8004852018777,-920.4227533070414,-1.5866618293466672,-0.070516316515409,-0.0056169192752122,4.456110968121493,-249.99538232089665,-1000.0,-0.0027718805685026, Neutralism,Healthy
SRR13077844.bin.26.fbc2XSRR13077844.bin.16.fbc2 ,-0.1162141089258739,-0.1162141089258739,540.3062781094386,-0.0022327398448851,-1000.0,1000.0,245.60118502695693,-243.2090597738984,-4.358151885411303,-0.1936901815430474,-0.0154282323280767,243.7692318735781,-400.6724409573012,-1000.0,-0.0076136428709787,-0.057020357104875,-0.057020357104875,13.374036206675214,-0.0010954919712276,0.0,0.0,754.398814973043,-13.73008752971873,-2.1383236434903665,-0.0950339285080872,-0.0075698495214737,330.5039185797641,-0.1164288867071263,0.0,-0.0037356276220634, Neutralism,Healthy
SRR13077844.bin.8.fbc2XSRR13077844.bin.20.fbc2 ,-0.1932940409459433,-0.1932940409459433,486.6624042114133,-0.0037136223044171,-1000.0,999.7100403704694,599.7653567365978,579.7209881157521,-7.248730784701024,-0.3221567349099814,-0.0256611301236944,996.6500526555268,0.0,-999.7100403704696,-0.0126634520581774,-0.1336640546414855,-0.1336640546414855,513.3375957885867,-0.0025679933648916,1000.0,-1000.0,-351.9900269752088,4.297485536243471,-5.012543288690949,-0.2227734244024759,-0.0177448341512445,3.34994734447298,-496.5948568481407,1000.0,-0.0087568573742373, Competition,Healthy
SRR13077844.bin.16.fbc2XSRR13077844.bin.29.fbc2 ,-0.0499425244881877,-0.0499425244881877,3.5061283358652418,-0.0009595105569815,-1000.0,1000.0,892.149576598242,-9.781346568395977,-1.872897441387636,-0.083237540813684,-0.0066302179483272,170.34643613163735,-0.1019767819905155,-1000.0,-0.0032719309991762,-0.1579552634003675,-0.1579552634003675,996.4938716641348,-0.0030346832545546,999.763051931483,-1000.0,101.20319949274152,-990.218653431604,-5.923489285093183,-0.2632587723339838,-0.0209696612890866,829.6535638683627,-3.418047203411902,1000.0,-0.0103482698980315, Amensalism,Healthy
SRR13077844.bin.20.fbc2XSRR13077844.bin.21.fbc2 ,-0.1585143751709665,-0.1585143751709665,812.213873477004,-0.0030454250753564,1000.0,-1000.0,952.0362365732408,-46.55580903184489,-5.944456567290672,-0.2641906252849821,-0.0210438872704799,8.589042794206534,-749.0624011752766,1000.0,-0.0103848995069029,-0.0943924258850756,-0.0943924258850756,42.37027549136701,-0.0018134952139234,-1000.0,999.8584022936964,-22.48231089054821,-953.4441909681552,-3.5398157129270658,-0.1573207098084594,-0.0125312519282942,991.4109572057936,-250.9375988247234,-999.8584022936964,-0.0061840186795052, Amensalism,Healthy
SRR13077844.bin.8.fbc2XSRR13077844.bin.16.fbc2 ,-0.2098874559181922,-0.2098874559181922,995.019209776592,-0.0040324199023871,-1000.0,999.6851486540232,259.3287025399586,65.4326112328281,-7.87100138002711,-0.3498124265303204,-0.0278640215253744,669.490838239441,0.0,-999.6851486540232,-0.0137505518670195,-0.0568825381400301,-0.0568825381400301,4.980790223407894,-0.0010928441525948,1000.0,-1000.0,740.6712974600414,-11.634287706701798,-2.133155286678289,-0.0948042302333078,-0.0075515530941174,330.509161760559,-0.1161474765325465,1000.0,-0.0037265985602061, Neutralism,Healthy
SRR13077844.bin.22.fbc2XSRR13077844.bin.30.fbc2 ,-0.0669586768947283,-0.0669586768947283,171.6577674209907,-0.001286429911488,1000.0,-1000.0,-701.3843497617329,470.43400194110586,-2.511021137198441,-0.1115977948245472,-0.0088892306886236,1000.0,-420.17040646119415,1000.0,-0.0043867259983016,-0.2619022577850955,-0.2619022577850955,828.3422325790093,-0.0050317436654268,-1000.0,999.607121454604,1000.0,295.3213705065341,-9.82161141284189,-0.4365037629751214,-0.0347693487279912,-125.99586773083227,-579.8295935388059,-999.607121454604,-0.0171582458990542, Amensalism,Healthy
SRR13077844.bin.16.fbc2XSRR13077844.bin.30.fbc2 ,-0.0568826241592432,-0.0568826241592432,4.980797755485241,-0.0010928458051466,1000.0,-1000.0,740.6714093717228,-11.6309447995161,-2.1331585124898997,-0.094804373598663,-0.0075515645137329,330.5131900907961,-0.1161476521737086,1000.0,-0.0037266041956627,-0.2747608741568683,-0.2747608741568683,995.0192022445148,-0.0052787872076578,-1000.0,999.5878322948288,-917.9971112967298,1000.0,-10.303823114177703,-0.4579347902613335,-0.0364764196046962,-2.5884777869265463,-750.593371973799,-999.5878322948288,-0.0180006643779506, Neutralism,Healthy
SRR13077844.bin.15.fbc2XSRR13077844.bin.29.fbc2 ,-0.3592693015045825,-0.3592693015045825,3.7769264164984406,-0.0069023881172824,-1.2077065504220172,1000.0,0.0,190.5256618456399,-13.472978437766756,-0.5987821691742283,-0.0476955018904163,146.56475561174057,-897.5983532290948,-1000.0,-0.0235371434799844,-0.1591131093367721,-0.1591131093367721,996.2230735835014,-0.0030569281332191,999.7613150513544,-1000.0,161.89713021089415,-1000.0,-5.966909731174383,-0.265188515561249,-0.0211233734008828,853.4352443882594,-3.4431022220260274,1000.0,-0.0104241249345022, Neutralism,Healthy
SRR13077844.bin.28.fbc2XSRR13077844.bin.1.fbc2 ,-0.0465260330686305,-0.0465260330686305,51.8685758808324,-0.0008938719129218,-1000.0,999.8701829820834,-721.2925373979976,-25.7312292926332,-1.7447754030280294,-0.0775433884476797,-0.0061766549184767,768.1983945198531,-301.06403790415175,-999.8701829820836,-0.0030481032231364,-0.0427320658014878,-0.0427320658014878,948.1314241191676,-0.0008209810912376,1000.0,-783.5886948827633,-278.70746260200235,-12.243742553957873,-1.6024976215151128,-0.0712201096690705,-0.0056729793408294,231.8016054801469,-54.19008014969109,783.5886948827633,-0.0027995455212703, Neutralism,Healthy
SRR13077844.bin.8.fbc2XSRR13077844.bin.30.fbc2 ,-0.159786787066082,-0.159786787066082,149.27533655147545,-0.0030698710290835,999.760304470046,-1000.0,1000.0,596.0228653207721,-5.992173357885235,-0.2663113117768034,-0.0212128088112422,1000.0,0.0,1000.0,-0.0104682602093362,-0.2624070030589109,-0.2624070030589109,850.7246634485246,-0.0050414409809036,-1000.0,999.6063642882068,0.0,403.9771346792279,-9.840539893964433,-0.4373450050982228,-0.034836357178392,-100.55186805890207,-625.4688922633865,-999.6063642882068,-0.0171913137451156, Amensalism,Healthy
SRR13077844.bin.11.fbc2XSRR13077844.bin.7.fbc2 ,-0.088159077389605,-0.088159077389605,414.1037810860896,-0.0016937382783908,1000.0,-1000.0,-289.12305371052366,-20.15812774441736,-3.3060585577151187,-0.1469317956493796,-0.0117037315036441,793.0238968348076,-0.2055182026983857,1000.0,-0.0057756475292762,-0.0344045605193059,-0.0344045605193059,585.8962189139104,-0.0006609905959749,-1000.0,999.948389854268,1000.0,-190.43267744420305,-1.2902073739570596,-0.0573409341988053,-0.0045674450179831,206.97610316519217,-49.42283548347996,-999.948389854268,-0.0022539779322414, Amensalism,Healthy
SRR13077844.bin.9.fbc2XSRR13077844.bin.30.fbc2 ,-0.2112628572144785,-0.2112628572144785,434.6601374740785,-0.0040588445190223,999.6830854199555,-1000.0,75.07394580519167,449.1262652242804,-7.922580381990997,-0.3521047620240551,-0.0280466156264083,-2.80563568532034,-500.3340429039145,1000.0,-0.0138406598098299,-0.2058262730743081,-0.2058262730743081,565.3398625259215,-0.0039543952559597,-1000.0,1000.0,787.569857829767,550.8737347757196,-7.718702732025008,-0.3430437884571802,-0.027324871218866,-106.03206693542552,-499.6659570960855,-1000.0,-0.0134844878228932, Competition,Healthy
SRR13077844.bin.20.fbc2XSRR13077844.bin.1.fbc2 ,-0.1634151051083563,-0.1634151051083563,848.5570219682045,-0.00313957934884,-1000.0,1000.0,1000.0,-561.6870358686432,-6.128239118426563,-0.2723585085138893,-0.0216944933006288,17.97597551985109,-953.7410763485814,-1000.0,-0.0107059655796319,-0.0128750185247099,-0.0128750185247099,151.44297803179552,-0.0002473586652058,1000.0,-815.0694625100837,-538.6475922933748,-438.3129641313568,-0.4828267994018915,-0.0214583642077741,-0.0017092483766418,254.08262728866407,-46.25892365141863,815.0694625100837,-0.0008434930483645, Amensalism,Healthy
SRR13077844.bin.7.fbc2XSRR13077844.bin.21.fbc2 ,-0.0617657898621928,-0.0617657898621928,935.024051893496,-0.0011866626293794,-1000.0,999.9073453818936,0.0,-225.29200683320323,-2.316282386275134,-0.1029429831036168,-0.0081998387694284,498.0981698273174,0.0,-999.9073453818936,-0.0040465195663728,-0.1447533039337258,-0.1447533039337258,64.97594810650389,-0.00278104330323,0.0,-0.2171438611170515,1000.0,-517.4146422846316,-5.428401854894787,-0.2412555065561719,-0.0192170092253718,501.9018301726826,-1000.0,0.2171438611170515,-0.0094833576640667, Amensalism,Healthy
SRR13077844.bin.8.fbc2XSRR13077844.bin.15.fbc2 ,-0.2285736988749249,-0.2285736988749249,957.810709797384,-0.0043914255306845,999.65711749456,-1000.0,1000.0,-96.84938802938645,-8.57175523621379,-0.3809561647915416,-0.0303447504173846,1000.0,-0.0146893184003147,1000.0,-0.0149747610597614,-0.3609935353548508,-0.3609935353548508,42.18929020261612,-0.0069355146081306,-1.30212901093239,1000.0,0.0,-903.1506119706136,-13.537639029109071,-0.6016558922580089,-0.0479244059423535,0.0,-954.6980872224672,-1000.0,-0.0236501048137824, Neutralism,Healthy
SRR13077845.bin.13.fbc2XSRR13077845.bin.27.fbc2 ,-0.1593932199971277,-0.1593932199971277,556.2444701941959,-0.0030623097021589,-1000.0,999.7608948584556,-1000.0,-495.28108971023175,-5.977414176927823,-0.2656553666619174,-0.0211605600419488,876.7817312801374,-91.05237793386948,-999.7608948584556,-0.0104424760843357,-0.0133391709421175,-0.0133391709421175,443.75552980580414,-0.000256276098753,1000.0,-1000.0,0.0,-504.71891028976825,-0.5002330055149287,-0.0222319515702338,-0.0017708678426515,-0.8440722403616974,-222.5269027626622,1000.0,-0.0008739014969023, Amensalism,Healthy
SRR13077845.bin.2.fbc2XSRR13077845.bin.12.fbc2 ,-0.0854293974899746,-0.0854293974899746,15.212636847780344,-0.0016412948605193,1000.0,-1000.0,-576.8587000254818,-15.41794642188256,-3.203692677089748,-0.142382329149882,-0.0113413474862227,1000.0,-0.1744368177758133,1000.0,-0.005596815474405,-0.0796328596236435,-0.0796328596236435,984.7873631522198,-0.0015299300599735,-1000.0,999.880543060914,-423.14129997451823,608.2863794456498,-2.9863163820397176,-0.1327214327060346,-0.0105718167146733,-7.295894771818325,-352.6009154050337,-999.8805430609142,-0.0052170615045952, Neutralism,Healthy
SRR13077845.bin.29.fbc2XSRR13077845.bin.12.fbc2 ,-0.1419601694049106,-0.1419601694049106,977.7443593404536,-0.0027273807762639,-0.212953891011125,0.0,-327.40181033823296,-886.0152753215593,-5.32365635862493,-0.2366002823414419,-0.018846201164024,903.5262744109395,-558.6887478071175,0.0,-0.0093003684470431,-0.0790593946119315,-0.0790593946119315,22.2556406595462,-0.0015189124804919,-377.730730772093,1000.0,833.4721574343512,-57.95342909725082,-2.964810838133189,-0.1317656576865147,-0.0104956852404711,18.947103302424807,-441.3112521928825,-1000.0,-0.0051794915585787, Neutralism,Healthy
SRR13077845.bin.9.fbc2XSRR13077845.bin.27.fbc2 ,-0.1302095692250304,-0.1302095692250304,6.673959639906116,-0.0025016247690246,0.0,0.0,-518.560394158743,1000.0,-4.882996435302516,-0.217015948708422,-0.0172862271535905,196.54879268449716,-471.5730028037798,0.0,-0.0085305404621749,-0.0836334521879962,-0.0836334521879962,993.326040360094,-0.0016067906279886,-1000.0,1000.0,-481.43960584125705,-996.30844863149,-3.136342830536023,-0.1393890869800316,-0.0111029232396049,2.266820048233967,-206.2381413750713,-1000.0,-0.0054791560414741, Neutralism,Healthy
SRR13077845.bin.7.fbc2XSRR13077845.bin.9.fbc2 ,-0.2236333313771865,-0.2236333313771865,1000.0,-0.0042965097286469,-1000.0,1000.0,1000.0,-646.1436743611728,-8.386486234678387,-0.3727222189619397,-0.0296888822250593,1.908810377155305,-534.4260078654704,-1000.0,-0.0146510981747951,-0.1296143980854367,-0.1296143980854367,0.0,-0.0024901901649627,0.0,0.0,0.0,1000.0,-4.860676888663761,-0.2160239968090991,-0.0172072140397858,189.73882103148296,-465.5739921345296,0.0,-0.0084915484624161, Amensalism,Healthy
SRR13077845.bin.25.fbc2XSRR13077845.bin.27.fbc2 ,-0.1297090117672041,-0.1297090117672041,446.4688313466618,-0.0024920079109733,-1000.0,999.8054240223096,-641.9325983508949,15.049210854409466,-4.864225001705449,-0.2161816862786736,-0.0172197746649089,433.6094475239579,-446.20987434459096,-999.8054240223096,-0.0084977469764453,-0.0466047608208555,-0.0466047608208555,553.5311686533382,-0.00089538445377,1000.0,-1000.0,-313.9974149786467,-554.6438450064007,-1.7477277769288548,-0.0776746013681304,-0.0061871065757941,-0.8951829923096284,-91.53879851573949,1000.0,-0.0030532609874853, Amensalism,Healthy
SRR13077845.bin.13.fbc2XSRR13077845.bin.20.fbc2 ,-0.1342222269969397,-0.1342222269969397,61.44394420732897,-0.0025787171373394,-1000.0,999.798653765919,-1000.0,-215.0614567884612,-5.033475341828535,-0.223703711661642,-0.0178189354188589,899.0069376000761,31.940233198480428,-999.7986537659187,-0.0087934254381707,-0.2678371134113604,-0.2678371134113604,938.556055792671,-0.0051457658676099,0.0,-0.4017813989463548,0.0,1000.0,-10.04417477004688,-0.4463951890188582,-0.0355572421455008,100.99306239992391,-517.6055997840974,0.4017813989463548,-0.0175470616086386, Amensalism,Healthy
SRR13077845.bin.7.fbc2XSRR13077845.bin.27.fbc2 ,-0.290692159133755,-0.290692159133755,1000.0,-0.0055848637681492,-1000.0,1000.0,1000.0,132.51548535123038,-10.901263135021168,-0.484486931889478,-0.0385914086381262,2.4811874262886704,-917.4722367246944,-1000.0,-0.0190443854494333,0.0,0.0,0.0,0.0,0.0,0.0,0.0,0.0,0.0,0.0,0.0,0.0,-82.52776327530546,0.0,0.0, Amensalism,Healthy
SRR13077845.bin.5.fbc2XSRR13077845.bin.7.fbc2 ,-0.0881635758360062,-0.0881635758360062,0.0442257630177209,-0.0016938247038069,0.0,0.0,764.2272431947974,-29.291107344929515,-3.3062272542102846,-0.1469392930600861,-0.0117043287036722,6.41910018391286,-333.5095757937702,0.0,-0.0057759422401204,-0.2609191434079321,-0.2609191434079321,999.9557742369824,-0.0050128557811603,-1000.0,1000.0,235.77275680520256,64.35093762187421,-9.784743584865396,-0.4348652390132201,-0.0346388334476159,2.2270614378836626,-666.4904242062298,-1000.0,-0.0170938382136682, Amensalism,Healthy
SRR13077845.bin.25.fbc2XSRR13077845.bin.20.fbc2 ,-0.1282536442736273,-0.1282536442736273,430.2390899508516,-0.0024640469600853,999.8076072133548,-1000.0,-837.6507712086143,5.156929961398305,-4.8096471828420135,-0.2137560737893409,-0.0170265644943583,417.52399162495794,-425.2081775111093,1000.0,-0.0084024001339457,-0.2497780198283408,-0.2497780198283408,569.7609100491484,-0.0047988092186415,-1000.0,999.6253089762116,919.8548460190204,994.8430700386016,-9.366939678067864,-0.4162966997138255,-0.0331597717005252,582.476008375042,-574.7918224888907,-999.6253089762116,-0.0163639394354504, Amensalism,Healthy
SRR13077845.bin.12.fbc2XSRR13077845.bin.7.fbc2 ,-0.0794456673598915,-0.0794456673598915,13.144808433982575,-0.0015263336669022,-1000.0,999.8808238672918,0.0,604.3422550923178,-2.9792964743493258,-0.1324094455999329,-0.0105469656380137,389.42986091014086,-285.71258385224723,-999.8808238672916,-0.0052047978040263,-0.2654488800942545,-0.2654488800942545,986.8551915660172,-0.0050998824225416,1000.0,-1000.0,1000.0,84.33368061949704,-9.954613497067612,-0.4424148001570529,-0.0352401875398982,2.265724763870708,-714.2874161477528,1000.0,-0.0173905990609455, Neutralism,Healthy
SRR13077845.bin.13.fbc2XSRR13077845.bin.25.fbc2 ,-0.1447687140143898,-0.1447687140143898,624.6615601883334,-0.0027813393662654,-1000.0,999.7828330222816,-973.9431428733454,-582.7135247409847,-5.428979749202654,-0.2412811900238693,-0.0192190550209261,636.8938416670373,206.31934075677876,-999.7828330222816,-0.009484367238997,-0.1233303084886756,-0.1233303084886756,375.3384398116666,-0.0023694583763926,999.814992689975,-1000.0,-26.056857126654563,5.033866931372813,-4.625016888535242,-0.2055505141477169,-0.016372957380554,363.10615833296265,-370.5488995807698,1000.0,-0.0080798530633501, Neutralism,Healthy
SRR13077845.bin.29.fbc2XSRR13077845.bin.20.fbc2 ,-0.1039171116121906,-0.1039171116121906,359.1241264617331,-0.0019964862941606,999.8441143501502,-1000.0,323.67606284574686,0.0,-3.897001492203344,-0.1731951860202798,-0.0137957202928191,311.72710772875485,-366.8356721299215,1000.0,-0.0068080182632002,-0.2562416530147402,-0.2562416530147402,640.8758735382669,-0.004922990451746,-1000.0,999.6156129055256,-335.0589460712649,1000.0,-9.609332752528871,-0.4270694216912716,-0.0340178640217345,688.2728922712452,-633.1643278700785,-999.6156129055256,-0.0167873974405665, Amensalism,Healthy
SRR13077845.bin.2.fbc2XSRR13077845.bin.29.fbc2 ,-0.0851758880144188,-0.0851758880144188,1.4564585923156983,-0.0016364243614361,1000.0,-1000.0,-276.1995575079893,-16.04331625103373,-3.194185803880828,-0.1419598133574027,-0.0113076923377093,1000.0,-0.1739191811368527,1000.0,-0.0055802070726258,-0.12425108436571,-0.12425108436571,998.5435414076842,-0.0023871485949484,-1000.0,999.8136114377083,1000.0,-399.2692853811985,-4.659546956887425,-0.2070851406095926,-0.0164951967909701,0.0,-490.65114586984896,-999.8136114377083,-0.0081401767087072, Amensalism,Healthy
SRR13077845.bin.29.fbc2XSRR13077845.bin.7.fbc2 ,-0.0822463476420125,-0.0822463476420125,75.69382615934774,-0.00158014116505,-1000.0,999.8766225778312,-160.42194131031818,102.05066898666132,-3.0843249443375957,-0.1370772460699072,-0.010918775450591,493.6653237604239,-327.5350423818022,-999.8766225778312,-0.005388281372916,-0.2550476875127287,-0.2550476875127287,924.3061738406524,-0.0049000516332853,1000.0,-1000.0,1000.0,106.37836930179446,-9.564557784567114,-0.4250794791878434,-0.0338593567860243,2.1769459391215378,-672.4649576181978,1000.0,-0.0167091760695257, Competition,Healthy
SRR13077845.bin.13.fbc2XSRR13077845.bin.29.fbc2 ,-0.1511661465769975,-0.1511661465769975,321.043462692556,-0.0029042487334436,-1000.0,999.7732362588908,-1000.0,-330.7553639005521,-5.668890230318311,-0.2519435776283671,-0.0200683587482899,950.9271402291406,-135.85615314849315,-999.7732362588908,-0.0099034881811803,-0.1108613130509184,-0.1108613130509184,678.956537307444,-0.0021299003467447,999.833697380922,-1000.0,1000.0,1000.0,-4.157416383928762,-0.1847688550848261,-0.0147176113963496,3.671564815820261,-591.8523820086236,1000.0,-0.0072629601826292, Amensalism,Healthy
SRR13077845.bin.13.fbc2XSRR13077845.bin.5.fbc2 ,-0.1601028694002479,-0.1601028694002479,961.6032172614136,-0.0030759436964444,-1000.0,993.5492539175524,-1000.0,-890.641073146563,-6.004026779411902,-0.2668381156670421,-0.0212547709425052,882.0322378585433,-102.5882435955466,-993.5492539175526,-0.0104889680048927,-0.0881640753599413,-0.0881640753599413,33.622787030893505,-0.0016938343009087,1000.0,-1000.0,1000.0,-109.35892685343696,-3.3062459868830274,-0.1469401255998264,-0.0117043950189099,-47.69639890150109,-416.8465462233039,1000.0,-0.0057759749658998, Neutralism,Healthy
SRR13077845.bin.5.fbc2XSRR13077845.bin.9.fbc2 ,-0.0881640753599413,-0.0881640753599413,275.22119332899115,-0.0016938343009087,-1000.0,1000.0,928.2733599100698,-212.78075902746173,-3.3062459868830274,-0.1469401255998264,-0.0117043950189099,-46.90974578152122,-500.7685549946472,-1000.0,-0.0057759749658998,-0.1317145366223258,-0.1317145366223258,35.666474529487914,-0.0025305386478748,0.0,0.0,-891.3874947542349,1000.0,-4.939434302961331,-0.2195242277038005,-0.0174860220569144,222.7655644546719,-499.2314450053528,0.0,-0.0086291367892954, Neutralism,Healthy
SRR13077845.bin.5.fbc2XSRR13077845.bin.20.fbc2 ,-0.0881635758360062,-0.0881635758360062,0.0442257630178346,-0.0016938247038069,1000.0,-1000.0,770.7583051916358,-35.82216934176722,-3.3062272542102846,-0.1469392930600861,-0.0117043287036722,-6.643023809763463,-333.5095757937702,1000.0,-0.0057759422401204,-0.2603259223404848,-0.2603259223404848,999.955774236982,-0.0050014586424822,-1000.0,999.609486109196,-896.175551628026,504.0871340172471,-9.762497167994866,-0.433876537234255,-0.0345600792194318,1000.0,-601.3681178895474,-999.609486109196,-0.0170549739708576, Neutralism,Healthy
SRR13077845.bin.2.fbc2XSRR13077845.bin.25.fbc2 ,-0.0443981883581727,-0.0443981883581727,6.946401512962666,-0.0008529911308414,1000.0,-1000.0,-436.07704913536713,-8.362626952386108,-1.6649789779430648,-0.0739969805969167,-0.0058941687137803,519.7062096029504,-0.0906558973814526,1000.0,-0.0029086997560625,-0.133933141382613,-0.133933141382613,746.8743449175224,-0.0025731631390044,-1000.0,999.7990874221103,-563.9229508646329,775.4407366087621,-5.022634325820377,-0.2232219023043171,-0.0177805572901661,480.2937903970496,-999.9093441026184,-999.7990874221103,-0.0087744863038778, Amensalism,Healthy
SRR13077845.bin.2.fbc2XSRR13077845.bin.27.fbc2 ,-0.0852719826361863,-0.0852719826361863,10.51241159399308,-0.0016382705597379,-1000.0,1000.0,-279.4801197339284,-12.191747382548217,-3.197789453739688,-0.1421199710604241,-0.0113204495680747,1000.0,-0.206094436419562,-1000.0,-0.0055865026088213,-0.0831559984724208,-0.0831559984724208,989.487588406007,-0.0015976176459844,1000.0,-1000.0,-720.5198802660716,-987.8082526174518,-3.1184378116863627,-0.1385933307873301,-0.0110395379335841,-5.261921466835133,-85.03319048481262,1000.0,-0.0054478761727523, Neutralism,Healthy
SRR13077845.bin.5.fbc2XSRR13077845.bin.29.fbc2 ,-0.0881635758360062,-0.0881635758360062,0.0442257630178346,-0.0016938247038069,-1000.0,1000.0,770.758305191636,-35.82216934176779,-3.3062272542102846,-0.1469392930600861,-0.0117043287036722,-6.64302380976369,-333.5095757937702,-1000.0,-0.0057759422401204,-0.1438489056033631,-0.1438489056033631,999.955774236982,-0.0027636677349391,999.7842128232562,-1000.0,-252.32762391781296,324.51008870233136,-5.394485961852411,-0.2397481760056052,-0.0190969440484423,943.0814891720402,-666.4904242062298,1000.0,-0.0094241069760983, Neutralism,Healthy
SRR13077845.bin.29.fbc2XSRR13077845.bin.25.fbc2 ,-0.1175458458279763,-0.1175458458279763,553.531168653338,-0.0022583255682775,-1000.0,999.8236699396302,258.0199922899224,764.8294472594773,-4.408093426454116,-0.1959097430466272,-0.0156050296766352,566.3905524760407,-553.7901256554089,-999.8236699396302,-0.0077008901877206,-0.1297090117672041,-0.1297090117672041,446.468831346662,-0.0024920079109733,999.8054240223096,-1000.0,-822.984329855635,15.049210854410036,-4.864225001705449,-0.2161816862786736,-0.0172197746649089,433.60944752395926,-446.2098743445911,1000.0,-0.0084977469764453, Amensalism,Healthy
SRR13077845.bin.13.fbc2XSRR13077845.bin.7.fbc2 ,-0.1222683554293553,-0.1222683554293553,5.842501163749148,-0.002349055819991,-1000.0,999.8165857215768,-1000.0,-11.382266632479968,-4.58519252666963,-0.2037805923821452,-0.0162319757159821,832.7041458879075,-27.68955330507424,-999.8165857215768,-0.0080102803460704,-0.2892600971930505,-0.2892600971930505,994.1574988362509,-0.0055573505704842,1000.0,-1000.0,902.8728465415232,117.95917594776849,-10.84755929901894,-0.4821001619883418,-0.0384012924419039,8.026314708413793,-924.6879685403112,1000.0,-0.0189505654452659, Amensalism,Healthy
SRR13077845.bin.12.fbc2XSRR13077845.bin.27.fbc2 ,-0.0794456673598915,-0.0794456673598915,13.143106571944143,-0.0015263336669022,-1000.0,999.8808238672918,-827.7527227771712,1000.0,-2.9792964743493258,-0.1324094455999329,-0.0105469656380137,6.374030446143934,-285.7142857142858,-999.8808238672916,-0.0052047978040263,-0.0830887799770607,-0.0830887799770607,986.856893428056,-0.0015963262243303,1000.0,-1000.0,113.55910578991688,-988.8406161005224,-3.115917047081666,-0.1384812999617679,-0.011030614210199,2.2520571291473743,-501.8058959218903,1000.0,-0.0054434724249858, Neutralism,Healthy
SRR13077845.bin.2.fbc2XSRR13077845.bin.5.fbc2 ,-0.0767834906891948,-0.0767834906891948,113.21859278008355,-0.0014751871409544,-1000.0,1000.0,-1000.0,-14.462565083865798,-2.879462036136715,-0.1279724844819156,-0.0101935431442825,1000.0,-0.1855785423381348,-1000.0,-0.0050303881507716,-0.0881640753599413,-0.0881640753599413,28.878312623658985,-0.0016938343009087,1000.0,-1000.0,775.4085665436419,-28.678337429051798,-3.3062459868830274,-0.1469401255998264,-0.0117043950189099,0.0,-353.55059120782084,1000.0,-0.0057759749658998, Amensalism,Healthy
SRR13077845.bin.2.fbc2XSRR13077845.bin.7.fbc2 ,-0.0850835456974437,-0.0850835456974437,0.3031050232650614,-0.0016346502535498,-1000.0,1000.0,-270.55835712069154,-17.177697669698546,-3.190722869416049,-0.1418059094957016,-0.0112954332520303,1000.0,-0.17373062894751,-1000.0,-0.0055741573646628,-0.290538827376622,-0.290538827376622,999.6968949767348,-0.0055819179131049,1000.0,-1000.0,1000.0,214.57109203445447,-10.895513032106464,-0.4842313789609989,-0.0385710527795026,0.0,-999.8262693710524,1000.0,-0.0190343400836354, Neutralism,Healthy
SRR13077845.bin.5.fbc2XSRR13077845.bin.27.fbc2 ,-0.0881614953475491,-0.0881614953475491,10.683327010758376,-0.001693784732879,-1000.0,1000.0,-226.66304826660428,-23.06931418641648,-3.306149233691372,-0.1469358255791348,-0.0117040525043421,-3.197984140648373,-339.27971186405307,-1000.0,-0.0057758059391517,-0.0822402995742095,-0.0822402995742095,978.5915290584916,-0.0015800249677795,0.0,0.0,-773.3369517333957,-976.9306858135836,-3.084098135407657,-0.1370671659570916,-0.0109179725275225,-5.203978134087606,-92.33656213218376,0.0,-0.0053878851401805, Neutralism,Healthy
SRR13077845.bin.25.fbc2XSRR13077845.bin.9.fbc2 ,-0.1319231754167731,-0.1319231754167731,602.9356289503908,-0.0025345470780848,-1000.0,999.8021025641394,195.28977411674464,0.0,-4.947258478219851,-0.2198719590280689,-0.0175137203099211,574.9989316007936,-503.6096099623633,-999.8021025641394,-0.0086428055363967,-0.131690314819366,-0.131690314819366,32.239446265798506,-0.0025300732914956,1000.0,-1000.0,-893.669391450903,1000.0,-4.938525959758977,-0.2194838580323903,-0.0174828064438088,220.4075065838688,-496.3903900376367,1000.0,-0.0086275499238581, Neutralism,Healthy
SRR13077845.bin.12.fbc2XSRR13077845.bin.25.fbc2 ,-0.0796328596236435,-0.0796328596236435,45.71030007648733,-0.0015299300599735,-0.1194569390858077,0.0,-1000.0,814.4695431482464,-2.9863163820397176,-0.1327214327060346,-0.0105718167146733,212.0863607780584,-285.7125798422687,0.0,-0.0052170615045952,-0.1340334793411557,-0.1340334793411557,816.8446853247142,-0.0025750908614554,999.798936905534,-1000.0,0.0,185.5304568517536,-5.026397105289561,-0.2233891322351837,-0.0177938778530233,787.9136392219416,-714.2874201577313,1000.0,-0.0087810598377018, Neutralism,Healthy
SRR13077845.bin.12.fbc2XSRR13077845.bin.20.fbc2 ,-0.0796328299776405,-0.0796328299776405,15.52992667537535,-0.0015299294904025,-623.0493206236654,1000.0,585.6860372102192,339.4572812812389,-2.986315270285445,-0.1327213832961433,-0.0105718127789486,0.0,-438.4523573946085,-1000.0,-0.0052170595623692,-0.2811663494651384,-0.2811663494651384,984.4700733246244,-0.0054018510944615,-0.4217765334532259,0.0,414.3139627897808,660.5427187187611,-10.544035206754188,-0.468610582442011,-0.037326791062469,1000.0,-561.5476426053915,0.0,-0.0184203122320241, Neutralism,Healthy
SRR13077845.bin.7.fbc2XSRR13077845.bin.20.fbc2 ,-0.2135629644149048,-0.2135629644149048,682.7958105872503,-0.0041030348590993,1000.0,-1000.0,352.63089840398834,187.73343875694468,-8.008836832475708,-0.3559382740247656,-0.0283519708762014,0.0,-500.0,1000.0,-0.0139913488694674,-0.2303432247948649,-0.2303432247948649,317.20418941274966,-0.0044254221862729,-1000.0,999.6544630356968,647.3691015960117,812.2665612430553,-8.638114328026177,-0.3839053746580703,-0.0305796673070517,1000.0,-500.0,-999.6544630356968,-0.0150906896551532, Competition,Healthy
SRR13077845.bin.29.fbc2XSRR13077845.bin.27.fbc2 ,-0.0815372106143286,-0.0815372106143286,66.41907604163407,-0.0015665170146803,-1000.0,999.8776863514934,841.3651224177215,731.6828747591821,-3.0577315564748915,-0.1358953510239189,-0.0108246325714844,99.40713835060092,-434.28284108166326,-999.8776863514934,-0.0053418230201032,-0.0786031900856869,-0.0786031900856869,933.580923958366,-0.0015101477441703,1000.0,-1000.0,158.63487758227848,-937.3103470737548,-2.947702686341131,-0.1310053168095919,-0.0104351209124615,3.9832714004506897,-499.8556109988074,1000.0,-0.0051496038076948, Amensalism,Healthy
SRR13077845.bin.5.fbc2XSRR13077845.bin.25.fbc2 ,-0.0881640753599413,-0.0881640753599413,241.56117353718628,-0.0016938343009087,-1000.0,1000.0,1000.0,-1000.0,-3.3062459868830274,-0.1469401255998264,-0.0117043950189099,-365.2476685556535,-333.50957679233807,-1000.0,-0.0057759749658998,-0.1335547094595313,-0.1335547094595313,758.4388264628137,-0.0025658925928837,999.7996551063476,-1000.0,0.0,150.0225563359902,-5.008442728826367,-0.2225911824326658,-0.0177303178168131,733.0252977536952,-666.4904232076619,1000.0,-0.0087496937417199, Neutralism,Healthy
SRR13077845.bin.29.fbc2XSRR13077845.bin.9.fbc2 ,-0.1398582176286709,-0.1398582176286709,979.9512754092524,-0.0026869974568626,-1000.0,999.7901992385698,-231.88454687718087,-323.87486524239466,-5.244830945934041,-0.2330970293810423,-0.0185671524267263,790.4764470621171,-514.8662650637192,-999.7901992385698,-0.0091626613278776,-0.1311146324329684,-0.1311146324329684,20.048724590747725,-0.0025190131110548,1000.0,-1000.0,91.97080482602225,1000.0,-4.916937261955582,-0.2185243873882427,-0.0174063805977766,209.52355293788287,-485.1337349362808,1000.0,-0.0085898347089141, Neutralism,Healthy
SRR13077845.bin.13.fbc2XSRR13077845.bin.12.fbc2 ,-0.1601028694002479,-0.1601028694002479,967.628225159501,-0.0030759436964444,-6.450746082447381,0.0,-1000.0,-896.6660810446497,-6.004026779411902,-0.2668381156670421,-0.0212547709425052,882.0322378585429,-102.58824359554684,0.0,-0.0104889680048927,-0.0796328596236435,-0.0796328596236435,32.37177484049903,-0.0015299300599735,-528.1680657895267,1000.0,0.0,879.1144806510497,-2.9863163820397176,-0.1327214327060346,-0.0105718167146733,4.75163638131869,-403.7068740992471,-1000.0,-0.0052170615045952, Neutralism,Healthy
SRR13077845.bin.12.fbc2XSRR13077845.bin.9.fbc2 ,-0.0796328596236435,-0.0796328596236435,964.333525470512,-0.0015299300599735,0.0,762.5611087885018,465.9731928645847,0.0,-2.9863163820397176,-0.1327214327060346,-0.0105718167146733,16.75920576128817,-500.7685549946423,-762.5611087885017,-0.0052170615045952,-0.1317145366223258,-0.1317145366223258,35.66647452948814,-0.0025305386478748,1000.0,-1000.0,-891.3874947542294,1000.0,-4.939434302961331,-0.2195242277038005,-0.0174860220569144,222.76556445467625,-499.2314450053577,1000.0,-0.0086291367892954, Neutralism,Healthy
SRR13077845.bin.20.fbc2XSRR13077845.bin.27.fbc2 ,-0.2333400735216173,-0.2333400735216173,298.24434719475744,-0.0044829985306478,-1000.0,999.6499674747248,-553.6763021820142,1000.0,-8.7504993219801,-0.3889001225360289,-0.0309775198469424,990.2803903109076,-526.169569299876,-999.6499674747248,-0.0152870249895613,-0.0590845759115836,-0.0590845759115836,701.7556528052426,-0.0011351503537753,1000.0,-1000.0,-446.3236978179858,-704.5589917400505,-2.2157340299525004,-0.0984742931858591,-0.0078438889443077,0.2578153483386813,-91.58081148711268,1000.0,-0.0038708627062078, Competition,Healthy
SRR13077845.bin.13.fbc2XSRR13077845.bin.9.fbc2 ,-0.1580219220448953,-0.1580219220448953,974.9968282933394,-0.0030359639201833,-1000.0,999.762951937113,-1000.0,-823.4619197501272,-5.925989054699471,-0.2633698700748255,-0.0209785106883373,786.7473148796603,-91.91201212737474,-999.762951937113,-0.0103526369678093,-0.1313641542080859,-0.1313641542080859,25.003171706660623,-0.0025238069972601,1000.0,-1000.0,95.39692955402644,1000.0,-4.926294592187787,-0.2189402570135143,-0.0174395063511383,213.2526851203397,-489.1891380275713,1000.0,-0.0086061818607277, Neutralism,Healthy
SRR13077845.bin.5.fbc2XSRR13077845.bin.12.fbc2 ,-0.0881640753599413,-0.0881640753599413,716.2487197115315,-0.0016938343009087,1000.0,-1000.0,1000.0,-1000.0,-3.3062459868830274,-0.1469401255998264,-0.0117043950189099,1000.0,-464.3113979865967,1000.0,-0.0057759749658998,-0.0796328596236435,-0.0796328596236435,45.17549942463143,-0.0015299300599735,-0.2221917426156778,1000.0,0.0,0.0,-2.9863163820397176,-0.1327214327060346,-0.0105718167146733,-0.4088738085381465,-535.6886020134033,-1000.0,-0.0052170615045952, Neutralism,Healthy
SRR13077845.bin.13.fbc2XSRR13077845.bin.2.fbc2 ,-0.1580218588339903,-0.1580218588339903,899.4541468277457,-0.0030359627057805,-1000.0,999.7629520319356,-1000.0,-747.9184988737599,-5.92598668422454,-0.263369764723393,-0.020978502296657,786.7466001568243,-91.9123753747217,-999.7629520319356,-0.0103526328265388,-0.0182181094612587,-0.0182181094612587,4.53396767752497,-0.0003500117092016,1000.0,-1000.0,0.0,-252.0815011262401,-0.6831983554420731,-0.0303635157688404,-0.0024185809102164,213.25339984317569,-0.0371992444485158,1000.0,-0.001193539928181, Amensalism,Healthy
SRR13077845.bin.2.fbc2XSRR13077845.bin.20.fbc2 ,-0.0697012461708936,-0.0697012461708936,58.52326662102541,-0.0013391209638484,1000.0,-1000.0,-798.6140574625501,-12.756406041654031,-2.6138703830624763,-0.1161687436182319,-0.0092533258605271,878.7347113794613,-0.1423217760431043,1000.0,-0.0045664024869438,-0.2636131239999031,-0.2636131239999031,941.4767333789746,-0.0050646133332747,-1000.0,999.6045549909336,207.02327805827144,1000.0,-9.885770703728667,-0.4393552066665052,-0.0349964781332801,121.26528862053874,-677.4995471578711,-999.6045549909336,-0.0172703314666478, Amensalism,Healthy
SRR13077845.bin.9.fbc2XSRR13077845.bin.20.fbc2 ,-0.1273306482268026,-0.1273306482268026,0.0,-0.0024463140870238,1000.0,-1000.0,0.0,956.8784227046284,-4.775033855780293,-0.2122177470446331,-0.0169040303409246,162.74838815974795,-428.97081541295984,1000.0,-0.0083419310366252,-0.2705208719571601,-0.2705208719571601,1000.0,-0.005197327030828,-1000.0,999.5941927054292,1000.0,43.12157729537125,-10.144818551380697,-0.4508681199286002,-0.035913529783329,837.2516118402523,-563.9336911043085,-999.5941927054292,-0.017722885175317, Neutralism,Healthy
SRR13077845.bin.2.fbc2XSRR13077845.bin.9.fbc2 ,-0.0770874055284593,-0.0770874055284593,13.275636052835466,-0.0014810260428248,-1000.0,1000.0,-493.2774478123149,-13.912418010203735,-2.890859163749724,-0.128479009214061,-0.0102338899558844,902.35220888159,-0.1863130761860247,-1000.0,-0.0050502988059406,-0.1233106627336155,-0.1233106627336155,6.32035257586972,-0.0023690809363188,1000.0,-1000.0,-41.26570003699567,1000.0,-4.624280151964058,-0.2055177712227305,-0.0163703492697777,97.64779111840994,-368.2053903252496,1000.0,-0.0080785659927187, Neutralism,Healthy
SRR13077845.bin.25.fbc2XSRR13077845.bin.7.fbc2 ,-0.1164521279303016,-0.1164521279303016,300.59170954581464,-0.0022373127363835,-1000.0,999.8253106215408,138.95883865762607,-3.4211038587097846,-4.367077849587872,-0.1940868798839119,-0.0154598310085702,289.0744934144318,-291.1251333305504,-999.8253106215408,-0.0076292364311711,-0.2398043883277978,-0.2398043883277978,699.4082904541854,-0.0046071928593391,1000.0,-1000.0,861.0411613423739,236.3877406656943,-8.992917957898158,-0.3996739805462539,-0.0318357026578723,2.046837571611377,-708.8748666694496,1000.0,-0.0157105276502989, Competition,Healthy
SRR13077849.bin.32.fbc2XSRR13077849.bin.2.fbc2 ,-0.1533728699009771,-0.1533728699009771,229.5377400719917,-0.0029466449548181,0.0,-0.2300740380761681,335.6814261912273,0.0,-5.751644686758255,-0.2556214498349618,-0.0203613166381728,282.58465802180854,-500.0,0.2300740380761681,-0.0100480592960821,-0.2039484294592739,-0.2039484294592739,770.4622599280083,-0.0039183175688322,-1000.0,999.6940577642232,664.3185738087727,1000.0,-7.648281612189976,-0.3399140490988657,-0.0270755744008965,717.4153419781915,-500.0,-999.6940577642232,-0.0133614629098701, Competition,Healthy
SRR13077849.bin.25.fbc2XSRR13077849.bin.20.fbc2 ,-0.0875548802182493,-0.0875548802182493,995.0449657039362,-0.0016821302635889,1000.0,-1000.0,-866.3648209133964,-1000.0,-3.28340052534918,-0.1459248003637867,-0.0116235201212475,990.3843574714538,-0.032835182744634,1000.0,-0.0057360641986861,-0.2750939771079856,-0.2750939771079856,4.955034296063786,-0.0052851868800871,-1000.0,1000.0,381.60861594412063,1000.0,-10.316314826829512,-0.4584899618466806,-0.0365206413413261,9.615642528546232,-829.5458359877699,-1000.0,-0.0180224872610779, Amensalism,Healthy
SRR13077849.bin.32.fbc2XSRR13077849.bin.24.fbc2 ,-0.2174138575561528,-0.2174138575561528,943.9142389839326,-0.0041770193574848,-1000.0,999.6738583285688,429.23680945240767,-8.817795506690345,-8.153249394421891,-0.3623564292603305,-0.0288632037601246,1000.0,-847.7430329090306,-999.6738583285688,-0.0142436360089277,-0.0048715471659761,-0.0048715471659761,56.08576101606741,-9.359360547023245e-05,1000.0,-1000.0,-434.2935326328257,-58.23532628936994,-0.1826881663707809,-0.008119245276589,-0.0006467318139584,0.0,-152.2569670909694,1000.0,-0.0003191541946989, Amensalism,Healthy
SRR13077849.bin.12.fbc2XSRR13077849.bin.29.fbc2 ,-0.1540801494545576,-0.1540801494545576,972.4948135741374,-0.0029602334188894,-1000.0,999.768864974651,60.81256532534803,-675.4645398272913,-5.778168417384563,-0.2568002490909293,-0.0204552129247304,-92.68498728581504,-365.780408961674,-999.768864974651,-0.0100943959585038,-0.0715971769965335,-0.0715971769965335,27.505186425862576,-0.0013755461478694,0.0,0.0,939.187434674652,1000.0,-2.6849697924096745,-0.1193286283275938,-0.0095050238817293,1000.0,-502.48916079826057,0.0,-0.0046906123642429, Amensalism,Healthy
SRR13077849.bin.7.fbc2XSRR13077849.bin.18.fbc2 ,-0.1339447632808514,-0.1339447632808514,2.8104467795255914,-0.0025733864223411,-1000.0,1000.0,-400.0108109233703,180.46887818878577,-5.023070159285794,-0.2232412721348282,-0.0177821001781239,187.9395711781092,-0.2734995089623453,-1000.0,-0.0087752477001004,-0.1303773312002931,-0.1303773312002931,988.9183526721084,-0.0025048478617009,1000.0,-536.5077943810135,-599.9891890766297,-1000.0,-4.889287686644707,-0.2172955520005643,-0.0173084987242191,-57.65576148030425,-321.17705339266104,536.5077943810134,-0.0085415312082659, Amensalism,Healthy
SRR13077849.bin.32.fbc2XSRR13077849.bin.1.fbc2 ,-0.1512940074317157,-0.1512940074317157,204.30765578406223,-0.0029067052340678,-0.2269555446737285,0.0,-673.3128576235929,980.388707472472,-5.673685147475794,-0.2521566790527458,-0.0200853331672306,313.2693758469045,-500.2521857461051,0.0,-0.0099118648480498,-0.0983471163639251,-0.0983471163639251,795.6923442159377,-0.0018894738974495,-695.8779640803228,1000.0,-314.4695582196239,-1000.0,-3.6881207847114874,-0.1639118606065039,-0.0130562646315866,686.7306241530955,-84.42263248856955,-1000.0,-0.0064431059904563, Competition,Healthy
SRR13077849.bin.2.fbc2XSRR13077849.bin.22.fbc2 ,-0.2113565675606423,-0.2113565675606423,728.8014408246963,-0.0040606449099414,-1000.0,999.6829448454346,-372.9194793371362,1000.0,-7.926094618992352,-0.3522609459342902,-0.0280590563274927,986.3587083809988,-500.0,-999.6829448454346,-0.0138467991428115,-0.0245353126002783,-0.0245353126002783,271.19855917530367,-0.0004713796848818,1000.0,-1000.0,-627.0805206628638,-14.256807863543486,-0.920100148391839,-0.0408921876670547,-0.0032572336227758,13.641291619001208,-132.0669414481397,1000.0,-0.0016074047256324, Amensalism,Healthy
SRR13077849.bin.30.fbc2XSRR13077849.bin.12.fbc2 ,-0.0833185718163349,-0.0833185718163349,2.826740024756873,-0.0016007410531528,999.7675243768512,-1000.0,881.063992789363,-18.979409165988955,-3.1245344838703204,-0.1388642863605582,-0.0110611206772546,2.544430067430312,-400.1559490911875,1000.0,-0.0054585269912195,-0.1548997929884308,-0.1548997929884308,997.1732599752432,-0.0029759806529909,-1000.0,999.767635430614,118.93600721063694,-729.0493216905351,-5.808905916002004,-0.2581663216474226,-0.0205640263121722,-93.1780336047807,-388.0838370238109,-999.767635430614,-0.0101480940267038, Neutralism,Healthy
SRR13077849.bin.12.fbc2XSRR13077849.bin.18.fbc2 ,-0.1540801494545576,-0.1540801494545576,972.4948135741374,-0.0029602334188894,-1000.0,999.768864974651,1000.0,-54.48718507964452,-5.778168417384563,-0.2568002490909293,-0.0204552129247304,-92.68498728581515,-51.19795060490867,-999.768864974651,-0.0100943959585038,-0.0836166970977956,-0.0836166970977956,27.505186425862576,-0.001606468724276,1000.0,-555.3015201747015,-192.2481678074995,-945.5128149203556,-3.135714496948026,-0.1393611618296972,-0.0111006988846611,323.5307931881621,-111.34535545233916,555.3015201747016,-0.0054780583496949, Amensalism,Healthy
SRR13077849.bin.25.fbc2XSRR13077849.bin.7.fbc2 ,-0.0716135735008265,-0.0716135735008265,809.9046563409906,-0.001375861162387,-1000.0,1000.0,-42.36348435184391,-1000.0,-2.685584678644432,-0.1193559558346351,-0.0095072006319014,798.1453154517258,-339.1158734450836,-1000.0,-0.0046916865636603,-0.1736448024007586,-0.1736448024007586,11.747129264426915,-0.0033361153199393,0.0,0.0,-653.0412639962252,539.2182549157835,-6.511863576369706,-0.2894080040011886,-0.0230525568605344,201.85468454827424,-0.3545623361987964,0.0,-0.0113761532408034, Amensalism,Healthy
SRR13077849.bin.30.fbc2XSRR13077849.bin.18.fbc2 ,-0.0833162965038809,-0.0833162965038809,2.827674534908965,-0.0016006973391995,-1000.0,999.7675307254322,791.4935378287735,-18.855140231815767,-3.12444915724916,-0.1388604941731728,-0.0110608186137142,2.577485540796488,-100.16739950488852,-999.7675307254322,-0.0054583779266295,-0.1287384759584711,-0.1287384759584711,989.05765001502,-0.0024733616899084,33.65757053889001,0.2324692745678476,-816.9361931777514,-981.1448597681842,-4.827828883334405,-0.2145641265974518,-0.0170909292770602,341.95624516786006,-8.735378833765253,-0.2324692745678476,-0.0084341633624944, Neutralism,Healthy
SRR13077849.bin.12.fbc2XSRR13077849.bin.24.fbc2 ,-0.1540801494545576,-0.1540801494545576,972.494813574138,-0.0029602334188894,-1000.0,999.768864974651,773.7904597005445,46.54798647055577,-5.778168417384563,-0.2568002490909293,-0.0204552129247304,-92.68498728581504,-114.38416612076752,-999.768864974651,-0.0100943959585038,-0.0023890700697393,-0.0023890700697393,27.50518642586212,-4.589952106925921e-05,1000.0,-1000.0,226.2095402994555,-1000.0,-0.0895926520884131,-0.0039817834494897,-0.0003171656903759,971.8880744610432,-0.0048782010952663,1000.0,-0.0001565173666904, Amensalism,Healthy
SRR13077849.bin.2.fbc2XSRR13077849.bin.29.fbc2 ,-0.1820432867633599,-0.1820432867633599,558.37758272258,-0.0034974694863194,-1000.0,999.7269175825074,-465.4669091338001,1000.0,-6.82681561444906,-0.3034054779390089,-0.0241675141505766,502.8316859749752,-500.0,-999.7269175825074,-0.0119263709483448,-0.0585658288447348,-0.0585658288447348,441.62241727742,-0.0011251840315935,0.0,0.0,1000.0,0.0,-2.19628046680009,-0.0976097147412247,-0.0077750216584036,497.1683140250248,-500.0,0.0,-0.0038368775477692, Competition,Healthy
SRR13077849.bin.12.fbc2XSRR13077849.bin.1.fbc2 ,-0.0693820460336382,-0.0693820460336382,25.636672674373585,-0.0013329883963706,-1000.0,999.8959202660076,644.3029717219747,-163.68658083934235,-2.601900040623491,-0.1156367433893592,-0.0092109498192485,-41.73590223825784,-489.76800354546384,-999.8959202660076,-0.0045454904318376,-0.1204307471723495,-0.1204307471723495,974.3633273256264,-0.0023137511464028,0.0,-0.1806576895141916,-343.05030502492787,-836.3134191606576,-4.516280275275562,-0.2007179119539159,-0.0159880204219007,839.2722209892177,-10.231392144561369,0.1806576895141916,-0.007889891409377, Amensalism,Healthy
SRR13077849.bin.20.fbc2XSRR13077849.bin.22.fbc2 ,-0.2875919435709875,-0.2875919435709875,9.66423443037445,-0.0055253015095786,-1000.0,1000.0,-253.58498110954133,-179.59506846334398,-10.78500177549597,-0.4793199059516837,-0.0381798334308314,955.6001488118872,-520.1929076477008,-1000.0,-0.0188412781475335,-0.0892316303400093,-0.0892316303400093,990.3357655696254,-0.001714344483048,1000.0,-1000.0,-746.4150188904587,-56.147130470101615,-3.346280426696808,-0.1487193839000156,-0.0118461203775268,44.399851188112734,-479.8070923522992,1000.0,-0.0058459146870291, Amensalism,Healthy
SRR13077849.bin.24.fbc2XSRR13077849.bin.29.fbc2 ,-0.0847625540304761,-0.0847625540304761,977.0454454148448,-0.0016284832666997,1000.0,-1000.0,182.05746744828932,-1000.0,-3.178685342720769,-0.1412709233840132,-0.0112528193727712,0.0,-0.1730752015822645,1000.0,-0.005553127939379,-0.061060492177603,-0.061060492177603,22.95455458515505,-0.0011731122416449,-1000.0,1000.0,-463.6872877177341,1000.0,-2.2898329778320203,-0.101767486962558,-0.0081062055897973,1000.0,-683.7367141051769,-1000.0,-0.0040003127439831, Amensalism,Healthy
SRR13077849.bin.37.fbc2XSRR13077849.bin.25.fbc2 ,-0.0873896676064305,-0.0873896676064305,11.686525387991196,-0.0016789561499308,-1000.0,999.8689071038096,-625.9871509740374,890.5237725444499,-3.277204877830968,-0.1456494460107933,-0.0116015869963348,17.445278262226566,-755.6312695765436,-999.8689071038096,-0.0057252404714063,-0.0870121547754934,-0.0870121547754934,988.3134746120088,-0.0016717032617634,1000.0,-1000.0,-374.0128490259626,-1000.0,-3.263047747758833,-0.1450202579591177,-0.0115514695388583,982.5547217377734,-244.36873042345644,1000.0,-0.0057005081226861, Amensalism,Healthy
SRR13077849.bin.29.fbc2XSRR13077849.bin.18.fbc2 ,-0.1269551107684492,-0.1269551107684492,821.957795403503,-0.0024390991502514,-1000.0,1000.0,1000.0,1000.0,-4.760950804267964,-0.2115918512806729,-0.0168541751279462,1000.0,-913.2622444103343,-1000.0,-0.00831732810218,-0.0950067202816171,-0.0950067202816171,178.04220459649696,-0.001825297219625,1000.0,-653.8249479953461,-230.0651970116525,-1000.0,-3.562852401908458,-0.1583445338027331,-0.0126128037876469,0.0,-86.73775558966554,653.8249479953461,-0.0062242635189022, Amensalism,Healthy
SRR13077849.bin.30.fbc2XSRR13077849.bin.29.fbc2 ,-0.0833188878503961,-0.0833188878503961,2.838129988248852,-0.0016007471249395,999.7675234950528,-1000.0,791.0233602426015,-19.104652812252997,-3.1245463354811136,-0.1388648130839556,-0.0110611626329273,2.5671982015377357,-99.91015806761597,1000.0,-0.0054585476958664,-0.1310388010261931,-0.1310388010261931,997.161870011751,-0.0025175562157073,-1000.0,999.8034292106796,208.9766397573985,772.0554838820933,-4.914093504073207,-0.218398001710284,-0.0173963134503765,997.4328017984622,-900.089841932384,-999.8034292106796,-0.0085848666955143, Neutralism,Healthy
SRR13077849.bin.24.fbc2XSRR13077849.bin.20.fbc2 ,-0.0852453279674136,-0.0852453279674136,981.4315121818174,-0.0016377584623796,1000.0,-1000.0,-380.2105425146227,-1000.0,-3.196789875495142,-0.1420755466124319,-0.011316910975097,-3.0640495521180355,-0.1740609693829355,1000.0,-0.0055847563567112,-0.2887812439494155,-0.2887812439494155,18.56848781818257,-0.0055481507002923,-1000.0,1000.0,-619.7894574853773,286.4252139505893,-10.829601796393147,-0.4813020732491395,-0.0383377213389621,1000.0,-999.8259390306172,-1000.0,-0.0189191938879957, Amensalism,Healthy
SRR13077849.bin.37.fbc2XSRR13077849.bin.28.fbc2 ,-0.0871552570120002,-0.0871552570120002,8.972817391080525,-0.001674452584325,-1000.0,999.869258742219,467.1702057593552,309.36271289682327,-3.2684142328423604,-0.1452587616867049,-0.0115704673573873,332.4143441989536,-500.0,-999.869258742219,-0.00570988331242,-0.1212171531959711,-0.1212171531959711,991.0271826089196,-0.002328859811655,0.0,-0.1818373740929928,532.8297942406448,-447.7138153720223,-4.545771332138997,-0.2020285886600277,-0.0160924212984809,402.141308072117,-500.0,0.1818373740929928,-0.007941411957745, Amensalism,Healthy
SRR13077849.bin.20.fbc2XSRR13077849.bin.24.fbc2 ,-0.2887812439494155,-0.2887812439494155,18.56848781818303,-0.0055481507002923,-1000.0,1000.0,-402.2373342608397,66.54950575535327,-10.829601796393147,-0.4813020732491395,-0.0383377213389621,1000.0,-999.8259390306172,-1000.0,-0.0189191938879957,-0.0852453279674136,-0.0852453279674136,981.431512181817,-0.0016377584623796,1000.0,-1000.0,-597.7626657391603,-1000.0,-3.196789875495142,-0.1420755466124319,-0.011316910975097,-3.064049552118263,-0.1740609693829355,1000.0,-0.0055847563567112, Amensalism,Healthy
SRR13077849.bin.25.fbc2XSRR13077849.bin.22.fbc2 ,-0.0023791039877778,-0.0023791039877778,26.90610197179012,-4.570804969716846e-05,0.0,0.0,-36.5865622848288,-41.31094493226169,-0.0892189134826821,-0.0039651733128494,-0.0003158426235359,26.51551388871053,-0.0008922211304707,0.0,-0.0001558644495389,-0.0882060783912948,-0.0882060783912948,973.09389802821,-0.0016946412755487,-1000.0,1000.0,-482.9817564221976,-51.25417118219059,-3.307821144943773,-0.1470101306521201,-0.0117099712139179,58.45602315446399,-474.412839215889,-1000.0,-0.0057787267495541, Amensalism,Healthy
SRR13077849.bin.37.fbc2XSRR13077849.bin.24.fbc2 ,-0.087688626913291,-0.087688626913291,18.56848781818257,-0.0016846998446453,-1000.0,999.8684586361308,28.662504083375325,0.0,-3.2884161677415022,-0.1461477115221896,-0.0116412759264221,0.0,-888.558231105143,-999.8684586361308,-0.0057448264701633,-0.0852453279674136,-0.0852453279674136,981.4315121818174,-0.0016377584623796,1000.0,-1000.0,374.7727501117861,-1000.0,-3.196789875495142,-0.1420755466124319,-0.011316910975097,-3.064049552118832,-111.44176889485698,1000.0,-0.0055847563567112, Amensalism,Healthy
SRR13077849.bin.29.fbc2XSRR13077849.bin.28.fbc2 ,-0.0597587401515511,-0.0597587401515511,0.0,-0.0011481025965167,-1000.0,1000.0,507.4232005350764,1000.0,-2.241015901324431,-0.0995979002525473,-0.0079333889423196,1000.0,-646.1846257336974,-1000.0,-0.0039150298542836,-0.1213784392001571,-0.1213784392001571,1000.0,-0.0023319584860246,0.0,-0.1820793185927414,492.5767994649236,-271.5620953599596,-4.551819727723796,-0.2022973986669285,-0.0161138331387746,-9.512268540962282,-353.81537426630257,0.1820793185927414,-0.0079519784375179, Amensalism,Healthy
SRR13077849.bin.22.fbc2XSRR13077849.bin.31.fbc2 ,-0.0882060783912948,-0.0882060783912948,973.09389802821,-0.0016946412755487,-1000.0,1000.0,-482.9817564221978,-51.25417118219013,-3.307821144943773,-0.1470101306521201,-0.0117099712139179,58.45602315446399,-474.412839215889,-1000.0,-0.0057787267495541,-0.0023870529602163,-0.0023870529602163,26.90610197179012,-4.586076772739034e-05,0.0,0.0,-24.3646007231539,-27.274060796966523,-0.0895170083501852,-0.0039784216003226,-0.0003168979050087,-0.2773150177630441,-0.0039788802080238,0.0,-0.000156385217906, Amensalism,Healthy
SRR13077849.bin.28.fbc2XSRR13077849.bin.18.fbc2 ,-0.1212169433549661,-0.1212169433549661,991.0271981419085,-0.0023288557800924,-1000.0,999.8181629406886,1000.0,-251.5931503468663,-4.545763462880927,-0.2020282389249814,-0.0160923934405445,316.26159870894685,-935.3717455935484,-999.8181629406886,-0.0079413982101641,-0.0652312638605963,-0.0652312638605963,8.972801858091543,-0.0012532423412494,1000.0,-742.0197607582941,-305.6393938268435,-748.4068496531337,-2.4462413231018445,-0.1087187731010317,-0.0086599045778257,167.01536084609825,-64.62825440645156,742.0197607582941,-0.0042735563836231, Amensalism,Healthy
SRR13077849.bin.2.fbc2XSRR13077849.bin.25.fbc2 ,-0.2293766491374071,-0.2293766491374071,1000.0,-0.0044068520487599,-1000.0,999.6559129920338,1000.0,1000.0,-8.601866719514305,-0.382294415229012,-0.0304513476568217,1000.0,-500.0,-999.6559129920336,-0.0150273654862758,0.0,0.0,0.0,0.0,1000.0,-1000.0,0.0,0.0,0.0,0.0,0.0,0.0,0.0,1000.0,0.0, Amensalism,Healthy
SRR13077849.bin.12.fbc2XSRR13077849.bin.20.fbc2 ,-0.1540801494545576,-0.1540801494545576,972.494813574138,-0.0029602334188894,-1000.0,999.768864974651,1000.0,-357.1266855781423,-5.778168417384563,-0.2568002490909293,-0.0204552129247304,-92.68498728581494,-49.28887992392413,-999.768864974651,-0.0100943959585038,-0.2892488925699581,-0.2892488925699581,27.50518642586212,-0.0055571353038885,0.0,0.0,-507.7736617771993,450.607038072154,-10.847139113816866,-0.4820814876167105,-0.0383998049502452,1000.0,-950.711120076076,0.0,-0.0189498313864078, Amensalism,Healthy
SRR13077849.bin.29.fbc2XSRR13077849.bin.1.fbc2 ,-0.0536775833116962,-0.0536775833116962,156.73571319962548,-0.001031269612099,-1000.0,1000.0,417.149564764607,1000.0,-2.0129660940158374,-0.0894626388527513,-0.0071260730198901,316.728150906044,-753.4844769690501,-1000.0,-0.0035166293773727,-0.1035241140989455,-0.1035241140989455,843.2642868003745,-0.0019889359097078,0.0,-0.1552961158279231,582.850435235393,-696.187819887199,-3.88226367018558,-0.1725401901649093,-0.0137435471359594,683.271849093956,-13.35114334049524,0.1552961158279231,-0.0067822714520389, Competition,Healthy
SRR13077849.bin.2.fbc2XSRR13077849.bin.28.fbc2 ,-0.2058853866006984,-0.2058853866006984,668.6592258337419,-0.0039555309625711,-0.3088478575559747,0.0,201.4371135221368,1000.0,-7.720919551730958,-0.3431423110012019,-0.0273327189512428,1000.0,-500.0,0.0,-0.0134883605823006,-0.0405286199684269,-0.0405286199684269,331.34077416625814,-0.0007786478380467,-84.26682048529756,1000.0,798.5628864778632,-1000.0,-1.5198660744475774,-0.067547699947454,-0.0053804565606014,0.0,-439.1097405286953,-1000.0,-0.0026551891276085, Competition,Healthy
SRR13077849.bin.18.fbc2XSRR13077849.bin.22.fbc2 ,-0.0838456540669767,-0.0838456540669767,24.837724557348565,-0.00161086751325,-539.6246160739464,1000.0,-188.49433338897416,-948.6677465866396,-3.1443006252234227,-0.1397427567782188,-0.011131094516827,338.66847973896665,-115.26504898082624,-1000.0,-0.0054930582202814,-0.0883404543307051,-0.0883404543307051,975.1622754426514,-0.001697222945836,1000.0,-1000.0,-811.5056666110258,-51.33225341336026,-3.312860384665214,-0.147234090551251,-0.0117278105557261,55.61540049304563,-475.2527618497624,1000.0,-0.0057875302453567, Amensalism,Healthy
SRR13077849.bin.12.fbc2XSRR13077849.bin.28.fbc2 ,-0.0693820460336382,-0.0693820460336382,25.636672674373813,-0.0013329883963706,-1000.0,999.8959202660076,354.937724772414,310.7898618373745,-2.601900040623491,-0.1156367433893592,-0.0092109498192485,-41.73590223825795,-298.66301826574136,-999.8959202660076,-0.0045454904318376,-0.1191812299700814,-0.1191812299700814,974.3633273256262,-0.0022897450522805,0.0,-0.1787832936803397,645.062275227586,-706.6892744616487,-4.469422059854878,-0.1986353832834311,-0.0158221383111367,1000.0,-701.3369817342586,0.1787832936803397,-0.0078080306282117, Amensalism,Healthy
SRR13077849.bin.22.fbc2XSRR13077849.bin.1.fbc2 ,-0.0019254414122542,-0.0019254414122542,21.24156660676249,-3.699215005781298e-05,1000.0,-1000.0,-977.9674787075536,-1.1188220306867152,-0.0722060875275474,-0.0032090690203858,-0.0002556157571689,1.2760305166008266,-10.35590906872119,1000.0,-0.000126143231796,-0.120973979755945,-0.120973979755945,978.7584333932376,-0.0023241878915314,-1000.0,999.8185274094268,906.9064252665888,-998.8811779693132,-4.536652071179901,-0.2016232995931659,-0.0160601383306584,998.7239694833992,-9.034877569219248,-999.8185274094268,-0.0079254807102415, Amensalism,Healthy
SRR13077849.bin.2.fbc2XSRR13077849.bin.20.fbc2 ,-0.2235322020658259,-0.2235322020658259,1000.0,-0.0042945668024003,-1000.0,999.6646802240672,0.0,1000.0,-8.382693778644125,-0.3725536701098235,-0.0296754566047638,847.1218297026139,-500.0,-999.6646802240672,-0.0146444727962489,-0.2757701981356604,-0.2757701981356604,0.0,-0.0052981786385544,0.0,0.0,1000.0,0.0,-10.341673829910746,-0.4596169968926915,-0.0366104143922711,152.87817029738608,-500.0,0.0,-0.0180667891573875, Amensalism,Healthy
SRR13077849.bin.37.fbc2XSRR13077849.bin.18.fbc2 ,-0.0488776348594228,-0.0488776348594228,26.575627152956717,-0.0009390515823497,-1000.0,999.9266788524528,-232.11147128497043,160.77474897429238,-1.832962955064886,-0.0814627247656289,-0.00648884643374,-50.250056594658645,-480.3083764188455,-999.9266788524528,-0.0032021658956864,-0.1295928754542501,-0.1295928754542501,973.4243728470432,-0.0024897766658114,1000.0,-934.3409044536996,-767.8885287150296,-1000.0,-4.859869767251894,-0.2159881257571214,-0.0172043567605442,343.26583258318465,-16.679387350615116,934.3409044536996,-0.0084901384303748, Amensalism,Healthy
SRR13077849.bin.2.fbc2XSRR13077849.bin.18.fbc2 ,-0.2277084635126129,-0.2277084635126129,973.81831031284,-0.0043748023729222,-1000.0,999.6584154307192,943.5497140260608,1000.0,-8.53930799585305,-0.3795141058543549,-0.0302298843971584,1000.0,-500.0,-999.6584154307192,-0.014918076091817,-0.0883825284126942,-0.0883825284126942,26.18168968715986,-0.0016980312855139,931.5991819865671,0.3415845692807124,56.45028597393912,-1000.0,-3.3144382071982363,-0.1473042140212328,-0.0117333961831036,-43.54190308214743,-233.16565840398997,-0.3415845692807124,-0.0057902866836911, Amensalism,Healthy
SRR13077849.bin.20.fbc2XSRR13077849.bin.18.fbc2 ,-0.3105393163012877,-0.3105393163012877,622.601606459649,-0.0059661732238964,0.0,0.0,476.844002943149,0.0,-11.645552500827192,-0.5175655271689266,-0.0412262569767563,1000.0,-999.8271422683728,0.0,-0.020344650693346,-0.1037026847764082,-0.1037026847764082,377.398393540351,-0.0019923666624208,999.844436011002,-1000.0,-219.06861638651367,-1000.0,-3.888960259283749,-0.1728378079607182,-0.0137672536369564,0.0,-0.1728577316273458,1000.0,-0.0067939703186539, Amensalism,Healthy
SRR13077849.bin.24.fbc2XSRR13077849.bin.24.fbc2 ,-0.085246042085032,-0.085246042085032,1000.0,-0.0016377721822209,-1000.0,1000.0,-604.7711659054087,-1000.0,-3.196816655658268,-0.1420767368083488,-0.0113170057792331,-17.329526774094347,-0.1758885435104957,-1000.0,-0.0055848031413461,0.0,0.0,0.0,0.0,0.0,0.0,0.0,0.0,0.0,0.0,0.0,0.0,0.0,0.0,0.0, Amensalism,Healthy
SRR13077849.bin.24.fbc2XSRR13077849.bin.1.fbc2 ,-0.0018450189803616,-0.0018450189803616,21.241566606762603,-3.544705054991937e-05,1000.0,-1000.0,-529.6714693990518,-21.74121635634788,-0.0691901613516847,-0.0030750316338981,-0.0002449391191703,0.0792351465322553,-108.24116453197873,1000.0,-0.0001208744423593,-0.120973979755945,-0.120973979755945,978.7584333932372,-0.0023241878915314,-1000.0,999.8185274094268,-470.32853060094817,-978.258783643652,-4.536652071179901,-0.2016232995931659,-0.0160601383306584,973.299524488148,-10.27754336190867,-999.8185274094268,-0.0079254807102415, Amensalism,Healthy
SRR13077849.bin.32.fbc2XSRR13077849.bin.20.fbc2 ,-0.1863460187424834,-0.1863460187424834,611.9484007942447,-0.0035801348461745,-1000.0,999.7204630712122,0.0,-79.58128671307986,-6.988172610260449,-0.3105766979041391,-0.024738731786897,646.3681650905419,-503.84466063309776,-999.720463071212,-0.0122082598253427,-0.2819524549760217,-0.2819524549760217,388.05159920575534,-0.0054169539861277,0.0,0.0,-1000.0,771.7846845014728,-10.573514994070592,-0.4699207582933695,-0.0374311520438368,353.6318349094581,-496.15533936690224,0.0,-0.0184718130925602, Competition,Healthy
SRR13077849.bin.28.fbc2XSRR13077849.bin.22.fbc2 ,-0.1212171531959711,-0.1212171531959711,991.0271826089196,-0.002328859811655,-948.2204796523838,1000.0,201.0241164148001,-999.5273895772228,-4.545771332138997,-0.2020285886600277,-0.0160924212984809,999.460981902942,-16.23450131025686,-1000.0,-0.007941411957745,-0.0008133408664434,-0.0008133408664434,8.972817391080412,-1.5626145341229858e-05,1000.0,-1000.0,-1000.0,-0.4726104227771657,-0.0305011419310403,-0.0013555681108528,-0.0001079766644807,0.5390180970579195,-4.374521084649473,1000.0,-5.328515567271097e-05, Amensalism,Healthy
SRR13077849.bin.25.fbc2XSRR13077849.bin.28.fbc2 ,-0.0007933986743182,-0.0007933986743182,8.972817391080525,-1.5243010125232104e-05,1000.0,-1000.0,-12.213579345356038,-13.77663570586344,-0.0297532886536373,-0.0013223311239016,-0.0001053291996413,8.855022305401008,-0.0002975435565986,1000.0,-5.197866437356424e-05,-0.1212171531959711,-0.1212171531959711,991.0271826089196,-0.002328859811655,-0.1818373740929928,0.0,1000.0,-251.5987792419629,-4.545771332138997,-0.2020285886600277,-0.0160924212984809,188.28113241892856,-807.3940821760735,0.0,-0.007941411957745, Amensalism,Healthy
SRR13077849.bin.18.fbc2XSRR13077849.bin.31.fbc2 ,-0.0883825284126942,-0.0883825284126942,26.18168968715986,-0.0016980312855139,-495.5617537470882,1000.0,-157.68612163371654,-1000.0,-3.3144382071982363,-0.1473042140212328,-0.0117333961831036,384.3246072071581,-126.29002832825586,-1000.0,-0.0057902866836911,-0.0703854285932266,-0.0703854285932266,973.81831031284,-0.0013522656789746,1000.0,-1000.0,-150.3183975089819,0.0,-2.639527946856333,-0.1173090476553397,-0.0093441558420863,116.62352575323575,-0.1173225703121261,1000.0,-0.0046112259655046, Competition,Healthy
SRR13077849.bin.30.fbc2XSRR13077849.bin.2.fbc2 ,-0.0833154355683518,-0.0833154355683518,2.774479536550075,-0.0016006807986741,999.767533127616,-1000.0,791.6040798793133,-19.04309370703652,-3.124416871255562,-0.1388590592805485,-0.0110607043185382,2.531182391187372,-100.15821078992316,1000.0,-0.0054583215232923,-0.2291031054428458,-0.2291031054428458,997.2255204634498,-0.004401596646403,-1000.0,999.6563233338524,-534.327698062335,1000.0,-8.591608541921914,-0.3818385090713718,-0.0304150328263403,997.4688176088124,-500.0,-999.6563233338524,-0.0150094445640434, Neutralism,Healthy
SRR13077849.bin.30.fbc2XSRR13077849.bin.25.fbc2 ,-0.0833188878503961,-0.0833188878503961,2.8381299882489657,-0.0016007471249395,-1000.0,999.7675234950528,791.5316330269115,-18.90134369852672,-3.1245463354811136,-0.1388648130839556,-0.0110611626329273,2.5671982015377357,-100.164294459771,-999.7675234950528,-0.0054585476958664,-0.0874169714779782,-0.0874169714779782,995.052770437792,-0.0016794807199858,1000.0,-1000.0,-392.1822074078677,-981.0986563014732,-3.2782288018634063,-0.1456949524632591,-0.0116052117754179,993.5497271349004,-234.0791114520871,1000.0,-0.0057270292553539, Neutralism,Healthy
SRR13077849.bin.20.fbc2XSRR13077849.bin.28.fbc2 ,-0.2878095733029795,-0.2878095733029795,0.0,-0.0055294826763656,-1000.0,1000.0,-1000.0,444.4788390032202,-10.793163120407485,-0.4796826221715946,-0.0382087252934297,1000.0,-646.9286048177134,-1000.0,-0.0188555359262636,-0.1217634337237996,-0.1217634337237996,1000.0,-0.0023393551148274,0.0,-0.1826568473613861,304.977845907423,-279.76767146952864,-4.56625742917538,-0.2029390562064463,-0.0161649438430231,0.0,-353.0713951822865,0.1826568473613861,-0.0079772009413545, Amensalism,Healthy
SRR13077849.bin.7.fbc2XSRR13077849.bin.20.fbc2 ,-0.1739683169101908,-0.1739683169101908,0.0375343746186445,-0.0033423307763769,1000.0,-1000.0,-653.1144364795141,546.6389443860958,-6.523995712324336,-0.2899471948502423,-0.0230955056647417,206.34485986671305,-0.3552229149129289,1000.0,-0.0113973479474225,-0.319298204168831,-0.319298204168831,999.9624656253814,-0.0061344515690962,-1000.0,1000.0,346.2661167226179,395.1161853346287,-11.974020051168624,-0.5321636736147184,-0.0423890603420886,793.655140133287,-999.6447770850872,-1000.0,-0.0209184798504793, Neutralism,Healthy
SRR13077849.bin.28.fbc2XSRR13077849.bin.31.fbc2 ,-0.1212171531959711,-0.1212171531959711,991.0271826089196,-0.002328859811655,-956.8468428057984,1000.0,0.0,-990.9044886620628,-4.545771332138997,-0.2020285886600277,-0.0160924212984809,938.9144637170818,-14.076534553897886,-1000.0,-0.007941411957745,-0.0007960495480574,-0.0007960495480574,8.972817391080298,-1.5293939441107796e-05,1000.0,-1000.0,-8.125200273286396,-9.095511337937182,-0.0298526992190772,-0.0013267492468003,-0.0001056811215676,-0.0924960634243916,-0.0013269021861788,1000.0,-5.215233352373616e-05, Amensalism,Healthy
SRR13077849.bin.37.fbc2XSRR13077849.bin.22.fbc2 ,-0.0873929454421613,-0.0873929454421613,11.76198028034014,-0.0016790191247082,-1000.0,999.868902186741,1000.0,-763.5703292889714,-3.277327800134344,-0.1456549090703447,-0.0116020221519193,384.4702324954087,-523.2985248614721,-999.868902186741,-0.0057254552153835,-0.0891899440848646,-0.0891899440848646,988.23801971966,-0.0017135435942918,1000.0,-1000.0,-976.7858398707808,-59.54798745771007,-3.344717148081486,-0.1486499068081457,-0.0118405862368717,53.10195949053718,-476.701475138528,1000.0,-0.0058431836566796, Amensalism,Healthy
SRR13077849.bin.32.fbc2XSRR13077849.bin.25.fbc2 ,-0.2207255947178055,-0.2207255947178055,1000.0,-0.0042406454316505,-1000.0,999.6688904046962,-509.55451308789736,915.4614975893974,-8.277443037415424,-0.3678759911963425,-0.0293028599327271,1000.0,-868.7734318409392,-999.6688904046962,-0.0144606009220069,0.0,0.0,0.0,0.0,1000.0,-1000.0,0.0,0.0,0.0,0.0,0.0,0.0,0.0,1000.0,0.0, Amensalism,Healthy
SRR13077849.bin.29.fbc2XSRR13077849.bin.20.fbc2 ,-0.097699496616201,-0.097699496616201,528.9935770113534,-0.0018770316353311,-1000.0,1000.0,330.9533381376866,1000.0,-3.6638343598465326,-0.1628324943602592,-0.0129702885997176,682.7778462541366,-542.1085715767839,-1000.0,-0.0064006778762859,-0.303524601934896,-0.303524601934896,471.0064229886466,-0.0058314044559892,0.0,0.0,669.0466618623134,0.0,-11.38249329980215,-0.5058743365581222,-0.0402950047910053,317.2221537458633,-457.8914284232161,0.0,-0.0198850891949859, Competition,Healthy
SRR13077849.bin.12.fbc2XSRR13077849.bin.37.fbc2 ,-0.1540271157758752,-0.1540271157758752,972.5042807327904,-0.0029592145201604,-1000.0,999.7689445302636,1000.0,-160.61804745318818,-5.776179598393014,-0.2567118596264208,-0.0204481723344542,-92.65308553951265,-0.2567414517716315,-999.7689445302636,-0.0100909215138926,-0.0879394028570459,-0.0879394028570459,27.49571926720955,-0.0016895178262075,999.8680824481252,-1000.0,-645.982876488619,-581.3078838256278,-3.297820530617741,-0.1465656714283341,-0.0116745681795009,303.6691192104172,-585.1941122108561,1000.0,-0.0057612557875472, Amensalism,Healthy
SRR13077849.bin.37.fbc2XSRR13077849.bin.29.fbc2 ,-0.0995954984218769,-0.0995954984218769,293.9190047342613,-0.0019134581829121,999.8505971850764,-1000.0,681.8685974569462,0.0,-3.734936431019833,-0.165992497369757,-0.0132219960440806,0.0,-224.321571951117,1000.0,-0.0065248924038314,-0.1188807459097915,-0.1188807459097915,706.0809952657387,-0.0022839720635374,-1000.0,1000.0,318.1314025430538,1000.0,-4.458153590082475,-0.1981345765163951,-0.0157822469593611,1000.0,-775.678428048883,-1000.0,-0.0077883447368094, Competition,Healthy
SRR13077849.bin.30.fbc2XSRR13077849.bin.28.fbc2 ,-0.0833154355683518,-0.0833154355683518,2.774479536550075,-0.0016006807986741,-0.2324668723839522,0.0,781.0931408860115,-19.043093707036636,-3.124416871255562,-0.1388590592805485,-0.0110607043185382,2.531182391187258,-100.15821078992316,0.0,-0.0054583215232923,-0.1215945186462477,-0.1215945186462477,997.2255204634498,-0.002336109868338,-285.1491867876623,1000.0,-4.004560884845205,-980.9569062929634,-4.559922935277427,-0.2026575310770795,-0.0161425191901116,772.5801441286267,-890.5340418634285,-1000.0,-0.0079661346509283, Neutralism,Healthy
SRR13077849.bin.7.fbc2XSRR13077849.bin.1.fbc2 ,-0.172528816838394,-0.172528816838394,21.00429162829471,-0.0033146746750389,1000.0,-1000.0,-648.3514655468243,523.877390185628,-6.470012938546347,-0.2875480280639522,-0.0229044020048831,203.05143218543708,-0.3522836244684413,1000.0,-0.0113030406420193,-0.1203669093865755,-0.1203669093865755,978.9957083717054,-0.0023125246759718,-815.8071075285122,1000.0,-236.84328219933275,-1000.0,-4.513886290853634,-0.2006115156442547,-0.0159795455112998,796.9485678145629,-61.42808038484054,-1000.0,-0.0078857091451709, Neutralism,Healthy
SRR13077849.bin.37.fbc2XSRR13077849.bin.1.fbc2 ,-0.0876930049474822,-0.0876930049474822,21.052645072771043,-0.0016847839567617,-1000.0,999.868452068659,-1000.0,634.3538307171075,-3.288580348646178,-0.1461550082457279,-0.011641857140944,0.0,-694.3525049994776,-999.868452068659,-0.0057451132923915,-0.1205847915264257,-0.1205847915264257,978.9473549272288,-0.0023167106921846,0.0,-0.180888770843012,912.1573192976092,-856.5088396181509,-4.5220571013276185,-0.200974652544005,-0.0160084708827525,852.8763994226078,-9.005811252544959,0.180888770843012,-0.00789998346022, Amensalism,Healthy
SRR13077849.bin.24.fbc2XSRR13077849.bin.28.fbc2 ,-0.0007793689937898,-0.0007793689937898,8.972817391080298,-1.497346772794117e-05,1000.0,-1000.0,771.1497008384231,-498.05090296749313,-0.0292271608097962,-0.0012989483230967,-0.0001034666618124,488.9004949338967,-255.3623955959623,1000.0,-5.1059524821539526e-05,-0.1212171531959711,-0.1212171531959711,991.0271826089196,-0.002328859811655,-749.8349818218014,1000.0,228.8502991615769,-501.94909703250687,-4.545771332138997,-0.2020285886600277,-0.0160924212984809,511.09950506610335,-744.6376044040377,-1000.0,-0.007941411957745, Amensalism,Healthy
SRR13077849.bin.32.fbc2XSRR13077849.bin.28.fbc2 ,-0.1516170038220252,-0.1516170038220252,204.30237831947125,-0.0029129107361995,-1000.0,999.7725599297132,-123.29079380145116,444.1639945046165,-5.685797853414897,-0.2526950063700042,-0.0201282131874904,321.1371838798441,-500.25272413547737,-999.7725599297132,-0.0099330256106213,-0.0973273711937281,-0.0973273711937281,795.6976216805288,-0.0018698822515261,0.0,-0.1460004062017788,1000.0,-761.0515083825053,-3.6498792632868335,-0.1622122853227665,-0.0129208863583016,653.3222182893819,-499.7472758645226,0.1460004062017788,-0.0063762984777895, Competition,Healthy
SRR13077849.bin.32.fbc2XSRR13077849.bin.18.fbc2 ,-0.1783795020176057,-0.1783795020176057,977.5910065841535,-0.0034270797698354,-1000.0,999.7324136115748,57.34024357024919,0.0,-6.689419815049064,-0.2972991700294187,-0.0236811212092789,1000.0,-433.3053472169903,-999.7324136115748,-0.0116863420149684,-0.0879848006890142,-0.0879848006890142,22.40899341584634,-0.0016903900228726,1000.0,-79.60868147127087,43.45196575033174,-1000.0,-3.299522997291433,-0.1466413344817283,-0.0116805950578964,-35.25565331926248,-230.27748428381028,79.60868147127076,-0.005764229977899, Competition,Healthy
SRR13077849.bin.2.fbc2XSRR13077849.bin.7.fbc2 ,-0.2078348611139517,-0.2078348611139517,999.9542433976172,-0.0039929848436486,-1000.0,999.6882277434048,1000.0,1000.0,-7.794026905939745,-0.3463914351899575,-0.0275915252698268,436.5893994310568,-583.1349396918031,-999.6882277434048,-0.0136160783169998,-0.1739686745086146,-0.1739686745086146,0.0457566023828803,-0.0033423376466998,1000.0,-1000.0,-251.94478355013155,0.0,-6.524009122643179,-0.289947790847691,-0.0230955531384324,563.4106005689432,-0.3552236450868804,1000.0,-0.0113973713750965, Neutralism,Healthy
SRR13077849.bin.29.fbc2XSRR13077849.bin.31.fbc2 ,-0.070011929856264,-0.070011929856264,4.7549925394502,-0.0013450899107283,-1000.0,1000.0,1000.0,1000.0,-2.6255213495566068,-0.1166865497605158,-0.0092945712834762,1000.0,-594.8507066993194,-1000.0,-0.0045867565958133,-0.0882960506015706,-0.0882960506015706,995.24500746055,-0.0016963698482186,1000.0,-1000.0,-892.3752484100394,-1000.0,-3.3111951979026344,-0.1471600843360647,-0.011721915651492,-10.25945824155758,-0.147177048034564,1000.0,-0.0057846211825562, Amensalism,Healthy
SRR13077849.bin.37.fbc2XSRR13077849.bin.7.fbc2 ,-0.0434876807247519,-0.0434876807247519,999.9542433976172,-0.000835498188735,-1000.0,999.934764301422,1000.0,-1000.0,-1.6308339795776874,-0.0724794678745865,-0.0057732924842639,373.2244497375932,-173.6677587714196,-999.934764301422,-0.0028490488236911,-0.1739686745086146,-0.1739686745086146,0.0457566023827666,-0.0033423376466998,1000.0,-1000.0,0.0,281.6369867293183,-6.524009122643179,-0.289947790847691,-0.0230955531384324,626.7755502624068,-0.3552236450868804,1000.0,-0.0113973713750965, Amensalism,Healthy
SRR13077849.bin.7.fbc2XSRR13077849.bin.28.fbc2 ,-0.1739683169101908,-0.1739683169101908,0.0375343746187581,-0.0033423307763769,1000.0,-1000.0,0.0,50.98160353775302,-6.523995712324336,-0.2899471948502423,-0.0230955056647417,544.5451050838833,-0.3552229149128152,1000.0,-0.0113973479474225,-0.1217611485666338,-0.1217611485666338,999.9624656253814,-0.0023393112116991,-272.3575786803482,1000.0,1000.0,-1000.0,-4.5661717333669,-0.2029352476110943,-0.0161646404725388,455.4548949161167,-936.5794361480984,-1000.0,-0.0079770512317054, Neutralism,Healthy
SRR13077849.bin.24.fbc2XSRR13077849.bin.31.fbc2 ,0.0,0.0,4.754992539450313,0.0,0.0,0.0,1000.0,-221.43468817473592,0.0,0.0,0.0,221.43468817473604,-394.0376484520823,0.0,0.0,-0.0882960506015706,-0.0882960506015706,995.2450074605496,-0.0016963698482186,-1000.0,1000.0,-670.9405602353022,-778.5653118252641,-3.3111951979026344,-0.1471600843360647,-0.011721915651492,-10.25945824155758,-0.147177048034564,-1000.0,-0.0057846211825562, Amensalism,Healthy
SRR13077849.bin.24.fbc2XSRR13077849.bin.7.fbc2 ,-0.0845718130793784,-0.0845718130793784,999.9542433976172,-0.0016248186950633,-1000.0,1000.0,0.0,-1000.0,-3.171532355503928,-0.140953021798964,-0.0112274971830856,-8.741604753054503,-0.1744974037590054,-1000.0,-0.0055406317502502,-0.1739686745086146,-0.1739686745086146,0.0457566023828803,-0.0033423376466998,0.0,0.0,-1000.0,0.0,-6.524009122643179,-0.289947790847691,-0.0230955531384324,1000.0,-0.3552236450868804,0.0,-0.0113973713750965, Neutralism,Healthy
SRR13077849.bin.25.fbc2XSRR13077849.bin.18.fbc2 ,-0.0688087699821835,-0.0688087699821835,855.8868476239659,-0.0013219744472507,-1000.0,1000.0,-486.080611961625,0.0,-2.5804015829281752,-0.1146812833037529,-0.0091348434308429,1000.0,-0.0258049412113905,-1000.0,-0.0045079328652946,-0.0935267269339874,-0.0935267269339874,144.11315237603412,-0.0017968631495932,696.4502421741081,0.0,-179.49494640693274,-1000.0,-3.507351087497227,-0.1558778782232366,-0.0124163243633574,0.0,-328.1091081093108,0.0,-0.0061273033400084, Competition,Healthy
SRR13077849.bin.20.fbc2XSRR13077849.bin.1.fbc2 ,-0.2780665075711113,-0.2780665075711113,21.12229612582269,-0.0053422960147599,-1000.0,1000.0,48.763190146011766,1000.0,-10.427787860198691,-0.4634441792852612,-0.0369152654624258,170.75641542705284,-900.8833222299136,-1000.0,-0.0182172294105384,-0.1209837370120112,-0.1209837370120112,978.8777038741772,-0.002324375350895,159.50362623474143,0.0,-248.31648979900612,-1000.0,-4.537017978594008,-0.2016395616866475,-0.0160614336743947,829.2435845729472,-50.19965067117823,0.0,-0.0079261199464326, Amensalism,Healthy
SRR13077849.bin.30.fbc2XSRR13077849.bin.37.fbc2 ,-0.0833185718163349,-0.0833185718163349,2.8267400247566457,-0.0016007410531528,-1000.0,999.7675243768512,781.0639927893635,-18.97940916598907,-3.1245344838703204,-0.1388642863605582,-0.0110611206772546,2.5444300674301985,-100.15594909118738,-999.7675243768514,-0.0054585269912195,-0.1302001935404177,-0.1302001935404177,997.1732599752434,-0.0025014446405293,999.804687202466,-1000.0,218.9360072106365,114.12818970964736,-4.882644837222415,-0.2170003225674008,-0.017284982466208,-371.7119677324506,-899.8440509088126,1000.0,-0.0085299262242415, Neutralism,Healthy
SRR13077849.bin.12.fbc2XSRR13077849.bin.31.fbc2 ,-0.1540801494545576,-0.1540801494545576,972.4948135741374,-0.0029602334188894,-1000.0,999.768864974651,496.9619528897174,-397.8242853453428,-5.778168417384563,-0.2568002490909293,-0.0204552129247304,-92.68498728581494,-596.5237090436727,-999.768864974651,-0.0100943959585038,-0.0024402024770324,-0.0024402024770324,27.505186425862576,-4.688189198986947e-05,1000.0,-1000.0,-312.0542850167045,-602.1757146546572,-0.0915101713929971,-0.0040670041283874,-0.000323953873476,286.8636986190563,-0.0040674729473266,1000.0,-0.0001598672515683, Amensalism,Healthy
SRR13077849.bin.29.fbc2XSRR13077849.bin.7.fbc2 ,-0.1223596542832865,-0.1223596542832865,999.9542433976172,-0.0023508098805677,-1000.0,1000.0,-857.2805715041081,832.4991572295617,-4.588616330168179,-0.2039327571388867,-0.0162440962747041,604.0902422014949,-855.1062238764938,-1000.0,-0.0080162616927736,-0.1739686745086146,-0.1739686745086146,0.0457566023828803,-0.0033423376466998,1000.0,-1000.0,-84.44394077969343,167.50084277043834,-6.524009122643179,-0.289947790847691,-0.0230955531384324,395.9097577985051,-0.3552236450868804,1000.0,-0.0113973713750965, Neutralism,Healthy
SRR13077849.bin.25.fbc2XSRR13077849.bin.31.fbc2 ,-0.0004235419991609,-0.0004235419991609,4.789981555040413,-8.13721420097891e-06,0.0,0.0,992.0584139599512,-5.102539194620931,-0.0158832725153167,-0.0007059033319349,-5.622815012876426e-05,4.7270987097659445,-498.1634302721052,0.0,-2.7747900425336564e-05,-0.0882929464495157,-0.0882929464495157,995.2100184449596,-0.0016963102103653,-1000.0,1000.0,-887.2781892010887,-994.8974608053792,-3.311078788918409,-0.1471549107491928,-0.0117215035536244,-10.259097558166394,-0.1471718738512965,-1000.0,-0.0057844178173457, Amensalism,Healthy
SRR13077849.bin.2.fbc2XSRR13077849.bin.37.fbc2 ,-0.2182868487732321,-0.2182868487732321,825.9487987949383,-0.0041937915229937,-1000.0,999.6725487578824,-251.19500443349975,1000.0,-8.185987487531747,-0.3638114146220914,-0.0289790994240775,1000.0,-500.0,-999.6725487578824,-0.0143008290934858,-0.0943911762062725,-0.0943911762062725,174.05120120506172,-0.0018134712047412,999.8584041683348,-1000.0,-370.90759166958105,0.0,-3.539768848649373,-0.1573186270103406,-0.0125310860246372,0.0,-500.0,1000.0,-0.0061839368081564, Amensalism,Healthy
SRR13077849.bin.32.fbc2XSRR13077849.bin.29.fbc2 ,-0.1646410609208715,-0.1646410609208715,356.6055953180694,-0.0031631327746026,-1000.0,999.753022592955,0.0,-34.551584189039204,-6.174213756834433,-0.2744017682014146,-0.0218572474728944,404.7335199778816,-430.2617556073032,-999.7530225929548,-0.0107862827616145,-0.1032318770571691,-0.1032318770571691,643.3944046819306,-0.0019833213651736,0.0,0.0,830.3824987585438,1000.0,-3.871304472317206,-0.1720531284285016,-0.0137047506333374,595.2664800221185,-569.7382443926969,0.0,-0.0067631258552864, Competition,Healthy
SRR13077849.bin.1.fbc2XSRR13077849.bin.31.fbc2 ,-0.120973979755945,-0.120973979755945,978.7584333932376,-0.0023241878915314,0.0,0.0,-214.8260826304945,-978.4679770593112,-4.536652071179901,-0.2016232995931659,-0.0160601383306584,975.1475027861492,-9.080245716862578,0.0,-0.0079254807102415,-0.0018845072579551,-0.0018845072579551,21.24156660676249,-3.6205711012371466e-05,1000.0,-1000.0,-19.2349821996678,-21.53202294068876,-0.0706710134861623,-0.0031408454298116,-0.0002501814631159,-0.2189681575428039,-0.0031412074870331,1000.0,-0.0001234614745726, Amensalism,Healthy
SRR13077849.bin.24.fbc2XSRR13077849.bin.18.fbc2 ,0.0,0.0,0.0,0.0,-1000.0,1000.0,1000.0,0.0,0.0,0.0,0.0,0.0,-500.0,-1000.0,0.0,-0.1303773312002931,-0.1303773312002931,988.9183526721088,-0.0025048478617009,1000.0,-937.2465767141848,-1000.0,-1000.0,-4.889287686644707,-0.2172955520005643,-0.0173084987242191,-57.65576148030436,-15.954571052192932,937.2465767141848,-0.0085415312082659, Amensalism,Healthy
SRR13077849.bin.25.fbc2XSRR13077849.bin.29.fbc2 ,-0.0075819538204768,-0.0075819538204768,85.746912993249,-0.0001456667400816,1000.0,-1000.0,-76.28599223936658,-171.9651584006616,-0.2843312799369641,-0.012636589700719,-0.0010065571738095,84.50214991269831,-0.0028434147660618,1000.0,-0.0004967235836375,-0.1309959643148204,-0.1309959643148204,914.253087006751,-0.0025167332240698,-1000.0,1000.0,236.58757627511704,1000.0,-4.9124870821312925,-0.2183266071913294,-0.0173906265786172,915.4978500873016,-999.997156585234,-1000.0,-0.0085820602942021, Amensalism,Healthy
SRR13077849.bin.20.fbc2XSRR13077849.bin.31.fbc2 ,-0.2880583973709463,-0.2880583973709463,4.7549925394502,-0.0055342631579833,-1000.0,1000.0,-329.05689520992473,931.8646073606516,-10.802494285882858,-0.4800973289515013,-0.0382417584213499,1000.0,-999.8528229519654,-1000.0,-0.0188718373685787,-0.0882960506015706,-0.0882960506015706,995.24500746055,-0.0016963698482186,1000.0,-1000.0,-670.9431047900753,-778.5661600101871,-3.3111951979026344,-0.1471600843360647,-0.011721915651492,-10.25945824155758,-0.147177048034564,1000.0,-0.0057846211825562, Amensalism,Healthy
SRR13077849.bin.32.fbc2XSRR13077849.bin.7.fbc2 ,-0.1701880008744183,-0.1701880008744183,999.9542433976172,-0.0032697022262482,-1000.0,999.7447016501771,-137.0616605262968,-1000.0,-6.382229866414605,-0.2836466681241063,-0.0225936423831853,793.6533623369112,-500.2869490673726,-999.7447016501771,-0.0111496845913734,-0.1739686745086146,-0.1739686745086146,0.0457566023828803,-0.0033423376466998,1000.0,-1000.0,-653.1333011859417,546.6270830412732,-6.524009122643179,-0.289947790847691,-0.0230955531384324,206.3466376630888,-0.3552236450868804,1000.0,-0.0113973713750965, Amensalism,Healthy
SRR13077849.bin.24.fbc2XSRR13077849.bin.37.fbc2 ,-0.0852453279674136,-0.0852453279674136,981.4315121818177,-0.0016377584623796,-1000.0,1000.0,368.5016062664147,-1000.0,-3.196789875495142,-0.1420755466124319,-0.011316910975097,-3.064049552118263,-483.3061969721703,-1000.0,-0.0055847563567112,-0.087688626913291,-0.087688626913291,18.56848781818246,-0.0016846998446453,999.8684586361308,-1000.0,0.0,146.9778245345392,-3.2884161677415022,-0.1461477115221896,-0.0116412759264221,343.9036728568449,-516.6938030278297,1000.0,-0.0057448264701633, Amensalism,Healthy
SRR13077849.bin.7.fbc2XSRR13077849.bin.22.fbc2 ,-0.1739686745086146,-0.1739686745086146,0.0457566023827666,-0.0033423376466998,0.0,0.0,-1000.0,821.3104291209861,-6.524009122643179,-0.289947790847691,-0.0230955531384324,942.6071474257648,-0.3552236450868804,0.0,-0.0113973713750965,-0.0894227680416861,-0.0894227680416861,999.9542433976172,-0.0017180166770458,-1000.0,1000.0,26.396449973352446,-62.50443606095746,-3.35344829248038,-0.1490379467361435,-0.0118714952385516,57.39285257423512,-480.31649393367456,-1000.0,-0.0058584368688343, Neutralism,Healthy
SRR13077849.bin.25.fbc2XSRR13077849.bin.1.fbc2 ,-0.001878231780779,-0.001878231780779,21.241566606762376,-3.60851446430388e-05,1000.0,-1000.0,0.0,-34.59918837583473,-0.0704356764615568,-0.0031303863012226,-0.0002493483497119,24.933561531348914,-11.449815505856918,1000.0,-0.0001230503434044,-0.120973979755945,-0.120973979755945,978.7584333932376,-0.0023241878915314,-1000.0,1000.0,-79.2251706160996,-842.7526212500932,-4.536652071179901,-0.2016232995931659,-0.0160601383306584,975.0664384686512,-9.080245716862578,-1000.0,-0.0079254807102415, Amensalism,Healthy
SRR13077849.bin.28.fbc2XSRR13077849.bin.1.fbc2 ,-0.0025982053754205,-0.0025982053754205,21.241566606762603,-4.991749040073046e-05,-999.8185274094268,1000.0,968.6560305055682,-5.583642862501392,-0.0974354470407661,-0.0043303422924054,-0.0003449298586701,16.654051934445533,-507.50979159756014,-1000.0,-0.0001702186423244,-0.120973979755945,-0.120973979755945,978.7584333932372,-0.0023241878915314,-0.1814725905733212,0.0,31.343969494431803,-994.4163571374986,-4.536652071179901,-0.2016232995931659,-0.0160601383306584,983.3459480655544,-10.27754336190867,0.0,-0.0079254807102415, Amensalism,Healthy
SRR13077849.bin.25.fbc2XSRR13077849.bin.24.fbc2 ,-0.0875180561084789,-0.0875180561084789,995.0470497080072,-0.0016814227878967,-1000.0,1000.0,-864.7386929098737,-994.9530018645112,-3.282019582321709,-0.1458634268475407,-0.0116186314642163,991.229568004861,-0.0328213728191713,-1000.0,-0.0057336517065778,-0.0004302077840065,-0.0004302077840065,4.952950291992693,-8.265279234365153e-06,0.0,0.0,250.59852850109928,-5.046998135488934,-0.0161332464884935,-0.0007170129732685,-5.711307949241018e-05,-0.0152096841873117,-499.9154131323544,0.0,-2.8184602228975564e-05, Amensalism,Healthy
SRR13077849.bin.18.fbc2XSRR13077849.bin.1.fbc2 ,-0.0176559782257754,-0.0176559782257754,21.101489103772792,-0.0003392118775309,354.6345941374541,0.1802758696430828,173.03632453924502,-191.83212702399123,-0.6621178401203451,-0.0294266303762924,-0.0023439540738081,-7.807867057222438,-97.84269390464284,-0.1802758696430828,-0.001156712502393,-0.1201762168919913,-0.1201762168919913,978.8985108962272,-0.0023088610354307,-1000.0,999.8197241303568,-323.40010264426564,-808.1678729760088,-4.506735120804819,-0.2002936948199476,-0.015954229754584,793.1846347299106,-15.491841851177014,-999.8197241303568,-0.0078732161306334, Amensalism,Healthy
SRR13077849.bin.30.fbc2XSRR13077849.bin.24.fbc2 ,-0.0833162965038809,-0.0833162965038809,2.827674534908965,-0.0016006973391995,-1000.0,999.7675307254322,781.0128759587074,-18.855140231815767,-3.12444915724916,-0.1388604941731728,-0.0110608186137142,2.577485540796488,-100.16739950488852,-999.7675307254322,-0.0054583779266295,-0.0836387160072718,-0.0836387160072718,974.8418107782554,-0.0016068917581151,1000.0,-1000.0,218.98712404129265,-981.1448597681842,-3.136540229320417,-0.1393978600121954,-0.0111036220482674,-14.90534315526179,-416.5625423612446,1000.0,-0.005479500895035, Neutralism,Healthy
SRR13077849.bin.12.fbc2XSRR13077849.bin.2.fbc2 ,-0.0909178981980858,-0.0909178981980858,266.3905516814573,-0.0017467415600549,-1000.0,999.863614418995,0.0,-166.9205604625986,-3.4095172532147444,-0.1515298303302188,-0.0120699841795612,-54.690524823437386,-234.78521004913569,-999.8636144189952,-0.0059563887195963,-0.212183555491265,-0.212183555491265,733.6094483185427,-0.0040765332466889,0.0,-0.3182957159031048,1000.0,1000.0,-7.957107540249581,-0.3536392591520325,-0.0281688447347505,1000.0,-500.0,0.3182957159031048,-0.0139009783712253, Amensalism,Healthy
SRR13077849.bin.2.fbc2XSRR13077849.bin.31.fbc2 ,-0.212183555491265,-0.212183555491265,733.6094483185425,-0.0040765332466889,-1000.0,999.6817042840968,1000.0,1000.0,-7.957107540249581,-0.3536392591520325,-0.0281688447347505,1000.0,-500.0,-999.6817042840968,-0.0139009783712253,-0.0236336112764092,-0.0236336112764092,266.3905516814575,-0.0004540559323231,1000.0,-1000.0,-238.93003713688267,-267.7367780286386,-0.886285395939808,-0.039389352127273,-0.0031375264921962,-2.746080332414749,-0.0393938926865757,1000.0,-0.0015483307291788, Amensalism,Healthy
SRR13077849.bin.2.fbc2XSRR13077849.bin.1.fbc2 ,-0.1841453213222621,-0.1841453213222621,545.2569374177108,-0.0035378543961996,-1000.0,999.7237643287448,1000.0,1000.0,-6.905644131575855,-0.3069088688704369,-0.0244465738777535,630.4243359325062,-500.0,-999.7237643287448,-0.0120640834910545,-0.0559022900964691,-0.0559022900964691,454.7430625822892,-0.0010740113370957,261.4296487203733,0.2762356712553355,-557.4241099016334,-640.1666509289843,-2.0963949492431766,-0.0931704834941911,-0.0074214183393905,369.5756640674938,-72.65376546818584,-0.2762356712553355,-0.0036623786595555, Competition,Healthy
SRR13077849.bin.12.fbc2XSRR13077849.bin.25.fbc2 ,-0.1540801494545576,-0.1540801494545576,972.494813574138,-0.0029602334188894,-1000.0,999.768864974651,1000.0,97.82270885060666,-5.778168417384563,-0.2568002490909293,-0.0204552129247304,-92.68498728581494,-257.97227263536934,-999.768864974651,-0.0100943959585038,-0.0024320765147649,-0.0024320765147649,27.50518642586212,-4.672577358633134e-05,1000.0,-1000.0,0.0,-55.16156297003374,-0.0912054392207437,-0.0040534608579037,-0.0003228750954349,39.34109681725022,-0.0009120871002323,1000.0,-0.0001593348879396, Amensalism,Healthy
SRR13077849.bin.7.fbc2XSRR13077849.bin.24.fbc2 ,-0.1739686745086146,-0.1739686745086146,0.0457566023828803,-0.0033423376466998,-1000.0,1000.0,0.0,0.0,-6.524009122643179,-0.289947790847691,-0.0230955531384324,857.5280355541822,-0.3552236450868804,-1000.0,-0.0113973713750965,-0.0845718130793784,-0.0845718130793784,999.9542433976172,-0.0016248186950633,0.0,0.0,124.66284141171536,-1000.0,-3.171532355503928,-0.140953021798964,-0.0112274971830856,-8.74160475305439,-0.1744974037590054,0.0,-0.0055406317502502, Neutralism,Healthy
SRR13077849.bin.12.fbc2XSRR13077849.bin.7.fbc2 ,-0.1510519992312993,-0.1510519992312993,999.954304201338,-0.0029020557009289,-1000.0,999.7734074908744,983.2401949430252,-352.35287916510333,-5.664609584237269,-0.2517533320522034,-0.0200532048932018,-90.86344138300308,-113.93663687957768,-999.7734074908744,-0.0098960099400073,-0.173737496008357,-0.173737496008357,0.0456957986619954,-0.0033378961769585,1000.0,-1000.0,16.759805056974756,-186.57231932006985,-6.515339684603873,-0.2895624933472618,-0.0230648625824869,1000.0,-0.3547516056823951,1000.0,-0.0113822259633025, Neutralism,Healthy
SRR13077849.bin.30.fbc2XSRR13077849.bin.22.fbc2 ,-0.0833188878503961,-0.0833188878503961,2.8381299882489657,-0.0016007471249395,-1000.0,999.7675234950528,791.5316330269106,-18.90134369852888,-3.1245463354811136,-0.1388648130839556,-0.0110611626329273,2.567198201537849,-100.16429445977076,-999.7675234950528,-0.0054585476958664,-0.089367278197983,-0.089367278197983,997.161870011751,-0.0017169505897527,1000.0,-1000.0,21.53429346776284,-62.465649950184456,-3.351367364707244,-0.1489454636632672,-0.0118641285753255,57.0861371848448,-481.2203431304183,1000.0,-0.0058548015111909, Neutralism,Healthy
SRR13077849.bin.24.fbc2XSRR13077849.bin.25.fbc2 ,-0.0004302077839515,-0.0004302077839515,4.952950291992693,-8.265279230576539e-06,-1000.0,1000.0,-135.26130709012614,-5.046998135488934,-0.0161332464885392,-0.0007170129732525,-5.7113079483283874e-05,-0.0152096841873117,-306.98549533674145,-1000.0,-2.818460217626599e-05,-0.0875180561084906,-0.0875180561084906,995.0470497080072,-0.0016814227878672,0.0,0.0,-864.7386929098739,-994.9530018645112,-3.28201958232173,-0.1458634268474843,-0.0116186314641627,991.2295680048616,-0.0328213728191688,0.0,-0.0057336517066275, Amensalism,Healthy
SRR13077849.bin.37.fbc2XSRR13077849.bin.20.fbc2 ,-0.0871933520370475,-0.0871933520370475,9.413833184258692,-0.0016751844772215,999.869201596022,-1000.0,-470.192269968441,1000.0,-3.2698428365375776,-0.145322253395193,-0.0115755247372817,0.0,-389.2929042971467,1000.0,-0.0057123790671766,-0.32305859083624,-0.32305859083624,990.5861668157412,-0.0062066972302545,-1000.0,1000.0,-529.807730031559,-161.76789837020772,-12.115038524708098,-0.5384309847271425,-0.042888277861266,1000.0,-610.7070957028533,-1000.0,-0.0211648375552613, Amensalism,Healthy
SRR13077849.bin.30.fbc2XSRR13077849.bin.31.fbc2 ,-0.0833188878503961,-0.0833188878503961,2.838129988248852,-0.0016007471249395,-1000.0,999.7675234950528,791.5316330269109,-18.90134369852899,-3.1245463354811136,-0.1388648130839556,-0.0110611626329273,2.5671982015377357,-100.16429445977076,-999.7675234950528,-0.0054585476958664,-0.0882960506015706,-0.0882960506015706,997.161870011751,-0.0016963698482186,1000.0,-1000.0,-877.3076298139129,-981.098656301471,-3.3111951979026344,-0.1471600843360647,-0.011721915651492,-10.25945824155758,-0.147177048034564,1000.0,-0.0057846211825562, Neutralism,Healthy
SRR13077849.bin.32.fbc2XSRR13077849.bin.37.fbc2 ,-0.1780615149850746,-0.1780615149850746,999.9850775852044,-0.0034209705088414,-1000.0,999.73289062267,0.0,-1000.0,-6.677494965318829,-0.2967691916418289,-0.0236389062160924,1000.0,-244.61452028458496,-999.73289062267,-0.0116655094351472,-0.0863012989011622,-0.0863012989011622,0.0149224147955919,-0.001658046088437,999.8705397614178,-1000.0,691.4468837395873,373.6711157953066,-3.2363899013266746,-0.1438354981685279,-0.0114570984708279,0.0,-755.385479715415,1000.0,-0.005653937161469, Competition,Healthy
SRR13077849.bin.24.fbc2XSRR13077849.bin.2.fbc2 ,-0.0231383886670073,-0.0231383886670073,266.3905516814584,-0.0004445415689815,1000.0,-1000.0,0.0,-271.4488412738059,-0.8677140247991701,-0.0385639811116789,-0.0030717822418182,-0.8180409498780818,-354.5293464087199,1000.0,-0.0015158867503259,-0.212183555491265,-0.212183555491265,733.6094483185416,-0.0040765332466889,-1000.0,999.6817042840968,1000.0,1000.0,-7.957107540249581,-0.3536392591520325,-0.0281688447347505,1000.0,-500.0,-999.6817042840968,-0.0139009783712253, Amensalism,Healthy
SRR13077849.bin.32.fbc2XSRR13077849.bin.31.fbc2 ,-0.2174138575561528,-0.2174138575561528,943.9142389839326,-0.0041770193574848,-1000.0,999.6738583285688,-514.5099736504204,-8.817795506685115,-8.153249394421891,-0.3623564292603305,-0.0288632037601246,1000.0,-849.0447801066882,-999.6738583285688,-0.0142436360089277,-0.0049758111375695,-0.0049758111375695,56.08576101606741,-9.559675572745618e-05,1000.0,-1000.0,-50.787620083324896,-56.852579876789264,-0.1865981754793892,-0.00829301856254,-0.0006605735823086,-0.5781586632205062,-0.0082939745301473,1000.0,-0.0003259849371488, Amensalism,Healthy
SRR13077849.bin.29.fbc2XSRR13077849.bin.22.fbc2 ,-0.0585105497511904,-0.0585105497511904,11.7619802803398,-0.0011241219932571,-1000.0,1000.0,899.4199063991882,1000.0,-2.1942074423775466,-0.0975175829186127,-0.0077676829737356,953.7522148867844,-521.5849812671418,-1000.0,-0.0038332559971649,-0.0891899440848646,-0.0891899440848646,988.2380197196604,-0.0017135435942918,1000.0,-1000.0,-971.6452090877896,-56.12090026904707,-3.344717148081486,-0.1486499068081457,-0.0118405862368717,46.24778511321574,-478.41501873285824,1000.0,-0.0058431836566796, Amensalism,Healthy
SRR13077849.bin.32.fbc2XSRR13077849.bin.12.fbc2 ,-0.1515100369689435,-0.1515100369689435,204.3041260596829,-0.0029108556574328,-1000.0,999.7727203902682,-677.6689456030383,667.0325486737008,-5.681786483394944,-0.2525167282815346,-0.020114012592785,320.665997915542,-500.25254583683807,-999.7727203902684,-0.0099260177918267,-0.1368764895514687,-0.1368764895514687,795.6958739403171,-0.0026297116148725,0.0,-0.2053278828852853,1000.0,-903.1323751722592,-5.1330129923186405,-0.228127482585819,-0.0181713072583988,-82.33634078570572,-148.57243796170314,0.2053278828852853,-0.0089673166065722, Competition,Healthy
SRR13077849.bin.7.fbc2XSRR13077849.bin.31.fbc2 ,-0.1739686745086146,-0.1739686745086146,4.629730276623832,-0.0033423376466998,-1000.0,1000.0,0.0,0.0,-6.524009122643179,-0.289947790847691,-0.0230955531384324,953.213585950527,-0.3552236450868804,-1000.0,-0.0113973713750965,-0.0882960506015706,-0.0882960506015706,995.3702697233762,-0.0016963698482186,0.0,0.0,-892.6257729356931,-1000.0,-3.3111951979026344,-0.1471600843360647,-0.011721915651492,-10.25945824155758,-0.147177048034564,0.0,-0.0057846211825562, Neutralism,Healthy
SRR13077849.bin.30.fbc2XSRR13077849.bin.20.fbc2 ,-0.0833185718163349,-0.0833185718163349,2.8267400247566457,-0.0016007410531528,999.7675243768512,-1000.0,781.0639927893637,-18.979409165989185,-3.1245344838703204,-0.1388642863605582,-0.0110611206772546,2.5444300674301985,-100.15594909118738,1000.0,-0.0054585269912195,-0.3399573792355568,-0.3399573792355568,997.1732599752434,-0.0065313617528772,-1000.0,1000.0,-1000.0,1000.0,-12.748760946231071,-0.566595632059375,-0.0451317097121091,997.4555699325696,-899.8440509088126,-1000.0,-0.0222719435771523, Neutralism,Healthy
SRR13077849.bin.30.fbc2XSRR13077849.bin.1.fbc2 ,-0.0833188878503961,-0.0833188878503961,2.8381299882487383,-0.0016007471249395,-1000.0,999.7675234950528,791.0233602426008,-19.104652812253107,-3.1245463354811136,-0.1388648130839556,-0.0110611626329273,2.567198201537962,-99.91015806761584,-999.7675234950528,-0.0054585476958664,-0.1209841550813735,-0.1209841550813735,978.8879976342118,-0.0023243833829837,0.0,-0.1814878545390001,-478.1568981489832,-980.8953471877468,-4.5370336566375045,-0.2016402584689558,-0.0160614891760815,981.7287083620269,-9.042548674602472,0.1814878545390001,-0.0079261473357519, Neutralism,Healthy
SRR13077849.bin.29.fbc2XSRR13077849.bin.24.fbc2 ,-0.061060492177603,-0.061060492177603,22.95455458515437,-0.0011731122416449,-1000.0,1000.0,-1000.0,1000.0,-2.2898329778320203,-0.101767486962558,-0.0081062055897973,1000.0,-732.4396231198251,-1000.0,-0.0040003127439831,-0.0847625540304761,-0.0847625540304761,977.0454454148456,-0.0016284832666997,1000.0,-1000.0,183.33579424296383,-1000.0,-3.178685342720769,-0.1412709233840132,-0.0112528193727712,0.0,-0.1730752015822645,1000.0,-0.005553127939379, Amensalism,Healthy
SRR13077849.bin.32.fbc2XSRR13077849.bin.30.fbc2 ,-0.2204821507532415,-0.2204821507532415,997.1732599752438,-0.0042359683142194,-1000.0,999.6692555940284,218.9360072106356,196.7171690624132,-8.268313631504725,-0.3674702512554404,-0.0292705410510052,997.45556993257,-899.8440509088125,-999.6692555940284,-0.0144446519514076,-0.0833185718163349,-0.0833185718163349,2.826740024756191,-0.0016007410531528,999.7675243768512,-1000.0,781.0639927893644,-18.97940916598941,-3.1245344838703204,-0.1388642863605582,-0.0110611206772546,2.544430067429857,-100.1559490911875,1000.0,-0.0054585269912195, Neutralism,Healthy
SRR13077849.bin.37.fbc2XSRR13077849.bin.31.fbc2 ,-0.0867909205277328,-0.0867909205277328,4.7549925394502,-0.0016674528440034,-1000.0,999.869805281944,0.0,0.0,-3.254751229697831,-0.1446515342129259,-0.0115220991517617,72.32087199859052,-832.8691587606443,-999.869805281944,-0.0056860141978631,-0.0882960506015706,-0.0882960506015706,995.24500746055,-0.0016963698482186,1000.0,-1000.0,-892.3769447798867,-1000.0,-3.3111951979026344,-0.1471600843360647,-0.011721915651492,-10.25945824155758,-0.147177048034564,1000.0,-0.0057846211825562, Amensalism,Healthy
SRR13077849.bin.2.fbc2XSRR13077849.bin.24.fbc2 ,-0.212183555491265,-0.212183555491265,733.6094483185436,-0.0040765332466889,-1000.0,999.6817042840968,-370.46586255055513,1000.0,-7.957107540249581,-0.3536392591520325,-0.0281688447347505,1000.0,-500.0,-999.6817042840968,-0.0139009783712253,-0.0231383886670073,-0.0231383886670073,266.3905516814564,-0.0004445415689815,1000.0,-1000.0,0.0,-276.6003423423415,-0.8677140247990565,-0.0385639811116789,-0.0030717822418182,0.0,-348.4194113094618,1000.0,-0.0015158867503259, Amensalism,Healthy
SRR13077849.bin.30.fbc2XSRR13077849.bin.7.fbc2 ,-0.0833188878503961,-0.0833188878503961,2.838129988248852,-0.0016007471249395,-1000.0,999.7675234950528,791.5316330269109,-18.901343698528763,-3.1245463354811136,-0.1388648130839556,-0.0110611626329273,2.567198201537849,-100.16429445977076,-999.7675234950528,-0.0054585476958664,-0.1739686745086146,-0.1739686745086146,0.0457566023828803,-0.0033423376466998,1000.0,-1000.0,-619.1285552106501,678.8677618340739,-6.524009122643179,-0.289947790847691,-0.0230955531384324,217.68155298818624,-0.3552236450868804,1000.0,-0.0113973713750965, Neutralism,Healthy
SRR13077849.bin.24.fbc2XSRR13077849.bin.22.fbc2 ,-0.0023370342566977,-0.0023370342566977,26.90610197179012,-4.4899793579133984e-05,0.0,0.0,1000.0,-948.7458288178096,-0.0876412541143736,-0.0038950570944962,-0.0003102575738012,921.2462029849404,-38.887830424269055,0.0,-0.0001531082962173,-0.0882060783912948,-0.0882060783912948,973.09389802821,-0.0016946412755487,-1000.0,1000.0,0.0,-51.25417118219036,-3.307821144943773,-0.1470101306521201,-0.0117099712139179,58.45602315446445,-474.4128392158889,-1000.0,-0.0057787267495541, Amensalism,Healthy
SRR13077849.bin.32.fbc2XSRR13077849.bin.22.fbc2 ,-0.1516170038220252,-0.1516170038220252,204.30237831947105,-0.0029129107361995,-1000.0,999.7725599297132,-679.8161537676879,-6.192484530867205,-5.685797853414897,-0.2526950063700042,-0.0201282131874904,321.13718387984363,-500.25272413547737,-999.7725599297132,-0.0099330256106213,-0.0721259962023168,-0.0721259962023168,795.697621680529,-0.0013857059789188,1000.0,-1000.0,-320.18384623231213,-41.91046947629059,-2.7048010714172506,-0.1202099936706417,-0.0095752283142473,47.799414518125786,-387.9267649542353,1000.0,-0.0047252573881451, Competition,Healthy
SRR13077849.bin.12.fbc2XSRR13077849.bin.22.fbc2 ,-0.0694955986866716,-0.0694955986866716,26.90610197179012,-0.0013351700035855,-1000.0,999.89574992612,-199.2364071503389,-948.7458288178102,-2.606158385099548,-0.1158259978110436,-0.0092260247247395,-41.80420841680996,-525.5871607841108,-999.89574992612,-0.0045529297121902,-0.0882060783912948,-0.0882060783912948,973.09389802821,-0.0016946412755487,1000.0,-1000.0,9.328192442780733,-51.25417118218979,-3.307821144943773,-0.1470101306521201,-0.0117099712139179,58.45602315446308,-474.4128392158892,1000.0,-0.0057787267495541, Amensalism,Healthy
SRR13077853.bin.43.fbc2XSRR13077853.bin.4.fbc2 ,-0.0970141679830476,-0.0970141679830476,825.1774684053764,-0.0018638648988371,-1000.0,999.8544694287008,-877.6103148002692,531.1273998912357,-3.638133811933472,-0.1616902799717081,-0.0128793064508272,1000.0,-32.82699371040701,-999.8544694287008,-0.006355779304954,-0.1312809738288933,-0.1312809738288933,10.695729553089222,-0.002522208911273,1000.0,-1000.0,546.163753990134,468.8726001087644,-4.9231752400737605,-0.2188016230481935,-0.0174284635764934,0.0,-450.4245796675223,1000.0,-0.0086007323872081, Neutralism,Healthy
SRR13077853.bin.15.fbc2XSRR13077853.bin.31.fbc2 ,-0.0884746796940589,-0.0884746796940589,39.51005102107865,-0.0016998017232481,-1000.0,999.8672794814502,1000.0,-31.78990005352773,-3.3178939776212246,-0.1474577994900983,-0.0117456299075229,-6.331829411094645,-499.8063682120881,-999.8672794814504,-0.0057963238762113,-0.094830020331301,-0.094830020331301,960.4899489789212,-0.0018219024078689,1000.0,-1000.0,-1000.0,1.1136014087825288,-3.5562259670575718,-0.1580500338856154,-0.0125893456386165,127.76589942574697,-500.1936317879119,1000.0,-0.0062126872109047, Neutralism,Healthy
SRR13077853.bin.15.fbc2XSRR13077853.bin.51.fbc2 ,-0.0881179155139761,-0.0881179155139761,15.26516902771732,-0.0016929474642211,-1000.0,999.8678146619918,1000.0,-26.95346736666136,-3.3045149438828503,-0.1468631925232557,-0.0116982669778735,1.7584776984799646,-467.1886677270353,-999.8678146619918,-0.0057729508530428,-0.2259808149252649,-0.2259808149252649,984.7348309722828,-0.0043416102771516,322.02802096543587,0.1321853380081847,-1000.0,-226.15619335156964,-8.474519348263357,-0.3766346915421081,-0.0300005270150904,139.09513254828516,-532.8113322729647,-0.1321853380081847,-0.0148048910450597, Neutralism,Healthy
SRR13077853.bin.34.fbc2XSRR13077853.bin.42.fbc2 ,-0.2593648461372595,-0.2593648461372595,1000.0,-0.0049829941621055,0.0,-0.389072184176598,0.0,-624.2502836282238,-9.7264557948248,-0.4322747435620613,-0.0344324896600483,646.3791925824717,-500.00249149708105,0.389072184176598,-0.0169920100927356,-0.095540056467712,-0.095540056467712,0.0,-0.0018355438322714,-1000.0,999.8566807375792,-1000.0,-98.8409682971494,-3.582853072451144,-0.1592334274462246,-0.0126836078807173,353.62080741752834,-499.99750850291895,-999.8566807375792,-0.0062592044679377, Amensalism,Healthy
SRR13077853.bin.31.fbc2XSRR13077853.bin.9.fbc2 ,-0.094830020331301,-0.094830020331301,27.176862743083348,-0.0018219024078689,1000.0,-1000.0,-832.0526556061326,18.885430432276507,-3.5562259670575718,-0.1580500338856154,-0.0125893456386165,564.1890834449882,-500.1936317879119,1000.0,-0.0062126872109047,-0.088370569185713,-0.088370569185713,972.8231372569168,-0.0016978015213453,-1000.0,1000.0,-167.9473443938674,-23.46159697072983,-3.313989723549753,-0.1472842819762263,-0.0117318085124225,167.84751592145062,-95.42560383124236,-1000.0,-0.0057895031877706, Neutralism,Healthy
SRR13077853.bin.51.fbc2XSRR13077853.bin.45.fbc2 ,-0.2266728548138417,-0.2266728548138417,1000.0,-0.0043549059522547,-384.7990039609806,1000.0,1000.0,-166.60312870031237,-8.500471575345955,-0.3777880913563649,-0.0300924001298881,0.5129227612537761,-663.5296532702918,-1000.0,-0.014850229297167,-0.1143424389309757,-0.1143424389309757,0.0,-0.0021967807671217,-0.1715246423003691,0.0,-158.10931954364366,1000.0,-4.287962282855915,-0.190570731551702,-0.0151797551011441,928.7407595712208,-336.47034672970824,0.0,-0.0074910224160475, Neutralism,Healthy
SRR13077853.bin.31.fbc2XSRR13077853.bin.33.fbc2 ,-0.094830020331301,-0.094830020331301,27.176862743083348,-0.0018219024078689,1000.0,-1000.0,0.0,20.14159570447873,-3.5562259670575718,-0.1580500338856154,-0.0125893456386165,51.34179286347057,-500.1936317879119,1000.0,-0.0062126872109047,-0.0216259871496049,-0.0216259871496049,972.8231372569168,-0.000415484863538,-1000.0,1000.0,46.20474019410722,-476.04800503060335,-0.8109973697770556,-0.0360433119159324,-0.0028710004073673,948.6582071365294,-472.8051524485966,-1000.0,-0.0014168033848136, Neutralism,Healthy
SRR13077853.bin.42.fbc2XSRR13077853.bin.14.fbc2 ,-0.0973032827591851,-0.0973032827591851,41.650157578872495,-0.0018694194574209,-1000.0,999.8540357287638,-1000.0,-123.96447555879274,-3.648975921540455,-0.1621721379319751,-0.0129176884507842,365.31962465226206,-500.0,-999.8540357287638,-0.0063747203498678,-0.0854152062509001,-0.0854152062509001,871.4309145693978,-0.001641022214244,0.0,-0.1281310144873941,1000.0,-876.0355244412073,-3.203160490631035,-0.1423586770848715,-0.0113394635003487,0.3760074199475411,-500.0,0.1281310144873941,-0.0055958857504947, Neutralism,Healthy
SRR13077853.bin.51.fbc2XSRR13077853.bin.4.fbc2 ,-0.2266567730061979,-0.2266567730061979,999.6452639276796,-0.0043545969838305,-625.3166750082748,1000.0,-1000.0,224.5400022643787,-8.499868490566087,-0.3777612883436632,-0.0300902651579235,136.863326553374,-545.1322692173175,-1000.0,-0.0148491757147439,-0.1312809738288933,-0.1312809738288933,0.3547360723204065,-0.002522208911273,1000.0,-1000.0,36.54155756607247,-19.870920241963063,-4.9231752400737605,-0.2188016230481935,-0.0174284635764934,499.08761614845184,-454.86773078268254,1000.0,-0.0086007323872081, Neutralism,Healthy
SRR13077853.bin.6.fbc2XSRR13077853.bin.16.fbc2 ,-0.0897153850509084,-0.0897153850509084,13.28366841297111,-0.0017236385216392,-1000.0,1000.0,-59.51911404520342,-28.34523548823438,-3.36442173952878,-0.149525641751552,-0.0119103421844783,10.632988148864795,-418.2096520712119,-1000.0,-0.0058776073587978,-0.04337093986544,-0.04337093986544,822.2181366466461,-0.000833255328871,0.0,0.0,238.7848992499164,-971.6547645117656,-1.6264560739975875,-0.0722848997758092,-0.0057577943222213,966.0909779862204,-500.5826337592586,0.0,-0.0028414006712864, Neutralism,Healthy
SRR13077853.bin.24.fbc2XSRR13077853.bin.34.fbc2 ,-0.1283203707433813,-0.1283203707433813,966.9168389328952,-0.0024653289287925,-1000.0,1000.0,-666.2456588844658,1000.0,-4.81214949596847,-0.2138672845723022,-0.0170354228979476,-11.84565896993172,-188.21505674003836,-1000.0,-0.0084067716471736,-0.1872561092781097,-0.1872561092781097,33.08316106710481,-0.0035976197748368,1000.0,-39.627360821038906,1000.0,-1000.0,-7.022301967017597,-0.3120935154635162,-0.0248595526438748,1000.0,-811.7849432599617,39.62736082103902,-0.0122678834320595, Competition,Healthy
SRR13077853.bin.26.fbc2XSRR13077853.bin.33.fbc2 ,-0.0443032894073667,-0.0443032894073667,505.2108839554876,-0.0008511679041021,1000.0,-1000.0,-470.0605988138137,-504.4686400080936,-1.6614201670088278,-0.0738388156788687,-0.0058815702171841,1000.0,-249.59656769266417,1000.0,-0.0029024825529404,-0.0109992275630474,-0.0109992275630474,494.7891160445124,-0.0002113204142233,-1000.0,1000.0,388.3551701275551,-2.957624669184497,-0.4124826562389216,-0.0183320459384503,-0.0014602240626118,0.0,-121.67656255835664,-1000.0,-0.0007206026126596, Amensalism,Healthy
SRR13077853.bin.53.fbc2XSRR13077853.bin.14.fbc2 ,-0.2010568983263283,-0.2010568983263283,987.4223502349392,-0.0038627646172244,-1000.0,999.6983953386872,892.3640583916599,-595.7511943366712,-7.539846139293218,-0.3350948305439942,-0.02669170350498,999.6239988922302,-500.0,-999.6983953386872,-0.0131720273446944,-0.0854137723538315,-0.0854137723538315,12.577649765060984,-0.0016409946657631,999.871871136496,-1000.0,107.63594160834008,-17.83588897261552,-3.2031067179732418,-0.1423562872563479,-0.0113392731404928,0.3760011077698664,-500.0,1000.0,-0.0055957918102649, Neutralism,Healthy
SRR13077853.bin.31.fbc2XSRR13077853.bin.16.fbc2 ,-0.094830020331301,-0.094830020331301,60.82608943291825,-0.0018219024078689,-1000.0,1000.0,1000.0,36.96620904939755,-3.5562259670575718,-0.1580500338856154,-0.0125893456386165,5.726094008648147,-500.1936317879119,-1000.0,-0.0062126872109047,-0.0446361624000246,-0.0446361624000246,503.1468983849864,-0.0008575631585472,0.0,0.0,-440.3634166587945,-1000.0,-1.6739032559726184,-0.0743936039999653,-0.0059257614252601,994.273905991352,-0.6000592064362991,0.0,-0.0029242903705153, Neutralism,Healthy
SRR13077853.bin.15.fbc2XSRR13077853.bin.53.fbc2 ,-0.0878042518777419,-0.0878042518777419,10.492642239459997,-0.0016869212656729,-1000.0,999.8682851875772,744.5597233895905,-25.3673789650386,-3.2927522260838487,-0.1463404197961608,-0.0116566259457613,4.400962566592398,-333.6817036612083,-999.8682851875772,-0.005752401515906,-0.2012254282690264,-0.2012254282690264,989.50735776054,-0.0038660024642922,999.698142527584,-1000.0,-361.0129019821911,415.6114989294531,-7.546166190225108,-0.3353757137817865,-0.0267140770286005,995.5990374334076,-666.3182963387917,1000.0,-0.0131830684034639, Neutralism,Healthy
SRR13077853.bin.43.fbc2XSRR13077853.bin.33.fbc2 ,-0.1028795480758617,-0.1028795480758617,830.9229959933014,-0.0019765523165915,0.0,-0.1543292048753528,-1000.0,896.614051155402,-3.858091763222092,-0.1714659134597695,-0.013657976507261,1000.0,-41.451532059656415,0.1543292048753528,-0.006740043399418,-0.0037586041860322,-0.0037586041860322,169.07700400669864,-7.221141572699707e-05,-1000.0,999.994361732664,135.52151247807114,2.23674065735122,-0.1409516286031475,-0.0062643403100537,-0.0004989808822983,0.0,-86.14634513725377,-999.994361732664,-0.0002462409274812, Amensalism,Healthy
SRR13077853.bin.31.fbc2XSRR13077853.bin.10.fbc2 ,-0.094830020331301,-0.094830020331301,49.37390141562173,-0.0018219024078689,1000.0,-1000.0,682.2540739024435,16.879898480682186,-3.5562259670575718,-0.1580500338856154,-0.0125893456386165,0.0,-498.39860471790377,1000.0,-0.0062126872109047,-0.1881431887396729,-0.1881431887396729,629.9726606384811,-0.0036146626079016,-1000.0,999.4750425494587,-1000.0,-33.16521621311733,-7.055568384182948,-0.3135719812328261,-0.0249773186203583,1000.0,-501.6013952820962,-999.4750425494587,-0.012325999492873, Neutralism,Healthy
SRR13077853.bin.6.fbc2XSRR13077853.bin.33.fbc2 ,-0.0899719432736674,-0.0899719432736674,16.181345962294245,-0.0017285675941138,1000.0,-1000.0,-230.3870814832476,-34.14567482656537,-3.3740429439801574,-0.1499532387894078,-0.0119444020753007,16.38277594403644,-335.0544248726036,1000.0,-0.005894415495959,-0.0218704189435356,-0.0218704189435356,983.8186540377058,-0.0004201809595087,-1000.0,1000.0,1000.0,610.8893340452137,-0.8201638203343009,-0.0364506982391503,-0.0029034504303808,983.6172240559636,-664.9455751273964,-1000.0,-0.0014328170719863, Neutralism,Healthy
SRR13077853.bin.51.fbc2XSRR13077853.bin.33.fbc2 ,-0.2266728548138417,-0.2266728548138417,1000.0,-0.0043549059522547,-1000.0,1000.0,162.46673857835708,2.988511009053923,-8.500471575345955,-0.3777880913563649,-0.0300924001298881,162.4667385783573,-409.1778510319412,-1000.0,-0.014850229297167,0.0,0.0,0.0,0.0,0.0,0.0,837.5332614216429,837.5332614216431,0.0,0.0,0.0,837.5332614216427,-587.5332614216428,0.0,0.0, Amensalism,Healthy
SRR13077853.bin.45.fbc2XSRR13077853.bin.9.fbc2 ,-0.1143627791077506,-0.1143627791077506,2.90074982197234,-0.002197171548687,-1000.0,999.8284448454806,348.4601574901526,938.441016258782,-4.288725060976503,-0.1906046318463268,-0.0151824554012591,978.5699305104132,-754.5826458253899,-999.8284448454806,-0.0074923549809682,-0.0887090907397123,-0.0887090907397123,995.7066674817792,-0.0017043052976077,0.0,0.0,368.90014469864377,-512.5625224043364,-3.326684639531777,-0.1478484845662251,-0.0117767496063834,2.845158742276226,-129.4726346671814,0.0,-0.0058116810647561, Neutralism,Healthy
SRR13077853.bin.45.fbc2XSRR13077853.bin.53.fbc2 ,-0.1143424389309757,-0.1143424389309757,0.0,-0.0021967807671217,-1000.0,999.8284753576996,-155.5599554633443,1000.0,-4.287962282855915,-0.190570731551702,-0.0151797551011441,929.0038680037032,-475.66647912017015,-999.8284753576996,-0.0074910224160475,-0.2020735424237045,-0.2020735424237045,1000.0,-0.0038822966844236,999.6968702748808,-1000.0,1000.0,-398.38407115159225,-7.5779713672078515,-0.3367892373728409,-0.0268266700893491,70.99613199629675,-524.3335208798298,1000.0,-0.0132386316938664, Neutralism,Healthy
SRR13077853.bin.13.fbc2XSRR13077853.bin.4.fbc2 ,-0.0436734703192769,-0.0436734703192769,319.8548837003036,-0.0008390676333647,-998.2429168595404,1000.0,0.0,-10.336616817546885,-1.6378012856932855,-0.0727891171987948,-0.0057979573468855,1000.0,-500.5284468931943,-1000.0,-0.0028612206299385,-0.1312811095874622,-0.1312811095874622,7.270889654829034,-0.0025222115194765,1000.0,-1000.0,631.4007002466292,472.3082769990888,-4.923180331162371,-0.2188018493123991,-0.0174284815993814,0.0,-495.8427047995893,1000.0,-0.0086007412813842, Neutralism,Healthy
SRR13077853.bin.24.fbc2XSRR13077853.bin.13.fbc2 ,-0.212619612335402,-0.212619612335402,999.94225117013,-0.0040849108997917,-1000.0,1000.0,-9.2741670710343,973.61290578359,-7.97346013267861,-0.3543660205590413,-0.0282267343177409,32.08057657076188,-499.9272024921248,-1000.0,-0.0139295461683559,-0.0436734703192769,-0.0436734703192769,0.0577488298698654,-0.0008390676333647,0.0,-0.0655144008170509,1000.0,-9.692112186967506,-1.6378012856932855,-0.0727891171987948,-0.0057979573468855,19.754228028242096,-500.0727975078752,0.0655144008170509,-0.0028612206299385, Neutralism,Healthy
SRR13077853.bin.43.fbc2XSRR13077853.bin.6.fbc2 ,-0.1023081974915385,-0.1023081974915385,827.8836084112577,-0.0019655753600318,-1000.0,999.8465278758858,-1000.0,911.9820223687184,-3.8366655125786338,-0.1705136624859733,-0.0135821257380257,989.367011851135,-41.45455401664003,-999.8465278758858,-0.0067026119778574,-0.0897153850509084,-0.0897153850509084,172.11639158874232,-0.0017236385216392,1000.0,-1000.0,936.4088237555944,-28.345235488234263,-3.36442173952878,-0.149525641751552,-0.0119103421844783,10.63298814886491,-495.1590729290887,1000.0,-0.0058776073587978, Neutralism,Healthy
SRR13077853.bin.51.fbc2XSRR13077853.bin.16.fbc2 ,-0.2039450285680004,-0.2039450285680004,499.0408658691663,-0.003918252229937,-760.2730763741255,1000.0,-554.7841193338837,575.4479457950297,-7.648154075171078,-0.3399083809465537,-0.0270751229088546,3.7307679426800178,-482.35288393529913,-1000.0,-0.0133612401040181,-0.044574384885891,-0.044574384885891,500.9591341308337,-0.0008563762705762,1000.0,-1000.0,-445.2158806661163,-1000.0,-1.6715865339176617,-0.0742906414765229,-0.0059175600299568,996.26923205732,-1.440800365967334,1000.0,-0.0029202430828263, Amensalism,Healthy
SRR13077853.bin.36.fbc2XSRR13077853.bin.10.fbc2 ,-0.0568495142904339,-0.0568495142904339,855.9871309368048,-0.0010922096885224,-1000.0,999.9147202675158,-599.5215636505857,-1000.0,-2.1319168574240166,-0.0947491904840944,-0.0075471689481219,967.9353992659004,0.0,-999.914720267516,-0.003724435038066,-0.1668640420608653,-0.1668640420608653,144.01286906319524,-0.0032058413460163,0.0,0.0852797324840821,260.9870980769299,949.67101583247,-6.257577898556747,-0.2781067367681089,-0.022152363701025,32.06460073409971,-1000.0,-0.0852797324840821,-0.0109319189899679, Competition,Healthy
SRR13077853.bin.42.fbc2XSRR13077853.bin.16.fbc2 ,-0.1073009487400895,-0.1073009487400895,626.6190496530603,-0.0020614975742319,-726.974821321865,1000.0,515.7338163941986,-259.7733981263689,-4.023898960119254,-0.178834914566778,-0.0142449482381152,267.18463823482625,-828.0539380376388,-1000.0,-0.0070297067281899,-0.0329164907095673,-0.0329164907095673,373.3809503469397,-0.0006324013585299,1000.0,-1000.0,-323.0794857781688,-740.2266018736311,-1.2344031836835256,-0.0548608178493168,-0.0043698933872065,732.8153617651737,-1.1884339289346144,1000.0,-0.0021564886324085, Amensalism,Healthy
SRR13077853.bin.42.fbc2XSRR13077853.bin.33.fbc2 ,-0.1076781054346156,-0.1076781054346156,0.0,-0.0020687436202706,299.7278448721568,0.0,-165.51936105998072,-273.53805133193896,-4.038042734697342,-0.1794635090576548,-0.0142950184159644,329.7232742490278,-874.996274157203,0.0,-0.007054415745074,-0.0222301324067757,-0.0222301324067757,1000.0,-0.0004270918809652,-1000.0,1000.0,351.16848011319416,-489.3469190843071,-0.8336534553072852,-0.0370502206779974,-0.0029512048978403,670.2767257509722,-125.00372584279704,-1000.0,-0.0014563833142346, Neutralism,Healthy
SRR13077853.bin.15.fbc2XSRR13077853.bin.36.fbc2 ,-0.0881179155139761,-0.0881179155139761,15.26516902771641,-0.0016929474642211,999.8678146619918,-1000.0,1000.0,-26.95346736666136,-3.3045149438828503,-0.1468631925232557,-0.0116982669778735,1.758477698479851,-500.1449924855752,1000.0,-0.0057729508530428,-0.0972612373841457,-0.0972612373841457,984.7348309722836,-0.0018686116692379,-1000.0,999.8540988008654,-389.6206477576243,-802.0947001572798,-3.6473991755482302,-0.1621020623069853,-0.0129121066345305,998.24152230152,0.0,-999.8540988008654,-0.006371965792141, Neutralism,Healthy
SRR13077853.bin.34.fbc2XSRR13077853.bin.9.fbc2 ,-0.2242337934247871,-0.2242337934247871,503.66697851646313,-0.0043080459831799,-1000.0,1000.0,-835.7223483722663,434.7274093585561,-8.409004195957095,-0.3737229890411981,-0.0297685977437822,834.4341347866509,-704.9466462834204,-1000.0,-0.0146904368026525,-0.0739862981639589,-0.0739862981639589,496.33302148353687,-0.0014214466506246,0.0,-0.1109865544792683,1000.0,-345.1130891583641,-2.77456436071634,-0.1233104969400074,-0.0098221963556852,165.56586521334907,-295.05335371657964,0.1109865544792683,-0.0048471330785559, Competition,Healthy
SRR13077853.bin.51.fbc2XSRR13077853.bin.6.fbc2 ,-0.2259392804370463,-0.2259392804370463,983.8186540377052,-0.0043408123042354,-1000.0,1000.0,-1000.0,17.594964686636786,-8.472961761065221,-0.3765654673950394,-0.0299950130224715,160.05196818294007,-409.4210786648173,-1000.0,-0.0148021699575338,-0.0899719432736674,-0.0899719432736674,16.181345962294927,-0.0017285675941138,1000.0,-1000.0,929.270917730646,-34.14567482656582,-3.3740429439801574,-0.1499532387894078,-0.0119444020753007,16.382775944036666,-417.02252687726696,1000.0,-0.005894415495959, Neutralism,Healthy
SRR13077853.bin.24.fbc2XSRR13077853.bin.36.fbc2 ,-0.2088934896203227,-0.2088934896203227,948.364820291158,-0.0040133235277153,1000.0,-1000.0,83.86268535554655,1000.0,-7.833726593554729,-0.3481558160337954,-0.0277320655768562,-17.062524578596253,-500.4265360245311,1000.0,-0.0136854332297389,-0.0044347910409214,-0.0044347910409214,51.63517970884186,-8.520251765276043e-05,-1000.0,999.9933473874262,-98.20669839271044,-101.25629714940942,-0.166309350171673,-0.00739131840146,-0.0005887493965701,103.51958615392935,0.0,-999.993347387426,-0.000290540584956, Amensalism,Healthy
SRR13077853.bin.13.fbc2XSRR13077853.bin.16.fbc2 ,-0.0436734703192769,-0.0436734703192769,0.0577488298698654,-0.0008390676333647,-1000.0,999.9344855991832,1000.0,-12.118953476253523,-1.6378012856932855,-0.0727891171987948,-0.0057979573468855,17.77565321801103,-500.0727975078752,-999.934485599183,-0.0028612206299385,-0.0440952188245091,-0.0440952188245091,714.562620981568,-0.0008471703904433,1000.0,-1000.0,0.0,-987.8810465237464,-1.6536173002897383,-0.073492031374144,-0.0058539473982364,982.224346781989,-326.8627917915769,1000.0,-0.0028888510315709, Neutralism,Healthy
SRR13077853.bin.33.fbc2XSRR13077853.bin.10.fbc2 ,0.0,0.0,0.0,0.0,0.0,0.0,144.96358891442787,144.96358891442787,0.0,0.0,0.0,144.96358891442787,-144.963588914428,0.0,0.0,-0.2043539612354834,-0.2043539612354834,1000.0,-0.003926108765313,-1000.0,1000.0,-414.2784489413191,108.37845847339644,-7.663489482311434,-0.3405899353924724,-0.0271294115684668,855.0364110855721,-855.036411085572,-1000.0,-0.0133880308898142, Amensalism,Healthy
SRR13077853.bin.34.fbc2XSRR13077853.bin.31.fbc2 ,-0.2575932685845146,-0.2575932685845146,972.8231372569168,-0.0049489580900399,-1000.0,999.6135853523328,673.7338379380492,-257.00753988019767,-9.66001976461598,-0.429322114307638,-0.0341973004019564,209.44825641251964,-501.6013952820963,-999.6135853523328,-0.0168759470868735,-0.094830020331301,-0.094830020331301,27.176862743083348,-0.0018219024078689,1000.0,-1000.0,326.2661620619508,-431.5635230467126,-3.5562259670575718,-0.1580500338856154,-0.0125893456386165,790.5517435874804,-498.3986047179037,1000.0,-0.0062126872109047, Neutralism,Healthy
SRR13077853.bin.9.fbc2XSRR13077853.bin.14.fbc2 ,-0.0885796813181514,-0.0885796813181514,986.9566864060268,-0.0017018190454791,-1000.0,1000.0,0.0,-348.8053680678452,-3.321831649480032,-0.1476328021969948,-0.0117595696043508,2.839873659429827,-90.72159854711548,-1000.0,-0.0058032029451169,-0.0854212871824984,-0.0854212871824984,13.043313593973153,-0.0016411390429311,999.871859863531,-1000.0,1000.0,-17.887824757466547,-3.203388531992005,-0.1423688119708686,-0.011340270786377,0.3760341888978473,-500.1423852233613,1000.0,-0.0055962841362315, Neutralism,Healthy
SRR13077853.bin.31.fbc2XSRR13077853.bin.13.fbc2 ,-0.094830020331301,-0.094830020331301,999.6261576112696,-0.0018219024078689,-1000.0,1000.0,-1000.0,16.753996065981482,-3.5562259670575718,-0.1580500338856154,-0.0125893456386165,573.4534249499425,-499.9272024921248,-1000.0,-0.0062126872109047,-0.0436734703192769,-0.0436734703192769,0.3738423887302815,-0.0008390676333647,999.9344855991828,-1000.0,1000.0,-10.336616817546656,-1.6378012856932855,-0.0727891171987948,-0.0057979573468855,19.08349414344218,-500.0727975078752,1000.0,-0.0028612206299385, Neutralism,Healthy
SRR13077853.bin.13.fbc2XSRR13077853.bin.10.fbc2 ,-0.0436716234896721,-0.0436716234896721,0.8967785394102066,-0.0008390321515889,-1000.0,999.9344883696048,1000.0,-21.090681274865236,-1.6377320276292266,-0.0727860391493777,-0.0057977121673502,13.44039450710045,-500.0727944294709,-999.9344883696048,-0.0028610996369025,-0.1875222490166379,-0.1875222490166379,619.2105366681722,-0.0036027329301759,0.0,-0.5232249034522738,-460.0694450315217,-19.842045963086772,-7.032282488435612,-0.3125370816944723,-0.0248948845476206,986.5596054928995,-499.9272055705291,0.5232249034522738,-0.0122853192920047, Neutralism,Healthy
SRR13077853.bin.4.fbc2XSRR13077853.bin.10.fbc2 ,-0.1293412515690306,-0.1293412515690306,10.542666296475886,-0.0024849423932664,1000.0,-1000.0,578.7965635716218,462.9931849154532,-4.850433605668286,-0.2155687526150131,-0.0171709519373735,-15.826175662440846,-448.1924735667688,1000.0,-0.0084736535610545,-0.1910482009046745,-0.1910482009046745,696.3146292108904,-0.0036704745610904,-1000.0,999.4669369794927,-439.4538517387084,403.02837353876976,-7.164509410028245,-0.3184136681745713,-0.0253629792171068,1000.0,-551.8075264332313,-999.4669369794927,-0.0125163182533469, Neutralism,Healthy
SRR13077853.bin.42.fbc2XSRR13077853.bin.4.fbc2 ,-0.1012360975660158,-0.1012360975660158,989.304259386385,-0.0019449778591251,-1000.0,999.8481361287618,-1000.0,-303.8635857989201,-3.796460632507888,-0.168726829276693,-0.0134397970064128,320.3585351747488,-549.7206911370733,-999.8481361287616,-0.0066323744995315,-0.1312811095874622,-0.1312811095874622,10.695740613615044,-0.0025222115194765,1000.0,-1000.0,563.1784198304479,484.9382355798671,-4.923180331162371,-0.2188018493123991,-0.0174284815993814,-16.054809539569078,-450.27930886292665,1000.0,-0.0086007412813842, Neutralism,Healthy
SRR13077853.bin.26.fbc2XSRR13077853.bin.4.fbc2 ,-0.0443032894073667,-0.0443032894073667,505.8677940646583,-0.0008511679041021,-1000.0,999.8763848852903,-1000.0,-503.6919109930655,-1.6614201670088278,-0.0738388156788687,-0.0058815702171841,1000.0,-249.8941189685721,-999.8763848852906,-0.0029024825529404,-0.1312811095874622,-0.1312811095874622,0.3640433996603178,-0.0025222115194765,1000.0,-1000.0,617.4614287134723,479.2151232542553,-4.923180331162371,-0.2188018493123991,-0.0174284815993814,0.0,-495.7799152881785,1000.0,-0.0086007412813842, Neutralism,Healthy
SRR13077853.bin.51.fbc2XSRR13077853.bin.42.fbc2 ,-0.2038886069526597,-0.2038886069526597,994.8859971261822,-0.0039171682411733,0.0,-0.3058524962701767,-240.99285926297784,376.19705465654897,-7.646038204978595,-0.3398143449211375,-0.0270676325465046,7.1707824927405,-431.5654184238487,0.3058524962701767,-0.0133575437023409,-0.1027163317246504,-0.1027163317246504,5.114002873817753,-0.0019734165557565,-1000.0,999.84591563533,-759.0071407370222,-53.15434153627143,-3.851970977584756,-0.1711938862077886,-0.0136363083998958,328.2458623786122,-568.4345815761513,-999.8459156353302,-0.0067293504549752, Amensalism,Healthy
SRR13077853.bin.24.fbc2XSRR13077853.bin.53.fbc2 ,-0.1007911470046565,-0.1007911470046565,112.5863216146056,-0.00193642933732,-1000.0,1000.0,136.49007964941893,1000.0,-3.7797745162880574,-0.1679852450077987,-0.0133807267204701,-11.240778659890566,-500.2058037099645,-1000.0,-0.0066032240400772,-0.1903181347132658,-0.1903181347132658,887.4136783853944,-0.0036564483134498,999.7145045156884,-1000.0,-351.842271210036,0.0,-7.137131156406099,-0.3171968911888143,-0.0252660578456698,1000.0,-499.7941962900355,1000.0,-0.0124684887487092, Amensalism,Healthy
SRR13077853.bin.13.fbc2XSRR13077853.bin.26.fbc2 ,-0.0436734703192769,-0.0436734703192769,1.2129100221460476,-0.0008390676333647,-517.6678821940272,1000.0,803.5374550384245,-489.668809121538,-1.6378012856932855,-0.0727891171987948,-0.0057979573468855,-0.3248268544782604,-620.6722055595726,-1000.0,-0.0028612206299385,-0.0443032894073667,-0.0443032894073667,505.2127820599135,-0.0008511679041021,1000.0,-994.1393472340576,-467.12837432641743,-510.33119087846205,-1.6614201670088278,-0.0738388156788687,-0.0058815702171841,1000.0,-251.0626799363628,994.1393472340574,-0.0029024825529404, Neutralism,Healthy
SRR13077853.bin.34.fbc2XSRR13077853.bin.13.fbc2 ,-0.2595597107064122,-0.2595597107064122,999.9425229810292,-0.0049867379578927,-1000.0,999.6106355002509,839.2408992550158,-630.9154341793451,-9.733763422077914,-0.4325995178439825,-0.0344583592888056,563.8332426657653,-502.28093394192337,-999.6106355002506,-0.0170047764362379,-0.043467909006722,-0.043467909006722,0.0574770189707578,-0.0008351183286094,999.9347939608984,-1000.0,160.75910074498415,-9.646493570271788,-1.6300925192618934,-0.0724465150112791,-0.0057706676510633,436.1667573342347,-497.71906605807663,1000.0,-0.0028477535007596, Neutralism,Healthy
SRR13077853.bin.13.fbc2XSRR13077853.bin.42.fbc2 ,-0.0436734703192769,-0.0436734703192769,318.6957924558865,-0.0008390676333647,0.0,-0.0655144008170509,724.1879488052798,-10.336616817546542,-1.6378012856932855,-0.0727891171987948,-0.0057979573468855,634.6409380130028,-500.0727975078752,0.0655144008170509,-0.0028612206299385,-0.0972975246107807,-0.0972975246107807,681.3042075441135,-0.0018693088301233,-1000.0,999.8540443665396,-1000.0,-763.654984580578,-3.6487599848918535,-0.1621625410180058,-0.0129169240165083,365.3590619869972,-499.9272024921248,-999.8540443665396,-0.006374343110906, Neutralism,Healthy
SRR13077853.bin.36.fbc2XSRR13077853.bin.26.fbc2 ,-0.0981265808296711,-0.0981265808296711,1000.0,-0.0018852369036039,-1000.0,999.8528007025712,-376.881472321107,-829.0106196984668,-3.6798504691421385,-0.1635443013827853,-0.0130269870035135,1000.0,0.0,-999.852800702571,-0.0064286578410701,0.0,0.0,0.0,0.0,1000.0,-829.0106196984668,85.49469015076647,-170.98938030153317,0.0,0.0,0.0,0.0,-42.74734507538324,829.0106196984668,0.0, Amensalism,Healthy
SRR13077853.bin.34.fbc2XSRR13077853.bin.53.fbc2 ,-0.1914662319084072,-0.1914662319084072,40.88009011238273,-0.0036785058964596,-711.7084029181467,1000.0,1000.0,0.0,-7.180186014389392,-0.3191103865140121,-0.0254184757442317,614.9905429063097,-573.8272523025815,-1000.0,-0.0125437051067365,-0.1987692285742923,-0.1987692285742923,959.1199098876172,-0.0038188132291452,999.7018270630724,-1000.0,0.0,1000.0,-7.4540561062636925,-0.3312820476238585,-0.026387999413032,385.0094570936904,-426.17274769741846,1000.0,-0.0130221531112511, Amensalism,Healthy
SRR13077853.bin.34.fbc2XSRR13077853.bin.16.fbc2 ,-0.2241145498419428,-0.2241145498419428,499.0399838179856,-0.0043057550401499,-1000.0,999.663806646462,1000.0,432.2045951011146,-8.404532435599322,-0.3735242497365334,-0.02975276732775,3.732534974516625,-998.5591852436646,-999.663806646462,-0.0146826246869977,-0.0445744569298085,-0.0445744569298085,500.9600161820144,-0.0008563776547134,1000.0,-1000.0,-445.2130782477732,-1000.0,-1.6715892356395443,-0.0742907615497188,-0.0059175695943167,996.2674650254836,-1.440814756335385,1000.0,-0.0029202478026491, Amensalism,Healthy
SRR13077853.bin.9.fbc2XSRR13077853.bin.42.fbc2 ,-0.0748717129714577,-0.0748717129714577,68.57041864255302,-0.0014384575018766,-1000.0,999.887685238255,1000.0,-857.2631614865556,-2.8077683515929266,-0.1247861882858387,-0.0099397413378028,30.527669266584557,-364.2998496348065,-999.8876852382552,-0.0049051400812913,-0.1074167010850715,-0.1074167010850715,874.9158220661261,-0.002063721442596,0.0,-0.1611353702348879,0.0,-142.73683851344435,-4.028239795370041,-0.1790278351418237,-0.0142603151680305,286.2838506020121,-635.7001503651935,0.1611353702348879,-0.0070372901191149, Amensalism,Healthy
SRR13077853.bin.43.fbc2XSRR13077853.bin.42.fbc2 ,-0.0872277350389367,-0.0872277350389367,632.150525539686,-0.0016758450535689,-1000.0,999.8691500182164,-621.0448774088663,1000.0,-3.271132235439609,-0.1453795583983037,-0.0115800893202049,734.4543564784169,-47.13624096961735,-999.8691500182164,-0.0057146316327134,-0.1072014313020872,-0.1072014313020872,367.849474460314,-0.0020595856158251,784.2830256035986,0.13084998178374,-378.95512259113366,-1000.0,-4.020166951035662,-0.1786690521701075,-0.0142317366050974,265.5456435215831,-952.8637590303828,-0.13084998178374,-0.0070231869498229, Amensalism,Healthy
SRR13077853.bin.15.fbc2XSRR13077853.bin.42.fbc2 ,-0.0884746796940589,-0.0884746796940589,178.5331149829492,-0.0016998017232481,-1000.0,999.8672794814502,0.0,-170.81296401539907,-3.3178939776212246,-0.1474577994900983,-0.0117456299075229,-6.331829411094645,-345.26990226714463,-999.8672794814504,-0.0057963238762113,-0.1076781054346156,-0.1076781054346156,821.4668850170508,-0.0020687436202706,21.407885721976527,0.1327205185497177,-1000.0,-829.1870359846009,-4.038042734697342,-0.1794635090576548,-0.0142950184159644,319.9948632954522,-654.7300977328554,-0.1327205185497177,-0.007054415745074, Neutralism,Healthy
SRR13077853.bin.26.fbc2XSRR13077853.bin.43.fbc2 ,0.0,0.0,0.0,0.0,1000.0,-0.1327999141142299,0.0,-999.8672000858858,0.0,0.0,0.0,0.0,-249.9668000214715,0.1327999141142299,0.0,-0.1029372379693995,-0.1029372379693995,836.0480816402196,-0.0019776606718551,-1000.0,999.8455842547426,-866.1657495778135,758.6692590682924,-3.860255195189097,-0.1715620632822947,-0.0136656352424324,1000.0,-41.21755789752535,-999.8455842547426,-0.0067438228909395, Amensalism,Healthy
SRR13077853.bin.34.fbc2XSRR13077853.bin.10.fbc2 ,-0.1923347702520459,-0.1923347702520459,938.7215100931052,-0.0036951925120547,-1000.0,999.7114793686594,621.0462566500298,-833.1450954623688,-7.2127571200401235,-0.3205579504200386,-0.0255337802582289,0.0,-658.8130151815537,-999.7114793686594,-0.0126006064660941,-0.1519422270308723,-0.1519422270308723,61.27848990689472,-0.0029191590207346,516.9291291282598,0.2885206313405888,-991.0078125442186,-166.85490453763123,-5.697994067404579,-0.2532370450514918,-0.0201713888335461,1000.0,-341.18698481844626,-0.2885206313405888,-0.0099543322608042, Competition,Healthy
SRR13077853.bin.42.fbc2XSRR13077853.bin.6.fbc2 ,-0.1076781054346156,-0.1076781054346156,980.4479472291824,-0.0020687436202706,0.0,22.992150147964367,-628.1516906149775,-157.5804298523567,-4.038042734697342,-0.1794635090576548,-0.0142950184159644,282.77704771263143,-641.9304882785214,-22.992150147964367,-0.007054415745074,-0.0899719432736674,-0.0899719432736674,19.552052770817795,-0.0017285675941138,1000.0,-1000.0,-371.8483093850225,-736.6712045741597,-3.3740429439801574,-0.1499532387894078,-0.0119444020753007,717.2229522873686,-358.06951172147865,1000.0,-0.005894415495959, Neutralism,Healthy
SRR13077853.bin.43.fbc2XSRR13077853.bin.10.fbc2 ,-0.0541908443481133,-0.0541908443481133,561.4576089026191,-0.0010411305349862,-1000.0,999.9187085278252,-1000.0,-33.58641918519879,-2.032213925234373,-0.0903180739135223,-0.0071942119969889,817.7436954785362,-55.86360639445161,-999.9187085278252,-0.0035502551244235,-0.1561471146645772,-0.1561471146645772,438.5423910973809,-0.0029999445661132,0.0,0.0812914721748256,117.45178668663948,520.0112140457659,-5.855681796874023,-0.2602451911076286,-0.0207296169515984,182.2563045214638,-944.1363936055484,-0.0812914721748256,-0.0102298109703724, Competition,Healthy
SRR13077853.bin.45.fbc2XSRR13077853.bin.43.fbc2 ,-0.0763406281359948,-0.0763406281359948,45.150844971367405,-0.0014666787345731,-1000.0,999.8854817244024,900.7478206815152,1000.0,-2.8628542224282683,-0.1272343802265823,-0.0101347500560677,0.0,-270.9240776387611,-999.8854817244024,-0.0050013744850048,-0.0662687400071035,-0.0662687400071035,686.5936258598229,-0.0012731746398912,0.0,-0.099409475883931,-916.0926391167992,-347.85647464598355,-2.4851477748723028,-0.1104479000118772,-0.0087976367617557,1000.0,-68.31432232780548,0.099409475883931,-0.0043415255221361, Competition,Healthy
SRR13077853.bin.31.fbc2XSRR13077853.bin.4.fbc2 ,-0.094830020331301,-0.094830020331301,988.6228335001748,-0.0018219024078689,-1000.0,1000.0,337.7674614712257,340.1093151443638,-3.5562259670575718,-0.1580500338856154,-0.0125893456386165,541.6705156290802,-500.1936317879119,-1000.0,-0.0062126872109047,-0.1312811095874622,-0.1312811095874622,11.377166499825194,-0.0025222115194765,0.0,0.0,662.2325385287743,484.9382355798696,-4.923180331162371,-0.2188018493123991,-0.0174284815993814,-16.054809539569874,-499.8063682120881,0.0,-0.0086007412813842, Neutralism,Healthy
SRR13077853.bin.24.fbc2XSRR13077853.bin.43.fbc2 ,-0.2107286729221869,-0.2107286729221869,979.6496425823198,-0.0040485816123236,1000.0,-1000.0,60.91714488606249,1000.0,-7.902547906570589,-0.3512144548702736,-0.0279756989413044,0.5946961530363524,-500.4302832537593,1000.0,-0.0138056632980578,-0.001964178655271,-0.001964178655271,20.35035741768036,-3.773638150050829e-05,-1000.0,999.9970535433353,-996.9183236018308,-980.0760334769388,-0.073658775073909,-0.0032736310921563,-0.0002607583959388,999.4053038469638,-486.9076630074089,-999.9970535433353,-0.0001286810608007, Amensalism,Healthy
SRR13077853.bin.24.fbc2XSRR13077853.bin.31.fbc2 ,-0.2109802632656965,-0.2109802632656965,972.8231372569168,-0.0040534152404916,0.0,0.0,-21.77155645147081,1000.0,-7.91198281030006,-0.3516337721093805,-0.0280090993115891,6.436539662774635,-500.4307969717555,0.0,-0.0138221459699252,-0.094830020331301,-0.094830020331301,27.176862743083348,-0.0018219024078689,-1000.0,1000.0,-978.2284435485292,-278.3679122043734,-3.5562259670575718,-0.1580500338856154,-0.0125893456386165,993.5634603372256,-499.5692030282445,-1000.0,-0.0062126872109047, Neutralism,Healthy
SRR13077853.bin.15.fbc2XSRR13077853.bin.14.fbc2 ,-0.0884746796940589,-0.0884746796940589,40.264091564511546,-0.0016998017232481,-1000.0,999.8672794814502,0.0,-29.531178026676912,-3.3178939776212246,-0.1474577994900983,-0.0117456299075229,-4.827147927675696,-391.52532716057385,-999.8672794814504,-0.0057963238762113,-0.0854212871824984,-0.0854212871824984,16.087495227414593,-0.0016411390429311,999.871859863531,-1000.0,1000.0,-20.930365251865283,-3.203388531992005,-0.1423688119708686,-0.011340270786377,3.0104726375000155,-500.1423852233613,1000.0,-0.0055962841362315, Neutralism,Healthy
SRR13077853.bin.45.fbc2XSRR13077853.bin.6.fbc2 ,-0.1143631689272979,-0.1143631689272979,941.9967002459572,-0.0021971790380348,-1000.0,999.828444260714,-66.56102084905683,862.9749130942514,-4.288739679619994,-0.1906052815454586,-0.0151825071525308,983.6172240559632,-664.9455751273965,-999.828444260714,-0.0074923805195794,-0.0899719432736674,-0.0899719432736674,17.912039694549662,-0.0017285675941138,1000.0,-1000.0,767.8864770607786,-35.87424242068016,-3.3740429439801574,-0.1499532387894078,-0.0119444020753007,16.382775944036666,-335.0544248726035,1000.0,-0.005894415495959, Neutralism,Healthy
SRR13077853.bin.36.fbc2XSRR13077853.bin.42.fbc2 ,-0.0894948322105619,-0.0894948322105619,1000.0,-0.0017194011952597,-0.1342508453218442,0.0,31.281668189839365,-779.2351313854323,-3.356150774962998,-0.1491580536843457,-0.011881062258908,722.2143755194634,0.0,0.0,-0.0058631580756127,-0.1076781054346156,-0.1076781054346156,0.0,-0.0020687436202706,-772.6610099359616,1000.0,-597.2379360124448,-220.7648686145677,-4.038042734697342,-0.1794635090576548,-0.0142950184159644,277.7856244805366,-698.0086791189209,-1000.0,-0.007054415745074, Neutralism,Healthy
SRR13077853.bin.34.fbc2XSRR13077853.bin.26.fbc2 ,-0.2238137028916753,-0.2238137028916753,494.7904016648549,-0.0042999750795615,-1000.0,1000.0,0.0,439.93825561405765,-8.393250357066108,-0.3730228381527922,-0.0297128277998126,0.0,-750.4349737214699,-1000.0,-0.0146629150212902,-0.0443032139883143,-0.0443032139883143,505.2095983351451,-0.0008511664551633,999.8763850957248,-1000.0,-1000.0,-504.3458686631603,-1.6614173387185929,-0.0738386899805618,-0.0058815602047843,1000.0,-249.56502627853013,1000.0,-0.0029024776118831, Amensalism,Healthy
SRR13077853.bin.9.fbc2XSRR13077853.bin.4.fbc2 ,-0.0887090907397123,-0.0887090907397123,998.211894010924,-0.0017043052976077,-1000.0,1000.0,288.0788622169182,-346.7423074852454,-3.326684639531777,-0.1478484845662251,-0.0117767496063834,-0.0781736434919366,-87.18392568210868,-1000.0,-0.0058116810647561,-0.1312811095874622,-0.1312811095874622,0.3640433996606589,-0.0025222115194765,1000.0,-1000.0,711.9211377830818,468.8805371069466,-4.923180331162371,-0.2188018493123991,-0.0174284815993814,10.334586147309324,-548.1770628966381,1000.0,-0.0086007412813842, Neutralism,Healthy
SRR13077853.bin.45.fbc2XSRR13077853.bin.33.fbc2 ,-0.1143424389309757,-0.1143424389309757,0.0,-0.0021967807671217,-1000.0,999.8284753576996,374.3040598860287,1000.0,-4.287962282855915,-0.190570731551702,-0.0151797551011441,695.02903449162,-340.8940857552665,-999.8284753576996,-0.0074910224160475,-0.0222301324067757,-0.0222301324067757,1000.0,-0.0004270918809652,0.0,-0.0333473340695036,625.6959401139713,-308.5725800899447,-0.8336534553072852,-0.0370502206779974,-0.0029512048978403,304.97096550838,-170.31670519445527,0.0333473340695036,-0.0014563833142346, Neutralism,Healthy
SRR13077853.bin.13.fbc2XSRR13077853.bin.9.fbc2 ,-0.0436734703192769,-0.0436734703192769,4.293332518220836,-0.0008390676333647,-343.59053682235424,1000.0,1000.0,-509.6702754518077,-1.6378012856932855,-0.0727891171987948,-0.0057979573468855,189.17751341361463,-664.1915419024909,-1000.0,-0.0028612206299385,-0.0887090907397123,-0.0887090907397123,995.7066674817792,-0.0017043052976077,343.2211627715837,0.0,-127.03142386780551,-490.3297245481923,-3.326684639531777,-0.1478484845662251,-0.0117767496063834,159.44745286856892,-116.41199587869346,0.0,-0.0058116810647561, Neutralism,Healthy
SRR13077853.bin.51.fbc2XSRR13077853.bin.14.fbc2 ,-0.2261026524580529,-0.2261026524580529,987.4223502349396,-0.00434395105583,-766.4304994701546,1000.0,-1000.0,396.1120845924736,-8.479088384483475,-0.3768377540966412,-0.0300167017960575,102.42544505602632,-500.0,-1000.0,-0.0148128731004817,-0.0854137723538315,-0.0854137723538315,12.577649765060528,-0.0016409946657631,999.871871136496,-1000.0,107.6359416083394,-17.835888972614725,-3.2031067179732418,-0.1423562872563479,-0.0113392731404928,0.3760011077698664,-500.0,1000.0,-0.0055957918102649, Neutralism,Healthy
SRR13077853.bin.31.fbc2XSRR13077853.bin.36.fbc2 ,-0.094830020331301,-0.094830020331301,27.176862743084257,-0.0018219024078689,1000.0,-1000.0,102.68358572693955,20.141595704477595,-3.5562259670575718,-0.1580500338856154,-0.0125893456386165,0.0,-500.1936317879119,1000.0,-0.0062126872109047,-0.096704302099738,-0.096704302099738,972.8231372569156,-0.0018579116638193,-1000.0,999.854934257292,-404.0310643895085,-780.7588518681497,-3.626513513880809,-0.1611738368328588,-0.0128381695967618,1000.0,0.0,-999.854934257292,-0.0063354787735079, Neutralism,Healthy
SRR13077853.bin.51.fbc2XSRR13077853.bin.13.fbc2 ,-0.2266702367953712,-0.2266702367953712,999.9422511701302,-0.0043548556541281,-1000.0,999.6599728705288,-455.6670050483883,41.68884473222101,-8.500373396888563,-0.3777837279923233,-0.0300920525697847,175.93989390827778,-456.4691175526938,-999.6599728705286,-0.0148500577804497,-0.0436734703192769,-0.0436734703192769,0.0577488298697517,-0.0008390676333647,1000.0,-826.2331746430925,0.0,-499.1128004014624,-1.6378012856932855,-0.0727891171987948,-0.0057979573468855,318.52352450792773,-543.5308824473062,826.2331746430925,-0.0028612206299385, Neutralism,Healthy
SRR13077853.bin.34.fbc2XSRR13077853.bin.6.fbc2 ,-0.2584342027487309,-0.2584342027487309,983.8186540377056,-0.004965114365973,-1000.0,1000.0,1000.0,-857.0896104028614,-9.691555684365769,-0.4307236712477333,-0.0343089402688292,983.6172240559636,-664.9455751273966,-1000.0,-0.0169310399879805,-0.0899719432736674,-0.0899719432736674,16.181345962294586,-0.0017285675941138,1000.0,-1000.0,-231.2513652803052,-34.145674826566164,-3.3740429439801574,-0.1499532387894078,-0.0119444020753007,16.382775944036553,-335.05442487260336,1000.0,-0.005894415495959, Neutralism,Healthy
SRR13077853.bin.45.fbc2XSRR13077853.bin.42.fbc2 ,-0.1143631689272979,-0.1143631689272979,2.9007597095323945,-0.0021971790380348,0.0,-0.1715557392860773,716.5428467716779,1000.0,-4.288739679619994,-0.1906052815454586,-0.0151825071525308,665.2043525810163,-338.053131020646,0.1715557392860773,-0.0074923805195794,-0.1076781054346156,-0.1076781054346156,997.0992402904676,-0.0020687436202706,-1000.0,999.83847249813,-1000.0,-206.4199735913337,-4.038042734697342,-0.1794635090576548,-0.0142950184159644,334.79564741898366,-661.946868979354,-999.83847249813,-0.007054415745074, Neutralism,Healthy
SRR13077853.bin.15.fbc2XSRR13077853.bin.16.fbc2 ,-0.0884455683211626,-0.0884455683211626,39.09921650021761,-0.0016992424268664,-1000.0,999.8673231513062,1000.0,-27.053689656245865,-3.316802270375433,-0.1474092805351574,-0.0117417651699724,-6.799776856164158,-500.14893010250734,-999.8673231513062,-0.0057944166758261,-0.0434285895149741,-0.0434285895149741,703.7598990688475,-0.0008343629109504,1000.0,-1000.0,0.0,-972.946310343754,-1.6286179967710268,-0.072380982524919,-0.0057654477146797,967.375128305358,-0.583408209434424,1000.0,-0.0028451775262965, Neutralism,Healthy
SRR13077853.bin.14.fbc2XSRR13077853.bin.10.fbc2 ,-0.0854152062509001,-0.0854152062509001,12.628223886086973,-0.001641022214244,-1000.0,999.8718689855128,107.65453622088556,-17.886551367159655,-3.203160490631035,-0.1423586770848715,-0.0113394635003487,0.3760074199475411,-500.0,-999.8718689855126,-0.0055958857504947,-0.1880396510697437,-0.1880396510697437,627.6081635347696,-0.0036126734115669,0.0,-0.5246685595552663,-444.6229929762467,-32.7709575387122,-7.051685612151459,-0.313399418449535,-0.0249635732735669,999.6239925800523,-500.0,0.5246685595552663,-0.0123192163332532, Neutralism,Healthy
SRR13077853.bin.26.fbc2XSRR13077853.bin.6.fbc2 ,-0.0435774785433977,-0.0435774785433977,496.93412723915617,-0.0008372234110538,-1000.0,1000.0,-686.4388489194112,-496.2040433080479,-1.6342014926638058,-0.072629130905625,-0.005785213770082,983.6172240559636,-245.5074830477547,-1000.0,-0.0028549318315072,-0.0899719432736674,-0.0899719432736674,354.575700497408,-0.0017285675941138,1000.0,-1000.0,-313.56115108058884,-37.60281001479473,-3.3740429439801574,-0.1499532387894078,-0.0119444020753007,16.38277594403644,-460.0486611800318,1000.0,-0.005894415495959, Neutralism,Healthy
SRR13077853.bin.51.fbc2XSRR13077853.bin.31.fbc2 ,-0.225440803401284,-0.225440803401284,972.8231372569168,-0.0043312354159752,-1000.0,1000.0,-1000.0,179.86913123799604,-8.454268345495052,-0.3757346723353976,-0.0299288367243661,84.12724976628192,-394.3481168047251,-1000.0,-0.0147695127684528,-0.094830020331301,-0.094830020331301,27.17686274308312,-0.0018219024078689,1000.0,-1000.0,0.0,5.781379144411062,-3.5562259670575718,-0.1580500338856154,-0.0125893456386165,556.7268740734953,-498.3986047179037,1000.0,-0.0062126872109047, Neutralism,Healthy
SRR13077853.bin.13.fbc2XSRR13077853.bin.14.fbc2 ,-0.0436671126053624,-0.0436671126053624,0.8966859102864646,-0.0008389454870894,-1000.0,999.9344951363646,0.0,-9.690701269163585,-1.637562864702204,-0.0727785210088995,-0.0057971133161345,520.1066625224994,-500.0,-999.9344951363648,-0.002860804111151,-0.0854152062509001,-0.0854152062509001,12.628223886086856,-0.001641022214244,999.8718689855128,-1000.0,1000.0,-17.88655136715977,-3.203160490631035,-0.1423586770848715,-0.0113394635003487,0.3760074199475411,-500.0,1000.0,-0.0055958857504947, Neutralism,Healthy
SRR13077853.bin.45.fbc2XSRR13077853.bin.36.fbc2 ,-0.1140925981719647,-0.1140925981719647,0.0,-0.0021919807526273,-1000.0,999.8288501428384,719.1111393947526,1000.0,-4.278592990388006,-0.190154330286532,-0.0151465870003448,510.6061132945333,-336.3498483480399,-999.8288501428384,-0.0074746543663195,-0.0531974230491414,-0.0531974230491414,1000.0,-0.0010220446310995,0.0,-0.0798012447968403,280.8888606052474,-1000.0,-1.9949595767977824,-0.088662371748569,-0.0070623284009343,489.3938867054667,0.0,0.0798012447968403,-0.0034851721920858, Amensalism,Healthy
SRR13077853.bin.14.fbc2XSRR13077853.bin.4.fbc2 ,-0.0854212871824984,-0.0854212871824984,995.5374475373492,-0.0016411390429311,-1000.0,999.871859863531,108.529706526552,-1000.0,-3.203388531992005,-0.1423688119708686,-0.011340270786377,0.3760341888978473,-500.1423852233613,-999.871859863531,-0.0055962841362315,-0.1312811095874622,-0.1312811095874622,0.3640433996617958,-0.0025222115194765,1000.0,-1000.0,146.40170443613692,0.0,-4.923180331162371,-0.2188018493123991,-0.0174284815993814,479.215123254256,-499.8576147766387,1000.0,-0.0086007412813842, Neutralism,Healthy
SRR13077853.bin.24.fbc2XSRR13077853.bin.10.fbc2 ,-0.2115558821875538,-0.2115558821875538,979.5697578472436,-0.0040644742015274,1000.0,-1000.0,278.1393263062482,976.2659093478196,-7.933569128113845,-0.3525931369791806,-0.0280855167322897,6.454100518771611,-500.4319723181344,1000.0,-0.0138598570271142,-0.0727473534047931,-0.0727473534047931,20.430242152756364,-0.0013976436773646,-999.7433994841622,1000.0,259.875409379933,-36.90144093137269,-2.7281026230806447,-0.1212455890079127,-0.0096577178103416,25.151066059192544,-499.56802768186566,-1000.0,-0.0047659649396791, Amensalism,Healthy
SRR13077853.bin.53.fbc2XSRR13077853.bin.42.fbc2 ,-0.2020735424237045,-0.2020735424237045,1000.0,-0.0038822966844236,-0.3031297251189926,0.0,-657.8415548302091,8.6333453789548,-7.5779713672078515,-0.3367892373729546,-0.0268266700893491,723.350972749643,-170.30606923941423,0.0,-0.0132386316938664,-0.1074606082190712,-0.1074606082190712,0.0,-0.0020645649993866,-224.48298940037927,1000.0,-342.15844516979087,-784.1321637577738,-4.029886359288412,-0.1791010136984141,-0.0142661441458358,276.649027250357,-829.6939307605858,-1000.0,-0.0070401666479256, Neutralism,Healthy
SRR13077853.bin.15.fbc2XSRR13077853.bin.33.fbc2 ,-0.0882596312234227,-0.0882596312234227,20.114471696033437,-0.001695670148365,999.867602074814,-1000.0,995.526254594155,-26.996815302545883,-3.309829432737615,-0.1470993853723712,-0.0117170807253614,-1.4551958601750812,-500.14522566985846,1000.0,-0.0057822352059702,-0.0217829850377029,-0.0217829850377029,979.8855283039666,-0.00041850115349,-1000.0,1000.0,4.473745405844966,-478.8107569277456,-0.8168849564762013,-0.0363049750627624,-0.0028918429703708,1000.0,-340.1519720364631,-1000.0,-0.0014270889332692, Neutralism,Healthy
SRR13077853.bin.34.fbc2XSRR13077853.bin.36.fbc2 ,-0.2236598863931931,-0.2236598863931931,492.6176827921922,-0.0042970199115188,1000.0,-1000.0,358.718696703231,471.1292625887245,-8.38748207584024,-0.3727664773219885,-0.0296924075884135,0.0,-1000.0,1000.0,-0.0146528378982111,-0.0435775486275815,-0.0435775486275815,507.3823172078078,-0.000837224757447,-1000.0,999.9346294909348,-945.6718847774116,-1000.0,-1.6342041208964702,-0.0726292477127117,-0.0057852230743264,1000.0,0.0,-999.9346294909348,-0.0028549364230912, Competition,Healthy
SRR13077853.bin.9.fbc2XSRR13077853.bin.6.fbc2 ,-0.0885332527366244,-0.0885332527366244,983.818654037706,-0.0017009270458174,-449.60311851151016,1000.0,-96.16023779795864,-753.6854475404434,-3.320090528609512,-0.1475554212275938,-0.0117534058867931,167.84968977584072,-137.63242246805748,-1000.0,-0.0058001612263751,-0.0899719432736674,-0.0899719432736674,16.18134596229413,-0.0017285675941138,1000.0,-1000.0,933.7547961412644,-34.145674826567074,-3.3740429439801574,-0.1499532387894078,-0.0119444020753007,16.38277594403644,-416.21284420908887,1000.0,-0.005894415495959, Neutralism,Healthy
SRR13077853.bin.24.fbc2XSRR13077853.bin.4.fbc2 ,-0.2126407573146025,-0.2126407573146025,999.9773031342716,-0.0040853171434491,-1000.0,1000.0,-9.560202435360909,974.7876709606952,-7.974253091738433,-0.3544012621908905,-0.0282295414609734,32.127589111928046,-502.9982266520409,-1000.0,-0.0139309314590718,-0.131263540130476,-0.131263540130476,0.0226968657285624,-0.0025218739698402,0.0,0.0,120.85920166759432,-19.602687767546968,-4.922521457961466,-0.2187725668841267,-0.0174261491316656,498.8221436311389,-497.0017733479591,0.0,-0.0085995902371678, Neutralism,Healthy
SRR13077853.bin.53.fbc2XSRR13077853.bin.13.fbc2 ,-0.2020688746194991,-0.2020688746194991,999.94225117013,-0.0038822070051764,-0.3031227229643036,0.0,982.2784267947876,-132.76003833804873,-7.577796319616141,-0.3367814576992032,-0.0268260504058162,-6.383106347545322,-499.9108238919205,0.0,-0.0132383258876416,-0.0436734703192769,-0.0436734703192769,0.0577488298698654,-0.0008390676333647,1000.0,-1000.0,17.72157320521228,-348.3937627792065,-1.6378012856932855,-0.0727891171987948,-0.0057979573468855,341.5589947297208,-500.0891761080794,1000.0,-0.0028612206299385, Neutralism,Healthy
SRR13077853.bin.31.fbc2XSRR13077853.bin.42.fbc2 ,-0.094830020331301,-0.094830020331301,657.0647532650182,-0.0018219024078689,1000.0,-1000.0,0.0,5.781379144412881,-3.5562259670575718,-0.1580500338856154,-0.0125893456386165,241.78292881252744,-498.3986047179038,1000.0,-0.0062126872109047,-0.0974299501673385,-0.0974299501673385,342.9352467349818,-0.0018718530291153,-0.1461542845161147,0.0,-1000.0,-130.981340166452,-3.653726083191941,-0.1623832502789355,-0.0129345044314277,347.1043870460039,-501.6013952820962,0.0,-0.0063830188294105, Neutralism,Healthy
SRR13077853.bin.6.fbc2XSRR13077853.bin.4.fbc2 ,-0.0899719432736674,-0.0899719432736674,41.00426284322225,-0.0017285675941138,-1000.0,1000.0,-736.29159341333,-98.74670721590928,-3.3740429439801574,-0.1499532387894078,-0.0119444020753007,79.29845492911954,-494.78592704040847,-1000.0,-0.005894415495959,-0.1312811095874622,-0.1312811095874622,11.377166499825194,-0.0025222115194765,0.0,0.0,-263.70840658667,-451.8181190305799,-4.923180331162371,-0.2188018493123991,-0.0174284815993814,920.7015450708805,-505.21407295959153,0.0,-0.0086007412813842, Neutralism,Healthy
SRR13077853.bin.51.fbc2XSRR13077853.bin.34.fbc2 ,-0.1832418514671872,-0.1832418514671872,41.98931578548809,-0.0035204966660558,-0.2748803796841912,0.0,-1000.0,798.8430101956196,-6.871763057337262,-0.3054030857787211,-0.0243266319623671,32.502543280661484,-423.7053204668141,0.0,-0.0120048936312286,-0.2566071409966071,-0.2566071409966071,958.010684214512,-0.0049300123150715,1000.0,-1000.0,575.3181948876486,-414.736882801154,-9.62303893805165,-0.4276785683277921,-0.0340663850968212,415.1327199874249,-576.2946795331859,1000.0,-0.0168113419941846, Amensalism,Healthy
SRR13077853.bin.53.fbc2XSRR13077853.bin.9.fbc2 ,-0.2018407535008464,-0.2018407535008464,997.1199975004292,-0.0038778242746957,-1000.0,999.6972194806274,-948.0160219054528,914.1596616260348,-7.5692415366161185,-0.336401255834744,-0.026795765738484,0.4104289212397134,-563.1503611051683,-999.6972194806274,-0.0132233807769353,-0.0739953057479851,-0.0739953057479851,2.880002499570878,-0.0014216197070027,0.0,-0.1110000667205213,1000.0,-1000.0,-2.774902154634105,-0.1233255095800132,-0.0098233921752353,167.65542686652907,-336.4801329261825,0.1110000667205213,-0.0048477232007826, Amensalism,Healthy
SRR13077853.bin.34.fbc2XSRR13077853.bin.33.fbc2 ,-0.2595797526895467,-0.2595797526895467,1000.0,-0.0049871230103235,1000.0,-1000.0,1000.0,-320.33951127477656,-9.734515017622698,-0.4326329211492066,-0.0344610200015722,939.1595384300686,-1000.0,1000.0,-0.0170060894653261,0.0,0.0,0.0,0.0,-1000.0,1000.0,0.0,0.0,0.0,0.0,0.0,0.0,0.0,-1000.0,0.0, Amensalism,Healthy
SRR13077853.bin.43.fbc2XSRR13077853.bin.16.fbc2 ,-0.1029372379693995,-0.1029372379693995,836.0480816402198,-0.0019776606718551,-1000.0,999.8455842547426,-1000.0,892.5035094904795,-3.860255195188984,-0.1715620632822947,-0.0136656352424324,1000.0,-41.21755789752535,-999.8455842547426,-0.0067438228909395,0.0,0.0,0.0,0.0,1000.0,-1000.0,0.0,0.0,0.0,0.0,0.0,0.0,0.0,1000.0,0.0, Amensalism,Healthy
SRR13077853.bin.34.fbc2XSRR13077853.bin.14.fbc2 ,-0.2584751595927628,-0.2584751595927628,987.4224126943028,-0.0049659012410074,-1000.0,999.6122624311048,-982.3417250820823,-303.73163825116944,-9.693091609297198,-0.4307919326546425,-0.0343143775751286,999.6240007594143,-500.0024829506205,-999.6122624311048,-0.016933723231773,-0.0854133481974486,-0.0854133481974486,12.57758730569742,-0.0016409865168043,999.8718717727712,-1000.0,107.63044119764754,-17.8358004013578,-3.203090811661696,-0.142355580329081,-0.0113392168308337,0.3759992405855428,-499.9975170493795,1000.0,-0.0055957640221322, Neutralism,Healthy
SRR13077853.bin.31.fbc2XSRR13077853.bin.14.fbc2 ,-0.094830020331301,-0.094830020331301,344.2685982915907,-0.0018219024078689,-1000.0,1000.0,0.0,7.0375444166147645,-3.5562259670575718,-0.1580500338856154,-0.0125893456386165,410.0861729266087,-498.7126460359539,-1000.0,-0.0062126872109047,-0.0854212871824984,-0.0854212871824984,655.7314017084093,-0.0016411390429311,999.871859863531,-1000.0,1000.0,-660.5742717328602,-3.203388531992005,-0.1423688119708686,-0.011340270786377,0.3760341888978473,-500.1423852233613,1000.0,-0.0055962841362315, Neutralism,Healthy
SRR13077853.bin.51.fbc2XSRR13077853.bin.9.fbc2 ,-0.2264543303386972,-0.2264543303386972,997.1190424307174,-0.0043507075953357,-999.8889631233108,1000.0,0.0,415.8487292552381,-8.492276676617507,-0.3774238838977908,-0.0300633894839847,174.72285666441417,-440.2716523045773,-1000.0,-0.0148359129001391,-0.0740198441556003,-0.0740198441556003,2.880957569282714,-0.0014220911460824,-0.1110368766892406,0.0,1000.0,-1000.0,-2.7758223708498235,-0.1233664069260385,-0.009826649819729,167.65575476031358,-398.7692870187334,0.0,-0.0048493308082697, Amensalism,Healthy
SRR13077853.bin.51.fbc2XSRR13077853.bin.26.fbc2 ,-0.2266295643695457,-0.2266295643695457,999.0450897998088,-0.0043540742434515,-1000.0,1000.0,-1000.0,2.9242637158042726,-8.498848137943241,-0.3777159406159853,-0.0300866530219536,175.97026978649978,-409.39472011036446,-1000.0,-0.0148473931700436,-8.37386919556593e-05,-8.37386919556593e-05,0.9549102001911932,-1.6088125676105849e-06,1000.0,-1.901223799134641,0.0,-1000.0,-0.0031402894338725,-0.0001395644866306,-1.11168944840756e-05,2.8424643134516145,-249.5248650348116,1.901223799134641,-5.486050667968812e-06, Amensalism,Healthy
SRR13077853.bin.31.fbc2XSRR13077853.bin.43.fbc2 ,-0.094830020331301,-0.094830020331301,163.9519183597804,-0.0018219024078689,1000.0,-1000.0,414.10599224144926,20.141595704477595,-3.5562259670575718,-0.1580500338856154,-0.0125893456386165,0.0,-500.1936317879119,1000.0,-0.0062126872109047,-0.1029372379693995,-0.1029372379693995,836.0480816402196,-0.0019776606718551,-1000.0,999.8455842547426,-1000.0,892.5035094904797,-3.860255195188984,-0.1715620632822947,-0.0136656352424324,1000.0,-41.21755789752535,-999.8455842547426,-0.0067438228909395, Neutralism,Healthy
SRR13077853.bin.14.fbc2XSRR13077853.bin.33.fbc2 ,-0.0854212871824984,-0.0854212871824984,12.771508145689268,-0.0016411390429311,999.871859863531,-1000.0,425.0287232907524,-17.887824757466547,-3.203388531992005,-0.1423688119708686,-0.011340270786377,3.0104726375000155,-500.1423852233613,1000.0,-0.0055962841362315,-0.0219462200896032,-0.0219462200896032,987.2284918543108,-0.0004216372735754,-1000.0,999.967078561679,574.9712767092476,-421.2683391227755,-0.8230064434121687,-0.0365770334827857,-0.0029135135604292,480.05178466181655,-499.8576147766387,-999.9670785616792,-0.001437783102915, Neutralism,Healthy
SRR13077853.bin.36.fbc2XSRR13077853.bin.33.fbc2 ,-0.0981265808296711,-0.0981265808296711,1000.0,-0.0018852369036039,-1000.0,999.8528007025712,-376.8795870841998,-829.0106196984585,-3.6798504691421385,-0.1635443013827853,-0.0130269870035135,1000.0,0.0,-999.852800702571,-0.0064286578410701,0.0,0.0,0.0,0.0,0.0,0.0,0.0,0.0,0.0,0.0,0.0,0.0,0.0,0.0,0.0, Amensalism,Healthy
SRR13077853.bin.15.fbc2XSRR13077853.bin.24.fbc2 ,-0.0881179155139761,-0.0881179155139761,15.26516902771732,-0.0016929474642211,-1000.0,999.8678146619918,1000.0,-26.95346736666136,-3.3045149438828503,-0.1468631925232557,-0.0116982669778735,1.7584776984799646,-498.9185183408034,-999.8678146619918,-0.0057729508530428,-0.2118304600107876,-0.2118304600107876,984.7348309722828,-0.0040697494719097,1000.0,-1000.0,-3.2318396156741755,1000.0,-7.943866086625121,-0.3530507666846461,-0.0281219688506553,12.95196413212841,-501.0814816591966,1000.0,-0.0138778456990849, Neutralism,Healthy
SRR13077853.bin.53.fbc2XSRR13077853.bin.4.fbc2 ,-0.2020717078493135,-0.2020717078493135,999.9773031342716,-0.0038822614379796,-1000.0,1000.0,963.5031340891396,-561.3863456197141,-7.577902568728405,-0.3367861797488558,-0.0268264265367861,38.33211441958747,-545.1793945304071,-1000.0,-0.0132385115036868,-0.131263540130476,-0.131263540130476,0.0226968657285624,-0.0025218739698402,1000.0,-1000.0,36.49686591086038,-19.602687767546968,-4.922521457961466,-0.2187725668841267,-0.0174261491316656,498.8221436311403,-454.8206054695929,1000.0,-0.0085995902371678, Neutralism,Healthy
SRR13077853.bin.13.fbc2XSRR13077853.bin.33.fbc2 ,-0.0436734703192769,-0.0436734703192769,0.0577488298697517,-0.0008390676333647,1000.0,-1000.0,0.0,-520.4502388254982,-1.6378012856932855,-0.0727891171987948,-0.0057979573468855,513.6154707760124,-500.0891761080794,1000.0,-0.0028612206299385,-0.0222288486426123,-0.0222288486426123,999.9422511701302,-0.0004270672169468,-1000.0,1000.0,1000.0,358.6547926955973,-0.8336053127957257,-0.0370480810710205,-0.0029510344692198,486.3845292239876,-300.2532596706026,-1000.0,-0.001456299209849, Neutralism,Healthy
SRR13077853.bin.42.fbc2XSRR13077853.bin.10.fbc2 ,-0.102573530129689,-0.102573530129689,622.6361198998209,-0.0019706730091684,-1000.0,999.8461298514404,0.0,-109.02706262837546,-3.846615766876994,-0.170955883549368,-0.0136173504936323,204.4179791335021,-587.3583404474468,-999.8461298514404,-0.0067199949613723,-0.1770818410552692,-0.1770818410552692,377.36388010017913,-0.0034021487234667,0.0,-0.4940940591056915,-476.3632754433602,173.2026181876488,-6.640756157751298,-0.2951364017587821,-0.0235088476789542,795.5820208664979,-412.6416595525532,0.4940940591056915,-0.011601327146991, Amensalism,Healthy
SRR13077853.bin.51.fbc2XSRR13077853.bin.10.fbc2 ,-0.2201105568346975,-0.2201105568346975,855.247378771629,-0.0042288291418799,-999.5343081788832,1000.0,1000.0,100.46641348225876,-8.2543784669042,-0.3668509280578291,-0.0292212093703483,152.72359198873596,-509.5620414473045,-1000.0,-0.0144203073738253,-0.1669025634450918,-0.1669025634450918,144.75262122837103,-0.0032065814302768,-0.4656918211169341,0.0,0.0,713.0669505459273,-6.259022491170526,-0.278170939075153,-0.0221574776830948,847.276408011264,-490.4379585526955,0.0,-0.0109344426772395, Amensalism,Healthy
SRR13077853.bin.45.fbc2XSRR13077853.bin.13.fbc2 ,-0.1143631689272979,-0.1143631689272979,33.58493624158564,-0.0021971790380348,-1000.0,999.828444260714,172.72832806749057,518.0517566296721,-4.288739679619994,-0.1906052815454586,-0.0151825071525308,1000.0,-297.7177454855698,-999.828444260714,-0.0074923805195794,-0.0436536785357475,-0.0436536785357475,0.8964100472803693,-0.0008386873878407,808.6009195361273,0.1715557392860773,827.2716719325094,-625.4418968045019,-1.637059072895795,-0.0727561308929125,-0.005795329849775,0.0,-702.2822545144302,-0.1715557392860773,-0.002859923992446, Neutralism,Healthy
SRR13077853.bin.15.fbc2XSRR13077853.bin.6.fbc2 ,-0.0884746796940589,-0.0884746796940589,40.26239176278818,-0.0016998017232481,-1000.0,999.8672794814502,779.3237427233826,-29.53287782839948,-3.3178939776212246,-0.1474577994900983,-0.0117456299075229,-4.827147927675696,-333.55925681337044,-999.8672794814504,-0.0057963238762113,-0.0899719432736674,-0.0899719432736674,116.9686050053656,-0.0017285675941138,1000.0,-1000.0,-377.8806762360415,-970.4671221716004,-3.3740429439801574,-0.1499532387894078,-0.0119444020753007,949.2903022906952,-343.1269087565761,1000.0,-0.005894415495959, Neutralism,Healthy
SRR13077853.bin.15.fbc2XSRR13077853.bin.10.fbc2 ,-0.0884746796940589,-0.0884746796940589,40.26239176278818,-0.0016998017232481,-1000.0,999.8672794814502,779.323176122808,-29.53287782840016,-3.3178939776212246,-0.1474577994900983,-0.0117456299075229,-4.827147927675696,-333.5589735130832,-999.8672794814504,-0.0057963238762113,-0.1974585012125089,-0.1974585012125089,842.707111377671,-0.0037936311472321,0.0,-0.5509490515100879,-420.7392954523056,711.5499217247411,-7.404902445183438,-0.3290975020208861,-0.0262139912272232,1000.0,-666.4410264869168,0.5509490515100879,-0.0129362822119674, Neutralism,Healthy
SRR13077853.bin.13.fbc2XSRR13077853.bin.43.fbc2 ,-0.0436734703192769,-0.0436734703192769,0.8968164632856315,-0.0008390676333647,1000.0,-919.1025695070172,1000.0,-88.57126617588426,-1.6378012856932855,-0.0727891171987948,-0.0057979573468855,0.0,-520.3135337313252,919.1025695070172,-0.0028612206299385,-0.1029372379693995,-0.1029372379693995,836.0480816402196,-0.0019776606718551,-1000.0,999.8455842547426,-1000.0,892.5035094904797,-3.860255195188984,-0.1715620632822947,-0.0136656352424324,1000.0,-41.21755789752535,-999.8455842547426,-0.0067438228909395, Neutralism,Healthy
SRR13077853.bin.45.fbc2XSRR13077853.bin.31.fbc2 ,-0.1143631689272979,-0.1143631689272979,823.0837919752207,-0.0021971790380348,-1000.0,999.828444260714,0.0,762.7472533588716,-4.288739679619994,-0.1906052815454586,-0.0151825071525308,978.8584975139728,-501.6013952820963,-999.828444260714,-0.0074923805195794,-0.094830020331301,-0.094830020331301,154.51922417698097,-0.0018219024078689,1000.0,-1000.0,-1000.0,-12.928659296291244,-3.5562259670575718,-0.1580500338856154,-0.0125893456386165,21.14150248602698,-498.3986047179037,1000.0,-0.0062126872109047, Neutralism,Healthy
SRR13077853.bin.45.fbc2XSRR13077853.bin.16.fbc2 ,-0.1099505922612706,-0.1099505922612706,348.7048498931804,-0.0021124033095247,-1000.0,999.8350635495916,1000.0,1000.0,-4.123263391981482,-0.1832509871021557,-0.0145967068689287,5.726094008648488,-307.4536805595294,-999.8350635495916,-0.0072032952855352,-0.0446361624000246,-0.0446361624000246,651.2951501068196,-0.0008575631585472,1000.0,-1000.0,-144.0669132151271,-1000.0,-1.6739032559726184,-0.0743936039999653,-0.0059257614252601,994.2739059913516,-0.5996304248569686,1000.0,-0.0029242903705153, Neutralism,Healthy
SRR13077853.bin.16.fbc2XSRR13077853.bin.10.fbc2 ,-0.0327570252311488,-0.0327570252311488,369.2431149817082,-0.0006293376605981,1000.0,-1000.0,-323.16836338056044,-733.867417581057,-1.2284230597412034,-0.0545950420520284,-0.0043487232343295,729.6652237581038,-0.4400492313928907,1000.0,-0.0021460414224065,-0.1881778453313245,-0.1881778453313245,630.7568850182918,-0.00361532844056,-470.7320696407072,1000.0,-180.47611483748688,166.70814455169807,-7.056868042988185,-0.3136297422188363,-0.0249819195242935,270.3347762418962,-999.5599507686072,-1000.0,-0.0123282699822766, Amensalism,Healthy
SRR13077853.bin.31.fbc2XSRR13077853.bin.53.fbc2 ,-0.094830020331301,-0.094830020331301,27.176862743083348,-0.0018219024078689,-1000.0,1000.0,-1000.0,20.14159570447828,-3.5562259670575718,-0.1580500338856154,-0.0125893456386165,544.1333234720703,-500.1936317879119,-1000.0,-0.0062126872109047,-0.1998768524531442,-0.1998768524531442,972.8231372569168,-0.0038400932268132,999.7001655208542,-1000.0,1000.0,-583.8305215715266,-7.495593172120834,-0.3331280874218691,-0.0265350441969758,455.8666765279297,-499.8063682120881,1000.0,-0.0130947179031863, Neutralism,Healthy
SRR13077853.bin.26.fbc2XSRR13077853.bin.9.fbc2 ,-0.0440676604043801,-0.0440676604043801,502.52389753854,-0.0008466409299217,-1000.0,999.877042337742,-467.62203957318593,-498.0208362201979,-1.6525838304148692,-0.0734461006738911,-0.0058502888259681,994.6814557993878,-250.0592415824716,-999.877042337742,-0.0028870455711285,-0.0812920466956939,-0.0812920466956939,497.47610246146,-0.0015618068529192,0.0,-0.1219458790777707,181.82474694601024,-501.9791637798021,-3.0485376504638,-0.1354867444927094,-0.0107920853538416,5.318544200612223,-253.867887378923,0.1219458790777707,-0.0053257613685673, Neutralism,Healthy
SRR13077853.bin.36.fbc2XSRR13077853.bin.13.fbc2 ,-0.0981213341518696,-0.0981213341518696,999.9422511701302,-0.0018851361028282,-1000.0,999.8528085730918,-376.95140359684046,-829.0026407836145,-3.6796537131817786,-0.1635355569197827,-0.0130262904705205,1000.0,0.0,-999.8528085730916,-0.0064283141106216,-0.0436734703192769,-0.0436734703192769,0.0577488298697517,-0.0008390676333647,1000.0,-835.8374088331002,1000.0,-170.99735921638546,-1.6378012856932855,-0.0727891171987948,-0.0057979573468855,0.0,-541.1298238998044,835.8374088331002,-0.0028612206299385, Neutralism,Healthy
SRR13077853.bin.31.fbc2XSRR13077853.bin.6.fbc2 ,-0.094830020331301,-0.094830020331301,549.2546175176958,-0.0018219024078689,-1000.0,1000.0,-1000.0,266.82025653172013,-3.5562259670575718,-0.1580500338856154,-0.0125893456386165,981.9318706517016,-500.1936317879119,-1000.0,-0.0062126872110184,-0.0899719432736674,-0.0899719432736674,19.554178908958647,-0.0017285675941138,0.0,0.0,771.8228576144768,-37.51638163508915,-3.3740429439801574,-0.1499532387894078,-0.0119444020753007,18.06812934829827,-499.8063682120881,0.0,-0.005894415495959, Neutralism,Healthy
SRR13077853.bin.9.fbc2XSRR13077853.bin.16.fbc2 ,-0.0824762220719321,-0.0824762220719321,576.7630008382439,-0.0015845575805997,-1000.0,999.8762777441044,561.2564405999228,-158.82021628221753,-3.092945478363049,-0.1374603701198111,-0.0109492928821737,163.6368908019599,-227.41680608023148,-999.8762777441044,-0.005403341349961,-0.0375470374335691,-0.0375470374335691,423.2369991617561,-0.0007213647921844,1000.0,-1000.0,-370.42480358226817,-841.1797837177825,-1.4080535788235693,-0.0625783957226531,-0.0049846307140342,836.3631091980401,-0.5047576734879158,1000.0,-0.0024598539413318, Amensalism,Healthy
SRR13077853.bin.26.fbc2XSRR13077853.bin.16.fbc2 ,-0.0003833882294657,-0.0003833882294657,4.377621454548262,-7.365768055933586e-06,-1000.0,999.9989302694992,-10.375215677269807,-0.1247248090046468,-0.0143774637234628,-0.0006389803825186,-5.089745752684394e-05,8.653719275221647,-4.279538923384507,-999.9989302694992,-2.511726916054613e-05,-0.0445286670053519,-0.0445286670053519,836.8478877259754,-0.0008554979251584,1000.0,-1000.0,227.9358616476427,-999.8752751909954,-1.6698720650874748,-0.0742144450089199,-0.0059114906629247,991.3462807247784,-501.4676839264369,1000.0,-0.00291724792487, Amensalism,Healthy
SRR13077853.bin.51.fbc2XSRR13077853.bin.43.fbc2 ,-0.1890033172874154,-0.1890033172874154,169.07700400669864,-0.0036311876519903,-0.6600828707577193,1000.0,-133.89817983925536,-221.51350341950592,-7.087824113597435,-0.3150055288123212,-0.0250915066753805,0.0,-663.836037665646,-1000.0,-0.0123823498934143,-0.1028795480758617,-0.1028795480758617,830.9229959933014,-0.0019765523165915,-0.1543292048753528,0.0,-866.1018201607446,762.7158713161489,-3.858091763222092,-0.1714659134597695,-0.013657976507261,1000.0,-41.451532059656415,0.0,-0.006740043399418, Amensalism,Healthy
SRR13077853.bin.45.fbc2XSRR13077853.bin.10.fbc2 ,-0.1143424389309757,-0.1143424389309757,0.0,-0.0021967807671217,-1000.0,999.8284753576996,851.7101252769544,947.9220253713202,-4.287962282855915,-0.190570731551702,-0.0151797551011441,527.6114367677337,-329.0306360684683,-999.8284753576996,-0.0074910224160475,-0.1167736921345294,-0.1167736921345294,1000.0,-0.0022434907230035,0.0,-0.1751717556554695,-321.38623436605235,52.07797462867961,-4.37913684703517,-0.1946228202242537,-0.0155025208962342,472.3885632322663,-670.9693639315317,0.1751717556554695,-0.0076503033656081, Amensalism,Healthy
SRR13077853.bin.15.fbc2XSRR13077853.bin.13.fbc2 ,-0.0884746796940589,-0.0884746796940589,39.51005102107865,-0.0016998017232481,-1000.0,999.8672794814502,779.5745229706195,-31.789900053526598,-3.3178939776212246,-0.1474577994900983,-0.0117456299075229,-6.331829411094645,-333.6846469369888,-999.8672794814504,-0.0057963238762113,-0.0436734703192769,-0.0436734703192769,0.0577488298697517,-0.0008390676333647,1000.0,-735.971275471416,220.42547702938052,-9.692112186966824,-1.6378012856932855,-0.0727891171987948,-0.0057979573468855,474.7998950803135,-566.0963572402254,735.971275471416,-0.0028612206299385, Neutralism,Healthy
SRR13077853.bin.9.fbc2XSRR13077853.bin.10.fbc2 ,-0.0760902185865006,-0.0760902185865006,142.81420024922863,-0.0014618677922726,-1000.0,999.8858573627812,1000.0,-1000.0,-2.8534635997239093,-0.1268170309775769,-0.0101015064444709,2.4394602045126703,-325.2224050270238,-999.8858573627812,-0.0049849691715735,-0.1980925778258324,-0.1980925778258324,857.1857997507714,-0.0038058132147398,0.0,-0.5527182531726567,-429.6566052325809,0.0,-7.428680988194628,-0.3301542963763495,-0.0262981693136907,997.5605397954872,-674.7775949729762,0.5527182531726567,-0.012977823062215, Amensalism,Healthy
SRR13077853.bin.9.fbc2XSRR13077853.bin.33.fbc2 ,-0.0740198441556003,-0.0740198441556003,2.880957569283055,-0.0014220911460824,-1000.0,999.888963123311,427.56729062261866,-1000.0,-2.7758223708498235,-0.1233664069260385,-0.009826649819729,167.65575476031358,-336.2739132589932,-999.8889631233108,-0.0048493308082697,-0.0221660883385084,-0.0221660883385084,997.119042430717,-0.000425861447411,0.0,-0.0332512618150531,572.4327093773813,0.0,-0.8312517350750568,-0.0369434805642185,-0.0029427026016719,832.3442452396864,-470.8228134140395,0.0332512618150531,-0.0014521875357331, Amensalism,Healthy
SRR13077853.bin.24.fbc2XSRR13077853.bin.45.fbc2 ,-0.1308000015832249,-0.1308000015832249,1000.0,-0.0025129683301656,1000.0,-1000.0,1000.0,468.2497262053671,-4.905138272627028,-0.2180000026386324,-0.017364611161156,16.158549705665564,-476.8062708509083,1000.0,-0.0085692220056898,-0.1100207292806771,-0.1100207292806771,0.0,-0.002113750802664,-1000.0,999.8349583373252,0.0,531.7502737946329,-4.125893604319003,-0.1833678821344619,-0.0146060180467202,983.8414502943344,-297.1689406066255,-999.834958337325,-0.0072078902371686, Amensalism,Healthy
SRR13077853.bin.45.fbc2XSRR13077853.bin.4.fbc2 ,-0.1143631689272979,-0.1143631689272979,766.3951584149213,-0.0021971790380348,-1000.0,999.828444260714,0.0,531.1165739596995,-4.288739679619994,-0.1906052815454586,-0.0151825071525308,1000.0,-274.3610370213594,-999.828444260714,-0.0074923805195794,-0.1312811095874622,-0.1312811095874622,10.695740613615044,-0.0025222115194765,1000.0,-1000.0,549.2940063214089,468.8834260403005,-4.923180331162371,-0.2188018493123991,-0.0174284815993814,0.0,-451.3645068781916,1000.0,-0.0086007412813842, Neutralism,Healthy
SRR13077853.bin.24.fbc2XSRR13077853.bin.9.fbc2 ,-0.2124885688551785,-0.2124885688551785,997.1190424307174,-0.004082393253725,1000.0,-1000.0,0.0,1000.0,-7.968545863699546,-0.3541476147587445,-0.0282093373830321,24.107695309959126,-502.6387961820264,1000.0,-0.0139209609951649,-0.0740198441556003,-0.0740198441556003,2.8809575692826,-0.0014220911460824,-508.3275808798409,1000.0,1000.0,-1000.0,-2.7758223708498235,-0.1233664069260385,-0.009826649819729,167.65575476031358,-459.2197772582051,-1000.0,-0.0048493308082697, Amensalism,Healthy
SRR13077853.bin.53.fbc2XSRR13077853.bin.16.fbc2 ,-0.1987692285742923,-0.1987692285742923,959.119909887617,-0.0038188132291452,-1000.0,1000.0,-45.159692113447136,1000.0,-7.4540561062636925,-0.3312820476238585,-0.026387999413032,0.2520392487843992,-999.8954937273968,-1000.0,-0.0130221531112511,-0.0036433944560485,-0.0036433944560485,40.88009011238296,-6.999797221851622e-05,1000.0,-1000.0,-954.8403078865528,-1000.0,-0.1366311419916428,-0.0060723240934521,-0.0004836859883425,999.7479607512156,-0.1045062726030892,1000.0,-0.0002386930854072, Amensalism,Healthy
SRR13077853.bin.33.fbc2XSRR13077853.bin.4.fbc2 ,-0.0222222465769164,-0.0222222465769164,999.6452639276812,-0.0004269403760872,-1000.0,1000.0,731.4853146928954,-112.19261043180929,-0.8333577283548266,-0.0370370776281561,-0.0029501579989528,106.5642234329248,-447.47415247178856,-1000.0,-0.0014558666825905,-0.1312809738288933,-0.1312809738288933,0.3547360723189285,-0.002522208911273,1000.0,-1000.0,268.5146853071046,16.78597400801857,-4.9231752400737605,-0.2188016230481935,-0.0174284635764934,462.4307218984764,-552.5258475282114,1000.0,-0.0086007323872081, Neutralism,Healthy
SRR13077853.bin.24.fbc2XSRR13077853.bin.16.fbc2 ,-0.2088934896203227,-0.2088934896203227,948.364820291158,-0.0040133235277153,-1000.0,1000.0,81.69412612055385,1000.0,-7.833726593554729,-0.3481558160337954,-0.0277320655768562,-17.06252457859648,-500.4265360245311,-1000.0,-0.0136854332297389,-0.0046019303522371,-0.0046019303522371,51.63517970884186,-8.841364751788205e-05,0.0,0.0,-47.065376223701264,-104.13019639629488,-0.1725772509593071,-0.0076698839203572,-0.0006109383042485,103.79991931409928,-0.1319343813412388,0.0,-0.0003014905379359, Amensalism,Healthy
SRR13077853.bin.36.fbc2XSRR13077853.bin.43.fbc2 ,-0.0111449256496598,-0.0111449256496598,173.45738633202814,-0.0002141196090406,0.0,-0.0167184590725355,187.0640922329453,-89.6959525371775,-0.4179464884408617,-0.0185748760827664,-0.0014795664983466,0.0,0.0,0.0167184590725355,-0.0007301478667613,-0.0999767491540524,-0.0999767491540524,826.5426136679719,-0.0019207828847811,-1000.0,999.8500252723544,-869.8798255985313,651.973435751089,-3.749233736336123,-0.166627915256754,-0.0132726097340309,1000.0,-37.231630530707776,-999.8500252723544,-0.0065498696371832, Amensalism,Healthy
SRR13077853.bin.15.fbc2XSRR13077853.bin.26.fbc2 ,-0.0884746796940589,-0.0884746796940589,39.51005102107865,-0.0016998017232481,-1000.0,999.8672794814502,1000.0,-31.789900053528758,-3.3178939776212246,-0.1474577994900983,-0.0117456299075229,-6.331829411094645,-500.1455795185859,-999.8672794814504,-0.0057963238762113,-0.0443032894073667,-0.0443032894073667,505.211833007701,-0.0008511679041021,999.8763848852903,-1000.0,-470.1233554233818,-503.3591341334477,-1.6614201670088278,-0.0738388156788687,-0.0058815702171841,1000.0,-250.05955834616816,1000.0,-0.0029024825529404, Neutralism,Healthy
SRR13077853.bin.51.fbc2XSRR13077853.bin.53.fbc2 ,-0.1831423129610812,-0.1831423129610812,40.88009011238228,-0.0035185843028102,-816.285110571046,1000.0,0.0,333.1174425175054,-6.868030258177328,-0.3052371882685065,-0.0243134175324257,164.60903088125224,-498.0886839788389,-1000.0,-0.0119983724725898,-0.1987692285742923,-0.1987692285742923,959.1199098876176,-0.0038188132291452,999.7018270630724,-1000.0,1000.0,-570.9407504075441,-7.4540561062636925,-0.3312820476238585,-0.026387999413032,835.3909691187478,-501.9113160211611,1000.0,-0.0130221531112511, Amensalism,Healthy
SRR13077853.bin.31.fbc2XSRR13077853.bin.26.fbc2 ,-0.094830020331301,-0.094830020331301,371.257237036657,-0.0018219024078689,-1000.0,1000.0,802.9972887784438,31.24011504074838,-3.5562259670575718,-0.1580500338856154,-0.0125893456386165,0.0,-500.1936317879119,-1000.0,-0.0062126872109047,-0.0443032894073667,-0.0443032894073667,505.2127820599137,-0.0008511679041021,1000.0,-503.48464735258256,-221.8010243856792,-1000.0,-1.6614201670088278,-0.0738388156788687,-0.0058815702171841,1000.0,-374.2193002866999,503.4846473525826,-0.0029024825529404, Neutralism,Healthy
SRR13077853.bin.53.fbc2XSRR13077853.bin.36.fbc2 ,-0.1987692285742923,-0.1987692285742923,959.119909887617,-0.0038188132291452,1000.0,-1000.0,-821.240354650208,325.8323554677129,-7.4540561062636925,-0.3312820476238585,-0.026387999413032,-34.755413808676394,-1000.0,1000.0,-0.0130221531112511,-0.0206619031483796,-0.0206619031483796,40.88009011238296,-0.0003969625964828,-1000.0,999.9690051604643,-178.75964534979198,674.1676445322871,-0.7748432010091619,-0.0344365052474131,-0.002743011541952,205.3700905665321,0.0,-999.9690051604643,-0.0013536424540916, Amensalism,Healthy
SRR13077853.bin.15.fbc2XSRR13077853.bin.4.fbc2 ,-0.0884746796940589,-0.0884746796940589,39.51005102107865,-0.0016998017232481,-1000.0,999.8672794814502,1000.0,-31.789900053528186,-3.3178939776212246,-0.1474577994900983,-0.0117456299075229,-6.331829411094645,-497.2592190405727,-999.8672794814504,-0.0057963238762113,-0.1312811095874622,-0.1312811095874622,10.695740613615044,-0.0025222115194765,1000.0,-1000.0,0.0,-183.1631284435806,-4.923180331162371,-0.2188018493123991,-0.0174284815993814,652.0465544838794,-502.74078095942735,1000.0,-0.0086007412813842, Neutralism,Healthy
SRR13077853.bin.24.fbc2XSRR13077853.bin.51.fbc2 ,-0.2104160677808977,-0.2104160677808977,967.2681870008992,-0.0040425757498496,1000.0,-1000.0,54.08337031025235,979.6624955849804,-7.890824883451273,-0.3506934463015341,-0.0279341984315806,2.092834520915176,-434.19833576860367,1000.0,-0.0137851833070499,-0.1810986376448227,-0.1810986376448227,32.73181299910084,-0.0034793206079939,0.0,536.681781106236,764.4658552060164,20.337504415019566,-6.791390274315859,-0.3018310627414848,-0.0240421054011221,997.9071654790848,-565.8016642313963,-536.681781106236,-0.0118644832731433, Amensalism,Healthy
SRR13077853.bin.4.fbc2XSRR13077853.bin.16.fbc2 ,-0.1312811095874622,-0.1312811095874622,0.3640433996603178,-0.0025222115194765,0.0,0.0,730.8984177965372,484.9382355798703,-4.923180331162371,-0.2188018493123991,-0.0174284815993814,-5.7231123256141245,-549.6368536669038,0.0,-0.0086007412813842,-0.0446361624000246,-0.0446361624000246,503.1468983849864,-0.0008575631585472,-1000.0,1000.0,-440.3634166587945,-1000.0,-1.6739032559726184,-0.0743936039999653,-0.0059257614252601,994.2739059913516,-0.6000592064362991,-1000.0,-0.0029242903705153, Neutralism,Healthy
SRR13077853.bin.53.fbc2XSRR13077853.bin.43.fbc2 ,-0.1903181347132658,-0.1903181347132658,887.4136783853946,-0.0036564483134498,999.7145045156884,-1000.0,-892.7498929098019,-466.587170779088,-7.137131156406099,-0.3171968911888143,-0.0252660578456698,870.4255189900166,-345.79080580138475,1000.0,-0.0124684887487092,-0.0171527462337053,-0.0171527462337053,112.58632161460535,-0.0003295436356438,-1000.0,999.9742692329312,-107.25010709019809,248.18105802893277,-0.6432461086656076,-0.0285879103895467,-0.0022771465221467,129.5744810099834,-11.050974790475491,-999.9742692329312,-0.0011237437973932, Amensalism,Healthy
SRR13077853.bin.24.fbc2XSRR13077853.bin.6.fbc2 ,-0.2117817555950978,-0.2117817555950978,983.8186540377056,-0.0040688137481765,-1000.0,1000.0,0.0,1000.0,-7.942039619573052,-0.3529695926584963,-0.0281155030002082,8.964152586227556,-441.517439398305,-1000.0,-0.0138746548814197,-0.0899719432736674,-0.0899719432736674,16.18134596229436,-0.0017285675941138,0.0,0.0,1000.0,-34.14567482656548,-3.3740429439801574,-0.1499532387894078,-0.0119444020753007,16.38277594403644,-334.1660232361892,0.0,-0.005894415495959, Neutralism,Healthy
SRR13077853.bin.36.fbc2XSRR13077853.bin.16.fbc2 ,-0.0981265808296711,-0.0981265808296711,1000.0,-0.0018852369036039,-1000.0,999.8528007025712,-376.88147232110487,-829.010619698467,-3.6798504691421385,-0.1635443013827853,-0.0130269870035135,1000.0,0.0,-999.852800702571,-0.0064286578410701,0.0,0.0,0.0,0.0,1000.0,-1000.0,0.0,0.0,0.0,0.0,0.0,0.0,0.0,1000.0,0.0, Amensalism,Healthy
SRR13077853.bin.53.fbc2XSRR13077853.bin.10.fbc2 ,-0.1987692285742923,-0.1987692285742923,959.1199098876172,-0.0038188132291452,-1000.0,1000.0,1000.0,-17.245103309350043,-7.4540561062636925,-0.3312820476238585,-0.026387999413032,216.9798718616953,-308.06679082486903,-1000.0,-0.0130221531112511,-0.1596976846824418,-0.1596976846824418,40.88009011238273,-0.0030681591678103,118.11329386453826,0.0,-578.515169375361,947.4407152869549,-5.9888319243463,-0.2661628078041076,-0.0212009798492545,783.0201281383047,-691.933209175131,0.0,-0.0104624227620888, Amensalism,Healthy
SRR13077853.bin.36.fbc2XSRR13077853.bin.9.fbc2 ,-0.0928558821259457,-0.0928558821259457,997.1193026640362,-0.0017839746806203,-1000.0,999.8607072569376,-426.03428427314,-385.57860716906407,-3.482193698331457,-0.1547598035432429,-0.0123272650430408,967.7505239987754,0.0,-999.8607072569376,-0.0060833536608697,-0.0740131580350862,-0.0740131580350862,2.8806973359637595,-0.001421962690415,0.0,-0.1110268468660251,1000.0,-614.4213928309359,-2.7755716342627466,-0.1233552633917725,-0.0098257621906441,32.24947600122459,-418.26606541647584,0.1110268468660251,-0.0048488927742482, Amensalism,Healthy
SRR13077853.bin.45.fbc2XSRR13077853.bin.14.fbc2 ,-0.1143631689272979,-0.1143631689272979,4.73599904997684,-0.0021971790380348,-1000.0,999.828444260714,-507.3353271967432,950.3891788126962,-4.288739679619994,-0.1906052815454586,-0.0151825071525308,973.5254882793736,-477.5027817179225,-999.828444260714,-0.0074923805195794,-0.0854212871824984,-0.0854212871824984,995.2640009500232,-0.0016411390429311,999.871859863531,-1000.0,1000.0,-1000.0,-3.203388531992005,-0.1423688119708686,-0.011340270786377,0.3760341888978473,-500.1423852233613,1000.0,-0.0055962841362315, Neutralism,Healthy
SRR13077853.bin.33.fbc2XSRR13077853.bin.16.fbc2 ,-0.0110451102356137,-0.0110451102356137,496.8531016150139,-0.0002122019257058,-1000.0,1000.0,403.3022661290481,12.632529290324328,-0.4142033049414522,-0.0184085170593562,-0.0014663153069705,5.726094008648602,-125.62844786434562,-1000.0,-0.0007236085667727,-0.0446361624000246,-0.0446361624000246,503.1468983849861,-0.0008575631585472,1000.0,-1000.0,-440.3634166587944,-1000.0,-1.6739032559726184,-0.0743936039999653,-0.0059257614252601,994.2739059913516,-0.6000592064361854,1000.0,-0.0029242903705153, Amensalism,Healthy
SRR13077853.bin.43.fbc2XSRR13077853.bin.9.fbc2 ,-0.1028795480758617,-0.1028795480758617,830.9229959933016,-0.0019765523165915,-1000.0,999.8456707951244,-866.1018201607449,762.7158713161475,-3.858091763222092,-0.1714659134597695,-0.013657976507261,1000.0,-41.4515320596563,-999.8456707951246,-0.006740043399418,-0.0764477063083859,-0.0764477063083859,169.07700400669842,-0.0014687359521303,283.8640232468115,0.1543292048753528,838.9962231514401,-1000.0,-2.866869767042317,-0.1274128438473099,-0.0101489654292663,0.0,-386.7749916348749,-0.1543292048753528,-0.00500838959681, Amensalism,Healthy
SRR13077853.bin.36.fbc2XSRR13077853.bin.6.fbc2 ,-0.0971009877056303,-0.0971009877056303,986.7163315870288,-0.0018655329049579,-1000.0,999.854339190777,-374.5282747383118,-803.5205439660903,-3.641389643271168,-0.1618349795094218,-0.0128908323736141,989.3670118511352,0.0,-999.8543391907772,-0.0063614672060339,-0.0897153850509084,-0.0897153850509084,13.28366841297111,-0.0017236385216392,1000.0,-1000.0,-224.41361602039265,-28.345235488234263,-3.36442173952878,-0.149525641751552,-0.0119103421844783,10.632988148864795,-335.7624010836171,1000.0,-0.0058776073587978, Neutralism,Healthy
SRR13077853.bin.36.fbc2XSRR13077853.bin.14.fbc2 ,-0.0974566562483687,-0.0974566562483687,987.4223502349396,-0.0018723661142985,-1000.0,999.8538056537968,-388.8921530051056,-806.6119761615233,-3.654727589448044,-0.1624277604138342,-0.0129380498497084,999.6239988922302,0.0,-999.8538056537968,-0.0063847684497204,-0.0854137723538315,-0.0854137723538315,12.577649765060528,-0.0016409946657631,999.871871136496,-1000.0,109.65922043143088,-17.835888972614725,-3.2031067179732418,-0.1423562872563479,-0.0113392731404928,0.3760011077698664,-500.0,1000.0,-0.0055957918102649, Neutralism,Healthy
SRR13077853.bin.53.fbc2XSRR13077853.bin.26.fbc2 ,-0.1987692285742923,-0.1987692285742923,959.1199098876168,-0.0038188132291452,-1000.0,999.7018270630724,0.0,1000.0,-7.4540561062636925,-0.3312820476238585,-0.026387999413032,919.0829108411672,-670.9210584638301,-999.7018270630724,-0.0130221531112511,-0.0035848871162897,-0.0035848871162897,40.88009011238319,-6.887391191412462e-05,1000.0,-1000.0,-1000.0,-40.8202021797365,-0.1344370549271616,-0.0059748118604829,-0.0004759187314675,80.91708915883282,-20.196576121863927,1000.0,-0.0002348600396544, Amensalism,Healthy
SRR13077853.bin.15.fbc2XSRR13077853.bin.43.fbc2 ,-0.0884746796940589,-0.0884746796940589,163.95191835978017,-0.0016998017232481,999.8672794814502,-1000.0,-33.01849913959734,-156.23176739222936,-3.3178939776212246,-0.1474577994900983,-0.0117456299075229,-6.331829411094645,-427.3881358818805,1000.0,-0.0057963238762113,-0.1029372379693995,-0.1029372379693995,836.0480816402198,-0.0019776606718551,-1000.0,999.8455842547426,-966.9815008604028,859.485010350882,-3.860255195188984,-0.1715620632822947,-0.0136656352424324,1000.0,-41.21755789752535,-999.8455842547426,-0.0067438228909395, Neutralism,Healthy
SRR13077853.bin.34.fbc2XSRR13077853.bin.45.fbc2 ,-0.1914539804571404,-0.1914539804571404,1000.0,-0.0036782705178666,-1000.0,999.7128006379615,762.8888132091606,-1000.0,-7.179726572021423,-0.3190899674285674,-0.025416849278713,0.6755327719656634,-671.4192943736577,-999.7128006379615,-0.0125429024660661,-0.1096830418031231,-0.1096830418031231,0.0,-0.0021072630510161,0.0,-0.1645350990199858,0.0,1000.0,-4.113229967084862,-0.1828050696718719,-0.0145611876822613,691.031450623836,-328.58070562634225,0.1645350990199858,-0.0071857670037616, Amensalism,Healthy
SRR13077853.bin.15.fbc2XSRR13077853.bin.45.fbc2 ,-0.0884746796940589,-0.0884746796940589,39.51005102107865,-0.0016998017232481,0.0,-0.1327205185497177,1000.0,-31.789900053527845,-3.3178939776212246,-0.1474577994900983,-0.0117456299075229,-6.331829411094645,-500.1455795185859,0.1327205185497177,-0.0057963238762113,-0.1143631689272979,-0.1143631689272979,851.5566891742881,-0.0021971790380348,-1000.0,999.828444260714,-42.58076537968236,730.0554018896605,-4.288739679619994,-0.1906052815454586,-0.0151825071525308,1000.0,-499.8544204814141,-999.828444260714,-0.0074923805195794, Neutralism,Healthy
SRR13077853.bin.14.fbc2XSRR13077853.bin.16.fbc2 ,-0.0854198530812482,-0.0854198530812482,13.03375669100069,-0.0016411114904713,-1000.0,999.8718620148206,104.69638147101593,-17.837158734813897,-3.2033347516776303,-0.1423664218020803,-0.0113400803994636,3.010422095967783,-500.14238283291695,-999.8718620148207,-0.0055961901827004,-0.043839980085977,-0.043839980085977,827.0176948328717,-0.0008422666683145,1000.0,-1000.0,233.18243058777037,-982.162841265186,-1.6440455778891874,-0.0730666334765146,-0.0058200626780262,976.5388845043,-499.8576171670831,1000.0,-0.0028721293389253, Neutralism,Healthy
SRR13077853.bin.53.fbc2XSRR13077853.bin.33.fbc2 ,-0.2020735424237045,-0.2020735424237045,1000.0,-0.0038822966844236,999.6968702748808,-1000.0,1000.0,619.0166383200792,-7.5779713672078515,-0.3367892373729546,-0.0268266700893491,1000.0,-701.1721105186974,1000.0,-0.0132386316938664,0.0,0.0,0.0,0.0,-1000.0,1000.0,0.0,0.0,0.0,0.0,0.0,0.0,0.0,-1000.0,0.0, Amensalism,Healthy
SRR13077853.bin.51.fbc2XSRR13077853.bin.36.fbc2 ,-0.1832418514671872,-0.1832418514671872,41.98931578548763,-0.0035204966660558,-0.6350404123030557,1000.0,-125.0617922084556,-139.42992612907187,-6.871763057337262,-0.3054030857787211,-0.0243266319623671,0.0,-717.3928854950022,-1000.0,-0.0120048936312286,-0.0959291045686541,-0.0959291045686541,958.0106842145124,-0.0018430183394002,-0.1439028719446469,0.0,-418.8286538476963,-754.4597513444596,-3.597442787332966,-0.1598818409477189,-0.0127352567255911,1000.0,0.0,0.0,-0.0062846925375197, Amensalism,Healthy
SRR13077853.bin.24.fbc2XSRR13077853.bin.14.fbc2 ,-0.2119733298542314,-0.2119733298542314,987.422350234941,-0.0040724943295344,-1000.0,1000.0,0.0,1000.0,-7.94922385672362,-0.3532888830904994,-0.028140935817305,12.855673633459446,-500.0,-1000.0,-0.0138872056638774,-0.0854137723538315,-0.0854137723538315,12.577649765059164,-0.0016409946657631,999.871871136496,-1000.0,1000.0,-17.835888972614157,-3.2031067179732418,-0.1423562872563479,-0.0113392731404928,0.3760011077698664,-500.0,1000.0,-0.0055957918102649, Neutralism,Healthy
SRR13077853.bin.6.fbc2XSRR13077853.bin.14.fbc2 ,-0.0899719432736674,-0.0899719432736674,17.785231975845363,-0.0017285675941138,-1000.0,1000.0,-981.9563853413692,-34.14567482656537,-3.3740429439801574,-0.1499532387894078,-0.0119444020753007,16.38277594403644,-460.0486611800318,-1000.0,-0.005894415495959,-0.0854212871824984,-0.0854212871824984,14.673095954688051,-0.0016411390429311,999.871859863531,-1000.0,1000.0,-19.409095004665687,-3.203388531992005,-0.1423688119708686,-0.011340270786377,0.3760341888978473,-500.1423852233613,1000.0,-0.0055962841362315, Neutralism,Healthy
SRR13077853.bin.36.fbc2XSRR13077853.bin.4.fbc2 ,-0.0981080160095189,-0.0981080160095189,999.6452639276832,-0.0018848802307047,-1000.0,999.8528285515844,-377.23396755260376,-828.3807956174331,-3.679154268767661,-0.1635133600158269,-0.0130245223942893,1000.0,0.0,-999.8528285515846,-0.0064274415867657,-0.1312809738288933,-0.1312809738288933,0.3547360723167685,-0.002522208911273,1000.0,-1000.0,730.8865688369733,484.9366999968447,-4.9231752400737605,-0.2188016230481935,-0.0174284635764934,-5.720004090349335,-549.6364262987331,1000.0,-0.0086007323872081, Neutralism,Healthy
SRR13077853.bin.26.fbc2XSRR13077853.bin.10.fbc2 ,-0.0351323479218308,-0.0351323479218308,400.6303998292656,-0.0006749730628143,-1000.0,999.9019736620812,-372.80536428382334,-399.9437767313418,-1.317500170585845,-0.0585539132030135,-0.0046640638643111,792.9963754790442,-197.90466692781283,-999.9019736620812,-0.0023016581443471,-0.1825055863544094,-0.1825055863544094,501.2263356573035,-0.0035063513228124,0.0,-0.5092274026176256,-454.20972521728527,760.824935885134,-6.844152337612741,-0.3041759772573869,-0.024228887640902,207.00362452095575,-802.0953330721871,0.5092274026176256,-0.0119566580109449, Competition,Healthy
SRR13077853.bin.26.fbc2XSRR13077853.bin.42.fbc2 ,-0.0324661310544343,-0.0324661310544343,370.2276876536255,-0.0006237489155864,-515.8861330595573,1000.0,-1000.0,-853.797626827241,-1.2175142207305498,-0.0541102184240571,-0.0043101050064251,732.8153617651737,-303.93736126419685,-1000.0,-0.0021269838019861,-0.1073009487400895,-0.1073009487400895,629.7723123463745,-0.0020614975742319,159.45415372452408,0.0,0.0,-146.20237317275905,-4.023898960119254,-0.178834914566778,-0.0142449482381152,267.18463823482625,-682.5788080273941,0.0,-0.0070297067281899, Amensalism,Healthy
SRR13077853.bin.26.fbc2XSRR13077853.bin.14.fbc2 ,-0.0442866298558328,-0.0442866298558328,505.0209073905171,-0.0008508478358635,-522.16676730969,1000.0,-230.9672236126513,-982.1121752425332,-1.6607954162238912,-0.0738110497596835,-0.0058793585457124,999.6239658111022,-368.9610190223577,-1000.0,-0.00290139112019,-0.0854212871824984,-0.0854212871824984,13.044954733016652,-0.0016411390429311,999.871859863531,-1000.0,1000.0,-17.887824757466888,-3.203388531992005,-0.1423688119708686,-0.011340270786377,0.3760341888978473,-500.1423852233613,1000.0,-0.0055962841362315, Neutralism,Healthy
SRR13077853.bin.34.fbc2XSRR13077853.bin.4.fbc2 ,-0.2595781458767305,-0.2595781458767305,999.9773031342716,-0.0049870921397996,-1000.0,999.6106078457242,-1000.0,-568.0739566718671,-9.73445476044617,-0.43263024312796,-0.0344608066860701,501.1778563688606,-545.1793945304071,-999.6106078457242,-0.0170059841967713,-0.131263540130476,-0.131263540130476,0.0226968657285624,-0.0025218739698402,1000.0,-1000.0,36.49686591086129,-19.602687767546968,-4.922521457961466,-0.2187725668841267,-0.0174261491316656,498.8221436311394,-454.8206054695929,1000.0,-0.0085995902371678, Neutralism,Healthy
SRR13077853.bin.15.fbc2XSRR13077853.bin.34.fbc2 ,-0.0880010064181533,-0.0880010064181533,13.254814155921396,-0.0016907013721265,-1000.0,999.867990036866,746.6854064946033,-26.91770726635684,-3.300130729256807,-0.1466683440303313,-0.0116827464812558,4.907139565608986,-333.7864002076219,-999.867990036866,-0.0057652916789265,-0.2586413850402778,-0.2586413850402778,986.7451858440786,-0.0049690948134184,1000.0,-1000.0,0.0,-973.0822927336432,-9.699325239225344,-0.4310689750670917,-0.0343364451609886,995.092860434391,-666.2135997923781,1000.0,-0.0169446133138535, Neutralism,Healthy
SRR13077853.bin.13.fbc2XSRR13077853.bin.6.fbc2 ,-0.0436734703192769,-0.0436734703192769,0.0577488298698654,-0.0008390676333647,-1000.0,999.9344855991832,-897.3895536980592,-9.692112186967506,-1.6378012856932855,-0.0727891171987948,-0.0057979573468855,967.6838507116836,-500.0727975078752,-999.934485599183,-0.0028612206299385,-0.0899719432736674,-0.0899719432736674,25.343494296287645,-0.0017285675941138,1000.0,-1000.0,-102.61044630194078,-51.764401575108536,-3.3740429439801574,-0.1499532387894078,-0.0119444020753007,32.31614928831641,-395.5571299581136,1000.0,-0.005894415495959, Neutralism,Healthy
SRR13077853.bin.24.fbc2XSRR13077853.bin.42.fbc2 ,-0.2118951997038038,-0.2118951997038038,997.8289799990388,-0.0040709932700337,1000.0,-1000.0,4.875769610082216,1000.0,-7.946293893520647,-0.3531586661729307,-0.0281305634957789,6.464452343238918,-432.82498073667057,1000.0,-0.0138820870506606,-0.1024789527946268,-0.1024789527946268,2.171020000961221,-0.0019688559614223,-1000.0,999.8462717265284,-760.6906229632957,-51.3191432833296,-3.843069016874893,-0.1707982546575976,-0.0136047946937196,329.64934158908454,-567.1750192633294,-999.8462717265284,-0.0067137988286276, Neutralism,Healthy
SRR13077853.bin.6.fbc2XSRR13077853.bin.10.fbc2 ,-0.0899719432736674,-0.0899719432736674,163.83579027244969,-0.0017285675941138,1000.0,-1000.0,625.4638450735401,-35.874242420680616,-3.3740429439801574,-0.1499532387894078,-0.0119444020753007,16.38277594403644,-334.1660232361892,1000.0,-0.005894415495959,-0.1971719976719441,-0.1971719976719441,836.1642097275503,-0.0037881267563761,-1000.0,999.4498503511644,-432.53780456481,-18.3740067902462,-7.394158259668529,-0.328619996119869,-0.0261759558868561,983.6172240559636,-665.8339767638108,-999.4498503511644,-0.0129175122393689, Neutralism,Healthy
SRR13077853.bin.24.fbc2XSRR13077853.bin.26.fbc2 ,-0.2088934896203227,-0.2088934896203227,948.364820291159,-0.0040133235277153,-1000.0,1000.0,210.7236534420631,1000.0,-7.833726593554729,-0.3481558160337954,-0.0277320655768562,-17.062524578595685,-500.4265360245311,-1000.0,-0.0136854332297389,-0.0045280303927484,-0.0045280303927484,51.63517970884095,-8.699385955424077e-05,1000.0,-160.22186573118472,0.0,-942.9002931221104,-0.1698059243902889,-0.0075467173212473,-0.0006011275698938,1000.0,-209.9537792746032,160.2218657311846,-0.0002966490612834, Amensalism,Healthy
SRR13077853.bin.45.fbc2XSRR13077853.bin.26.fbc2 ,-0.1098859255731667,-0.1098859255731667,347.4821805102197,-0.0021111609139552,-1000.0,999.8351605558356,1000.0,1000.0,-4.120838322844861,-0.1831432092886871,-0.0145881219157217,0.0,-307.0207924303327,-999.8351605558356,-0.007199058716651,-0.0443032894073667,-0.0443032894073667,505.2108839554876,-0.0008511679041021,1000.0,-504.468640008094,-1000.0,-1000.0,-1.6614201670088278,-0.0738388156788687,-0.0058815702171841,1000.0,-373.4794076906408,504.4686400080941,-0.0029024825529404, Neutralism,Healthy
SRR13077853.bin.24.fbc2XSRR13077853.bin.33.fbc2 ,-0.2126419638910874,-0.2126419638910874,1000.0,-0.0040853403245364,1000.0,-1000.0,127.41471929694126,1000.0,-7.974298339633151,-0.3544032731517745,-0.0282297016424308,26.26900383376096,-503.0010807890389,1000.0,-0.0139310105065533,0.0,0.0,0.0,0.0,-1000.0,1000.0,0.0,0.0,0.0,0.0,0.0,0.0,0.0,-1000.0,0.0, Amensalism,Healthy
SRR13077853.bin.34.fbc2XSRR13077853.bin.43.fbc2 ,-0.2595797526895467,-0.2595797526895467,1000.000000000006,-0.0049871230103235,999.6106054353506,-1000.0,1000.0,-33.11524485728455,-9.734515017622698,-0.4326329211492066,-0.0344610200015722,1000.0,-1000.0,1000.0,-0.0170060894653261,0.0,0.0,-6.0254023992456496e-12,0.0,-1000.0,1000.0,-1000.0,1000.0,0.0,0.0,0.0,0.0,0.0,-1000.0,0.0, Amensalism,Healthy
SRR13077853.bin.15.fbc2XSRR13077853.bin.9.fbc2 ,-0.0882596312234227,-0.0882596312234227,20.11447169603548,-0.001695670148365,-0.1323979251859555,0.0,760.0813381506086,-26.996815302545656,-3.309829432737615,-0.1470993853723712,-0.0117170807253614,-1.4551958601750812,-333.7969052943988,0.0,-0.0057822352059702,-0.0884750603956945,-0.0884750603956945,979.8855283039644,-0.0016998090374045,-999.867602074814,1000.0,239.91866184939136,-351.325812535493,-3.317908254337567,-0.1474584339929379,-0.0117456804482571,2.836519501935868,-93.086093299259,-1000.0,-0.0057963488175118, Neutralism,Healthy
SRR13077853.bin.53.fbc2XSRR13077853.bin.6.fbc2 ,-0.2007656136638616,-0.2007656136638616,983.8186540377058,-0.003857168370132,-1000.0,999.6988322936623,-1000.0,-257.50478327801943,-7.528922656653776,-0.3346093561063981,-0.0266530334373555,976.5100109646494,-533.0781802729168,-999.6988322936623,-0.013152944142007,-0.0899719432736674,-0.0899719432736674,16.181345962294245,-0.0017285675941138,1000.0,-1000.0,0.0,-41.25288791787944,-3.3740429439801574,-0.1499532387894078,-0.0119444020753007,23.489989035350614,-446.69435906857007,1000.0,-0.005894415495959, Neutralism,Healthy
SRR13077853.bin.43.fbc2XSRR13077853.bin.14.fbc2 ,-0.1029149920378813,-0.1029149920378813,835.7593461478589,-0.0019772332764205,-1000.0,999.8456176257768,-865.8186385232857,759.0110029892958,-3.859420949251557,-0.171524986729878,-0.0136626819401044,999.6239658111022,-41.22593923324917,-999.8456176257768,-0.0067423654726326,-0.0854212871824984,-0.0854212871824984,164.24065385214112,-0.0016411390429311,999.871859863531,-1000.0,1000.0,-169.3569704639184,-3.203388531992005,-0.1423688119708686,-0.011340270786377,0.3760341888978473,-500.1423852233613,1000.0,-0.0055962841362315, Neutralism,Healthy
SRR1307785.bin.2.fbc2XSRR13077855.bin.9.fbc2 ,-0.0831554145621567,-0.0831554145621567,998.7411400696255,-0.0015976064277083,-1000.0,1000.0,108.99181837350308,-993.5130157136564,-3.1184159144349906,-0.1385923576036702,-0.011039460415418,-10.541023186078064,-329.17627684946524,-1000.0,-0.0054478379184956,-0.0846777712276889,-0.0846777712276889,1.2588599303745696,-0.0016268543944306,0.0,0.0,891.0081816264969,-6.486984286343613,-3.175505898030451,-0.1411296187128528,-0.0112415638651555,0.939606024020577,-285.8871877993208,0.0,-0.0055475734848187, Neutralism,Healthy
SRR13077855.bin.9.fbc2XSRR13077855.bin.27.fbc2 ,-0.0846777712276889,-0.0846777712276889,1.2588599303745696,-0.0016268543944306,-1000.0,1000.0,971.3819329059664,935.749525306057,-3.175505898030451,-0.1411296187128528,-0.0112415638651555,0.939606024020577,-287.6070624048456,-1000.0,-0.0055475734848187,-0.0209414379186227,-0.0209414379186227,998.7411400696255,-0.0004023331011921,999.9685858314564,-1000.0,28.61806709403368,-998.2814007404106,-0.785326050269191,-0.0349023965310379,-0.0027801217294154,-3.163702084821693,0.0,1000.0,-0.001371955875129, Neutralism,Healthy
SRR13077855.bin.17.fbc2XSRR13077855.bin.28.fbc2 ,-0.0863404918438845,-0.0863404918438845,0.0149291916733318,-0.0016587990747893,-0.1295190317612196,0.0,1000.0,1000.0,-3.237859678094537,-0.1439008197397697,-0.0114623016069117,11.018838262279589,-500.14391740773056,0.0,-0.005656504845092,-0.0874708304114619,-0.0874708304114619,999.9850708083268,-0.0016805154738221,-979.127983927958,1000.0,-855.1884271455641,-1000.0,-3.280248568780735,-0.1457847173523987,-0.0116123619239942,-13.457483888442423,-5.248933905305876,-1000.0,-0.0057305577656734, Neutralism,Healthy
SRR13077855.bin.19.fbc2XSRR1307785.bin.2.fbc2 ,-0.3049091302779061,-0.3049091302779061,995.045071592658,-0.0058580044241125,-937.57187473285,1000.0,-90.86673752137426,426.2258168768826,-11.434414575665528,-0.5081818837965102,-0.0404788105710167,9.868963554112042,-533.9302000261721,-1000.0,-0.0199757950864523,-0.0831554145621567,-0.0831554145621567,4.954928407341868,-0.0015976064277083,1000.0,-1000.0,-892.8808964118545,-422.78265847428975,-3.1184159144349906,-0.1385923576036702,-0.011039460415418,398.08746540523066,-296.8418795718204,1000.0,-0.0054478379184956, Neutralism,Healthy
SRR13077855.bin.26.fbc2XSRR13077855.bin.6.fbc2 ,-0.1293374218524832,-0.1293374218524832,816.3324115683281,-0.0024848688155998,-1000.0,999.6391225019088,998.8435577718916,985.2333316059444,-4.850289987254541,-0.2155623697542523,-0.0171704435158517,478.0039425085972,-423.33202900969104,-999.6391225019088,-0.0084734026612522,-0.0436869233661809,-0.0436869233661809,183.6675884316719,-0.0008393260973207,1000.0,-1000.0,-1000.0,-15.680382476234058,-1.6383057891659971,-0.072811538943597,-0.0057997433325454,521.9960574914028,-14.501346368243958,1000.0,-0.0028621019919228, Competition,Healthy
SRR13077855.bin.26.fbc2XSRR13077855.bin.22.fbc2 ,-0.1455739566536067,-0.1455739566536067,996.1928451205108,-0.0027968099260533,-1000.0,999.5938192944324,1000.0,922.3986910267512,-5.45917719905799,-0.2426232610894203,-0.0193259565893413,48.5243864489189,-510.0506006183615,-999.593819294432,-0.009537121847984,-0.0887404974249648,-0.0887404974249648,3.807154879489076,-0.0017049086920906,999.8668807293192,-1000.0,-30.50385029892152,-64.10483960922295,-3.327862423416036,-0.1479008290416459,-0.0117809190625166,951.4756135510812,0.0,1000.0,-0.0058137386400858, Neutralism,Healthy
SRR13077855.bin.26.fbc2XSRR1307785.bin.1.fbc2 ,-0.1403503446666718,-0.1403503446666718,936.5246662911736,-0.0026964523470951,-1000.0,999.6083942256304,1000.0,971.9664410314516,-5.263286229877849,-0.2339172411110439,-0.0186324857185127,0.0,-468.4746518033992,-999.6083942256304,-0.0091949025036228,-0.201777712877174,-0.201777712877174,63.47533370882638,-0.003876613119587,0.0,-0.3026859523812391,-9.7967565397023,-480.74408731213725,-7.566877446613603,-0.3362961881285855,-0.0267873966566867,1000.0,264.8549211875677,0.3026859523812391,-0.0132192507379613, Neutralism,Healthy
SRR13077855.bin.19.fbc2XSRR13077855.bin.10.fbc2 ,-0.302709540258661,-0.302709540258661,962.5750395847454,-0.0058157452499472,-1000.0,1000.0,0.0,1000.0,-11.351927625689086,-0.5045159004311017,-0.0401867996770306,-5.111400342707384,-650.9096505589127,-1000.0,-0.0198316913022154,-0.0927375891393467,-0.0927375891393467,37.424960415254645,-0.0017817020008124,0.0,0.0,1000.0,-193.6986820741065,-3.477757586337475,-0.1545626485656157,-0.0123115608251964,255.8877559263301,-349.09034944108726,0.0,-0.0060756038226372, Amensalism,Healthy
SRR13077855.bin.5.fbc2XSRR13077855.bin.27.fbc2 ,-0.0904830359952484,-0.0904830359952484,734.2360311316215,-0.001738386858733,-929.1616701865564,1000.0,603.6013685451453,-74.38141227239225,-3.393209461100924,-0.1508050599921944,-0.0120122531935749,735.0728076964069,-1000.0,-1000.0,-0.0059278991881228,-0.0209414379186227,-0.0209414379186227,265.76396886837847,-0.0004023331011921,999.9685858314564,-1000.0,396.3986314548547,-267.8890842623732,-0.785326050269191,-0.0349023965310379,-0.0027801217294154,-3.163702084821466,0.0,1000.0,-0.001371955875129, Neutralism,Healthy
SRR13077855.bin.20.fbc2XSRR13077855.bin.5.fbc2 ,-0.0888149129866633,-0.0888149129866633,422.6701817354383,-0.0017063383859294,1000.0,-1000.0,139.31281230875015,-746.6622170620599,-3.3306530856114023,-0.1480248549777343,-0.0117907982466931,673.9923843765628,-527.821122256054,1000.0,-0.0058186138959399,-0.0904830359952484,-0.0904830359952484,577.3298182645617,-0.001738386858733,-1000.0,999.8642667540728,433.1478279047399,-253.3377829379401,-3.393209461100924,-0.1508050599921944,-0.0120122531935749,326.00761562343723,-472.178877743946,-999.8642667540728,-0.0059278991881228, Neutralism,Healthy
SRR1307785.bin.1.fbc2XSRR13077855.bin.6.fbc2 ,-0.1873848412703864,-0.1873848412703864,59.55108256038534,-0.0036000930118689,-1000.0,999.7189047376294,-332.1432173722451,-433.70660607114496,-7.0271295527558095,-0.3123080687839774,-0.0248766427123428,243.73009384238912,999.687655930286,-999.7189047376294,-0.012276317170631,-0.1245277672148859,-0.1245277672148859,940.4489174396148,-0.002392464307718,1000.0,-1000.0,-667.8567826277549,-34.57228155353607,-4.669922856096491,-0.2075462786915523,-0.0165319283661347,756.2699061576109,-454.8728782243177,1000.0,-0.0081583032891785, Competition,Healthy
SRR13077855.bin.10.fbc2XSRR13077855.bin.28.fbc2 ,-0.1787841871517912,-0.1787841871517912,1000.0,-0.0034348547003446,-1000.0,1000.0,-65.510098421296,855.3325758562751,-6.704595935199791,-0.2979736452529096,-0.0237348459792201,1000.0,-1000.0,-1000.0,-0.0117128545281275,0.0,0.0,0.0,0.0,0.0,0.0,-500.0,0.0,0.0,0.0,0.0,0.0,0.0,0.0,0.0, Amensalism,Healthy
SRR13077855.bin.17.fbc2XSRR13077855.bin.6.fbc2 ,-0.086339238673645,-0.086339238673645,0.0,-0.0016587749985319,-1000.0,999.8704828481144,1000.0,1000.0,-3.2378126828886025,-0.1438987311228174,-0.0114621352398671,-9.245082927829683,-500.1439153188728,-999.8704828481144,-0.0056564227450053,-0.1389899351948997,-0.1389899351948997,1000.0,-0.0026703157578822,1000.0,-1000.0,-1000.0,-49.88713272244036,-5.212269437173518,-0.2316498919914238,-0.0184518818865626,933.5637406027884,-462.76263964292366,1000.0,-0.0091057767341453, Neutralism,Healthy
SRR13077855.bin.30.fbc2XSRR13077855.bin.27.fbc2 ,-0.090601665556278,-0.090601665556278,328.71657229827224,-0.0017406660049346,999.8640887983356,-1000.0,0.0,60.24484828456639,-3.3976581949902998,-0.1510027759271679,-0.0120280020939844,897.5239394193695,-547.6367045777805,1000.0,-0.005935671076827,-0.0209414379186227,-0.0209414379186227,58.34048233432941,-0.0004023331011921,-1000.0,999.9685858314564,1000.0,939.7551517154336,-0.785326050269191,-0.0349023965310379,-0.0027801217294154,-3.16370208482158,0.0,-999.9685858314566,-0.001371955875129, Neutralism,Healthy
SRR1307785.bin.1.fbc2XSRR1307785.bin.2.fbc2 ,-0.2090026286145985,-0.2090026286145985,985.0732196605472,-0.004015420338419,-1000.0,999.6864759799764,251.61077583020824,-521.905483188981,-7.837819421166728,-0.3483377143577399,-0.0277465545384529,402.425544091916,-0.3483778685611014,-999.6864759799764,-0.0136925833539862,-0.0831554145621567,-0.0831554145621567,14.926780339452762,-0.0015976064277083,1000.0,-1000.0,748.3892241697918,-13.718103208536943,-3.1184159144349906,-0.1385923576036702,-0.011039460415418,-5.131639654310561,-428.8443733532914,1000.0,-0.0054478379184956, Neutralism,Healthy
SRR13077855.bin.30.fbc2XSRR13077855.bin.10.fbc2 ,-0.0795577023709483,-0.0795577023709483,79.45463788243524,-0.0015284861166264,999.8806558040128,-1000.0,94.64524306789735,-309.9177137309987,-2.983497905647937,-0.1325961706182852,-0.0105618390659856,47.38028910133153,-6.682909202986025,1000.0,-0.005212137657736,-0.1716815707271735,-0.1716815707271735,920.5453621175648,-0.0032983971320845,-1000.0,1000.0,905.3547569321026,8.59530164237242,-6.4382403141100895,-0.2861359512119179,-0.022791924183025,952.6197108986684,-993.317090797014,-1000.0,-0.0112475342205016, Amensalism,Healthy
SRR13077855.bin.27.fbc2XSRR13077855.bin.13.fbc2 ,-0.0168206712007759,-0.0168206712007759,6.617875756360377,-0.0003231637118688,-1000.0,999.9747673773802,408.3302088519015,-11.198816166253325,-0.6307929440342832,-0.0280344520012931,-0.0022330612487166,9.420576602745086,0.0,-999.9747673773802,-0.0011019882573464,-0.1512236937519446,-0.1512236937519446,993.3821242436396,-0.002905354346808,999.7731499326004,-1000.0,591.6697911480985,130.15222033711234,-5.671048310188667,-0.2520394895866502,-0.0200759985365266,-21.31370854181625,-500.0,1000.0,-0.0099072583226416, Amensalism,Healthy
SRR13077855.bin.10.fbc2XSRR13077855.bin.9.fbc2 ,-0.1786753038898041,-0.1786753038898041,998.7819586990396,-0.0034327628028449,-1000.0,999.7319698803512,213.0423072788208,-20.787643080521093,-6.700512697822205,-0.2977921731496735,-0.0237203909679237,1000.0,-713.7275232095365,-999.7319698803512,-0.0117057211577957,-0.0846743191427776,-0.0846743191427776,1.2180413009606357,-0.0016267880719169,1000.0,-1000.0,786.9576927211792,-6.364417902203172,-3.175376441200001,-0.1411238652380007,-0.0112411055769143,0.0,-286.27247679046354,1000.0,-0.005547347325205, Neutralism,Healthy
SRR13077855.bin.5.fbc2XSRR13077855.bin.22.fbc2 ,-0.0904830359952484,-0.0904830359952484,737.6868740521627,-0.001738386858733,-1000.0,999.8642667540728,432.0838561893975,-396.9218876435964,-3.393209461100924,-0.1508050599921944,-0.0120122531935749,321.14493519395205,-507.2981652456658,-999.8642667540728,-0.0059278991881228,-0.0872988880604452,-0.0872988880604452,262.3131259478373,-0.0016772120665109,999.8690432818488,-1000.0,84.13296636668701,-58.451612034501295,-3.273800548931149,-0.1454981467674088,-0.0115895353793575,678.855064806048,0.0,1000.0,-0.0057192931467398, Neutralism,Healthy
SRR13077855.bin.20.fbc2XSRR13077855.bin.17.fbc2 ,-0.0888149129866633,-0.0888149129866633,351.138289584085,-0.0017063383859294,1000.0,-1000.0,-999.9987669593544,-790.1250647515217,-3.3306530856114023,-0.1480248549777343,-0.0117907982466931,770.8596474135293,-499.85608259226944,1000.0,-0.0058186138959399,-0.0863404918438845,-0.0863404918438845,648.861710415915,-0.0016587990747893,-1000.0,999.8704809682388,126.24469388121132,-209.87493524847832,-3.237859678094537,-0.1439008197397697,-0.0114623016069117,6.569955731629079,-500.14391740773056,-999.8704809682388,-0.005656504845092, Neutralism,Healthy
SRR13077855.bin.5.fbc2XSRR13077855.bin.28.fbc2 ,-0.0899138961727885,-0.0899138961727885,291.63758788500354,-0.0017274523760306,-472.1532431294561,1000.0,193.46838682688983,-294.1611280512768,-3.371866116360252,-0.1498564936213142,-0.0119366959183935,742.1363863036804,-909.2078022597703,-1000.0,-0.005890612602343,-0.0626515040868298,-0.0626515040868298,708.3624121149965,-0.0012036792331855,-0.0939832745264084,0.0,-1000.0,-689.3555225948454,-2.3494976056142605,-0.1044191734780497,-0.0083174235012393,-15.86018312161218,-90.79219774022954,0.0,-0.0041045461850899, Amensalism,Healthy
SRR1307785.bin.1.fbc2XSRR13077855.bin.10.fbc2 ,-0.1865539649094216,-0.1865539649094216,69.7394633258748,-0.0035841299694538,-1000.0,999.720151131986,-368.4008594902237,-379.8402077858928,-6.995970811249663,-0.3109232748489603,-0.0247663380888525,186.8937678695279,590.1093421072219,-999.720151131986,-0.0122218831958207,-0.1725500305202558,-0.1725500305202558,930.2605366741252,-0.0033150822386005,0.0,0.0,1000.0,88.6381935808613,-6.470808474030946,-0.2875833842003885,-0.0229072182688696,813.1062321304721,-854.1238085528532,0.0,-0.0113044304337108, Amensalism,Healthy
SRR13077855.bin.9.fbc2XSRR13077855.bin.6.fbc2 ,-0.0846743191427776,-0.0846743191427776,1.2180413009605218,-0.0016267880719169,-1000.0,1000.0,1000.0,302.149498480132,-3.175376441200001,-0.1411238652380007,-0.0112411055769143,0.9803350278934886,-308.3091851034876,-1000.0,-0.005547347325205,-0.1388511129000562,-0.1388511129000562,998.7819586990396,-0.0026676486628502,1000.0,-1000.0,-1000.0,-49.83730576024675,-5.207063454427612,-0.2314185215000179,-0.0184334522600693,932.964234153349,-461.8781808390029,1000.0,-0.0090966819402638, Neutralism,Healthy
SRR13077855.bin.12.fbc2XSRR13077855.bin.9.fbc2 ,-0.1376063881242544,-0.1376063881242544,998.7465020352008,-0.0026437346421062,-1000.0,1000.0,-576.30854136934,-505.80701839462455,-5.16038496006388,-0.2293439802070906,-0.0182682063773427,253.50032723350452,-0.2809761177683185,-1000.0,-0.0090151351297436,-0.084317096236532,-0.0843170962364183,1.2534979647991804,-0.0016199249997725,1000.0,-1000.0,1000.0,-38.75314688020103,-3.1619802047432586,-0.1405284937275155,-0.0111936817481819,746.4996727664955,-336.9137571546944,1000.0,-0.0055239442491483, Neutralism,Healthy
SRR13077855.bin.19.fbc2XSRR13077855.bin.26.fbc2 ,-0.302709540258661,-0.302709540258661,962.5750395847456,-0.0058157452499472,-970.6942896907676,1000.0,-1000.0,445.8257268211885,-11.351927625689086,-0.5045159004311017,-0.0401867996770306,-5.1114003427082935,-507.94307104615774,-1000.0,-0.0198316913022154,-0.0127354151602503,-0.0127354151602503,37.42496041525442,-0.0002446765640797,-0.0355343774010634,0.0,931.9551124912308,554.1742731788115,-0.477591525720527,-0.0212256919337505,-0.001690715057748,998.581947611699,-492.0569289538423,0.0,-0.0008343470834688, Amensalism,Healthy
SRR1307785.bin.2.fbc2XSRR13077855.bin.27.fbc2 ,-0.0831554145621567,-0.0831554145621567,630.1438180749749,-0.0015976064277083,-1000.0,1000.0,0.0,-629.1569366444194,-3.1184159144349906,-0.1385923576036702,-0.011039460415418,-7.634977094078181,-329.6763563040861,-1000.0,-0.0054478379184956,-0.0209414379186227,-0.0209414379186227,1.6661351332306822,-0.0004023331011921,999.9685858314564,-1000.0,1000.0,944.4833622743386,-0.785326050269191,-0.0349023965310379,-0.0027801217294154,-3.16370208482158,0.0,1000.0,-0.001371955875129, Neutralism,Healthy
SRR13077855.bin.20.fbc2XSRR13077855.bin.13.fbc2 ,-0.0888022376366279,-0.0888022376366279,284.74757029663533,-0.0017060948633798,-1000.0,1000.0,-365.9919825031445,-25.59931458662311,-3.3301777465929945,-0.1480037293944178,-0.0117891155056213,6.787544865247696,-402.3161706734709,-1000.0,-0.0058177834839625,-0.1336458831407299,-0.1336458831407299,715.2524297033647,-0.0025676442486428,999.6271010257728,-1000.0,592.2851044551696,369.34981743343633,-5.0118618382099385,-0.2227431385678073,-0.01774242175793,-41.44200926071835,-500.0,1000.0,-0.0087556668878505, Amensalism,Healthy
SRR13077855.bin.22.fbc2XSRR13077855.bin.28.fbc2 ,-0.0875542016514145,-0.0875542016514145,14.265417507131929,-0.0016821172267782,-1000.0,999.8686602869368,1000.0,-44.05438841053888,-3.2833750783752294,-0.1459236694190622,-0.0116234300367068,900.5263382235148,0.0,-999.8686602869368,-0.0057360197431535,-0.0869549374255029,-0.0869549374255029,985.734582492868,-0.001670603985076,0.0,-0.1304407591580911,-876.446532743749,-955.9456115894612,-3.260902036674452,-0.1449248957090958,-0.0115438735372208,-13.378113182638115,0.0018627234434234,0.1304407591580911,-0.0056967595892274, Neutralism,Healthy
SRR13077855.bin.19.fbc2XSRR13077855.bin.9.fbc2 ,-0.3051508794653728,-0.3051508794653728,998.7411400696255,-0.0058626489810649,-155.2183811128175,1000.0,0.0,0.0,-11.443480425644792,-0.5085847991089167,-0.0405109044593245,4.321264424724518,-711.8184870555051,-1000.0,-0.0199916330254836,-0.0846777712276889,-0.0846777712276889,1.258859930374456,-0.0016268543944306,1000.0,-1000.0,1000.0,1000.0,-3.175505898030451,-0.1411296187128528,-0.0112415638651555,0.939606024020577,-288.1815129444949,1000.0,-0.0055475734848187, Neutralism,Healthy
SRR13077855.bin.19.fbc2XSRR13077855.bin.28.fbc2 ,-0.3028417712926057,-0.3028417712926057,969.2359634464046,-0.0058182857117117,-758.9048444894423,1000.0,-654.037138963057,1000.0,-11.35688642918717,-0.5047362854876383,-0.0402043542676437,-1.7749971229075072,-560.8907017116481,-1000.0,-0.0198403542767664,-0.0027206928035639,-0.0027206928035639,30.76403655359536,-5.227075507718837e-05,-0.0040813005590507,0.0,-12.462333844825936,-29.94146631623016,-0.1020288550231498,-0.0045344880059019,-0.0003611909178289,-0.4185815933884669,-7.486611929798073,0.0,-0.000178243274945, Amensalism,Healthy
SRR13077855.bin.26.fbc2XSRR1307785.bin.2.fbc2 ,-0.1454734755651543,-0.1454734755651543,995.045071592658,-0.0027948794537451,-1000.0,999.5940996569389,871.718863653334,676.4517163393298,-5.455409052062691,-0.2424557926085526,-0.0193126170250934,1000.0,-424.11974680065214,-999.594099656939,-0.009530538937156,-0.0831554145621567,-0.0831554145621567,4.954928407341868,-0.0015976064277083,1000.0,-1000.0,-346.0007362863985,227.41991714243227,-3.1184159144349906,-0.1385923576036702,-0.011039460415418,0.0,-391.8752951412391,1000.0,-0.0054478379184956, Neutralism,Healthy
SRR13077855.bin.5.fbc2XSRR13077855.bin.13.fbc2 ,-0.0901637248521183,-0.0901637248521183,300.32150865813605,-0.0017322521584901,-496.90177717386376,1000.0,196.08984436684523,-279.7869782512417,-3.3812349558230608,-0.1502728747535684,-0.0119698624155262,723.0783267566494,-885.4494289482744,-1000.0,-0.0059069798605833,-0.1326298686863083,-0.1326298686863083,699.678491341864,-0.0025481242782916,999.6299359110604,-1000.0,717.549713192619,598.0051226781507,-4.973760222571968,-0.2210497811438472,-0.0176075387631726,-51.31945229645533,-114.55057105172556,1000.0,-0.0086891037890382, Amensalism,Healthy
SRR13077855.bin.13.fbc2XSRR13077855.bin.28.fbc2 ,-0.0843951655011778,-0.0843951655011778,16.65459550381297,-0.0016214248895494,-1000.0,999.7645204632904,1000.0,712.559065806726,-3.1649078846629664,-0.1406586091686676,-0.0112040459868012,-32.655643203814975,-500.0,-999.7645204632904,-0.0055290588733214,-0.0869725264566341,-0.0869725264566341,983.345404496187,-0.0016709419107883,0.0,-0.1304671443945153,-127.6617328393262,-958.7727165597112,-3.26156164392944,-0.1449542107610568,-0.0115462086035904,-12.474525446231269,-239.93239536123133,0.1304671443945153,-0.0056979119158313, Amensalism,Healthy
SRR13077855.bin.9.fbc2XSRR13077855.bin.22.fbc2 ,-0.0846777712276889,-0.0846777712276889,1.2588599303745696,-0.0016268543944306,-1000.0,1000.0,1000.0,-10.021197834834313,-3.175505898030451,-0.1411296187128528,-0.0112415638651555,0.2297306340748264,-285.8871877993208,-1000.0,-0.0055475734848187,-0.0887404974249648,-0.0887404974249648,6.158155769579253,-0.0017049086920906,999.8668807293192,-1000.0,0.0,-66.45584049931313,-3.327862423416036,-0.1479008290416459,-0.0117809190625166,999.7702693659252,0.0,1000.0,-0.0058137386400858, Neutralism,Healthy
SRR13077855.bin.20.fbc2XSRR13077855.bin.10.fbc2 ,-0.0877007770764066,-0.0877007770764066,271.9945306598352,-0.0016849332771471,1000.0,-1000.0,-373.6910861216884,-14.259779411596014,-3.2888718116948894,-0.1461679617939353,-0.0116428889451754,5.325603711909139,-402.7865639111644,1000.0,-0.0057456224751604,-0.1544700266149448,-0.1544700266149448,728.0054693401648,-0.0029677238542262,-1000.0,1000.0,240.2532467215337,-666.5344049606409,-5.792789222870511,-0.2574500443581655,-0.020506971833015,994.674396288091,-597.2134360888356,-1000.0,-0.0101199383431094, Amensalism,Healthy
SRR1307785.bin.1.fbc2XSRR13077855.bin.5.fbc2 ,-0.2037015834864632,-0.2037015834864632,418.4322584105107,-0.003913575091019,-1000.0,999.6944280568948,72.7725406140903,-521.3498827369257,-7.639024627371896,-0.3395026391440296,-0.0270428038787713,730.2866730309015,87.02128154304523,-999.6944280568948,-0.0133452910603182,-0.0904830359952484,-0.0904830359952484,581.5677415894893,-0.001738386858733,0.0,-0.1357332459272129,355.362056873239,-298.8807378826393,-3.393209461100924,-0.1508050599921944,-0.0120122531935749,269.7133269690985,-420.1811911930886,0.1357332459272129,-0.0059278991881228, Neutralism,Healthy
SRR13077855.bin.30.fbc2XSRR13077855.bin.28.fbc2 ,-0.088767458609368,-0.088767458609368,30.77147890654669,-0.0017054266784271,999.8668402849526,-1000.0,202.91310247059369,974.3721902810288,-3.3288734963180104,-0.1479457643489468,-0.0117844983475379,12.415613427607925,-582.4547779595181,1000.0,-0.0058155049732704,-0.0857239509209648,-0.0857239509209648,969.2285210934532,-0.0016469539082208,-943.3506260548172,1000.0,-363.6113762454551,-1000.0,-3.2147387419993265,-0.1428732515348656,-0.011380451505488,-21.70095641485841,-250.6824235866252,-1000.0,-0.0056161128269422, Neutralism,Healthy
SRR13077855.bin.19.fbc2XSRR13077855.bin.12.fbc2 ,-0.3048946193556503,-0.3048946193556503,999.9725775923785,-0.0058577256360194,0.0,959.4490331897372,-698.3014706241929,505.5696790133573,-11.433870400748331,-0.5081576989261976,-0.0404768841450504,9.690636414264873,-999.7404760924286,-959.4490331897372,-0.0199748444189253,-0.1271002953433253,-0.1271002953433253,0.0274224076216569,-0.0024418884792112,1000.0,-1000.0,18.15101623214059,494.4303209866428,-4.766395379241544,-0.2118338255722847,-0.0168734493913689,377.5975942999573,-0.2595239075714062,1000.0,-0.0083268397141864, Neutralism,Healthy
SRR13077855.bin.5.fbc2XSRR1307785.bin.2.fbc2 ,-0.0904830359952484,-0.0904830359952484,478.87480037963473,-0.001738386858733,-1000.0,999.8642667540728,115.21762173316756,14.340613313946733,-3.393209461100924,-0.1508050599921944,-0.0120122531935749,822.907324954544,-537.0498748524817,-999.8642667540728,-0.0059278991881228,-0.0831554145621567,-0.0831554145621567,521.1251996203653,-0.0015976064277083,1000.0,-1000.0,884.7823782668324,-533.8171338445721,-3.1184159144349906,-0.1385923576036702,-0.011039460415418,-5.434524280626306,-462.9501251475183,1000.0,-0.0054478379184956, Neutralism,Healthy
SRR13077855.bin.10.fbc2XSRR13077855.bin.6.fbc2 ,-0.0893943243414696,-0.0893943243414696,0.0249548421264762,-0.0017174702082911,-1000.0,1000.0,29.51108608129971,870.3583258138456,-3.3523816236664743,-0.1489905405691161,-0.0118677191393317,66.44854189435546,-455.7311481049296,-1000.0,-0.0058565734102558,-0.1389870910478521,-0.1389870910478521,999.9750451578734,-0.0026702611152131,1000.0,-1000.0,-1000.0,-49.88611188351342,-5.212162778657557,-0.2316451517465338,-0.0184515043063129,933.5514581056444,-462.744519132722,1000.0,-0.0091055904028962, Amensalism,Healthy
SRR13077855.bin.6.fbc2XSRR13077855.bin.27.fbc2 ,-0.1389899351948997,-0.1389899351948997,1000.0,-0.0026703157578822,1000.0,-1000.0,-1000.0,-49.88713272244081,-5.212269437173518,-0.2316498919914238,-0.0184518818865626,933.563740602788,-462.7626396429231,1000.0,-0.0091057767341453,-0.0208625018676684,-0.0208625018676684,0.0,-0.0004008165584536,-1000.0,999.9687042431156,531.1871342609024,-1.7626369097176848,-0.7823658649483605,-0.0347708364461141,-0.0027696424189116,-3.795550437050906,0.0,-999.9687042431156,-0.0013667844643805, Neutralism,Healthy
SRR13077855.bin.19.fbc2XSRR13077855.bin.27.fbc2 ,-0.3051763502782023,-0.3051763502782023,999.1305596555628,-0.0058631383338934,-0.4577938411090372,0.0,471.83664275129286,1000.0,-11.444435608041204,-0.5086272504636327,-0.0405142858870704,11.91861914033916,-1000.0,0.0,-0.0199933017185003,-0.0209350566709645,-0.0209350566709645,0.8694403444371801,-0.0004022105027843,999.968595403941,-1000.0,528.1633572487071,-0.9352419826959704,-0.785086746736738,-0.0348917611181605,-0.0027792745743226,-2.91288689234932,0.0,1000.0,-0.0013715378145207, Neutralism,Healthy
SRR13077855.bin.5.fbc2XSRR13077855.bin.6.fbc2 ,-0.080624444298337,-0.080624444298337,293.4668511924692,-0.0015489806781943,-489.2229311909968,1000.0,1000.0,-282.5022716953192,-3.0235018551251187,-0.1343740738305996,-0.0107034564861123,218.31229227193307,-584.1188743437891,-1000.0,-0.0052820241124891,-0.1046237548544013,-0.1046237548544013,706.5331488075308,-0.0020100625332588,1000.0,-1000.0,-1000.0,-29.04638853574818,-3.9235013604786673,-0.1743729247573355,-0.0138895321045993,781.6877077280669,-298.56961082533485,1000.0,-0.0068543132382501, Competition,Healthy
SRR13077855.bin.10.fbc2XSRR13077855.bin.27.fbc2 ,-0.1787841871517912,-0.1787841871517912,1000.0,-0.0034348547003446,-1000.0,1000.0,105.63699844123084,944.2270620317244,-6.704595935199791,-0.2979736452529096,-0.0237348459792201,1000.0,-974.7161032480228,-1000.0,-0.0117128545281275,-0.0208625018676684,-0.0208625018676684,0.0,-0.0004008165584536,999.9687042431156,-1000.0,531.068845278171,-2.268936361863325,-0.7823658649483605,-0.0347708364461141,-0.0027696424189116,-3.769218793242999,0.0,1000.0,-0.0013667844643805, Neutralism,Healthy
SRR1307785.bin.1.fbc2XSRR13077855.bin.30.fbc2 ,-0.2069458276173463,-0.2069458276173463,383.8761551549551,-0.0039759044691436,0.0,-0.3104386209483891,238.58815108527733,-525.5659032184383,-7.760687210395531,-0.3449097126955394,-0.0274734998815802,970.0006092214262,-0.3449494717402785,0.3104386209483891,-0.0135578342396911,-0.090601665556278,-0.090601665556278,616.1238448450449,-0.0017406660049346,-1000.0,999.8640887983356,761.4118489147227,368.4336399630106,-3.3976581949902998,-0.1510027759271679,-0.0120280020939844,-18.852422419604068,-816.0575472415168,-999.8640887983356,-0.005935671076827, Neutralism,Healthy
SRR13077855.bin.20.fbc2XSRR1307785.bin.1.fbc2 ,-0.0888149129866633,-0.0888149129866633,346.9665492977333,-0.0017063383859294,1000.0,-1000.0,546.423201992535,-237.49229484493253,-3.3306530856114023,-0.1480248549777343,-0.0117907982466931,218.39252883744572,-495.141804042647,1000.0,-0.0058186138959399,-0.2090026286145985,-0.2090026286145985,653.0334507022667,-0.004015420338419,-1000.0,999.6864759799764,453.57679800746496,-580.71360185634,-7.837819421166728,-0.3483377143577399,-0.0277465545384529,781.6074711625542,-161.96868431279665,-999.6864759799764,-0.0136925833539862, Neutralism,Healthy
SRR13077855.bin.20.fbc2XSRR13077855.bin.30.fbc2 ,-0.0888149129866633,-0.0888149129866633,351.5221820552706,-0.0017063383859294,1000.0,-1000.0,-232.8615173528351,-25.888279705381706,-3.3306530856114023,-0.1480248549777343,-0.0117907982466931,6.7885136978924265,-501.9752531789526,1000.0,-0.0058186138959399,-0.090601665556278,-0.090601665556278,648.4778179447294,-0.0017406660049346,-1000.0,999.8640887983356,-358.8928603384465,-974.1117202946184,-3.3976581949902998,-0.1510027759271679,-0.0120280020939844,958.200640476814,322.1141834332566,-999.8640887983356,-0.005935671076827, Neutralism,Healthy
SRR13077855.bin.12.fbc2XSRR13077855.bin.27.fbc2 ,-0.1376080210652617,-0.1376080210652617,998.9778888496684,-0.0026437660146712,1000.0,-1000.0,-576.3257636897679,-506.0384889944968,-5.160446197079182,-0.2293467017755119,-0.0182684231615439,253.48108529690623,-0.2809794520426294,1000.0,-0.009015242110081,-0.0209414379186227,-0.0209414379186227,1.0221111503315117,-0.0004023331011921,-1000.0,999.9685858314564,775.2476956253317,-2.5279996915658103,-0.785326050269191,-0.0349023965310379,-0.0027801217294154,-2.761368983599141,0.0,-999.9685858314566,-0.001371955875129, Neutralism,Healthy
SRR13077855.bin.20.fbc2XSRR13077855.bin.6.fbc2 ,-0.0874885430827134,-0.0874885430827134,269.9935068712616,-0.0016808557749072,-1000.0,1000.0,628.1426077078845,-12.074179065757107,-3.2809128126714318,-0.1458142384713028,-0.0116147134044695,3.9682833739660737,-402.4864897610255,-1000.0,-0.0057317181923508,-0.1074802221111212,-0.1074802221111212,730.0064931287384,-0.0020649418272569,1000.0,-1000.0,-1000.0,-38.57747036128069,-4.030621900968072,-0.1791337035185733,-0.0142687480266658,797.4885068769304,-313.8173026404154,1000.0,-0.0070414516311529, Amensalism,Healthy
SRR13077855.bin.26.fbc2XSRR13077855.bin.12.fbc2 ,-0.087541983731171,-0.087541983731171,999.9718387059376,-0.0016818824924484,-1000.0,999.7557402056236,1000.0,-352.3889020131025,-3.282916893457809,-0.1459033062186563,-0.0116218080227099,662.7512414247801,-532.3621372994947,-999.7557402056236,-0.0057352192992539,-0.130524964910478,-0.130524964910478,0.028161294062329,-0.0025076842441649,1000.0,-1000.0,-503.4340607674549,494.2794071430046,-4.894824106778401,-0.2175416081842058,-0.0173280981274501,337.2487585752199,-0.2665166814733766,1000.0,-0.0085512032727592, Amensalism,Healthy
SRR1307785.bin.2.fbc2XSRR13077855.bin.13.fbc2 ,-0.0831554145621567,-0.0831554145621567,4.954928407341868,-0.0015976064277083,-1000.0,1000.0,-892.8808964118545,-300.45491409392935,-3.1184159144349906,-0.1385923576036702,-0.011039460415418,282.91423396187975,-356.32107977799933,-1000.0,-0.0054478379184956,-0.1518990289920339,-0.1518990289920339,995.045071592658,-0.0029183290872651,999.576171066657,-1000.0,614.6448624479335,166.14936926291512,-5.69637409529912,-0.2531650483199428,-0.0201656539929899,-47.10209411802464,-500.0,1000.0,-0.0099515021876186, Neutralism,Healthy
SRR13077855.bin.26.fbc2XSRR13077855.bin.5.fbc2 ,-0.1046282685878168,-0.1046282685878168,659.7096496472807,-0.0020101492524418,-0.2919339759272361,0.0,673.031678310359,798.4647479300559,-3.9236706302538096,-0.1743804476463992,-0.0138901313341648,494.1092995737358,-343.95472025764514,0.0,-0.0068546089506753,-0.088202256060299,-0.088202256060299,340.2903503527193,-0.0016945678397632,-670.2094887367066,1000.0,326.968321689641,-194.557386268198,-3.307677803492993,-0.1470037601005742,-0.0117094637728314,505.8907004262642,-656.0452797423549,-1000.0,-0.005778476333603, Amensalism,Healthy
SRR1307785.bin.2.fbc2XSRR13077855.bin.28.fbc2 ,-0.0831554145621567,-0.0831554145621567,4.954928407341868,-0.0015976064277083,1000.0,-1000.0,0.0,130.99552389553787,-3.1184159144349906,-0.1385923576036702,-0.011039460415418,-7.033070884407266,-366.3046889903089,1000.0,-0.0054478379184956,-0.0873267944167537,-0.0873267944167537,995.045071592658,-0.0016777482117049,-972.575654947751,1000.0,-1000.0,-1000.0,-3.2748470667817173,-0.1455446573613699,-0.011593240142588,-3.921177901271221,-249.6214442549908,-1000.0,-0.0057211214017343, Neutralism,Healthy
SRR13077855.bin.19.fbc2XSRR13077855.bin.13.fbc2 ,-0.302709540258661,-0.302709540258661,962.5750395847454,-0.0058157452499472,-785.5189012300484,1000.0,0.0,260.6503383604668,-11.351927625689086,-0.5045159004311017,-0.0401867996770306,-9.077680445705823,-554.2369181613376,-1000.0,-0.0198316913022154,-0.0856910611422563,-0.0856910611422563,37.424960415254645,-0.0016463220200648,999.760904653032,-1000.0,1000.0,739.3496616395332,-3.213505340545794,-0.1428184352371317,-0.0113760851584174,-33.157073652268764,-445.7630818386624,1000.0,-0.0056139580882472, Amensalism,Healthy
SRR13077855.bin.30.fbc2XSRR1307785.bin.2.fbc2 ,-0.090601665556278,-0.090601665556278,439.8046373058314,-0.0017406660049346,-1000.0,999.8640887983356,-750.9648038410634,-1000.0,-3.3976581949902998,-0.1510027759271679,-0.0120280020939844,946.6272617503624,458.993278979259,-999.8640887983356,-0.005935671076827,-0.0831554145621567,-0.0831554145621567,344.11220550169105,-0.0015976064277083,1000.0,-1000.0,-249.03519615893663,0.0,-3.1184159144349906,-0.1385923576036702,-0.011039460415418,-10.541023186078064,-500.03118527746886,1000.0,-0.0054478379184956, Neutralism,Healthy
SRR13077855.bin.17.fbc2XSRR13077855.bin.27.fbc2 ,-0.0863404918438845,-0.0863404918438845,0.3717298858176718,-0.0016587990747893,-1000.0,999.8704809682388,468.75895023487374,1000.0,-3.237859678094537,-0.1439008197397697,-0.0114623016069117,-9.602017809655308,-500.14391740773056,-999.8704809682388,-0.005656504845092,-0.0209414379186227,-0.0209414379186227,999.6282701141822,-0.0004023331011921,999.9685858314564,-1000.0,531.2410497651263,-1.3292325417652364,-0.785326050269191,-0.0349023965310379,-0.0027801217294154,-2.677306846540091,0.0,1000.0,-0.001371955875129, Neutralism,Healthy
SRR13077855.bin.19.fbc2XSRR13077855.bin.5.fbc2 ,-0.302709540258661,-0.302709540258661,962.5750395847456,-0.0058157452499472,-1000.0,999.5459066108856,-1000.0,1000.0,-11.351927625689086,-0.5045159004311017,-0.0401867996770306,-23.84020534725164,-500.5031201215712,-999.5459066108856,-0.0198316913022154,-0.0336319845454227,-0.0336319845454227,37.42496041525442,-0.0006461476377808,585.2068010931771,0.4540933891142913,1000.0,-219.667592673689,-1.2612349585742777,-0.0560533075757803,-0.0044648801768971,171.7882106425959,-499.4968798784288,-0.4540933891142913,-0.002203363444778, Amensalism,Healthy
SRR13077855.bin.30.fbc2XSRR13077855.bin.13.fbc2 ,-0.0887675561758669,-0.0887675561758669,30.77286471881416,-0.0017054285528956,999.8668401385936,-1000.0,-1000.0,-228.53874261331885,-3.3288771551643777,-0.1479459269597782,-0.0117845113002204,215.3303349057801,417.5450268944394,1000.0,-0.0058155113651992,-0.1502147153735222,-0.1502147153735222,969.2271352811858,-0.0028859695556775,-1000.0,999.5808706414276,730.2693223828342,214.32166971484867,-5.633210554833454,-0.2503578589559083,-0.0199420496297761,-46.5798083660593,-500.0,-999.5808706414276,-0.0098411561848479, Neutralism,Healthy
SRR13077855.bin.17.fbc2XSRR1307785.bin.1.fbc2 ,-0.0863404918438845,-0.0863404918438845,323.87557982169733,-0.0016587990747893,-1000.0,999.8704809682388,752.1801215294431,1000.0,-3.237859678094537,-0.1439008197397697,-0.0114623016069117,-5.272443095312269,-500.14391740773056,-999.8704809682388,-0.005656504845092,-0.2084418981091857,-0.2084418981091857,676.1244201783027,-0.0040046474180144,0.0,-0.312682870400863,247.8198784705569,-675.5149285225602,-7.816791434702736,-0.3474031635153096,-0.0276721136586957,1000.0,-78.03654504666338,0.312682870400863,-0.0136558476955315, Neutralism,Healthy
SRR13077855.bin.17.fbc2XSRR13077855.bin.30.fbc2 ,-0.0863404918438845,-0.0863404918438845,175.70028516460889,-0.0016587990747893,-1000.0,999.8704809682388,-935.0865693224054,1000.0,-3.237859678094537,-0.1439008197397697,-0.0114623016069117,9.8875538812498,-500.14391740773056,-999.8704809682388,-0.005656504845092,-0.090601665556278,-0.090601665556278,824.2997148353911,-0.0017406660049346,0.0,-0.1359112016643848,0.0,-800.5673613809738,-3.3976581949902998,-0.1510027759271679,-0.0120280020939844,-34.529817826247495,68.09229098191418,0.1359112016643848,-0.005935671076827, Neutralism,Healthy
SRR13077855.bin.17.fbc2XSRR13077855.bin.22.fbc2 ,-0.0863404918438845,-0.0863404918438845,1000.0,-0.0016587990747893,-1000.0,999.8704809682388,934.3461726385344,-927.1583269366683,-3.237859678094537,-0.1439008197397697,-0.0114623016069117,-3.3608264535101853,-500.14391740773056,-999.8704809682388,-0.005656504845092,-0.0880857753440977,-0.0880857753440977,-0.7634185146320078,-0.0016923299778,999.867862875334,-1000.0,65.65382736146557,-72.84167306333165,-3.303309653552219,-0.1468096255734963,-0.0116940001465764,1000.0,0.0,1000.0,-0.0057708452242195, Neutralism,Healthy
SRR13077855.bin.30.fbc2XSRR13077855.bin.12.fbc2 ,-0.090601665556278,-0.090601665556278,494.0118455222746,-0.0017406660049346,-1000.0,999.8640887983356,0.0,-629.2585653459818,-3.3976581949902998,-0.1510027759271679,-0.0120280020939844,219.60948912468143,8.963647205875986,-999.8640887983356,-0.005935671076827,-0.1333069045720094,-0.1333069045720094,505.9881544777254,-0.0025611316921185,1000.0,-1000.0,-532.6752457770118,-17.487106961247264,-4.9991497836954295,-0.2221781742867961,-0.017697419992146,289.5696562244809,-0.2721970762328283,1000.0,-0.0087334590699583, Neutralism,Healthy
SRR1307785.bin.1.fbc2XSRR13077855.bin.22.fbc2 ,-0.1387673272786287,-0.1387673272786287,930.205366456766,-0.0026660389486323,-1000.0,999.7918356788872,1000.0,-953.3132493024924,-5.203921405089318,-0.2312788787976387,-0.0184223291353191,47.2538074399672,-0.231305539187133,-999.7918356788874,-0.0090911928149353,-0.0820083840635561,-0.0820083840635561,16.073241506280397,-0.0015755693383425,999.876979546058,-1000.0,0.0,-46.68675069750748,-3.075401058697821,-0.1366806401059648,-0.0108871841283644,952.7461925600328,-0.1366963957993903,1000.0,-0.0053726914438811, Amensalism,Healthy
SRR13077855.bin.19.fbc2XSRR13077855.bin.30.fbc2 ,-0.3031737749547574,-0.3031737749547574,969.2271352811858,-0.0058246642643098,-999.8668401385936,1000.0,337.8911430653734,481.6657463200554,-11.369336917336112,-0.5052896249245578,-0.0402484300660717,2.2421850929787297,-1000.0,-1000.0,-0.0198621051411009,-0.0887675561758669,-0.0887675561758669,30.77286471881416,-0.0017054285528956,-0.1331598614065114,0.0,-1000.0,-228.53874261332064,-3.3288771551643777,-0.1479459269597782,-0.0117845113002204,215.33098209069797,417.5443797095213,0.0,-0.0058155113651992, Neutralism,Healthy
SRR1307785.bin.1.fbc2XSRR13077855.bin.12.fbc2 ,-0.2073172154032363,-0.2073172154032363,634.5395244408062,-0.0039830396810884,-1000.0,999.6890042616968,275.3051137844534,-487.5946237611117,-7.774614644803364,-0.3455286923386893,-0.0275228041966784,697.9421511234693,-145.64134547436754,-999.6890042616968,-0.0135821653126413,-0.133137167359564,-0.133137167359564,365.4604755591938,-0.0025578706505484,1000.0,-1000.0,-525.0664936477499,127.70832160929126,-4.992784458867277,-0.221895278932493,-0.0176748861950954,302.05784887653067,-0.2718504927371441,1000.0,-0.0087223389182327, Neutralism,Healthy
SRR13077855.bin.26.fbc2XSRR13077855.bin.30.fbc2 ,-0.1384247505986877,-0.1384247505986877,916.4287326984168,-0.0026594572641442,-1000.0,999.6137670215284,998.1704876191118,1000.0,-5.191074417599793,-0.2307079176644038,-0.018376849695187,929.6443924081908,-493.337372780904,-999.6137670215284,-0.009068749270682,-0.0771870845131843,-0.0771870845131843,83.57126730158325,-0.0014829411049959,0.0,-0.115788041475298,0.0,-621.469390393582,-2.89459723100515,-0.1286451408552693,-0.0102471230352421,70.35560759180908,166.03628750143162,0.115788041475298,-0.00505682916787, Amensalism,Healthy
SRR13077855.bin.17.fbc2XSRR13077855.bin.19.fbc2 ,-0.0862465750150249,-0.0862465750150249,0.0132559577352822,-0.0016569947168818,0.0,-0.1293781474961406,495.3853054765045,72.46304042792917,-3.2343376977726166,-0.1437442916917461,-0.0114498334938843,4.985615414071958,-499.4926868266968,0.1293781474961406,-0.0056503519846273,-0.3052323508314885,-0.3052323508314885,999.9867440422648,-0.0058642142330427,-1000.0,999.5421221526816,-1000.0,927.5369595720708,-11.446535687964683,-0.5087205847191854,-0.0405217203505117,8.349642734693475,-500.50731317330326,-999.5421221526816,-0.0199969705347484, Neutralism,Healthy
SRR13077855.bin.6.fbc2XSRR13077855.bin.22.fbc2 ,-0.1384745465288688,-0.1384745465288688,1000.0,-0.0026604139583241,1000.0,-1000.0,-1000.0,-25.435996981373023,-5.192941817601195,-0.2307909108815238,-0.0183834604517869,920.6359493383828,-459.2377363901461,1000.0,-0.0090720115977092,-0.088403929971605,-0.088403929971605,0.0,-0.0016984424586325,-1000.0,999.8673856128304,999.7295633764712,-67.65442361970952,-3.3152407882722628,-0.1473398832861221,-0.0117362373890728,79.36405066161728,0.0,-999.8673856128304,-0.0057916887839155, Neutralism,Healthy
SRR13077855.bin.10.fbc2XSRR1307785.bin.2.fbc2 ,-0.1783412557279007,-0.1783412557279007,995.045071592658,-0.0034263449707623,-1000.0,1000.0,-893.8846680225872,847.8594454752574,-6.687985538770249,-0.2972354262132057,-0.0236760437479688,1000.0,-460.8487781171026,-1000.0,-0.0116838363502438,-0.0831554145621567,-0.0831554145621567,4.954928407341868,-0.0015976064277083,1000.0,-1000.0,117.08789610394795,-21.717590185162408,-3.1184159144349906,-0.1385923576036702,-0.011039460415418,0.0,-495.3552628566618,1000.0,-0.0054478379184956, Neutralism,Healthy
SRR13077855.bin.12.fbc2XSRR13077855.bin.28.fbc2 ,-0.1270001487000627,-0.1270001487000627,0.027400800574469,-0.0024399644322556,1000.0,-1000.0,39.81850483845892,494.4347095260641,-4.762639774294485,-0.2116669145000287,-0.0168601542270607,372.3618792784987,-0.259319419862436,1000.0,-0.008320278714109,-0.0874704667756987,-0.0874704667756987,999.9725991994256,-0.0016805084875386,-979.1114418029764,1000.0,-855.1890291596593,-1000.0,-3.2802349320537587,-0.1457841112927553,-0.0116123136488113,-22.143085645187966,-5.253069307968872,-1000.0,-0.0057305339424829, Neutralism,Healthy
SRR13077855.bin.26.fbc2XSRR13077855.bin.9.fbc2 ,-0.1455509758305879,-0.1455509758305879,998.7819586990396,-0.0027963684117366,-1000.0,999.5938834155644,695.3110998497593,657.8920798120566,-5.458315393907583,-0.2425849597175329,-0.0193229057250619,736.8481005061701,-422.4216253738848,-999.5938834155644,-0.0095356162839834,-0.0846743191427776,-0.0846743191427776,1.2180413009606357,-0.0016267880719169,1000.0,-1000.0,304.68890015024067,-6.364417902203513,-3.175376441200001,-0.1411238652380007,-0.0112411055769143,0.9803350278933748,-285.8871807505682,1000.0,-0.005547347325205, Neutralism,Healthy
SRR13077855.bin.20.fbc2XSRR13077855.bin.27.fbc2 ,-0.0888149129866633,-0.0888149129866633,285.5025413700471,-0.0017063383859294,-1000.0,1000.0,-366.4880147489282,-26.34407681502512,-3.3306530856114023,-0.1480248549777343,-0.0117907982466931,7.70010791718164,-402.4899950414731,-1000.0,-0.0058186138959399,-0.0209414379186227,-0.0209414379186227,714.4974586299529,-0.0004023331011921,999.9685858314564,-1000.0,172.2335017260864,-716.6225740239477,-0.785326050269191,-0.0349023965310379,-0.0027801217294154,-2.778701493599783,0.0,1000.0,-0.001371955875129, Neutralism,Healthy
SRR13077855.bin.26.fbc2XSRR13077855.bin.28.fbc2 ,-0.1315083833852668,-0.1315083833852668,835.5248737624729,-0.0025265779709116,-0.3669349187135822,0.0,838.9498531895981,989.1042588294004,-4.931703338735247,-0.2191806389754447,-0.0174586537789309,984.628274359276,-421.8043110408473,0.0,-0.0086156308807403,-0.0145470932214948,-0.0145470932214948,164.4751262375271,-0.0002794830589891,-999.6330650812864,1000.0,-1000.0,-160.45066123288734,-0.5455313673750197,-0.024245155369158,-0.0019312279378027,-2.2380863624059657,-40.228470511138426,-1000.0,-0.0009530372312838, Amensalism,Healthy
SRR1307785.bin.1.fbc2XSRR13077855.bin.13.fbc2 ,-0.2028210512787609,-0.2028210512787609,68.60144422616486,-0.0038966580457326,-1000.0,999.6957489397917,-61.07433946246647,-514.0384509746642,-7.606003739144057,-0.3380350854645257,-0.0269259070958014,1000.0,289.2273698633676,-999.6957489397917,-0.0132876039358507,-0.1477468499771248,-0.1477468499771248,931.3985557738353,-0.0028385561955701,999.5877564837238,-1000.0,896.4781429615009,653.5147262607188,-5.540662994732543,-0.2462447499618747,-0.0196144233110544,-57.168777247945854,-755.9207926072924,1000.0,-0.0096794766267294, Neutralism,Healthy
SRR13077855.bin.26.fbc2XSRR13077855.bin.13.fbc2 ,-0.1309586085444607,-0.1309586085444607,1000.0,-0.0025160155339563,-1000.0,999.6345990639976,155.41030358297098,117.37009689993374,-4.911086201273406,-0.218264347574177,-0.0173856673399086,849.6494053769482,-423.392263186915,-999.6345990639976,-0.0085796129709478,-0.0816633056647333,-0.0816633056647333,0.0,-0.001568939590129,999.77214290333,-1000.0,844.589696417029,882.6299031000663,-3.0624602541038257,-0.1361055094412222,-0.0108413725675973,-11.615110815844218,-491.9805864722724,1000.0,-0.0053500840022024, Competition,Healthy
SRR13077855.bin.17.fbc2XSRR13077855.bin.10.fbc2 ,-0.086339238673645,-0.086339238673645,0.0,-0.0016587749985319,-1000.0,999.8704828481144,87.18235530070274,-5.102375307739521,-3.2378126828886025,-0.1438987311228174,-0.0114621352398671,0.0,-500.1439153188728,-999.8704828481144,-0.0056564227450053,-0.1787841871517912,-0.1787841871517912,1000.0,-0.0034348547003446,0.0,0.0,-957.8245837077104,915.1570623377696,-6.704595935199791,-0.2979736452529096,-0.0237348459792201,1000.0,-499.8560846811272,0.0,-0.0117128545281275, Neutralism,Healthy
SRR13077855.bin.12.fbc2XSRR13077855.bin.13.fbc2 ,-0.1301478117452461,-0.1301478117452461,0.0280799217271123,-0.0025004382659972,1000.0,-1000.0,-445.973119815533,494.2967753634671,-4.880680464552029,-0.216913019575486,-0.0172780284181044,341.6939925079489,-0.2657465789103526,1000.0,-0.0085264944871141,-0.1522204473229749,-0.1522204473229749,999.9719200782728,-0.002924504271391,-1000.0,999.575274244674,1000.0,505.7032246365329,-5.708427622348381,-0.2537007455383673,-0.0202083245148969,-47.201762144743725,-742.046882318815,-999.575274244674,-0.0099725595651989, Neutralism,Healthy
SRR13077855.bin.26.fbc2XSRR13077855.bin.27.fbc2 ,-0.139803808321858,-0.139803808321858,999.558018569694,-0.0026859521291271,-1000.0,999.6099191722848,472.8002137851404,509.31984430032,-5.242790539437806,-0.2330063472031724,-0.0185599292124152,517.747521205767,-413.98810965944,-999.6099191722848,-0.0091590967604133,-0.0208652932936956,-0.0208652932936956,0.4419814303059866,-0.000400870188173,999.9687000557084,-1000.0,527.1997862148596,-0.4768264032942397,-0.7824705463735881,-0.0347754888227882,-0.0027700130001448,-2.8948874043765045,0.0,1000.0,-0.0013669673415961, Neutralism,Healthy
SRR13077855.bin.30.fbc2XSRR13077855.bin.22.fbc2 ,-0.0885762051468646,-0.0885762051468646,986.8569926918292,-0.00170175226026,999.8671271835184,-1000.0,0.0,-940.8268851911351,-3.321701289383668,-0.1476270085781834,-0.01175910811844,795.610636817441,-514.4573495086731,1000.0,-0.0058029752075299,-0.0883764698027107,-0.0883764698027107,13.143007308170809,-0.0016979148857672,-1000.0,999.8674268057216,1000.0,-59.17311480886485,-3.314211002921297,-0.1472941163378891,-0.0117325918604365,204.389363182559,0.0,-999.8674268057216,-0.0057898897604218, Neutralism,Healthy
SRR13077855.bin.20.fbc2XSRR13077855.bin.19.fbc2 ,-0.0874885430827134,-0.0874885430827134,269.9935068712612,-0.0016808557749072,1000.0,-1000.0,628.1426077078838,-12.0741790657587,-3.2809128126714318,-0.1458142384713028,-0.0116147134044695,3.968283373966756,-402.4864897610254,1000.0,-0.0057317181923508,-0.2518821503794015,-0.2518821503794015,730.0064931287388,-0.0048392343973091,-1000.0,1000.0,371.8573922921162,399.4494614182194,-9.44584679712068,-0.419803583965745,-0.0334391096853323,-15.965698908258789,-575.1584383444534,-1000.0,-0.0165017892948071, Amensalism,Healthy
SRR13077855.bin.5.fbc2XSRR13077855.bin.9.fbc2 ,-0.0904830359952484,-0.0904830359952484,663.526286402292,-0.001738386858733,-1000.0,999.8642667540728,373.0109233153512,-279.2419710958709,-3.393209461100924,-0.1508050599921944,-0.0120122531935749,361.9887302614502,-507.2981652456658,-999.8642667540728,-0.0059278991881228,-0.0846777712276889,-0.0846777712276889,1.2588599303745696,-0.0016268543944306,1000.0,-1000.0,626.9890766846488,157.94963099485017,-3.175505898030451,-0.1411296187128528,-0.0112415638651555,638.0112697385498,-343.8033223838036,1000.0,-0.0055475734848187, Neutralism,Healthy
SRR13077855.bin.19.fbc2XSRR13077855.bin.6.fbc2 ,-0.3011303765708817,-0.3011303765708817,962.770276703649,-0.0057854058899238,-310.540430061497,1000.0,1000.0,423.3803117750274,-11.29270731873214,-0.5018839609514316,-0.0399771546993861,-5.084735382600684,-999.971763318307,-1000.0,-0.0197282340847095,-0.0138287474794651,-0.0138287474794651,37.22972329635104,-0.0002656819880257,1000.0,-1000.0,-1000.0,-4.537014114939325,-0.5185926429901428,-0.0230479124658131,-0.0018358625376322,480.4304967577734,-0.0282366816929879,1000.0,-0.0009059755793714, Amensalism,Healthy
SRR13077855.bin.19.fbc2XSRR1307785.bin.1.fbc2 ,-0.3008795928226391,-0.3008795928226391,957.920539663392,-0.0057805877584087,1000.0,-0.8395147601465851,983.3451668012522,421.0037501311104,-11.2833026631763,-0.5014659880378076,-0.0399438614102791,-5.076647049772987,-815.1039397588522,0.8395147601465851,-0.0197118042559623,-0.1984351504520418,-0.1984351504520418,42.07946033660801,-0.0038123948213524,-1000.0,999.7023282123478,16.654833198747724,-526.7790211431878,-7.441527823666775,-0.3307252507534031,-0.0263436482156294,1000.0,366.659680235224,-999.702328212348,-0.0130002663408959, Neutralism,Healthy
SRR13077855.bin.9.fbc2XSRR13077855.bin.28.fbc2 ,-0.0846777712276889,-0.0846777712276889,1.258859930374456,-0.0016268543944306,1000.0,-1000.0,973.3782812537692,-22.65310439416362,-3.175505898030451,-0.1411296187128528,-0.0112415638651555,286.92542090648567,-286.2724995473393,1000.0,-0.0055475734848187,-0.087434561012742,-0.087434561012742,998.7411400696255,-0.0016798186553614,-1000.0,999.8688397593876,-379.8899378974003,-977.3468956058364,-3.278888428003711,-0.14572426835457,-0.0116075469087491,-22.13399612717467,-243.34067046869225,-999.8688397593876,-0.0057281816148133, Neutralism,Healthy
SRR1307785.bin.1.fbc2XSRR13077855.bin.27.fbc2 ,-0.2089500534697208,-0.2089500534697208,525.1878778041346,-0.0040144102491694,-1000.0,999.6865548477442,708.2358199307682,-523.2835118538978,-7.835847797676138,-0.3482500891161635,-0.0277395748217941,855.1777717426598,-76.14933295270373,-999.6865548477442,-0.013689138949644,-0.0209414379186227,-0.0209414379186227,474.8121221958654,-0.0004023331011921,999.9685858314564,-1000.0,291.76418006923177,-476.71648814610217,-0.785326050269191,-0.0349023965310379,-0.0027801217294154,-3.181034594822222,0.0,1000.0,-0.001371955875129, Neutralism,Healthy
SRR1307785.bin.2.fbc2XSRR13077855.bin.22.fbc2 ,-0.0831554145621567,-0.0831554145621567,537.7885283199475,-0.0015976064277083,-1000.0,1000.0,133.49442744493626,-778.1038661132961,-3.1184159144349906,-0.1385923576036702,-0.011039460415418,222.32748762218463,-392.84544951923954,-1000.0,-0.0054478379184956,-0.0887404974249648,-0.0887404974249648,6.158155769579366,-0.0017049086920906,999.8668807293192,-1000.0,866.5055725550637,-66.4558404993129,-3.327862423416036,-0.1479008290416459,-0.0117809190625166,777.6725123778153,0.0,1000.0,-0.0058137386400858, Neutralism,Healthy
SRR13077855.bin.19.fbc2XSRR13077855.bin.22.fbc2 ,-0.3043366527130047,-0.3043366527130047,1000.0,-0.0058470058157809,0.1312430211377204,999.0195963242318,-724.2932404991064,-548.624928235525,-11.412946062059632,-0.5072277545217503,-0.0404028101872881,25.133296029217945,-761.3592559311558,-999.0195963242318,-0.0199382898318845,-0.0874897444956559,-0.0874897444956559,0.0,-0.0016808788567459,999.8687569788622,-1000.0,1000.0,-72.3487911646605,-3.2809578669241546,-0.1458162408260932,-0.0116148729003953,974.866703970782,0.0,1000.0,-0.0057317969016139, Neutralism,Healthy
SRR13077855.bin.10.fbc2XSRR13077855.bin.22.fbc2 ,-0.1781541778225346,-0.1781541778225346,992.952292489682,-0.0034227507746891,-1000.0,999.7327516195124,0.0,1000.0,-6.680969919636709,-0.2969236297042243,-0.0236512078530495,920.0469923659916,-830.661680216961,-999.7327516195124,-0.0116715801416376,-0.0887404974249648,-0.0887404974249648,7.047707510317878,-0.0017049086920906,999.8668807293192,-1000.0,1000.0,-63.47000397569116,-3.327862423416036,-0.1479008290416459,-0.0117809190625166,79.95300763400837,0.0,1000.0,-0.0058137386400858, Neutralism,Healthy
SRR13077855.bin.30.fbc2XSRR13077855.bin.6.fbc2 ,-0.0881798638611144,-0.0881798638611144,24.26459440991221,-0.0016941376342174,-1000.0,999.8677217335204,168.26242725315046,954.2804544533064,-3.3068380723610744,-0.1469664397684482,-0.0117064910524504,9.166795582655707,-551.5582293146597,-999.8677217335202,-0.0057770093326325,-0.1361727750085037,-0.1361727750085037,975.7354055900878,-0.0026161916428009,1000.0,-1000.0,-1000.0,-48.87598005215523,-5.106622953360443,-0.2269546250141729,-0.018077884251852,921.3977862579322,-448.4417706853403,1000.0,-0.0089212135020488, Neutralism,Healthy
SRR13077855.bin.27.fbc2XSRR13077855.bin.28.fbc2 ,-0.0209414379186227,-0.0209414379186227,1.022111150331284,-0.0004023331011921,-0.0314141685433924,0.0,528.4947101438311,0.0,-0.785326050269191,-0.0349023965310379,-0.0027801217294154,-2.677306846540432,0.0,0.0,-0.001371955875129,-0.0874414639179121,-0.0874414639179121,998.9778888496688,-0.0016799512760599,-977.7920753077448,1000.0,-846.7917401652151,-1000.0,-3.279147294240829,-0.1457357731965203,-0.0116084633174295,-13.452965820964891,-248.9643932350458,-1000.0,-0.0057286338512767, Neutralism,Healthy
SRR13077855.bin.20.fbc2XSRR1307785.bin.2.fbc2 ,-0.0888149129866633,-0.0888149129866633,353.8290078069399,-0.0017063383859294,-1000.0,1000.0,773.1839226901209,-26.965525255178814,-3.3306530856114023,-0.1480248549777343,-0.0117907982466931,6.152459001160423,-502.3445110105303,-1000.0,-0.0058186138959399,-0.0831554145621567,-0.0831554145621567,550.7533496611688,-0.0015976064277083,0.0,0.0,134.7652914060484,-973.0344747448212,-3.1184159144349906,-0.1385923576036702,-0.011039460415418,412.70339466922496,-297.65276708069337,0.0,-0.0054478379184956, Neutralism,Healthy
SRR13077855.bin.17.fbc2XSRR13077855.bin.5.fbc2 ,-0.0863404918438845,-0.0863404918438845,0.021564387972262,-0.0016587990747893,-1000.0,999.8704809682388,69.27469508093577,-6.794424422432257,-3.237859678094537,-0.1439008197397697,-0.0114623016069117,9.36003918746951,-500.14391740773056,-999.8704809682388,-0.005656504845092,-0.0904830359952484,-0.0904830359952484,999.9784356120276,-0.001738386858733,0.0,-0.1357332459272129,-502.62368690683263,-569.8745707092162,-3.393209461100924,-0.1508050599921944,-0.0120122531935749,472.9223162615372,-499.85608259226944,0.1357332459272129,-0.0059278991881228, Neutralism,Healthy
SRR13077855.bin.17.fbc2XSRR1307785.bin.2.fbc2 ,-0.0863404918438845,-0.0863404918438845,201.27230246911316,-0.0016587990747893,-1000.0,999.8704809682388,-235.60446870982943,0.0,-3.237859678094537,-0.1439008197397697,-0.0114623016069117,6.370451966901669,-500.14391740773056,-999.8704809682388,-0.005656504845092,-0.0831554145621567,-0.0831554145621567,798.7276975308869,-0.0015976064277083,1000.0,-1000.0,-558.9471833624787,-1000.0,-3.1184159144349906,-0.1385923576036702,-0.011039460415418,191.5559637210204,-311.2316368368645,1000.0,-0.0054478379184956, Neutralism,Healthy
SRR1307785.bin.1.fbc2XSRR13077855.bin.28.fbc2 ,-0.1952904429050477,-0.1952904429050477,41.412604710502364,-0.0037519777695251,-1000.0,999.7070455757536,428.9622451513303,-73.01431368026442,-7.323597967714818,-0.3254840715082991,-0.0259261663875349,919.2607557810392,-0.3255215912860194,-999.7070455757536,-0.0127942441941968,-0.0847750204482054,-0.0847750204482054,958.5873952894976,-0.0016287227751945,0.0,-0.1271706742861624,-861.3270746635776,-926.9856863197356,-3.179152846559873,-0.1412917007470469,-0.0112544743765283,-13.042730547514225,0.0018160258942998,0.1271706742861624,-0.0055539446633474, Neutralism,Healthy
SRR13077855.bin.6.fbc2XSRR13077855.bin.13.fbc2 ,-0.1389899351948997,-0.1389899351948997,1000.0,-0.0026703157578822,1000.0,-1000.0,-1000.0,-49.88713272244081,-5.212269437173518,-0.2316498919914238,-0.0184518818865626,933.5637406027886,-462.762639642923,1000.0,-0.0091057767341453,-0.0830670552248875,-0.0830670552248875,0.0,-0.0015959088419776,-1000.0,999.7682261588798,1000.0,740.6876755304788,-3.115102345919695,-0.1384450920414792,-0.0110277300980214,-32.14174770920772,-500.0,-999.7682261588798,-0.0054420491511564, Amensalism,Healthy
SRR1307785.bin.1.fbc2XSRR13077855.bin.9.fbc2 ,-0.2088097438588647,-0.2088097438588647,998.7411400696255,-0.0040117145794056,-1000.0,999.6867653256386,259.74409130158665,-526.9611177983563,-7.830586039010541,-0.3480162397647746,-0.0277209477437736,382.2821055785503,-312.5946558270815,-999.6867653256388,-0.013679946715797,-0.0846777712276889,-0.0846777712276889,1.2588599303745696,-0.0016268543944306,1000.0,-1000.0,740.2559086984134,-434.0080963552173,-3.175505898030451,-0.1411296187128528,-0.0112415638651555,424.1758601833351,-285.8871877993208,1000.0,-0.0055475734848187, Neutralism,Healthy
SRR13077855.bin.20.fbc2XSRR13077855.bin.26.fbc2 ,-0.0874885430827134,-0.0874885430827134,269.9935068712614,-0.0016808557749072,1000.0,-1000.0,17.00346611810346,-12.074179065754606,-3.2809128126714318,-0.1458142384713028,-0.0116147134044695,3.96828337396596,-402.4864897610257,1000.0,-0.0057317181923508,-0.1174327501909147,-0.1174327501909147,730.0064931287386,-0.0022561527414382,-1000.0,999.6723389373632,982.9965338818964,1000.0,-4.403852220561589,-0.195721250318229,-0.0155900154431947,986.9241960487664,-514.9432667114285,-999.6723389373634,-0.0076934808482747, Amensalism,Healthy
SRR13077855.bin.10.fbc2XSRR13077855.bin.12.fbc2 ,-0.1230140207867407,-0.1230140207867407,395.1868315143415,-0.0023633817634163,-1000.0,1000.0,464.7520879073932,-756.8655076508832,-4.613155765501119,-0.2050233679780149,-0.0163309679853682,719.8310896464181,-508.7028697380368,-1000.0,-0.0080591318132974,-0.1347921250921899,-0.1347921250921899,604.8131684856585,-0.0025896661881006,1000.0,-1000.0,-541.6911378544064,-110.69083024620544,-5.054847122595447,-0.2246535418202029,-0.0178945933599834,280.16891035358185,-0.2752297224743643,1000.0,-0.0088307617015743, Amensalism,Healthy
SRR13077855.bin.26.fbc2XSRR13077855.bin.10.fbc2 ,-0.1293614320654796,-0.1293614320654796,821.8844412348694,-0.0024853301068787,-1000.0,999.6390555085708,825.253505868503,972.9565529633884,-4.85119039561323,-0.2156023867759131,-0.0171736310388723,-15.120773223842434,-414.9181088160209,-999.639055508571,-0.008474975664626,-0.1053142162722906,-0.1053142162722906,178.11555876513057,-0.0020233278822843,0.0,0.0,-1000.0,27.043447036611724,-3.949394393246166,-0.1755236937872268,-0.0139811956664743,926.5209263823476,-370.45897758311,0.0,-0.0068995480785361, Competition,Healthy
SRR1307785.bin.2.fbc2XSRR13077855.bin.6.fbc2 ,-0.0831554145621567,-0.0831554145621567,4.954928407341868,-0.0015976064277083,-1000.0,1000.0,0.0,530.9955238955408,-3.1184159144349906,-0.1385923576036702,-0.011039460415418,-7.033070884407266,-466.3046889903089,-1000.0,-0.0054478379184956,-0.1384252133486825,-0.1384252133486825,995.045071592658,-0.0026594661546823,1000.0,-1000.0,-1000.0,-49.6844392421491,-5.191091771214701,-0.2307086889145466,-0.0183769111284846,931.1249796721258,-459.1647074141788,1000.0,-0.0090687795873236, Neutralism,Healthy
SRR13077855.bin.17.fbc2XSRR13077855.bin.26.fbc2 ,-0.086339238673645,-0.086339238673645,0.0,-0.0016587749985319,-1000.0,999.8704828481144,130.01712098956477,330.8362232757029,-3.2378126828886025,-0.1438987311228174,-0.0114621352398671,-9.24674170282799,-500.1439153188728,-999.8704828481144,-0.0056564227450053,-0.1459072515565367,-0.1459072515565367,1000.0,-0.00280321328637,0.0,-0.4071106655820813,869.9828790104352,669.1637767242971,-5.471676110098883,-0.2431787525941899,-0.0193702038089895,301.6927284723047,-424.79754289609446,0.4071106655820813,-0.0095589573065808, Neutralism,Healthy
SRR13077855.bin.10.fbc2XSRR13077855.bin.5.fbc2 ,-0.1493019005349651,-0.1493019005349651,670.1913397765297,-0.0028684322869594,-1000.0,999.7760328070362,307.8300051043841,13.26145088624753,-5.598979033835803,-0.2488365008915707,-0.0198208671026804,600.6506737341733,-377.04584984785697,-999.776032807036,-0.0097813540984361,-0.0859415080263943,-0.0859415080263943,329.80866022347027,-0.0016511336796156,380.03750872658566,0.2239671929638689,561.5339386426442,-217.04627259970948,-3.2228973633441456,-0.1432358467106951,-0.0114093337264193,399.3493262658267,-622.954150152143,-0.2239671929638689,-0.0056303658476508, Amensalism,Healthy
SRR13077855.bin.30.fbc2XSRR13077855.bin.9.fbc2 ,-0.090601665556278,-0.090601665556278,790.5243363261757,-0.0017406660049346,-1000.0,999.8640887983356,-796.2714163976524,-993.5130157136566,-3.3976581949902998,-0.1510027759271679,-0.0120280020939844,447.02912256206855,456.1941668657944,-999.8640887983356,-0.005935671076827,-0.0846777712276889,-0.0846777712276889,1.2588599303745696,-0.0016268543944306,1000.0,-1000.0,1000.0,-6.486984286343386,-3.175505898030451,-0.1411296187128528,-0.0112415638651555,0.939606024020577,-285.8871877993208,1000.0,-0.0055475734848187, Neutralism,Healthy
SRR13077855.bin.9.fbc2XSRR13077855.bin.13.fbc2 ,-0.0846777712276889,-0.0846777712276889,1.2588599303745696,-0.0016268543944306,-1000.0,1000.0,259.2048894989289,382.5013001116861,-3.175505898030451,-0.1411296187128528,-0.0112415638651555,0.939606024020577,-314.05737700434145,-1000.0,-0.0055475734848187,-0.152140153549567,-0.152140153549567,998.7411400696255,-0.0029229616435486,999.5754982804996,-1000.0,740.7951105010711,194.92880452581608,-5.705416520998483,-0.2535669225825359,-0.0201976649573225,-47.1768639943042,-500.0,1000.0,-0.0099672992047317, Neutralism,Healthy
SRR13077855.bin.20.fbc2XSRR13077855.bin.12.fbc2 ,-0.0888149129866633,-0.0888149129866633,285.0743683276519,-0.0017063383859294,-1000.0,1000.0,634.2428551919313,-25.88827970538034,-3.3306530856114023,-0.1480248549777343,-0.0117907982466931,6.78851369789254,-402.3035325875277,-1000.0,-0.0058186138959399,-0.1356034098896543,-0.1356034098896543,714.9256316723481,-0.0026052528316995,1000.0,-1000.0,-555.1835088789948,-221.8833761998403,-5.085271159768013,-0.2260056831494239,-0.0180022970670279,277.1026366624535,-0.2768862709524455,1000.0,-0.0088839121560795, Neutralism,Healthy
SRR13077855.bin.12.fbc2XSRR13077855.bin.6.fbc2 ,-0.1280089863884086,-0.1280089863884086,0.0276184614244812,-0.0024593465204816,-1000.0,1000.0,-113.7723374009786,494.3905011150239,-4.800472253622388,-0.213348310647234,-0.0169940844562006,360.4255313005681,-0.2613793481912125,-1000.0,-0.0083863716346286,-0.1232832506336762,-0.1232832506336762,999.9723815385756,-0.0023685542869316,1000.0,-1000.0,-454.9369812833363,-157.4715638581522,-4.62325216924819,-0.2054720843894983,-0.0163667101224973,639.5744686994319,-448.9951682034464,1000.0,-0.0080767701183503, Amensalism,Healthy
SRR13077855.bin.22.fbc2XSRR13077855.bin.13.fbc2 ,-0.0887404974249648,-0.0887404974249648,3.807154879489076,-0.0017049086920906,-1000.0,999.8668807293192,89.15844717785922,-64.10483960922284,-3.327862423416036,-0.1479008290416459,-0.0117809190625166,947.5984291119804,0.0,-999.8668807293192,-0.0058137386400858,-0.1519739075787356,-0.1519739075787356,996.1928451205108,-0.0029197676768717,999.5759621402948,-1000.0,910.8415528221408,601.5751144466269,-5.699182121424656,-0.2532898459645594,-0.0201755946468438,-47.12531308304369,-749.9509844001253,1000.0,-0.0099564077779632, Neutralism,Healthy
SRR13077855.bin.17.fbc2XSRR13077855.bin.9.fbc2 ,-0.0863404918438845,-0.0863404918438845,998.7411400696255,-0.0016587990747893,-1000.0,999.8704809682388,0.0,160.4446965440261,-3.237859678094537,-0.1439008197397697,-0.0114623016069117,5.980717124274975,-500.14391740773056,-999.8704809682388,-0.005656504845092,-0.0846777712276889,-0.0846777712276889,1.2588599303745696,-0.0016268543944306,1000.0,-1000.0,1000.0,839.5553034559739,-3.175505898030451,-0.1411296187128528,-0.0112415638651555,0.939606024020577,-346.3187797809149,1000.0,-0.0055475734848187, Neutralism,Healthy
SRR1307785.bin.2.fbc2XSRR13077855.bin.12.fbc2 ,-0.0831554145621567,-0.0831554145621567,4.954928407341868,-0.0015976064277083,-1000.0,1000.0,1000.0,-14.823127634423033,-3.1184159144349906,-0.1385923576036702,-0.011039460415418,-10.541023186078064,-447.262093197681,-1000.0,-0.0054478379184956,-0.1375802664207412,-0.1375802664207412,995.045071592658,-0.002643232784294,1000.0,-1000.0,-578.7400282639435,-502.10424766027137,-5.159405368581702,-0.2293004440346067,-0.0182647385391874,256.51512269446675,-0.2809227803112435,1000.0,-0.009013423794272, Neutralism,Healthy
SRR13077855.bin.30.fbc2XSRR13077855.bin.5.fbc2 ,-0.090601665556278,-0.090601665556278,462.9808114019836,-0.0017406660049346,999.8640887983356,-1000.0,-979.013702418923,-732.7154469203167,-3.3976581949902998,-0.1510027759271679,-0.0120280020939844,721.8837175381766,151.23992569498955,1000.0,-0.005935671076827,-0.0904830359952484,-0.0904830359952484,537.0191885980164,-0.001738386858733,-977.1280556022526,1000.0,385.3389493049592,-267.2845530796833,-3.393209461100924,-0.1508050599921944,-0.0120122531935749,278.1162824618234,-414.2511144466125,-1000.0,-0.0059278991881228, Neutralism,Healthy
SRR13077855.bin.12.fbc2XSRR13077855.bin.22.fbc2 ,-0.1375883664783259,-0.1375883664783259,996.1928451205108,-0.0026433884049765,1000.0,-1000.0,-576.1184704798277,-503.2524367981112,-5.159709129300381,-0.2293139441305811,-0.0182658138783153,253.7126872357794,-0.2809393196795327,1000.0,-0.0090139544608973,-0.0887404974249648,-0.0887404974249648,3.8071548794891896,-0.0017049086920906,-1000.0,999.8668807293192,152.31244549167377,-64.10483960922284,-3.327862423416036,-0.1479008290416459,-0.0117809190625166,746.2873127642206,0.0,-999.8668807293192,-0.0058137386400858, Neutralism,Healthy
SRR13077855.bin.17.fbc2XSRR13077855.bin.12.fbc2 ,-0.0863404918438845,-0.0863404918438845,0.0149291916733318,-0.0016587990747893,-1000.0,999.8704809682388,-427.8433954930622,994.8842802412756,-3.237859678094537,-0.1439008197397697,-0.0114623016069117,11.0188382622797,-500.14391740773056,-999.8704809682388,-0.005656504845092,-0.1376151289412064,-0.1376151289412064,999.9850708083268,-0.0026439025733679,1000.0,-1000.0,-572.1566045069378,-507.046035654785,-5.160712749938398,-0.2293585482353819,-0.0182693667816238,249.15320427032293,-0.280993965492371,1000.0,-0.0090157077750063, Neutralism,Healthy
SRR13077855.bin.10.fbc2XSRR13077855.bin.13.fbc2 ,-0.1787841871517912,-0.1787841871517912,1000.0,-0.0034348547003446,-1000.0,1000.0,-410.2457479517566,259.3123244695193,-6.704595935199791,-0.2979736452529096,-0.0237348459792201,1000.0,-500.0,-1000.0,-0.0117128545281275,-0.0830670552248875,-0.0830670552248875,0.0,-0.0015959088419776,999.7682261588798,-1000.0,1000.0,740.6876755304806,-3.115102345919695,-0.1384450920414792,-0.0110277300980214,-32.14174770920761,-500.0,1000.0,-0.0054420491511564, Amensalism,Healthy
SRR13077855.bin.20.fbc2XSRR13077855.bin.22.fbc2 ,-0.0888149129866633,-0.0888149129866633,996.1928451205108,-0.0017063383859294,-1000.0,1000.0,-367.4075653934765,-737.831966790943,-3.3306530856114023,-0.1480248549777343,-0.0117907982466931,6.788513697892313,-401.0657171484718,-1000.0,-0.0058186138959399,-0.0887404974249648,-0.0887404974249648,3.8071548794891896,-0.0017049086920906,999.8668807293192,-1000.0,0.0,-64.10483960922295,-3.327862423416036,-0.1479008290416459,-0.0117809190625166,993.2114863021076,0.0,1000.0,-0.0058137386400858, Neutralism,Healthy
SRR13077855.bin.20.fbc2XSRR13077855.bin.9.fbc2 ,-0.0888149129866633,-0.0888149129866633,392.3168256919939,-0.0017063383859294,0.0,0.0,0.0,-872.4872559824971,-3.3306530856114023,-0.1480248549777343,-0.0117907982466931,853.2201323061181,-561.6221804157464,0.0,-0.0058186138959399,-0.0846777712276889,-0.0846777712276889,1.2588599303745696,-0.0016268543944306,-1000.0,1000.0,1000.0,-6.486984286343159,-3.175505898030451,-0.1411296187128528,-0.0112415638651555,0.939606024020577,-285.8871877993208,-1000.0,-0.0055475734848187, Neutralism,Healthy
SRR13077855.bin.27.fbc2XSRR13077855.bin.22.fbc2 ,-0.0209414379186227,-0.0209414379186227,982.607297256414,-0.0004023331011921,-1000.0,999.9685858314564,696.0975309971436,16.61577874958175,-0.785326050269191,-0.0349023965310379,-0.0027801217294154,-4.27556972670493,0.0,-999.9685858314566,-0.001371955875129,-0.0887404974249648,-0.0887404974249648,17.392702743585915,-0.0017049086920906,999.8668807293192,-1000.0,303.9024690028564,-50.51929174512611,-3.327862423416036,-0.1479008290416459,-0.0117809190625166,1000.0,0.0,1000.0,-0.0058137386400858, Neutralism,Healthy
SRR13077855.bin.17.fbc2XSRR13077855.bin.13.fbc2 ,-0.0863403844278991,-0.0863403844278991,0.0132703760888261,-0.0016587970111459,-1000.0,999.8704811293732,0.0,-5.115713394268369,-3.237855649880544,-0.1439006407131273,-0.0114622873467169,11.018824553767786,-500.1439172286832,-999.8704811293732,-0.0056564978078768,-0.1522214134699879,-0.1522214134699879,999.9867296239112,-0.0029245228332683,999.5752715489292,-1000.0,1000.0,-145.29257264042917,-5.70846385387847,-0.2537023557832754,-0.0202084527776378,-47.20206173548513,-499.8560827713168,1000.0,-0.009972622861369, Neutralism,Healthy
SRR13077855.bin.20.fbc2XSRR13077855.bin.28.fbc2 ,-0.0877007770764066,-0.0877007770764066,271.9945306598354,-0.0016849332771471,1000.0,-1000.0,625.6200380346645,-14.259779411594993,-3.2888718116948894,-0.1461679617939353,-0.0116428889451754,5.3256037119092525,-402.7865639111647,1000.0,-0.0057456224751604,-0.0643888451130578,-0.0643888451130578,728.0054693401646,-0.001237057542994,-722.8278831427865,1000.0,-1000.0,-985.740220588405,-2.4146497299057046,-0.1073147418551343,-0.0085480676220868,-16.299989750720783,-246.94763612533075,-1000.0,-0.0042183662216075, Amensalism,Healthy
SRR13077855.bin.6.fbc2XSRR13077855.bin.28.fbc2 ,-0.1389899351948997,-0.1389899351948997,1000.0,-0.0026703157578822,1000.0,-1000.0,-1000.0,-49.88713272244047,-5.212269437173518,-0.2316498919914238,-0.0184518818865626,933.5637406027876,-462.7626396429232,1000.0,-0.0091057767341453,0.0,0.0,0.0,0.0,-49.88713272244058,1000.0,0.0,-950.1128672775596,0.0,0.0,0.0,0.0,-237.52821681938985,-1000.0,0.0, Amensalism,Healthy
SRR13077855.bin.5.fbc2XSRR13077855.bin.12.fbc2 ,-0.0904830359952484,-0.0904830359952484,312.7712952820991,-0.001738386858733,-18.7595372506396,1000.0,418.0726363408753,-779.2024992914056,-3.393209461100924,-0.1508050599921944,-0.0120122531935749,724.7701636806917,-999.7235128406012,-1000.0,-0.0059278991881228,-0.135407947372073,-0.135407947372073,687.2287047179009,-0.0026014975479711,1000.0,-1000.0,-548.9459487476722,-194.17642015937625,-5.077941108819346,-0.2256799122868642,-0.0179763480565497,275.22983631930833,-0.2764871593988118,1000.0,-0.008871106638594, Neutralism,Healthy
SRR13077856.bin.12.fbc2XSRR13077856.bin.7.fbc2 ,-0.0852918554082862,-0.0852918554082862,987.5339557383276,-0.0016386523614073,-1000.0,1000.0,-867.267637483324,-993.3078329238724,-3.198534703691962,-0.1421530923472573,-0.0113230878168906,-2.3145149667150235,-0.1141501328824006,-1000.0,-0.0055878045521922,-0.1411712907179207,-0.1411712907179207,12.466044261672325,-0.0027122246054887,1000.0,-1000.0,1000.0,935.4806518050266,-5.294072574273287,-0.2352854845297542,-0.0187414720242031,44.48799639285903,-502.10284198116,1000.0,-0.0092486859048221, Neutralism,Healthy
SRR13077856.bin.12.fbc2XSRR13077856.bin.2.fbc2 ,-0.0853319844460429,-0.0853319844460429,987.9985814308508,-0.0016394233323353,-1000.0,1000.0,-867.6756789732667,-993.775175172794,-3.200039585010927,-0.1422199740767382,-0.0113284152262167,-2.315603924834477,-0.1142038394757491,-1000.0,-0.0055904335631566,-0.1776539247958908,-0.1776539247958908,12.00141856914911,-0.0034131397654846,1000.0,-1000.0,-132.3243210267333,-6.224824827206021,-6.66220990253214,-0.2960898746597422,-0.0235847957798114,978.2135932512074,-500.3779710976348,1000.0,-0.0116388066004446, Neutralism,Healthy
SRR13077856.bin.22.fbc2XSRR13077856.bin.9.fbc2 ,-0.1723913918801827,-0.1723913918801827,653.7762516123178,-0.0033120344261305,-37.664567160106,1000.0,441.3777227826327,-760.1837847451852,-6.4648593573991775,-0.2873189864669712,-0.0228861578846135,310.04929631539653,-701.2125592891671,-1000.0,-0.0112940373930996,-0.03044256221051,-0.03044256221051,346.22374838768224,-0.0005848715121601,999.9543332323268,-1000.0,-1000.0,-239.8162152548148,-1.141628250826784,-0.0507376036841833,-0.0040414621494164,689.9507036846035,-0.2208884240160387,1000.0,-0.0019944118566854, Amensalism,Healthy
SRR13077856.bin.2.fbc2XSRR13077856.bin.25.fbc2 ,-0.1776539247958908,-0.1776539247958908,12.001418569149225,-0.0034131397654846,-1000.0,1000.0,-1000.0,1000.0,-6.66220990253214,-0.2960898746597422,-0.0235847957798114,12.172416871402334,-500.3779710976348,-1000.0,-0.0116388066004446,-0.1263334847483292,-0.1263334847483292,987.9985814308508,-0.0024271562872399,1000.0,-1000.0,0.0,-244.01167586239703,-4.737639171657975,-0.21055580791392,-0.0167716499445305,146.62571406927782,-499.6220289023652,1000.0,-0.0082766029393042, Neutralism,Healthy
SRR13077856.bin.9.fbc2XSRR13077856.bin.3.fbc2 ,-0.0442218806703067,-0.0442218806703067,503.9735122710292,-0.0008496038553857,696.2537603993223,0.1295886742950642,-1000.0,-1000.0,-1.6583672533495246,-0.0737031344505112,-0.0058707626403702,1000.0,-175.1235265878596,-0.1295886742950642,-0.0028971491467473,-0.0863869172267186,-0.0863869172267186,496.0264877289708,-0.0016596910129464,-1000.0,999.8704113257048,1000.0,736.099935722789,-3.2396006790061165,-0.1439781953778265,-0.011468464899849,0.0,-507.3309713827943,-999.8704113257048,-0.0056595463543089, Neutralism,Healthy
SRR13077856.bin.12.fbc2XSRR13077856.bin.9.fbc2 ,-0.0689972360125921,-0.0689972360125921,798.8701041652585,-0.0013255953124371,1000.0,-1000.0,-701.5801166831425,-803.5409084873281,-2.5874692582132184,-0.1149953933543201,-0.0091598636089429,-1.8723374541275464,-0.0923422713885884,1000.0,-0.0045202800154129,-0.0176994239577652,-0.0176994239577652,201.12989583474155,-0.0003400465698177,-829.9364952945937,1000.0,-298.4198833168575,-196.45909151267188,-0.6637471009756837,-0.0294990399295329,-0.002349721797259,400.8078064183305,-42.65127931997745,-1000.0,-0.0011595588030104, Competition,Healthy
SRR13077856.bin.1.fbc2XSRR13077856.bin.25.fbc2 ,-0.0902075446834942,-0.0902075446834942,2.517726367449427,-0.0017330940380588,-1000.0,1000.0,939.4785981064632,781.1108678592723,-3.3828782458024307,-0.1503459078057858,-0.0119756798032995,2.496236001377042,-500.18419323437007,-1000.0,-0.0059098506699228,-0.1268150396387,-0.1268150396387,997.4822736325503,-0.0024364080621808,1000.0,-1000.0,-1000.0,-1000.0,-4.75569798889444,-0.2113583993977954,-0.0168355797100048,342.5901052464128,-499.81580676562993,1000.0,-0.0083081514922014, Neutralism,Healthy
SRR13077856.bin.29.fbc2XSRR13077856.bin.14.fbc2 ,-0.143182898554528,-0.143182898554528,647.5986126955218,-0.002750872210413,-1000.0,1000.0,749.9967452652211,-238.64964672259248,-5.369509993766769,-0.2386381642575088,-0.0190085269742894,991.5176307783936,-431.7222265311914,-1000.0,-0.0093804742376732,-0.0876788560401564,-0.0876788560401564,352.40138730447825,-0.0016845121236883,1000.0,-999.0635530389762,250.0032547347789,-22.258110035540994,-3.288049749673519,-0.146131426733632,-0.0116399787749514,8.482369221606291,-252.56654793939788,999.0635530389764,-0.0057441863418716, Amensalism,Healthy
SRR13077856.bin.24.fbc2XSRR13077856.bin.25.fbc2 ,-0.1643885775797571,-0.1643885775797571,899.5977036329041,-0.003158281989954,-1000.0,999.7534013422204,1000.0,-748.5210359263616,-6.164745364748228,-0.2739809626328906,-0.0218237285508848,1000.0,-136.37712847850207,-999.7534013422204,-0.010769741585932,-0.0812638723383543,-0.0812638723383543,100.40229636709591,-0.0015612655588483,1000.0,-1000.0,0.0,611.8488317693541,-3.0474810822921654,-0.1354397872305526,-0.0107883450116332,0.0,-863.6228715214979,1000.0,-0.0053239155556639, Amensalism,Healthy
SRR13077856.bin.1.fbc2XSRR13077856.bin.22.fbc2 ,-0.0902075446834942,-0.0902075446834942,3.2802155319649278,-0.0017330940380588,-1000.0,1000.0,1000.0,-115.3586819653474,-3.3828782458024307,-0.1503459078057858,-0.0119756798032995,113.47596991892942,-398.2531165991787,-1000.0,-0.0059098506699228,-0.1697964820604056,-0.1697964820604056,996.719784468035,-0.0032621802508856,1000.0,-489.0540135376771,-35.961958426452384,-668.3120839439495,-6.367547497179771,-0.2829941367673427,-0.0225416655338221,418.2086676776639,-601.7468834008213,489.05401353767706,-0.0111240346556087, Neutralism,Healthy
SRR13077856.bin.12.fbc2XSRR13077856.bin.3.fbc2 ,-0.0861815428413592,-0.0861815428413592,999.951816747151,-0.0016557452995584,1000.0,-1000.0,-866.8591455335815,-1000.0,-3.231898922544133,-0.1436359047356745,-0.0114412000198171,-4.173218460432508,-0.2564608874821488,1000.0,-0.0056460914714762,-0.0860651445019584,-0.0860651445019584,0.0481832528490713,-0.0016535090202296,-1000.0,999.870894015702,0.0,1000.0,-3.2275338618185287,-0.1434419075031883,-0.0114257473296675,1000.0,-520.3403270453991,-999.870894015702,-0.0056384657589205, Neutralism,Healthy
SRR13077856.bin.22.fbc2XSRR13077856.bin.24.fbc2 ,-0.1373247689466552,-0.1373247689466552,331.74929184406983,-0.0026383240912082,0.2054424877944711,909.4679565521992,141.3563547736121,-837.7211340396514,-5.1498239433226445,-0.2288746149109783,-0.0182308194700908,223.1485117152181,-227.4698498462585,-909.4679565521992,-0.0089966851509188,-0.1369528879316703,-0.1369528879316703,668.2507081559302,-0.0026311794031244,999.7945575122056,-1000.0,858.6436452263879,-162.27886596034864,-5.135878012304261,-0.2282548132194506,-0.0181814496754668,776.8514882847819,-491.9069560169601,1000.0,-0.0089723217646451, Competition,Healthy
SRR13077856.bin.7.fbc2XSRR13077856.bin.25.fbc2 ,-0.0882116733074553,-0.0882116733074553,6.937564235214836,-0.0016947487666811,-1000.0,1000.0,1000.0,-323.94877890470286,-3.308030960212818,-0.1470194555124635,-0.0117107139780046,610.8795502902788,-308.8557939079408,-1000.0,-0.0057790932944499,-0.1265906128548977,-0.1265906128548977,993.0624357647852,-0.0024320963084392,1000.0,-1000.0,-500.0,-676.0512210952971,-4.747281747353554,-0.2109843547581249,-0.0168057854914422,50.90825591354519,-691.1442060920592,1000.0,-0.0082934484117913, Amensalism,Healthy
SRR13077856.bin.25.fbc2XSRR13077856.bin.14.fbc2 ,-0.1124142178477995,-0.1124142178477995,713.8739788203211,-0.0021597352132403,1000.0,-1000.0,-900.7391009906096,-954.2460975820724,-4.215651954729651,-0.1873570297462947,-0.0149237703233211,119.44798511639284,-598.8841919097595,1000.0,-0.0073646970770369,-0.0877968790676959,-0.0877968790676959,286.1260211796789,-0.0016867796171027,-1000.0,999.7550289962152,620.4035922470111,-23.934803310474194,-3.292475737916675,-0.1463281317794553,-0.011655647153816,7.44835297823272,-401.1158080902405,-999.7550289962152,-0.0057519184941838, Amensalism,Healthy
SRR13077856.bin.2.fbc2XSRR13077856.bin.9.fbc2 ,-0.1776539247958908,-0.1776539247958908,496.02648772897055,-0.0034131397654846,1000.0,-1000.0,0.0,1000.0,-6.66220990253214,-0.2960898746597422,-0.0235847957798114,0.0,-500.3779710976348,1000.0,-0.0116388066004446,-0.0442218806703067,-0.0442218806703067,503.9735122710295,-0.0008496038553857,0.0,499.17172714865774,-1000.0,-1000.0,-1.6583672533495246,-0.0737031344505112,-0.0058707626403702,1000.0,-125.82062110661968,-499.17172714865785,-0.0028971491467473, Neutralism,Healthy
SRR13077856.bin.29.fbc2XSRR13077856.bin.12.fbc2 ,-0.1576927751867742,-0.1576927751867742,784.7411230663495,-0.0030296402533167,-1000.0,1000.0,1000.0,-203.94876027366308,-5.913645699717904,-0.2628212919779571,-0.0209348141506779,989.865544329245,-500.3219901661258,-1000.0,-0.0103310732639556,-0.0185915926233519,-0.0185915926233519,215.25887693365053,-0.0003571871781105,1000.0,-1000.0,-189.0436845849871,-216.51744461255527,-0.6972043686693041,-0.0309859877055487,-0.0024681634010903,-0.5045091254696672,-0.0248820096395547,1000.0,-0.001218008277533, Amensalism,Healthy
SRR13077856.bin.1.fbc2XSRR13077856.bin.7.fbc2 ,-0.0902075446834942,-0.0902075446834942,12.106204892310076,-0.0017330940380588,-1000.0,1000.0,867.0273954184038,69.71837169107062,-3.3828782458024307,-0.1503459078057858,-0.0119756798032995,0.0,-426.9486734944502,-1000.0,-0.0059098506699228,-0.1488407202762118,-0.1488407202762118,755.0926603080156,-0.002859571955355,0.0,0.0,132.97260458159622,930.2816283089294,-5.581684286816426,-0.2480678671270197,-0.0197596422115111,1000.0,-499.8804470156905,0.0,-0.0097511403677117, Neutralism,Healthy
SRR13077856.bin.7.fbc2XSRR13077856.bin.3.fbc2 ,-0.1488407202762118,-0.1488407202762118,755.0926603080152,-0.002859571955355,1000.0,-1000.0,631.1292035841766,930.2816283089288,-5.581684286816426,-0.2480678671270197,-0.0197596422115111,1000.0,-499.88044701569055,1000.0,-0.0097511403677117,-0.0863869172267186,-0.0863869172267186,244.9073396919848,-0.0016596910129464,-1000.0,999.8704113257048,368.8707964158234,69.7183716910713,-3.2396006790061165,-0.1439781953778265,-0.011468464899849,0.0,-500.1195529843095,-999.8704113257048,-0.0056595463543089, Neutralism,Healthy
SRR13077856.bin.3.fbc2XSRR13077856.bin.14.fbc2 ,-0.0863869172267186,-0.0863869172267186,627.714401591069,-0.0016596910129464,-1000.0,1000.0,0.0,751.0748929709132,-3.2396006790061165,-0.1439781953778265,-0.011468464899849,943.282989906574,-17.276785956571075,-1000.0,-0.0056595463543089,-0.0893380402966386,-0.0893380402966386,372.28559840893104,-0.0017163888625191,999.7507288454894,-1000.0,660.580614295983,-92.86515289915542,-3.350270912511633,-0.1488967338277689,-0.0118602470403175,56.71701009342587,-401.1353946653662,1000.0,-0.00585288602133, Neutralism,Healthy
SRR13077856.bin.7.fbc2XSRR13077856.bin.2.fbc2 ,-0.1488407202762118,-0.1488407202762118,755.0926603080181,-0.002859571955355,-1000.0,1000.0,631.129203584172,930.2816283089288,-5.581684286816426,-0.2480678671270197,-0.0197596422115111,1000.0,-499.88044701569055,-1000.0,-0.0097511403677117,-0.1776539247958908,-0.1776539247958908,244.90733969198183,-0.0034131397654846,1000.0,-1000.0,-1000.0,-39.93694360808786,-6.66220990253214,-0.2960898746597422,-0.0235847957798114,0.0,-500.1195529843095,1000.0,-0.0116388066004446, Neutralism,Healthy
SRR13077856.bin.2.fbc2XSRR13077856.bin.14.fbc2 ,-0.1776539247958908,-0.1776539247958908,533.8251197212439,-0.0034131397654846,1000.0,-1000.0,-1000.0,-886.2246453146525,-6.66220990253214,-0.2960898746597422,-0.0235847957798114,943.282989906575,-500.3779710976348,1000.0,-0.0116388066004446,-0.0893380402966386,-0.0893380402966386,466.17488027875606,-0.0017163888625191,-1000.0,999.7507288454894,784.5748026863475,-113.77535468534744,-3.350270912511633,-0.1488967338277689,-0.0118602470403175,56.71701009342496,-499.6220289023652,-999.7507288454892,-0.00585288602133, Neutralism,Healthy
SRR13077856.bin.24.fbc2XSRR13077856.bin.2.fbc2 ,-0.164849924065038,-0.164849924065038,987.9985814308508,-0.0031671455151354,-1000.0,999.752709278175,1000.0,-392.0253758602182,-6.182046345440426,-0.2747498734416922,-0.0218849755099199,1000.0,-499.6220289023651,-999.752709278175,-0.0107999662067186,-0.1776539247958908,-0.1776539247958908,12.001418569149337,-0.0034131397654846,1000.0,-1000.0,0.0,210.5993250981419,-6.66220990253214,-0.2960898746597422,-0.0235847957798114,0.0,-500.3779710976349,1000.0,-0.0116388066004446, Neutralism,Healthy
SRR13077856.bin.29.fbc2XSRR13077856.bin.2.fbc2 ,-0.1637839049866443,-0.1637839049866443,987.9951682910852,-0.0031466648412106,-1000.0,1000.0,1000.0,-415.5575052012623,-6.142069503565267,-0.2729731749777784,-0.0217434540529666,989.9851399810428,-502.9414822477568,-1000.0,-0.0107301271086726,-0.1776539247958908,-0.1776539247958908,12.00483170891482,-0.0034131397654846,1000.0,-1000.0,-1000.0,1000.0,-6.66220990253214,-0.2960898746597422,-0.0235847957798114,10.014860018957163,-497.0585177522432,1000.0,-0.0116388066004446, Neutralism,Healthy
SRR13077856.bin.12.fbc2XSRR13077856.bin.22.fbc2 ,-0.0550745983886145,-0.0550745983886145,674.7482794894959,-0.0010581094791177,1000.0,-1000.0,-556.0219293708533,-633.7103906419015,-2.06535563559396,-0.0917909973143196,-0.0073115365007652,6.717595464779151,-0.023932924832934,1000.0,-0.003608153323853,-0.1608942512625617,-0.1608942512625617,247.8774707364082,-0.0030911479589121,-0.6025966577299187,1000.0,-443.9780706291467,-366.28960935809846,-6.033704435484992,-0.2681570854376787,-0.0213598323962287,705.8680157032013,-358.7196845454266,-1000.0,-0.0105408145399223, Competition,Healthy
SRR13077856.bin.1.fbc2XSRR13077856.bin.3.fbc2 ,-0.0902075446834942,-0.0902075446834942,3.850553671985608,-0.0017330940380588,1000.0,-1000.0,905.016468051428,0.0,-3.3828782458024307,-0.1503459078057858,-0.0119756798032995,-1.5022459122311602,-404.8203968094833,1000.0,-0.0059098506699228,-0.0863869172267186,-0.0863869172267186,996.1494463280144,-0.0016596910129464,-1000.0,999.8704113257048,94.98353194857192,1000.0,-3.2396006790061165,-0.1439781953778265,-0.011468464899849,1000.0,-503.29104280195406,-999.8704113257048,-0.0056595463543089, Neutralism,Healthy
SRR13077856.bin.29.fbc2XSRR13077856.bin.3.fbc2 ,-0.1650217349655349,-0.1650217349655349,999.951816747151,-0.0031704463970072,1000.0,-1000.0,1000.0,-380.0284045277826,-6.188489435757674,-0.2750362249424825,-0.0219077846035133,1000.0,-531.2868488791704,1000.0,-0.0108112222138743,-0.0860651445019584,-0.0860651445019584,0.0481832528490713,-0.0016535090202296,-1000.0,999.870894015702,0.0,1000.0,-3.2275338618185287,-0.1434419075031883,-0.0114257473296675,0.0,-374.1542142446481,-999.870894015702,-0.0056384657589205, Neutralism,Healthy
SRR13077856.bin.24.fbc2XSRR13077856.bin.7.fbc2 ,-0.1589716179717015,-0.1589716179717015,973.9336473799668,-0.0030542097592842,-0.2384726980062623,0.0,899.233753554839,-333.402912701539,-5.961603655473937,-0.2649526966193889,-0.0211045894367316,981.35220178302,-500.11357732784336,0.0,-0.0104148552792366,-0.1414011651896771,-0.1414011651896771,26.066352620033285,-0.0027166410219479,1000.0,-1000.0,100.76624644516096,942.866082245793,-5.302693109867846,-0.2356686086494619,-0.0187719894612428,18.647798216979936,-499.88642267215664,1000.0,-0.0092637458847093, Neutralism,Healthy
SRR13077856.bin.1.fbc2XSRR13077856.bin.14.fbc2 ,-0.0902075446834942,-0.0902075446834942,3.2802155319649278,-0.0017330940380588,-1000.0,1000.0,1000.0,-69.4970872445391,-3.3828782458024307,-0.1503459078057858,-0.0119756798032995,113.47596991892942,-398.2531165991787,-1000.0,-0.0059098506699228,-0.0893380402966386,-0.0893380402966386,996.719784468035,-0.0017163888625191,999.7507288454894,-1000.0,-260.8941294601741,-930.5029127554608,-3.350270912511633,-0.1488967338277689,-0.0118602470403175,56.71701009342496,-252.615115816841,1000.0,-0.00585288602133, Neutralism,Healthy
SRR13077856.bin.29.fbc2XSRR13077856.bin.1.fbc2 ,-0.1431030596251048,-0.1431030596251048,997.4450001268864,-0.0027493383213368,-1000.0,1000.0,262.4411687288461,-510.00654815774993,-5.36651594954742,-0.238505099375061,-0.018997927800342,993.7349718029686,-444.0949777821777,-1000.0,-0.0093752436757768,-0.0901423386493434,-0.0901423386493434,2.5549998731137293,-0.0017318412805025,0.0,0.0,737.5588312711538,350.15782120711515,-3.3804329506218664,-0.1502372310823148,-0.0119670232481894,6.265028197031484,-500.18406009129023,0.0,-0.0059055787664874, Amensalism,Healthy
SRR13077856.bin.25.fbc2XSRR13077856.bin.9.fbc2 ,-0.1014447790582835,-0.1014447790582835,497.8429859145545,-0.0019489871096993,1000.0,-1000.0,180.5940307570177,0.0,-3.80428640897685,-0.1690746317638058,-0.0134675009278453,0.0,-874.7240588946883,1000.0,-0.0066460460440112,-0.0441898000730134,-0.0441898000730134,502.1570140854456,-0.00084898751345,-503.004010723137,1000.0,-1000.0,-1000.0,-1.657164197050406,-0.0736496667883557,-0.0058665037176979,1000.0,-125.27594110531174,-1000.0,-0.0028950474206794, Amensalism,Healthy
SRR13077856.bin.1.fbc2XSRR13077856.bin.9.fbc2 ,-0.0902075446834942,-0.0902075446834942,4.226115150043256,-0.0017330940380588,1000.0,-1000.0,743.4154386040989,350.0752534287569,-3.3828782458024307,-0.1503459078057858,-0.0119756798032995,0.0,-500.18419323437007,1000.0,-0.0059098506699228,-0.0442218806703067,-0.0442218806703067,506.2065855562837,-0.0008496038553857,-1000.0,1000.0,-1000.0,-1000.0,-1.6583672533495246,-0.0737031344505112,-0.0058707626403702,1000.0,-1.0276893194551349,-1000.0,-0.0028971491467473, Neutralism,Healthy
SRR13077856.bin.1.fbc2XSRR13077856.bin.12.fbc2 ,-0.0826581257618954,-0.0826581257618954,3.528302990495149,-0.0015880523681062,-1000.0,1000.0,611.6297063150844,476.10158772130126,-3.0997670589514428,-0.1377635429364545,-0.0109734418638254,-1.376523792707303,-500.1687782056864,-1000.0,-0.0054152585753399,-0.0857844800583507,-0.0857844800583507,996.4716970095049,-0.0016481168119071,1000.0,-1000.0,-863.3829256496269,-1000.0,-3.217008648612591,-0.1429741334305845,-0.011388487170052,1.934640014423621,-0.0780760956907897,1000.0,-0.0056200783285476, Neutralism,Healthy
SRR13077856.bin.12.fbc2XSRR13077856.bin.25.fbc2 ,-0.0858578702927843,-0.0858578702927843,994.0874410056026,-0.0016495268067728,-1000.0,1000.0,-873.0230098955885,-999.8996348676028,-3.2197608599529985,-0.1430964504879739,-0.0113982302348176,-2.329874580070168,-0.1149076574311038,-1000.0,-0.0056248864110557,-0.0764659524824082,-0.0764659524824082,5.912558994397386,-0.0014690865029933,1000.0,-1000.0,-126.97699010441148,-0.1003651323973144,-2.867554017848533,-0.1274432541373471,-0.0101513877359593,71.26202713062048,-569.9374965938537,1000.0,-0.0050095849753688, Amensalism,Healthy
SRR13077856.bin.29.fbc2XSRR13077856.bin.24.fbc2 ,-0.1218297108557635,-0.1218297108557635,429.5645173516944,-0.0023406284506108,-1000.0,1000.0,693.1198544935892,297.7838766530072,-4.568742891654438,-0.2030495180928255,-0.0161737425938781,0.0,-552.6394512532762,-1000.0,-0.0079815430166263,-0.1359033308366406,-0.1359033308366406,570.4354826483057,-0.002611015001662,999.79613194867,-1000.0,306.8801455064108,-482.8312338671825,-5.096518512197122,-0.2265055513943252,-0.0180421136615223,1000.0,-75.4518451757981,1000.0,-0.0089035611556482, Competition,Healthy
SRR13077856.bin.1.fbc2XSRR13077856.bin.24.fbc2 ,-0.0855099443008384,-0.0855099443008384,5.385122223288818,-0.0016428423497245,-1000.0,1000.0,659.747502443658,423.00955968160224,-3.2067132676122583,-0.1425165738347686,-0.011352040636325,0.0,-500.1746012849241,-1000.0,-0.0056020924124595,-0.1389100909301532,-0.1389100909301532,994.6148777767112,-0.0026687817661468,999.791621519696,-1000.0,340.25249755634195,-519.3876150842568,-5.209275192876817,-0.2315168182168463,-0.0184412820043462,1000.0,-84.71324892935934,1000.0,-0.0091005458226618, Amensalism,Healthy
SRR13077856.bin.2.fbc2XSRR13077856.bin.3.fbc2 ,-0.1776539247958908,-0.1776539247958908,212.2558578992509,-0.0034131397654846,1000.0,-1000.0,-1000.0,786.3342764578015,-6.66220990253214,-0.2960898746597422,-0.0235847957798114,49.3287864395561,-500.39162365669694,1000.0,-0.0116388066004446,-0.0863869172267186,-0.0863869172267186,787.7441421007491,-0.0016596910129464,-1000.0,999.8704113257048,1000.0,213.6657235421985,-3.2396006790061165,-0.1439781953778265,-0.011468464899849,950.671213560444,-115.36432964361768,-999.8704113257048,-0.0056595463543089, Neutralism,Healthy
SRR13077856.bin.24.fbc2XSRR13077856.bin.3.fbc2 ,-0.1648381386775099,-0.1648381386775099,984.9967915683184,-0.0031669190908587,999.7527269573882,-1000.0,1000.0,-391.95550449649886,-6.18160438095822,-0.2747302311292969,-0.0218834109176668,1000.0,-499.5566633366073,1000.0,-0.010799194099718,-0.0863869172267186,-0.0863869172267186,15.003208431681855,-0.0016596910129464,-1000.0,999.8704113257048,0.0,1000.0,-3.2396006790061165,-0.1439781953778265,-0.011468464899849,0.0,-500.4433366633927,-999.8704113257048,-0.0056595463543089, Neutralism,Healthy
SRR13077856.bin.22.fbc2XSRR13077856.bin.25.fbc2 ,-0.1576447316213034,-0.1576447316213034,100.7258748135216,-0.0030287172261296,-0.7311734048527114,1000.0,-681.508733321813,-270.876191541598,-5.911844015247539,-0.2627412193688769,-0.0209284360327046,797.3735281760141,-249.8763272090414,-1000.0,-0.0103279257411941,-0.1044056417352976,-0.1044056417352976,899.2741251864784,-0.002005872079394,1000.0,-1000.0,0.0,-729.123808458402,-3.915321888037624,-0.1740094028921248,-0.0138605760689642,60.836951527894826,-629.4581821402762,1000.0,-0.0068400237909145, Competition,Healthy
SRR13077856.bin.25.fbc2XSRR13077856.bin.3.fbc2 ,-0.1269404360074304,-0.1269404360074304,999.951816747151,-0.0024388172143972,1000.0,-1000.0,0.0,-378.4053995211907,-4.760400485223499,-0.2115673933456037,-0.0168522269511868,-16.92302967727437,-826.9254958219278,1000.0,-0.0083163667009102,-0.0860651445019584,-0.0860651445019584,0.0481832528490713,-0.0016535090202296,-1000.0,999.870894015702,1000.0,1000.0,-3.2275338618185287,-0.1434419075031883,-0.0114257473296675,1000.0,-173.07450417807215,-999.870894015702,-0.0056384657589205, Neutralism,Healthy
SRR13077856.bin.1.fbc2XSRR13077856.bin.2.fbc2 ,-0.0902075446834942,-0.0902075446834942,2.517726367449427,-0.0017330940380588,-1000.0,1000.0,741.3172108411145,351.7611954510153,-3.3828782458024307,-0.1503459078057858,-0.0119756798032995,2.496236001377042,-500.18419323437007,-1000.0,-0.0059098506699228,-0.1776539247958908,-0.1776539247958908,997.4822736325503,-0.0034131397654846,1000.0,-1000.0,258.6827891588855,648.2388045489847,-6.66220990253214,-0.2960898746597422,-0.0235847957798114,985.41886514547,-499.81580676562993,1000.0,-0.0116388066004446, Neutralism,Healthy
SRR13077856.bin.12.fbc2XSRR13077856.bin.24.fbc2 ,-0.0086715986773242,-0.0086715986773242,100.40229636709591,-0.0001666013193926,1000.0,-1000.0,-88.17485400093426,-100.9893248181196,-0.3251941134726621,-0.0144526644622828,-0.0011512151173747,-0.2353160782815848,-0.0116056115391529,1000.0,-0.00056811049933,-0.1643885775797571,-0.1643885775797571,899.5977036329041,-0.003158281989954,-1000.0,999.7534013422204,1000.0,-748.5210359263646,-6.164745364748228,-0.2739809626328906,-0.0218237285508848,1000.0,-136.37712847850003,-999.7534013422204,-0.010769741585932, Amensalism,Healthy
SRR13077856.bin.22.fbc2XSRR13077856.bin.2.fbc2 ,-0.1666738093691719,-0.1666738093691719,497.4285074460979,-0.0032021865392835,-98.71523595681845,1000.0,-94.43495323772164,-559.4703028977141,-6.250443971603659,-0.2777896822819912,-0.0221271089864103,525.4592733059112,-502.9414822477567,-1000.0,-0.010919456098918,-0.1776539247958908,-0.1776539247958908,502.5714925539021,-0.0034131397654846,1000.0,-1000.0,-905.5650467622784,474.7694518763187,-6.66220990253214,-0.2960898746597422,-0.0235847957798114,474.5407266940888,-497.0585177522433,1000.0,-0.0116388066004446, Neutralism,Healthy
SRR13077856.bin.29.fbc2XSRR13077856.bin.25.fbc2 ,-0.0889464457551412,-0.0889464457551412,6.681373333464308,-0.0017088654324197,-1000.0,1000.0,376.6540536340856,376.60560429988936,-3.335585703416428,-0.1482440762586065,-0.0118082601377409,826.045239450953,-674.3012338726741,-1000.0,-0.0058272311243854,-0.1266036214994983,-0.1266036214994983,993.3186266665356,-0.0024323462344,1000.0,-1000.0,-738.7136908053709,-276.36009799436874,-4.74776958527309,-0.2110060358324972,-0.016807512479545,173.95476054904702,-325.69876612732594,1000.0,-0.0082943006592586, Amensalism,Healthy
SRR13077856.bin.7.fbc2XSRR13077856.bin.9.fbc2 ,-0.1422750606935778,-0.1422750606935778,33.552198097862174,-0.0027334305608519,1000.0,-1000.0,1000.0,933.3570440576076,-5.335465114689214,-0.2371251011559252,-0.0188880051756541,37.07491821359781,-499.8857207351109,1000.0,-0.0093209982126154,-0.0425823580612814,-0.0425823580612814,487.4390177976,-0.000818104861878,0.0,527.4123580603905,-1000.0,-1000.0,-1.5968834230634457,-0.0709705967686886,-0.0056531045956944,962.9250817864022,-132.84267733708498,-527.4123580603906,-0.0027897375790644, Neutralism,Healthy
SRR13077856.bin.29.fbc2XSRR13077856.bin.9.fbc2 ,-0.1351743271039822,-0.1351743271039822,529.8809985398261,-0.0025970091662657,1000.0,-1000.0,1000.0,432.0728570956046,-5.069180101902589,-0.2252905451732658,-0.0179453333388437,63.80078685871035,-750.517490482948,1000.0,-0.0088558012569137,-0.0413704560571659,-0.0413704560571659,470.1190014601739,-0.0007948214420139,-437.7112695302699,1000.0,-1000.0,-1000.0,-1.5514358173245455,-0.0689507600953902,-0.0054922161643844,936.1992131412896,-141.53360658191582,-1000.0,-0.0027103411173357, Amensalism,Healthy
SRR13077856.bin.12.fbc2XSRR13077856.bin.14.fbc2 ,-0.0616562456688143,-0.0616562456688143,713.8739788203222,-0.0011845580339695,1000.0,-1000.0,-626.9352010376572,-718.047830925066,-2.3121743632727885,-0.1027604094480238,-0.008185296014858,-1.6731293123920068,-0.0825174760524305,1000.0,-0.0040393428959077,-0.0877968790676959,-0.0877968790676959,286.12602117967776,-0.0016867796171027,-1000.0,999.7550289962152,620.4035922470098,-23.934803310473853,-3.292475737916675,-0.1463281317794553,-0.011655647153816,7.448352978233061,-401.1158080902405,-999.7550289962152,-0.0057519184941838, Amensalism,Healthy
SRR13077856.bin.24.fbc2XSRR13077856.bin.9.fbc2 ,-0.1648970430753706,-0.1648970430753706,1000.0,-0.0031680507795499,-1000.0,999.7526385951332,1000.0,-570.9535609850863,-6.183813358118186,-0.2748284051256178,-0.0218912308866947,1000.0,-327.6955823385188,-999.7526385951332,-0.0108030531582699,0.0,0.0,0.0,0.0,999.5399039852866,0.2473614048668651,-699.9361796170463,-399.8723592340923,0.0,0.0,0.0,0.0,-249.9468163475384,-0.2473614048668651,0.0, Amensalism,Healthy
SRR13077856.bin.22.fbc2XSRR13077856.bin.7.fbc2 ,-0.1547822230079418,-0.1547822230079418,802.7942682942335,-0.0029737218637819,-0.8154430723303676,1000.0,-986.602461150046,-959.9081320457284,-5.804496917501979,-0.2579703716800168,-0.0205484180785333,921.4903708890538,-335.1303921605612,-1000.0,-0.0101403915554101,-0.1374701485048035,-0.1374701485048035,105.97014827339308,-0.002641117166263,1000.0,-1000.0,991.266431101109,1000.0,-5.15527583037283,-0.2291169141745968,-0.0182501196189832,78.50962911094621,-496.97867426188094,1000.0,-0.0090062095370058, Amensalism,Healthy
SRR13077856.bin.24.fbc2XSRR13077856.bin.14.fbc2 ,-0.145537536269444,-0.145537536269444,681.7638655930052,-0.0027961102068729,-0.2183202849552117,0.0,556.2020305032388,-367.8305826544874,-5.457811396164516,-0.2425625604490733,-0.0193211215297424,992.5516470217672,-300.91939380435576,0.0,-0.0095347358055732,-0.0877968790676959,-0.0877968790676959,318.2361344069948,-0.0016867796171027,999.7550289962152,-1000.0,443.7979694967612,-23.934803310474194,-3.292475737916675,-0.1463281317794553,-0.011655647153816,7.44835297823272,-328.86805332877543,1000.0,-0.0057519184941838, Amensalism,Healthy
SRR13077856.bin.7.fbc2XSRR13077856.bin.14.fbc2 ,-0.1477091794271245,-0.1477091794271245,627.7144015910687,-0.0028378324577715,-1000.0,1000.0,339.41938570401817,591.6045128968067,-5.53925030930418,-0.2461819657119122,-0.0196094222832243,943.2829899065746,-475.6522744988724,-1000.0,-0.0096770086810238,-0.0893380402966386,-0.0893380402966386,372.28559840893126,-0.0017163888625191,999.7507288454894,-1000.0,660.5806142959818,-92.86515289915496,-3.350270912511633,-0.1488967338277689,-0.0118602470403175,56.717010093425415,-401.1353946653662,1000.0,-0.00585288602133, Neutralism,Healthy
SRR13077856.bin.22.fbc2XSRR13077856.bin.14.fbc2 ,-0.1736321668090568,-0.1736321668090568,640.4821487021591,-0.0033358725611378,-0.4844687720590173,1000.0,524.3747752072202,-803.5042745195655,-6.51138972832905,-0.2893869446817234,-0.0230508793977151,282.9734513310623,-724.2365131536135,-1000.0,-0.0113753254336188,-0.0883487182809403,-0.0883487182809403,359.51785129784093,-0.0016973817153029,999.7534892534882,-1000.0,315.3003390484,-37.73917503404107,-3.313170291530696,-0.1472478638015673,-0.0117289076526958,24.13916713442632,-275.7634868463865,1000.0,-0.0057880716491354, Neutralism,Healthy
SRR13077856.bin.9.fbc2XSRR13077856.bin.14.fbc2 ,-0.0439940514622776,-0.0439940514622776,503.5986312185439,-0.0008452267331904,-1000.0,1000.0,-1000.0,-961.59926763668,-1.6498234173044466,-0.0733234191037581,-0.0058405167262662,994.8480434428292,-1.02239470872712,-1000.0,-0.0028822231602134,-0.0879789300181528,-0.0879789300181528,366.4977474027446,-0.0016902772338198,999.7545210373382,-1000.0,276.8782441614196,-38.40073236332,-3.299302840929272,-0.1466315500302926,-0.0116798156853974,5.1519565571705925,-252.57533174754337,1000.0,-0.0057638453671415, Neutralism,Healthy
SRR13077856.bin.22.fbc2XSRR13077856.bin.3.fbc2 ,-0.1700494317716447,-0.1700494317716447,503.76782950644656,-0.0032670399956487,1000.0,-0.5855053492699653,759.1644421449737,-1000.0,-6.377033378635474,-0.28341571961937,-0.0225752463696835,149.04612154070014,-775.3507168985452,0.5855053492699653,-0.0111406063850836,-0.0860651445019584,-0.0860651445019584,496.23217049355344,-0.0016535090202296,-1000.0,999.870894015702,240.8355578550263,0.0,-3.2275338618185287,-0.1434419075031883,-0.0114257473296675,850.9538784592999,-224.6492831014548,-999.870894015702,-0.0056384657589205, Neutralism,Healthy
SRR13077856.bin.29.fbc2XSRR13077856.bin.7.fbc2 ,-0.1641498258971978,-0.1641498258971978,974.6539670048496,-0.0031536950220925,0.0,0.0,1000.0,-352.57821966162635,-6.155791924373034,-0.2735830431620343,-0.0217920326023204,987.1690472755532,-526.6950383917281,0.0,-0.0107541000251103,-0.0972936131450978,-0.0972936131450978,25.34603299515038,-0.0018692336819867,-1000.0,1000.0,0.0,158.51168528015114,-3.6486133007923622,-0.1621560219084585,-0.0129164047422136,12.830952724446888,-314.0348869572613,-1000.0,-0.0063740868554305, Amensalism,Healthy
SRR13077856.bin.29.fbc2XSRR13077856.bin.22.fbc2 ,-0.1462245600156393,-0.1462245600156393,812.2118476161345,-0.0028093095104395,-1000.0,1000.0,1000.0,-5.6143008349600905,-5.483575512609377,-0.2437076000260276,-0.0194123287167258,313.5670065675963,-661.9103384916142,-1000.0,-0.0095797454304147,-0.1606893202520041,-0.1606893202520041,187.7881523838655,-0.0030872107637378,1000.0,-0.8563516394095814,-443.1848825859779,-396.8179191384629,-6.026019306040098,-0.2678155337532644,-0.0213326263773296,686.4329934324037,-338.0896615083858,0.8563516394095814,-0.010527388704304, Competition,Healthy
SRR13077857.bin.33.fbc2XSRR13077857.bin.13.fbc2 ,-0.1469612627972765,-0.1469612627972765,995.2054212483948,-0.0028234632621888,-1000.0,999.7795439884876,-56.73520363192654,1000.0,-5.51120264537758,-0.2449354379954229,-0.0195101311418284,355.69676065985504,-0.2449636726280459,-999.7795439884876,-0.0096280097241105,-0.0856686178866539,-0.0856686178866539,4.794578751605286,-0.0016458908335152,999.8714888437156,-1000.0,770.1679326110652,-12.06869204396719,-3.212663694747448,-0.1427810298112035,-0.0113731056599135,7.181614227514842,-327.1608626215367,1000.0,-0.0056124877423826, Neutralism,Healthy
SRR13077857.bin.13.fbc2XSRR13077857.bin.3.fbc2 ,-0.0689600923499256,-0.0689600923499256,13.127020599597133,-0.0013248816974282,999.8965532370668,-1000.0,-155.205179416296,178.7621697490647,-2.58607633161364,-0.1149334872498002,-0.0091549325290998,12.313662476743843,-331.1713263783395,1000.0,-0.0045178465881008,-0.0956810874373559,-0.0956810874373559,986.872979400403,-0.0018382533609155,-1000.0,999.8564691775772,-844.794820583704,-258.69270180995136,-3.5881418828356573,-0.1594684790622977,-0.0127023307240961,964.154007910976,-120.1862843050369,-999.8564691775772,-0.0062684439608347, Amensalism,Healthy
SRR13077857.bin.25.fbc2XSRR13077857.bin.36.fbc2 ,-0.0859745527010318,-0.0859745527010318,7.7387503572749665,-0.001651768543752,0.2451892682930747,10.68029995946722,0.0,158.7606314236557,-3.2241365735584395,-0.1432909211683863,-0.0114137206371651,914.4145865229788,-102.07192874665088,-10.68029995946722,-0.0056325307341467,-0.0878751044182308,-0.0878751044182308,992.261249642725,-0.0016882825055972,999.754810731707,-1000.0,1000.0,-1000.0,-3.2954092712211605,-0.1464585073637181,-0.0116660321139079,85.58541347702135,-747.408971231097,1000.0,-0.0057570433442606, Neutralism,Healthy
SRR13077857.bin.31.fbc2XSRR13077857.bin.5.fbc2 ,-0.1193493633933258,-0.1193493633933258,796.0017782197269,-0.002292975281307,-1000.0,1000.0,542.8799182689995,-639.7290821873157,-4.475727240890251,-0.198915605655543,-0.0158444591939996,158.58763801694022,-285.9579831271857,-1000.0,-0.0078190457093114,-0.0943353224284919,-0.0943353224284919,203.99822178027307,-0.0018123981254802,1000.0,-885.9955004931052,457.1200817310005,-12.190978184802702,-3.537674272963613,-0.157225537380782,-0.0125236710466651,-2.3768876455715144,-436.912476209128,885.9955004931053,-0.0061802776076547, Amensalism,Healthy
SRR13077857.bin.23.fbc2XSRR13077857.bin.2.fbc2 ,-0.0872988862506645,-0.0872988862506645,1000.0,-0.0016772120317227,325.9250269126683,0.0,353.3881228560417,-1000.0,-3.2738004810631764,-0.1454981437511833,-0.0115895351391372,1000.0,-81.51212581561072,0.0,-0.0057192930281644,0.0,0.0,0.0,0.0,-1000.0,1000.0,0.0,1000.0,0.0,0.0,0.0,0.0,-500.0,-1000.0,0.0, Amensalism,Healthy
SRR13077857.bin.33.fbc2XSRR13077857.bin.1.fbc2 ,-0.140480244011087,-0.140480244011087,889.2447286476881,-0.0026989480116981,-1000.0,999.7892661392434,-420.0364338714768,858.7680889128487,-5.268157592557941,-0.2341337400185921,-0.0186497307611261,402.6123724152126,-0.9269312033990218,-999.7892661392432,-0.0092034127200122,-0.052355463427034,-0.052355463427034,110.75527135231188,-0.0010058686536922,999.921461775516,-1000.0,-579.9635661285232,-1000.0,-1.9633852012910893,-0.087259105711837,-0.0069505523973703,597.3876275847874,-53.65012667416647,1000.0,-0.0034300121092201, Amensalism,Healthy
SRR13077857.bin.7.fbc2XSRR13077857.bin.8.fbc2 ,-0.1223818075709459,-0.1223818075709459,614.8826176871585,-0.0023512354961212,-354.83443508959385,1000.0,379.29045885920914,1000.0,-4.589447101862561,-0.2039696792849099,-0.0162470372779353,622.5653972323751,-707.9648696853772,-1000.0,-0.0080177130416814,-0.1057691055170835,-0.1057691055170835,385.1173823128415,-0.0020320673489777,-0.2951171410996949,0.0,309.2424164978888,-194.33907680394032,-3.966453220592712,-0.1762818425283967,-0.0140415853818467,186.3656306191383,-285.3348542282704,0.0,-0.0069293496601403, Competition,Healthy
SRR13077857.bin.36.fbc2XSRR13077857.bin.5.fbc2 ,-0.0761322560807684,-0.0761322560807684,859.6642707510878,-0.0014626754290247,-1000.0,999.7875756474424,-52.58240718382706,-873.2690537190904,-2.8550400501791278,-0.1268870934679853,-0.0101070872145783,1000.0,-430.9642095907245,-999.7875756474424,-0.0049877232129347,-0.0915415080944512,-0.0915415080944512,140.33572924891223,-0.0017587225378292,1000.0,-912.545062379082,-490.4014411099109,-13.440570933956565,-3.4329032832827124,-0.1525691801574566,-0.0121527727364991,-5.527770459777798,-306.9644081072154,912.545062379082,-0.0059972438540398, Competition,Healthy
SRR13077857.bin.33.fbc2XSRR13077857.bin.23.fbc2 ,-0.140480244011087,-0.140480244011087,889.24472864769,-0.0026989480116981,-1000.0,999.7892661392434,-67.83577612403997,1000.0,-5.268157592557941,-0.2341337400185921,-0.0186497307611261,409.1798035806187,-0.9269312033990218,-999.7892661392432,-0.0092034127200122,-0.0096688118354677,-0.0096688118354677,110.75527135231005,-0.0001857600736911,298.0325201168421,0.2107338607567044,1000.0,-1000.0,-0.3625906606334865,-0.0161146863923704,-0.001283602109197,590.8201964193813,-74.56423240855588,-0.2107338607567044,-0.0006334418512778, Amensalism,Healthy
SRR13077857.bin.23.fbc2XSRR13077857.bin.18.fbc2 ,-0.0852236469484069,-0.0852236469484069,976.2283416046708,-0.0016373419202864,-999.8317505345912,1000.0,137.42875187539948,-968.5865727573052,-3.195976814372898,-0.1420394115807539,-0.0113140326689062,992.92645459619,-0.0721976443942367,-1000.0,-0.0055833359480175,-0.1121591274913953,-0.1121591274913953,23.77165839532927,-0.0021548343418089,-0.1682494654087349,0.0,862.5712481246005,339.4070128998228,-4.206085796815614,-0.1869318791523255,-0.0148899053019704,7.073545403809817,-484.41711956606105,0.0,-0.007347985105639, Neutralism,Healthy
SRR13077857.bin.39.fbc2XSRR13077857.bin.30.fbc2 ,-0.1328360837350146,-0.1328360837350146,1000.0,-0.0025520861428276,-1000.0,999.8007331139668,-1000.0,-607.2801013477633,-4.981493504800369,-0.2213934728916911,-0.017634915247072,297.0173743727728,-0.2214189937531046,-999.8007331139668,-0.0087026137471184,0.0,0.0,0.0,0.0,1000.0,-1000.0,0.0,0.0,0.0,0.0,0.0,0.0,0.0,1000.0,0.0, Amensalism,Healthy
SRR13077857.bin.33.fbc2XSRR13077857.bin.19.fbc2 ,-0.1456937727544982,-0.1456937727544982,972.4257028975716,-0.0027991118685122,-1000.0,999.7814453453088,0.0,363.5820141422271,-5.463670429444505,-0.2428229545907925,-0.0193418630111636,516.6790156697537,-0.2428509457093923,-999.781445345309,-0.0095449714715414,-0.0887962200959009,-0.0887962200959009,27.57429710242832,-0.001705979252506,999.86679713996,-1000.0,1000.0,636.4179858577729,-3.3299520824547244,-0.1479937001598728,-0.0117883166352612,41.799144485524266,-567.9612218334295,1000.0,-0.0058173892512058, Neutralism,Healthy
SRR13077857.bin.7.fbc2XSRR13077857.bin.18.fbc2 ,-0.1757871323991366,-0.1757871323991366,976.2283416046708,-0.0033772743976214,-859.0045712181657,1000.0,-71.62598124473482,659.0553619588891,-6.592203215059271,-0.2929785539985232,-0.0233369660879816,994.4640797374776,-515.582880433939,-1000.0,-0.0115165056961359,-0.1121591274913953,-0.1121591274913953,23.77165839532927,-0.0021548343418089,-0.1682494654087349,0.0,-139.40611733527874,340.9446380411109,-4.206085796815614,-0.1869318791523255,-0.0148899053019704,5.535920262522495,-484.41711956606105,0.0,-0.007347985105639, Neutralism,Healthy
SRR13077857.bin.39.fbc2XSRR13077857.bin.18.fbc2 ,-0.1296783497298292,-0.1296783497298292,976.2283416046708,-0.0024914188228422,999.8054700183112,-1000.0,0.0,151.06345462551508,-4.8630751429057,-0.2161305828831246,-0.0172157040659612,-10.556340865965126,-296.8029859663259,1000.0,-0.0084957381859567,-0.1121591274913953,-0.1121591274913953,23.77165839532927,-0.0021548343418089,-1000.0,999.8317505345912,354.9084130432793,848.9365453744849,-4.206085796815614,-0.1869318791523255,-0.0148899053019704,7.073545403809703,-484.41711956606105,-999.8317505345912,-0.007347985105639, Neutralism,Healthy
SRR13077857.bin.36.fbc2XSRR13077857.bin.13.fbc2 ,-0.0881623908894653,-0.0881623908894653,995.5052086103406,-0.0016938019383587,-1000.0,999.754009144498,1000.0,-1000.0,-3.306182817463423,-0.1469373181491846,-0.0117041713938306,85.86521435571694,-499.0635646603809,-999.754009144498,-0.0057758646096317,-0.0856430580663527,-0.0856430580663527,4.49479138965944,-0.001645399770723,999.8715271859016,-1000.0,-129.2783204617093,468.87315029331694,-3.211705174474446,-0.1427384301105121,-0.0113697124156715,7.147633058034444,-377.4390985980782,1000.0,-0.0056108132181407, Neutralism,Healthy
SRR13077857.bin.36.fbc2XSRR13077857.bin.23.fbc2 ,-0.0881519184779335,-0.0881519184779335,995.3869570501902,-0.0016936007392587,-1000.0,999.7540383646387,756.1593118490446,-999.8812145239144,-3.3057900909633418,-0.1469198641299272,-0.0117027811081698,329.5769174902207,-499.00428315725577,-999.7540383646387,-0.0057751785208211,-0.0004027135117894,-0.0004027135117894,4.613042949809824,-7.737051191725186e-06,495.2543894031246,0.2459616353612546,243.84068815095543,-0.1187854760855771,-0.0151021822282473,-0.0006711891862778,-5.346302339148679e-05,4.497682876883005,-123.87523016004764,-0.2459616353612546,-2.6383344334135472e-05, Amensalism,Healthy
SRR13077857.bin.18.fbc2XSRR13077857.bin.19.fbc2 ,-0.113463233411494,-0.113463233411494,55.92065432161803,-0.0021798892106517,-1000.0,999.8297942504367,573.666625752151,339.74425450250146,-4.254991146837369,-0.1891053890191187,-0.0150630344452338,23.19535093315278,-483.4675005186661,-999.8297942504367,-0.0074334222081233,-0.0888266031324747,-0.0888266031324747,944.079345678382,-0.0017065629804164,999.8667515624866,-1000.0,426.33337424784895,-841.2195303883044,-3.331091478431404,-0.1480443385540866,-0.0117923501949235,37.7074561955144,-516.532499481334,1000.0,-0.0058193797633521, Neutralism,Healthy
SRR13077857.bin.35.fbc2XSRR13077857.bin.25.fbc2 ,-0.1677811494146226,-0.1677811494146226,999.466975859345,-0.0032234610838486,-1000.0,999.7483121585726,-1000.0,-1000.0,-6.291970393407269,-0.2796352490242952,-0.0222741160894202,970.8273299945722,-0.003594159108502,-999.7483121585726,-0.0109920022958931,-0.0059216940663873,-0.0059216940663873,0.5330241406551295,-0.0001137693384407,999.991116890054,-1000.0,6.227307805038322,38.89812183251115,-0.2220697848018744,-0.0098694901106455,-0.0007861461286893,29.17267000542779,-20.44094680554485,1000.0,-0.0003879534441466, Amensalism,Healthy
SRR13077857.bin.8.fbc2XSRR13077857.bin.5.fbc2 ,-0.1190639875545684,-0.1190639875545684,671.6283371459256,-0.0022874925563201,-1000.0,999.6677874560507,-500.0,-510.2594946615169,-4.465025345388881,-0.1984399792577278,-0.0158065735639638,494.6379792453941,-357.1401911247468,-999.6677874560507,-0.0078003496169003,-0.0996587426333235,-0.0996587426333235,328.37166285407443,-0.0019146732494164,1000.0,-1000.0,934.7636283322116,163.98976888629545,-3.737308155776532,-0.1660979043888346,-0.0132303921536731,-2.511017379709301,-500.2034914729503,1000.0,-0.0065290357805452, Amensalism,Healthy
SRR13077857.bin.36.fbc2XSRR13077857.bin.21.fbc2 ,-0.0866715110338418,-0.0866715110338418,978.6706077476284,-0.0016651587134219,-1000.0,999.7581690000492,80.54484398923933,-983.0893894706855,-3.2502732474985123,-0.1444525183896985,-0.0115062467098141,986.9577266391788,-490.6240950890385,-999.7581690000492,-0.0056781912128371,-0.0874241810430476,-0.0874241810430476,21.329392252371576,-0.0016796192323909,1000.0,-1000.0,919.4551560107608,4.374143206397093,-3.278499168172744,-0.1457069684050793,-0.0116061688954687,-8.443412288566151,-407.31210533984176,1000.0,-0.0057275015822142, Amensalism,Healthy
SRR13077857.bin.8.fbc2XSRR13077857.bin.19.fbc2 ,-0.1190639875545684,-0.1190639875545684,671.6283371459258,-0.0022874925563201,-1000.0,999.6677874560507,0.0,-751.0595184194144,-4.465025345388881,-0.1984399792577278,-0.0158065735639638,735.438003003291,-286.5113134778255,-999.6677874560507,-0.0078003496169003,-0.0888266031324747,-0.0888266031324747,328.3716628540742,-0.0017065629804164,1000.0,-802.7204167117285,1000.0,-227.99449442341935,-3.331091478431404,-0.1480443385540866,-0.0117923501949235,18.39337846737351,-494.6602460763333,802.7204167117284,-0.0058193797633521, Neutralism,Healthy
SRR13077857.bin.25.fbc2XSRR13077857.bin.30.fbc2 ,-0.0859745527010318,-0.0859745527010318,7.7387503572749665,-0.001651768543752,-866.7508232140711,1000.0,19.519283942567995,0.0,-3.2241365735584395,-0.1432909211683863,-0.0114137206371651,992.4940902249804,-114.4343787034503,-1000.0,-0.0056325307341467,-0.0884594371199227,-0.0884594371199227,992.261249642725,-0.001699508878346,1000.0,-1000.0,-902.3427235479398,-1000.0,-3.3173223649837382,-0.1474323951997576,-0.0117436063496825,7.505909775019631,-0.9927228008790508,1000.0,-0.005795325275244, Neutralism,Healthy
SRR13077857.bin.41.fbc2XSRR13077857.bin.30.fbc2 ,-0.0002750304992105,-0.0002750304992105,3.224613832494356,-5.283967311697779e-06,-1000.0,999.9995874278316,-3.600874262376692,-2.3030211159998544,-0.0103139343374323,-0.0004583841653129,-3.651221425116091e-05,0.6542694089714587,-0.1585897537482878,-999.9995874278314,-1.8018328546531848e-05,-0.0888308928856531,-0.0888308928856531,996.7753861675056,-0.0017066453964389,1000.0,-1000.0,-898.9801430397206,-997.0879255462036,-3.331252348709313,-0.1480514881427552,-0.0117929196895829,0.771098161076452,-0.9720722728487772,1000.0,-0.0058196608018761, Amensalism,Healthy
SRR13077857.bin.21.fbc2XSRR13077857.bin.13.fbc2 ,-0.1711954354281033,-0.1711954354281033,999.9836193603242,-0.0032890573569375,-1000.0,1000.0,1000.0,297.15116712583904,-6.420009726707008,-0.2853257257133919,-0.0227273863363279,-23.279059926844752,-621.4660046447432,-1000.0,-0.0112156855871035,-0.085261229514117,-0.085261229514117,0.0163806396759582,-0.0016380639675617,999.872099965409,-1000.0,-1000.0,486.8793725292969,-3.19738620029716,-0.1421020491901572,-0.0113190220162096,7.147462793711156,-378.5339953552568,1000.0,-0.005585798129573, Neutralism,Healthy
SRR13077857.bin.1.fbc2XSRR13077857.bin.21.fbc2 ,-0.0737946630679289,-0.0737946630679289,360.8553246627748,-0.0014177649004523,-1000.0,999.8893009165736,-975.0935708504268,-1000.0,-2.7673778421153656,-0.1229911051131011,-0.0097967554620481,1000.0,-356.0836025405911,-999.8893009165736,-0.004834578310465,-0.140308192380985,-0.140308192380985,639.1446753372252,-0.002695642504932,1000.0,-1000.0,1000.0,428.9114693187325,-5.261705474623227,-0.2338469873016038,-0.0186268897090258,-2.1467018652159595,-643.9163974594089,1000.0,-0.0091921409417636, Competition,Healthy
SRR13077857.bin.39.fbc2XSRR13077857.bin.23.fbc2 ,-0.1328360837350146,-0.1328360837350146,1000.0,-0.0025520861428276,-0.1992668860332287,0.0,0.0,0.5794256378718501,-4.981493504800369,-0.2213934728916911,-0.017634915247072,-4.09163210851375,-306.851047177516,0.0,-0.0087026137471184,0.0,0.0,0.0,0.0,-0.1713725844919054,1000.0,1000.0,-499.828627415508,0.0,0.0,0.0,500.085686292246,-249.957156853877,-1000.0,0.0, Amensalism,Healthy
SRR13077857.bin.36.fbc2XSRR13077857.bin.3.fbc2 ,-0.0585060287822898,-0.0585060287822898,660.6338122215648,-0.0011240351351489,999.8367563773284,-1000.0,720.598214769755,-663.6166305385442,-2.1940379012694398,-0.0975100479705588,-0.00776708278363,0.0,-331.1868812044769,1000.0,-0.0038329598106656,-0.0613285846586677,-0.0613285846586677,339.36618777843523,-0.0011782629137542,-1000.0,999.9080012316977,-1000.0,-336.3833694614558,-2.299886729158743,-0.1022143077643704,-0.0081417967337529,1000.0,-0.1022260903935148,-999.9080012316977,-0.0040178765357268, Competition,Healthy
SRR13077857.bin.33.fbc2XSRR13077857.bin.18.fbc2 ,-0.145210354676692,-0.145210354676692,963.87355638523,-0.0027898242973378,-1000.0,999.7821705188636,127.2290852604376,665.8711377103766,-5.445541740712315,-0.2420172577944868,-0.0192776858946217,379.3950854638899,-0.2420451560374203,-999.7821705188636,-0.0095133008538823,-0.1129876646190268,-0.1129876646190268,36.12644361476987,-0.0021707524422254,0.0,-0.1694923506906889,872.7709147395624,334.1288622896234,-4.237156814597029,-0.1883127743650448,-0.0149998993758799,11.769233638708895,-484.1189323505516,0.1694923506906889,-0.007402265828091, Neutralism,Healthy
SRR13077857.bin.33.fbc2XSRR13077857.bin.36.fbc2 ,-0.1404419254536151,-0.1404419254536151,888.808806822308,-0.0026982118242813,-1000.0,999.7893236207606,-61.82474041808234,1000.0,-5.266720606162266,-0.234069875756063,-0.0186446437057838,402.52240358477934,-0.2340968578743059,-999.7893236207605,-0.0092009023207992,-0.0098471422867305,-0.0098471422867305,111.19119317769196,-0.0001891862110596,999.9725244865648,-1000.0,121.28341579567224,-111.69323095045138,-0.3692782409952997,-0.0164119038113312,-0.0013072767185349,0.0003783724221193,-55.74202198656735,1000.0,-0.0006451249797692, Amensalism,Healthy
SRR13077857.bin.1.fbc2XSRR13077857.bin.18.fbc2 ,-0.1018811075177836,-0.1018811075177836,968.7346323768824,-0.0019573699811417,999.8471685518734,-1000.0,-501.6636084691921,-1000.0,-3.820649187267577,-0.1698018458630485,-0.0135254265695721,1000.0,-426.387395259424,1000.0,-0.0066746316356329,-0.1126594506449691,-0.1126594506449691,31.265367623117527,-0.0021644466983161,-1000.0,999.8310000017992,-498.3363915308079,704.253611133754,-4.224848443755263,-0.1877657510749486,-0.0149563266850236,0.0,-484.6669036854936,-999.831000001799,-0.0073807632411444, Neutralism,Healthy
SRR13077857.bin.12.fbc2XSRR13077857.bin.25.fbc2 ,-0.0895456002066339,-0.0895456002066339,364.3162461536331,-0.0017203765650037,-1000.0,999.8656729978072,-902.2367704355592,-8.008748596537998,-3.3580546284589445,-0.1492426670109807,-0.0118878020639385,0.0,-319.6105057498578,-999.8656729978072,-0.0058664840865958,-0.0863095886016935,-0.0863095886016935,30.57821871447913,-0.0016582053525553,1000.0,-45.78823809824564,582.8258078738504,-991.991251403462,-3.236700773857251,-0.1438493143360801,-0.0114581989863609,1000.0,-244.89169160301049,45.78823809824553,-0.0056544802522466, Neutralism,Healthy
SRR13077857.bin.25.fbc2XSRR13077857.bin.2.fbc2 ,-0.0863095886016935,-0.0863095886016935,499.4753313216816,-0.0016582053525553,0.1217068756175194,0.0,574.677892967984,237.05537349209544,-3.236700773857251,-0.1438493143361938,-0.0114581989863609,21.69776121977532,-495.5202972365886,0.0,-0.0056544802522466,-0.0436193821930146,-0.0436193821930146,500.5246686783185,-0.0008380284763234,999.8782931243824,-1000.0,-933.4762087151482,-1000.0,-1.63577292380387,-0.0726989703216531,-0.0057907767713913,978.3022387802248,-3.757438249969482,1000.0,-0.0028576771043162, Neutralism,Healthy
SRR13077857.bin.7.fbc2XSRR13077857.bin.12.fbc2 ,-0.1776486611795462,-0.1776486611795462,997.1559594816222,-0.0034130386393371,-387.6154397056481,1000.0,386.712422902654,-885.5881904947948,-6.662012511357489,-0.2960811019659104,-0.0235840969980927,999.3264814043332,-651.9407463929072,-1000.0,-0.0116384617602989,-0.0895456002066339,-0.0895456002066339,2.84404051837771,-0.0017203765650037,999.8656729978072,-1000.0,319.64259710355736,-8.008748596537771,-3.3580546284589445,-0.1492426670109807,-0.0118878020639385,0.673518595666792,-348.05925360709284,1000.0,-0.0058664840865958, Neutralism,Healthy
SRR13077857.bin.36.fbc2XSRR13077857.bin.19.fbc2 ,-0.0878906950288183,-0.0878906950288183,992.4372944831068,-0.0016885820371044,-1000.0,999.7547672307584,109.79511500970376,-996.9182339773828,-3.295993935591923,-0.1464844917146592,-0.0116681018760118,972.7237168232698,-497.5255675236844,-999.7547672307584,-0.0057580647463737,-0.0870669498174265,-0.0870669498174265,7.562705516893175,-0.0016727560002891,999.8693912114938,-1000.0,890.2048849902963,-3.0817660226173302,-3.265102619733284,-0.1451115830290064,-0.0115587439622686,7.443086735309293,-385.22656166835736,1000.0,-0.0057040979611429, Neutralism,Healthy
SRR13077857.bin.31.fbc2XSRR13077857.bin.19.fbc2 ,-0.1268801465500928,-0.1268801465500928,972.4257028975716,-0.0024376589154826,-1000.0,1000.0,376.8601243001051,-907.4121786860778,-4.758139566868067,-0.2114669109167835,-0.0168442231058634,71.40404207110441,-285.9733601038215,-1000.0,-0.008312416901731,-0.0887962200959009,-0.0887962200959009,27.57429710242832,-0.001705979252506,999.86679713996,-1000.0,623.1398756998949,294.11030147337783,-3.3299520824547244,-0.1479937001598728,-0.0117883166352612,41.799144485524494,-340.4023824813505,1000.0,-0.0058173892512058, Neutralism,Healthy
SRR13077857.bin.35.fbc2XSRR13077857.bin.2.fbc2 ,-0.1653004364079606,-0.1653004364079606,968.1911855669108,-0.003175800891654,0.0,-0.2479665336163634,-667.1193765287711,-1000.0,-6.198941034347172,-0.275500727346639,-0.0219447841609508,937.8287122401508,-0.0035410179941663,0.2479665336163634,-0.0108294810403322,-0.0027721146641397,-0.0027721146641397,31.808814433089083,-5.3258687103152624e-05,-1000.0,999.9922652408708,-59.32319709309195,0.0,-0.1039572291348349,-0.0046201911069374,-0.0003680175279896,62.17128775984929,-31.77973656577535,-999.9922652408708,-0.0001816121230149, Amensalism,Healthy
SRR13077857.bin.35.fbc2XSRR13077857.bin.24.fbc2 ,-0.1678169296044416,-0.1678169296044416,1000.0,-0.0032241485034774,-1000.0,999.7482584848508,-682.2262292101053,-1000.0,-6.293312188335676,-0.2796948826741072,-0.0222788661587856,1000.0,-0.0035949255812965,-999.7482584848508,-0.0109943463967283,-0.0059037472419731,-0.0059037472419731,0.0,-0.0001134245387675,1000.0,-1000.0,-317.7737707898947,1000.0,-0.2213967599242323,-0.0098395787366598,-0.000783763562822,-1.287534114650725,-500.0115488865357,1000.0,-0.0003867776771357, Amensalism,Healthy
SRR13077857.bin.1.fbc2XSRR13077857.bin.39.fbc2 ,-0.0428634890887451,-0.0428634890887451,0.0261710217721429,-0.0008235060344077,-1000.0,999.9357006488368,36.24738053195688,-1000.0,-1.6074261336601694,-0.071439148481204,-0.0056904266974697,1000.0,-500.0,-999.9357006488368,-0.0028081555772132,-0.1328326072789423,-0.1328326072789423,999.973828978228,-0.0025520193521515,999.8007383289848,-1000.0,0.0,188.76214874325728,-4.9813631340254005,-0.2213876787982371,-0.0176344537233035,0.0,-290.5094291933424,1000.0,-0.0087023859907731, Amensalism,Healthy
SRR13077857.bin.7.fbc2XSRR13077857.bin.13.fbc2 ,-0.1772740799693792,-0.1772740799693792,995.2054212483948,-0.0034058420743576,-297.3199975504589,1000.0,441.09028314360353,-987.9313079560344,-6.647965320164644,-0.2954567999489654,-0.0235343687336353,992.8502337601146,-672.412289944479,-1000.0,-0.011613921473554,-0.0856686178866539,-0.0856686178866539,4.794578751605286,-0.0016458908335152,999.8714888437156,-1000.0,-242.05132131593632,-12.068692043965711,-3.212663694747448,-0.1427810298112035,-0.0113731056599135,7.149766239885366,-327.58771005552103,1000.0,-0.0056124877423826, Neutralism,Healthy
SRR13077857.bin.41.fbc2XSRR13077857.bin.5.fbc2 ,-0.0733216148638575,-0.0733216148638575,859.6642707510878,-0.0014086765584124,-1000.0,999.8900105343214,-959.9732270693852,-613.9727331873355,-2.749638034604459,-0.1222026914397247,-0.0097339550184187,174.42461750625012,-42.2791540589318,-999.8900105343216,-0.0048035870640887,-0.0915415080944512,-0.0915415080944512,140.33572924891223,-0.0017587225378292,1000.0,-539.9583665003734,-40.0267729306147,-386.0272668126645,-3.4329032832827124,-0.1525691801574566,-0.0121527727364991,-5.527770459777798,-400.1110820768925,539.9583665003734,-0.0059972438540398, Competition,Healthy
SRR13077857.bin.30.fbc2XSRR13077857.bin.19.fbc2 ,-0.0883781878600302,-0.0883781878600302,991.896403600985,-0.0016979478936036,-1000.0,1000.0,-894.6030995936553,-992.2342669790644,-3.314275431883516,-0.1472969797666792,-0.011732819944541,1.1942874655771902,-0.9527725865845014,-1000.0,-0.0057900023170986,-0.0870314280474531,-0.0870314280474531,8.103596399015032,-0.0016720735455919,999.8694444975612,-1000.0,1000.0,-7.765733020935727,-3.2637705158239214,-0.1450523800790506,-0.0115540281999528,56.12116779538314,-458.878850640732,1000.0,-0.0057017707904378, Neutralism,Healthy
SRR13077857.bin.25.fbc2XSRR13077857.bin.8.fbc2 ,-0.0863095886016935,-0.0863095886016935,23.601162164000243,-0.0016582053525553,-341.6286354746096,1000.0,427.32432747778967,-357.4111555712378,-3.236700773857251,-0.1438493143360801,-0.0114581989862472,677.8031716774353,-336.5124422562101,-1000.0,-0.0056544802522466,-0.1190639875545684,-0.1190639875545684,976.3988378359998,-0.0022874925563201,-0.3322125439492538,0.0,572.6756725222103,-642.5888444287622,-4.465025345388881,-0.1984399792577278,-0.0158065735639638,322.19682832256467,-285.28716074704744,0.0,-0.0078003496169003, Neutralism,Healthy
SRR13077857.bin.35.fbc2XSRR13077857.bin.30.fbc2 ,-0.1679719303898537,-0.1679719303898537,1000.0,-0.003227126424349,-1000.0,999.7480259687832,-664.8735058011341,-1000.0,-6.299124881571515,-0.279953217316347,-0.0222994435926011,1000.0,-0.0035982459631895,-999.7480259687832,-0.0110045011072088,0.0,0.0,0.0,0.0,1000.0,-1000.0,0.0,0.0,0.0,0.0,0.0,0.0,0.0,1000.0,0.0, Amensalism,Healthy
SRR13077857.bin.33.fbc2XSRR13077857.bin.8.fbc2 ,-0.1077347339656853,-0.1077347339656853,614.882617687158,-0.0020698315843219,-1000.0,999.8383875498936,-1000.0,1000.0,-4.04016636444851,-0.179557889942771,-0.0143025362478965,773.1318709130878,-0.1795785882585505,-999.8383875498936,-0.007058125702656,-0.1057691055170835,-0.1057691055170835,385.117382312842,-0.0020320673489777,0.0,-0.2951171410996949,0.0,-194.33907680393656,-3.966453220592712,-0.1762818425283967,-0.0140415853818467,186.36563061913853,-285.3348542282706,0.2951171410996949,-0.0069293496601403, Competition,Healthy
SRR13077857.bin.7.fbc2XSRR13077857.bin.30.fbc2 ,-0.1701211125260897,-0.1701211125260897,912.5299985894864,-0.0032684171475239,0.0,999.5035700830364,-203.5408274327334,1000.0,-6.379721482671243,-0.2835351875435208,-0.022584762489032,923.2097150397194,-706.3998648481825,-999.5035700830364,-0.0111453024728689,-0.00779789303715,-0.00779789303715,87.47000141051353,-0.0001498154282444,1000.0,-1000.0,-155.67210906766968,-164.2808117778534,-0.2924292287426624,-0.0129964883952879,-0.0010352246088132,76.79028496028059,-0.0875106881626379,1000.0,-0.0005108706101282, Amensalism,Healthy
SRR13077857.bin.8.fbc2XSRR13077857.bin.18.fbc2 ,-0.1190639875545684,-0.1190639875545684,918.9694311632106,-0.0022874925563201,0.0,-0.3322125439492538,0.0,-1000.0,-4.465025345388881,-0.1984399792577278,-0.0158065735639638,737.0373905665911,-285.7116196961754,0.3322125439492538,-0.0078003496169003,-0.113463233411494,-0.113463233411494,55.92065432161803,-0.0021798892106517,-1000.0,999.8297942504367,858.2052938263046,339.7442545025005,-4.254991146837369,-0.1891053890191187,-0.0150630344452338,21.63984738914792,-483.4675005186661,-999.8297942504367,-0.0074334222081233, Neutralism,Healthy
SRR13077857.bin.21.fbc2XSRR13077857.bin.23.fbc2 ,-0.0874241810430476,-0.0874241810430476,21.329392252371804,-0.0016796192323909,1000.0,-1000.0,1000.0,925.142052057124,-3.278499168172744,-0.1457069684050793,-0.0116061688954687,-11.887891429278511,-904.51567170772,1000.0,-0.0057275015822142,-0.0854368540626637,-0.0854368540626637,978.6706077476284,-0.0016414381184404,-1000.0,999.8718365117154,0.0,-1000.0,-3.20397230644653,-0.1423947567710684,-0.0113423373981049,1000.0,0.0018302035019814,-999.8718365117154,-0.0055973039837908, Amensalism,Healthy
SRR13077857.bin.33.fbc2XSRR13077857.bin.39.fbc2 ,-0.0902030746136688,-0.0902030746136688,468.3285998441413,-0.0017330081577711,-1000.0,999.8646867230386,-699.9056499122125,812.6923933868,-3.382710613459494,-0.1503384576893722,-0.0119750863703984,827.0879148819511,0.0,-999.8646867230387,-0.0059095578180858,-0.0706251466306184,-0.0706251466306184,531.6714001558587,-0.0013568712129199,999.894055495698,-1000.0,0.0,48.834825043088586,-2.6485176265645123,-0.1177085777177353,-0.0093759800810175,-5.749171878686184,-185.9718655531531,1000.0,-0.0046269308359114, Competition,Healthy
SRR13077857.bin.31.fbc2XSRR13077857.bin.36.fbc2 ,-0.0844865689120979,-0.0844865689120979,195.0455125081048,-0.0016231809589726,-1000.0,1000.0,497.0356010397604,-15.833951704409287,-3.168335609154724,-0.1408109481867541,-0.0112161804261177,15.261163607623873,-285.8867973866003,-1000.0,-0.005535047069884,-0.0712871329659492,-0.0712871329659492,804.9544874918952,-0.0013695894901957,999.8010945183352,-1000.0,502.9643989602396,-808.5889260344089,-2.6733428136461725,-0.118811888276582,-0.0094638633775048,375.0541885337725,-403.53727177164114,1000.0,-0.0046703001617061, Competition,Healthy
SRR13077857.bin.41.fbc2XSRR13077857.bin.39.fbc2 ,0.0,0.0,0.0,0.0,-1000.0,1000.0,-1000.0,0.0,0.0,0.0,0.0,0.0,0.0,-1000.0,0.0,-0.1328360837350146,-0.1328360837350146,1000.0,-0.0025520861428276,999.8007331139668,-1000.0,0.0,91.12076615395448,-4.981493504800369,-0.2213934728916911,-0.017634915247072,0.0,-349.4218527446126,1000.0,-0.0087026137471184, Amensalism,Healthy
SRR13077857.bin.12.fbc2XSRR13077857.bin.8.fbc2 ,-0.0895456002066339,-0.0895456002066339,2.8440405183775965,-0.0017203765650037,-1000.0,999.8656729978072,-726.4243956885163,-8.008748596535497,-3.3580546284589445,-0.1492426670109807,-0.0118878020639385,677.8031716774356,-338.3502255221831,-999.8656729978072,-0.0058664840865958,-0.1190639875545684,-0.1190639875545684,997.1559594816224,-0.0022874925563201,0.0,-0.3322125439492538,-273.57560431148374,-663.3459660743847,-4.465025345388881,-0.1984399792577278,-0.0158065735639638,322.19682832256444,-357.1401911247468,0.3322125439492538,-0.0078003496169003, Neutralism,Healthy
SRR13077857.bin.1.fbc2XSRR13077857.bin.19.fbc2 ,-0.1022212152781776,-0.1022212152781776,972.4257028975716,-0.0019639042320704,-1000.0,999.8466583575614,-571.1472816241244,-1000.0,-3.8334035876662256,-0.1703686921304097,-0.0135705782435024,982.9811083269528,-423.9726429791701,-999.8466583575616,-0.0066969134312557,-0.0887962200959009,-0.0887962200959009,27.57429710242832,-0.001705979252506,999.86679713996,-1000.0,1000.0,544.4416836190444,-3.3299520824547244,-0.1479937001598728,-0.0117883166352612,17.01889167304705,-574.0117637712796,1000.0,-0.0058173892512058, Neutralism,Healthy
SRR13077857.bin.7.fbc2XSRR13077857.bin.31.fbc2 ,-0.1530269106222022,-0.1530269106222022,805.9498760848878,-0.0029399982828408,-93.37583737207116,1000.0,-18.154776816063645,1000.0,-5.738670848239622,-0.2550448510370415,-0.0203153881344633,815.556467474009,-714.1134584342342,-1000.0,-0.0100253941444634,-0.0843612821747683,-0.0843612821747683,194.05012391511215,-0.0016207739130322,1000.0,-1000.0,491.2714459646484,-12.844633261003992,-3.1636372241199524,-0.140602136958023,-0.0111995477392383,12.272694562563515,-285.8865415657658,1000.0,-0.0055268390435685, Competition,Healthy
SRR13077857.bin.8.fbc2XSRR13077857.bin.21.fbc2 ,-0.106650598623105,-0.106650598623105,393.08935730206736,-0.0020490028554149,-1000.0,999.7024233153118,156.97330391689593,-198.3399022577643,-3.99951014352132,-0.1777509977050613,-0.0141586097307708,184.34705685802555,-285.3316919982651,-999.7024233153118,-0.0069870997368752,-0.1375490101556806,-0.1375490101556806,606.9106426979326,-0.0026426322796169,1000.0,-1000.0,843.0266960831041,680.5993591980871,-5.158233225614822,-0.2292483502595814,-0.0182605890523746,-7.523864789710728,-686.5939286157763,1000.0,-0.0090113760736585, Competition,Healthy
SRR13077857.bin.7.fbc2XSRR13077857.bin.25.fbc2 ,-0.1765670519057494,-0.1765670519057494,991.6930703905092,-0.0033922584419769,-1000.0,999.7351324608492,-246.42851989306985,461.1987766313962,-6.621451020680638,-0.2942784198429535,-0.0234405058341735,990.2880987115888,-496.0453215399555,-999.7351324608492,-0.0115676012871972,-0.0736764980521229,-0.0736764980521229,8.30692960949068,-0.0014154946792359,1000.0,-704.9862644820032,226.52141918683083,538.8012233686038,-2.7629465291637416,-0.1227941634202807,-0.0097810682332237,9.711901288411129,-503.9546784600445,704.9862644820032,-0.0048268368560684, Amensalism,Healthy
SRR13077857.bin.41.fbc2XSRR13077857.bin.8.fbc2 ,-0.0517640082467778,-0.0517640082467778,606.9106426979331,-0.0009945054417812,0.0,-0.0776509848974456,-1000.0,-433.4566634649191,-1.9412050070551456,-0.0862733470780767,-0.0068720326030415,123.14560779964654,-29.835125173382263,0.0776509848974456,-0.0033912635566366,-0.106650598623105,-0.106650598623105,393.0893573020669,-0.0020490028554149,-1000.0,999.7024233153118,314.2008609209231,-198.33990225776847,-3.99951014352132,-0.1777509977050613,-0.0141586097307708,184.34705685802533,-285.33169199826466,-999.7024233153118,-0.0069870997368752, Competition,Healthy
SRR13077857.bin.7.fbc2XSRR13077857.bin.19.fbc2 ,-0.1772289320564368,-0.1772289320564368,992.4372944831068,-0.0034049746792561,-217.24040352853456,1000.0,452.0028567732452,-967.326241048622,-6.646272225723919,-0.2953815534274326,-0.0235283750338339,997.927296403765,-692.174542981365,-1000.0,-0.0116109636563805,-0.0870669498174265,-0.0870669498174265,7.562705516893175,-0.0016727560002891,1000.0,-1000.0,547.9971432267548,-32.67375895137786,-3.265102619733284,-0.1451115830290064,-0.0115587439622686,2.0727035962348737,-307.825457018635,1000.0,-0.0057040979611429, Neutralism,Healthy
SRR13077857.bin.3.fbc2XSRR13077857.bin.30.fbc2 ,-0.0901772437221097,-0.0901772437221097,783.3898388154212,-0.0017325118870985,-1000.0,999.8647254718574,-662.5678922548946,-216.97833895118424,-3.381741927732719,-0.1502954062035542,-0.0119716571397248,999.9930103226249,-50.2562864834905,-999.8647254718574,-0.0059078655349367,-0.0193106532576621,-0.0193106532576621,216.61016118457883,-0.0003710019838081,1000.0,-1000.0,-195.34944262012368,-216.66797985086248,-0.7241699022702051,-0.0321844220960656,-0.0025636237081698,0.0069896773751452,-0.2167109176011763,1000.0,-0.0012651167647845, Competition,Healthy
SRR13077857.bin.12.fbc2XSRR13077857.bin.21.fbc2 ,-0.0895456002066339,-0.0895456002066339,2.8440405183775965,-0.0017203765650037,-1000.0,999.8656729978072,-1000.0,-8.008748596539021,-3.3580546284589445,-0.1492426670109807,-0.0118878020639385,412.8490516853094,-311.70834591266726,-999.8656729978072,-0.0058664840865958,-0.1709533922136188,-0.1709533922136188,997.1559594816224,-0.0032844071511135,1000.0,-1000.0,1000.0,234.59209303291595,-6.410932850401991,-0.2849223203559177,-0.0226952534139854,-2.615570478831728,-688.2916540873327,1000.0,-0.0111998283852017, Neutralism,Healthy
SRR13077857.bin.33.fbc2XSRR13077857.bin.3.fbc2 ,-0.1376037303818975,-0.1376037303818975,865.4378800118632,-0.0026436835807999,-1000.0,999.7935811860092,0.0,955.183019734467,-5.160285291916921,-0.2293395506364959,-0.0182678535435343,391.7679719176104,0.0,-999.7935811860092,-0.0090149610106209,-0.0320490454398623,-0.0320490454398623,134.56211998813683,-0.0006157357432812,0.0,-0.0480766468385809,-1000.0,-254.81727832147865,-1.2018730694621809,-0.0534150757331417,-0.0042547339863858,608.2320280823897,-226.16072537082312,0.0480766468385809,-0.002099658884731, Amensalism,Healthy
SRR13077857.bin.35.fbc2XSRR13077857.bin.1.fbc2 ,-0.1545235324346094,-0.1545235324346094,853.2484174863698,-0.0029687518239143,-1000.0,999.768199857589,-1000.0,-1000.0,-5.7947957476483225,-0.2575392207243112,-0.0205140751032786,764.8824803844943,-0.0033101582836252,-999.7681998575888,-0.0101234437195216,-0.0308352718790274,-0.0308352718790274,146.75158251363018,-0.000592416366544,999.9537441300996,-1000.0,17.22737150224441,0.0,-1.1563552783657087,-0.0513921197984927,-0.004093597092833,235.11751961550567,0.0,1000.0,-0.0020201398099288, Amensalism,Healthy
SRR13077857.bin.13.fbc2XSRR13077857.bin.5.fbc2 ,-0.0856686178866539,-0.0856686178866539,4.794578751605286,-0.0016458908335152,0.0,-0.1285111562842757,0.0,467.6785614843752,-3.212663694747448,-0.1427810298112035,-0.0113731056599135,7.1816142275147286,-377.3669705489213,0.1285111562842757,-0.0056124877423826,-0.1282004977865654,-0.1282004977865654,995.2054212483948,-0.0024630258940305,1000.0,-695.3196226189104,1000.0,-593.9737954128577,-4.80765413341976,-0.2136674963109044,-0.0170195089280014,-3.157205112059387,-387.2166279222479,695.3196226189104,-0.0083989182987807, Neutralism,Healthy
SRR13077857.bin.12.fbc2XSRR13077857.bin.13.fbc2 ,-0.0895456002066339,-0.0895456002066339,150.54551756777755,-0.0017203765650037,-1000.0,999.8656729978072,-1000.0,-23.03955821831198,-3.3580546284589445,-0.1492426670109807,-0.0118878020639385,989.482971539371,-341.305191466696,-999.8656729978072,-0.0058664840865958,-0.0856686178866539,-0.0856686178866539,17.177158636439344,-0.0016458908335152,999.8714888437156,-1000.0,751.8517738825585,-21.08400970805701,-3.212663694747448,-0.1427810298112035,-0.0113731056599135,10.517028460629035,-327.9065198755118,1000.0,-0.0056124877423826, Neutralism,Healthy
SRR13077857.bin.7.fbc2XSRR13077857.bin.21.fbc2 ,-0.1760043739762977,-0.1760043739762977,978.6706077476284,-0.0033814481071203,-941.3113389642969,1000.0,-965.6816315264292,899.3457078095425,-6.600350003758081,-0.2933406232938296,-0.0233658064203154,987.0144662099063,-504.2753981735088,-1000.0,-0.0115307380452804,-0.0874241810430476,-0.0874241810430476,21.32939225237169,-0.0016796192323909,1000.0,-1000.0,1000.0,100.65429219045744,-3.278499168172744,-0.1457069684050793,-0.0116061688954687,-8.443412288566265,-495.7246018264912,1000.0,-0.0057275015822142, Amensalism,Healthy
SRR13077857.bin.24.fbc2XSRR13077857.bin.13.fbc2 ,-0.0855632847752758,-0.0855632847752758,6.960051288654881,-0.0016438671426612,-1000.0,1000.0,-390.9461035786812,996.6426232831856,-3.2087135917674914,-0.1426054746254976,-0.0113591219558202,-16.40825988443612,-500.16737855246544,-1000.0,-0.0056055869564488,-0.0856686178866539,-0.0856686178866539,17.177158636439344,-0.0016458908335152,999.8714888437156,-1000.0,-609.0538964213188,-21.084009708056783,-3.212663694747448,-0.1427810298112035,-0.0113731056599135,10.51702846062892,-327.98059280971074,1000.0,-0.0056124877423826, Neutralism,Healthy
SRR13077857.bin.12.fbc2XSRR13077857.bin.23.fbc2 ,-0.0895456002066339,-0.0895456002066339,2.84404051837771,-0.0017203765650037,-1000.0,999.8656729978072,665.008051585047,-8.008748596540727,-3.3580546284589445,-0.1492426670109807,-0.0118878020639385,27.78028877292741,-287.6583523110792,-999.8656729978072,-0.0058664840865958,-0.0870506046810533,-0.0870506046810533,997.1559594816222,-0.001672441972687,0.0,0.1343270021927765,-876.5747082215993,-991.9912514034592,-3.2644896598459354,-0.1450843411349751,-0.0115565740316014,972.2197112270728,-0.0643630450564387,-0.1343270021927765,-0.0057030271270832, Neutralism,Healthy
SRR13077857.bin.5.fbc2XSRR13077857.bin.18.fbc2 ,-0.1268594342843698,-0.1268594342843698,963.8735563852304,-0.0024372609852889,999.8096986622686,-1000.0,793.1002229708138,-475.1424634946204,-4.757362835017148,-0.2114323904738739,-0.0168414734083626,-8.089391073226807,-500.2114567630838,1000.0,-0.0083110599598512,-0.1129876646190268,-0.1129876646190268,36.12644361476964,-0.0021707524422254,-1000.0,999.8305076493092,206.89977702918625,1000.0,-4.237156814597029,-0.1883127743650448,-0.0149998993758799,11.769233638709352,-484.1189323505516,-999.8305076493092,-0.007402265828091, Neutralism,Healthy
SRR13077857.bin.31.fbc2XSRR13077857.bin.3.fbc2 ,-0.0948805970625699,-0.0948805970625699,364.3311589129971,-0.001822874103027,1000.0,-1000.0,254.9653920245485,-201.04613127324296,-3.558122647923142,-0.1581343284376544,-0.0125960600519192,23.565325666320405,-285.9080207739555,1000.0,-0.0062160006913245,-0.0861986478026892,-0.0861986478026892,635.6688410870029,-0.001656073925119,-1000.0,999.8706937479265,-1000.0,-197.8410975125439,-3.2325403766676573,-0.1436644130045579,-0.0114434708226554,976.4346743336796,-244.7732538509804,-999.8706937479265,-0.0056472120846819, Competition,Healthy
SRR13077857.bin.21.fbc2XSRR13077857.bin.2.fbc2 ,-0.1274019554577989,-0.1274019554577989,488.3680943531699,-0.0024476840626448,1000.0,-1000.0,1000.0,1000.0,-4.777707952290143,-0.2123365924296649,-0.016913496872462,-6.968825771438901,-930.8176296276674,1000.0,-0.0083466026534324,-0.0445883423694795,-0.0445883423694795,511.6319056468301,-0.0008566444258804,-1000.0,999.8755895300228,-954.1896143802128,-1000.0,-1.672109954298321,-0.0743139039491325,-0.0059194129831894,1000.0,-0.0743224703933265,-999.8755895300228,-0.0029211574924374, Amensalism,Healthy
SRR13077857.bin.8.fbc2XSRR13077857.bin.3.fbc2 ,-0.106650598623105,-0.106650598623105,393.0893573020669,-0.0020490028554149,-1000.0,999.7024233153118,0.0,-198.339902257767,-3.99951014352132,-0.1777509977050613,-0.0141586097307708,184.34705685802555,-285.3316919982648,-999.7024233153118,-0.0069870997368752,-0.0837848381326011,-0.0837848381326011,606.9106426979331,-0.0016096990996175,0.0,-0.1256853056943327,-1000.0,-204.8324559200296,-3.142019963421717,-0.1396413968876686,-0.0111230207779726,815.6529431419744,-169.29775607663862,0.1256853056943327,-0.0054890739295387, Competition,Healthy
SRR13077857.bin.7.fbc2XSRR13077857.bin.39.fbc2 ,-0.1701269633588253,-0.1701269633588253,912.5957746302788,-0.0032685295553847,-380.0997186491501,1000.0,3.0651884867654644,982.420528091392,-6.379940895083337,-0.2835449389314135,-0.0225855392278617,923.2758583790188,-611.5319395921736,-1000.0,-0.0111456857839584,-0.0116104349999659,-0.0116104349999659,87.40422536972119,-0.0002230631123438,999.9825832321844,-1000.0,-1000.0,17.579471908607843,-0.4354035809714105,-0.0193507249999811,-0.0015413661066077,-0.3576259349426891,-26.5840985005234,1000.0,-0.0007606452132904, Amensalism,Healthy
SRR13077857.bin.35.fbc2XSRR13077857.bin.5.fbc2 ,-0.1561511770557899,-0.1561511770557899,859.2532299108734,-0.0030000226139463,-1000.0,999.7657582343032,-1000.0,-1000.0,-5.855834140836919,-0.2602519617596499,-0.0207301562624024,822.9600363355123,-0.0033450252145712,-999.7657582343032,-0.0102300771135332,-0.0915590881861589,-0.0915590881861589,140.74677008912658,-0.0017590602917607,1000.0,-925.7793741913238,504.0310963636885,0.0,-3.433562555298181,-0.1525984803103028,-0.0121551066160918,-5.528832040623797,-304.4787624433527,925.7793741913238,-0.0059983955949292, Amensalism,Healthy
SRR13077857.bin.25.fbc2XSRR13077857.bin.21.fbc2 ,-0.0421352666930943,-0.0421352666930943,4.015430202214361,-0.0008095152102214,-85.33548110498486,1000.0,0.0,-928.9995984027018,-1.5801170243288425,-0.0702254444885284,-0.0055937501027756,1000.0,-228.7521650002984,-1000.0,-0.0027604468668869,-0.1708530294505408,-0.1708530294505408,995.9845697977858,-0.0032824789519736,1000.0,-1000.0,1000.0,400.78777332779055,-6.407169140736187,-0.2847550490841968,-0.022681929558189,-2.6162232574992004,-615.1700540723331,1000.0,-0.0111932532262244, Amensalism,Healthy
SRR13077857.bin.33.fbc2XSRR13077857.bin.2.fbc2 ,-0.140480244011087,-0.140480244011087,889.2447286476897,-0.0026989480116981,0.0,-0.2107338607567044,-567.8357761240396,1000.0,-5.268157592557941,-0.2341337400185921,-0.0186497307611261,409.179803580618,-0.9269312033990218,0.2107338607567044,-0.0092034127200122,-0.009652240026071,-0.009652240026071,110.75527135231027,-0.000185441691201,-1000.0,999.9730683031896,-207.54829810815,-221.60605846556652,-0.3619692002691863,-0.0160870667100425,-0.0012814020860787,217.46507936059947,-0.8314582657595793,-999.9730683031896,-0.000632356166875, Amensalism,Healthy
SRR13077857.bin.24.fbc2XSRR13077857.bin.36.fbc2 ,-0.0855632847752758,-0.0855632847752758,1.3152745395118473,-0.0016438671426612,-1000.0,1000.0,-1000.0,998.3183814484108,-3.2087135917674914,-0.1426054746254976,-0.0113591219558202,-8.11324052790053,-500.16737855246544,-1000.0,-0.0056055869564488,-0.0881623908894653,-0.0881623908894653,995.5052086103406,-0.0016938019383587,999.754009144498,-1000.0,1000.0,-1000.0,-3.306182817463423,-0.1469373181491846,-0.0117041713938306,85.86521435571672,-499.0635646603809,1000.0,-0.0057758646096317, Neutralism,Healthy
SRR13077857.bin.8.fbc2XSRR13077857.bin.2.fbc2 ,-0.1179650968500709,-0.1179650968500709,646.9707760657166,-0.0022663803429168,-1000.0,999.6708535827944,176.73720052843373,-325.47106583842447,-4.423815782798215,-0.196608494750194,-0.0156606881697598,309.9937278384414,-285.2911028597367,-999.6708535827944,-0.0077283569694373,-0.0307662359002733,-0.0307662359002733,353.02922393428344,-0.0005910900268872,0.0,-0.0858440046068835,-658.3968187537653,-674.5289341615755,-1.153766356209644,-0.051277059833751,-0.0040844320858468,690.0062721615586,-2.0733659947869683,0.0858440046068835,-0.0020156169916845, Amensalism,Healthy
SRR13077857.bin.31.fbc2XSRR13077857.bin.12.fbc2 ,-0.1279357754851844,-0.1279357754851844,997.1559594816224,-0.0024579399708954,-1000.0,1000.0,655.6006613114996,-781.2761554895827,-4.797726767394806,-0.2132262924753831,-0.0169843651989367,222.3234902609463,-285.97551557439283,-1000.0,-0.0083815753007456,-0.0895456002066339,-0.0895456002066339,2.8440405183775965,-0.0017203765650037,999.8656729978072,-1000.0,-500.0,-8.008748596538794,-3.3580546284589445,-0.1492426670109807,-0.0118878020639385,-19.77096317122789,-347.0962848522547,1000.0,-0.0058664840865958, Neutralism,Healthy
SRR13077857.bin.31.fbc2XSRR13077857.bin.30.fbc2 ,-0.0844865689120979,-0.0844865689120979,195.0455125081048,-0.0016231809589726,-1000.0,1000.0,499.593916027294,-19.398242830322715,-3.168335609154724,-0.1408109481867541,-0.0112161804261177,18.825454733537526,-285.8867973866003,-1000.0,-0.005535047069884,-0.0717611625933614,-0.0717611625933614,804.9544874918952,-0.0013786966876523,0.0,0.0,-725.9466019791885,-805.1693499647889,-2.691119425566967,-0.1196019376554886,-0.0095267941118208,0.0259746455957383,-0.8053289128149572,0.0,-0.004701355704924, Competition,Healthy
SRR13077857.bin.13.fbc2XSRR13077857.bin.30.fbc2 ,-0.0582191303191166,-0.0582191303191166,11.082405735659565,-0.001118523156947,-1000.0,999.9126657119054,403.6600447229953,306.67505461270343,-2.1832789057410764,-0.0970318838652701,-0.0077289950145313,10.395733184377832,-332.1117785758631,-999.9126657119056,-0.0038141639652167,-0.0881613524443309,-0.0881613524443309,988.9175942643406,-0.0016937819874556,1000.0,-1000.0,-902.6718024853324,-1000.0,-3.306143874670397,-0.1469355874071425,-0.0117040335329647,10.850349763975371,-0.9893775901963408,1000.0,-0.0057757965770406, Amensalism,Healthy
SRR13077857.bin.35.fbc2XSRR13077857.bin.19.fbc2 ,-0.1656560764331516,-0.1656560764331516,972.4257028975716,-0.003182633553024,-1000.0,999.7514999721824,-1000.0,-1000.0,-6.21227791108663,-0.2760934607218814,-0.0219919978511597,982.9811083269532,-0.0035486364115513,-999.7514999721826,-0.0108527804156892,-0.0887962200959009,-0.0887962200959009,27.57429710242832,-0.001705979252506,999.86679713996,-1000.0,839.3949822799423,0.0,-3.3299520824547244,-0.1479937001598728,-0.0117883166352612,17.01889167304671,-338.3067700816292,1000.0,-0.0058173892512058, Neutralism,Healthy
SRR13077857.bin.31.fbc2XSRR13077857.bin.2.fbc2 ,-0.1008808217794694,-0.1008808217794694,488.7974263653928,-0.001938152195521,1000.0,-1000.0,555.0468935989813,-364.456174729354,-3.783137415102715,-0.1681347029658582,-0.0133926316714223,0.8391423745945303,-285.9202725296311,1000.0,-0.006609098986928,-0.0445509264019392,-0.0445509264019392,511.2025736346072,-0.0008559255793443,-0.1243060718800279,0.0,-953.3889134413876,-21.344799557281817,-1.6707068159806795,-0.074251544003232,-0.0059144457528645,999.1608576254056,-502.8187162859302,0.0,-0.0029187062253868, Amensalism,Healthy
SRR13077857.bin.25.fbc2XSRR13077857.bin.19.fbc2 ,-0.0863095886016935,-0.0863095886016935,22.996937006601343,-0.0016582053525553,0.0,597.4264268696618,356.77539152437794,-560.1932006451525,-3.236700773857251,-0.1438493143360801,-0.0114581989863609,981.6066215326268,-188.8084913200568,-597.4264268696618,-0.0056544802522466,-0.0888266031324747,-0.0888266031324747,977.0030629933984,-0.0017065629804164,1000.0,-1000.0,643.2246084756221,-439.8067993548475,-3.331091478431404,-0.1480443385540866,-0.0117923501949235,18.39337846737328,-420.348687033402,1000.0,-0.0058193797633521, Neutralism,Healthy
SRR13077857.bin.33.fbc2XSRR13077857.bin.25.fbc2 ,-0.1461756023483076,-0.1461756023483076,990.0758395774368,-0.0028083689212508,-1000.0,999.780722554633,96.80770659996506,310.25976296106546,-5.481739548353176,-0.243626003913846,-0.0194058292454428,400.0251181192257,-0.2436540876030903,-999.7807225546328,-0.0095765380212924,-0.0860645988077521,-0.0860645988077521,9.924160422563205,-0.0016534985361431,999.352002989166,0.2192774453670836,590.315219703908,-578.7629604480758,-3.2275133977112773,-0.1434409980129203,-0.0114256748850039,566.1008191135982,-475.4091685548435,-0.2192774453670836,-0.0056384300083891, Neutralism,Healthy
SRR13077857.bin.23.fbc2XSRR13077857.bin.3.fbc2 ,-0.0448646667224466,-0.0448646667224466,513.9202646142392,-0.0008619532511602,-1000.0,1000.0,-438.4100136839089,-734.5028615405433,-1.6824724095222336,-0.0747744445375246,-0.0059560969655194,491.57409593088255,-0.0158642495874801,-1000.0,-0.0029392605864586,-0.0736429367318578,-0.0736429367318578,486.0797353857608,-0.0014148498892154,0.0,-0.1104714793473249,-561.5899863160911,-265.49713845945666,-2.7616879441901574,-0.1227382278865434,-0.0097766127342993,508.4259040691175,-0.1227523763853923,0.1104714793473249,-0.0048246381221588, Competition,Healthy
SRR13077857.bin.35.fbc2XSRR13077857.bin.13.fbc2 ,-0.1675692530656078,-0.1675692530656078,995.2054212483948,-0.003219390068466,-1000.0,999.7486300234513,-632.4117693312203,-1000.0,-6.284024056416115,-0.2792820884427556,-0.022245985373388,992.8502337601144,-0.0035896199264016,-999.7486300234513,-0.0109781201335863,-0.0856686178866539,-0.0856686178866539,4.794578751605286,-0.0016458908335152,999.8714888437156,-1000.0,772.7257859102224,0.0,-3.212663694747448,-0.1427810298112035,-0.0113731056599135,7.14976623988548,-328.4238652773007,1000.0,-0.0056124877423826, Neutralism,Healthy
SRR13077857.bin.41.fbc2XSRR13077857.bin.7.fbc2 ,-0.0001857847051951,-0.0001857847051951,2.1782454381733487,-3.56935072431952e-06,-1000.0,999.9997213050956,-1000.0,-1.1286315410085308,-0.0069671227586241,-0.0003096411752494,-2.4664213469804963e-05,0.0069999250918044,-0.5342009487469568,-999.9997213050956,-1.2171485991530062e-05,-0.1777078841981847,-0.1777078841981847,997.8217545618268,-0.0034141764494961,533.9173889074907,0.000278694904523,0.0,1000.0,-6.66423343713609,-0.2961798069969745,-0.0235919592662412,999.9930000749082,-632.6608164524911,-0.000278694904523,-0.011642341692891, Amensalism,Healthy
SRR13077857.bin.41.fbc2XSRR13077857.bin.25.fbc2 ,-0.0845884568836936,-0.0845884568836936,991.763127911146,-0.0016251384607812,-1000.0,999.8731091889822,-922.4752233746744,-1000.0,-3.17215651575259,-0.1409807614727469,-0.0112297067639701,3.1870915382071416,-0.1409970128573832,-999.8731091889822,-0.0055417221512925,-0.0856576566854983,-0.0856576566854983,8.236872088853943,-0.0016456802437687,1000.0,-1000.0,-77.52477662532556,154.6964608002429,-3.2122526381211856,-0.142762761142535,-0.0113716504840795,996.8129084617927,-92.1233941167268,1000.0,-0.0056117696310593, Neutralism,Healthy
SRR13077857.bin.21.fbc2XSRR13077857.bin.19.fbc2 ,-0.1688365213536826,-0.1688365213536826,972.4257028975716,-0.0032437372018421,-1000.0,1000.0,561.9816266278212,529.661046191427,-6.331547956307531,-0.2813942022560241,-0.0224142240643914,-2.583182558024646,-614.2888923620305,-1000.0,-0.0110611438581145,-0.0887962200959009,-0.0887962200959009,27.57429710242832,-0.001705979252506,999.86679713996,-1000.0,438.0183733721788,-23.240845374135237,-3.3299520824547244,-0.1479937001598728,-0.0117883166352612,41.79914448552472,-287.51052467343175,1000.0,-0.0058173892512058, Neutralism,Healthy
SRR13077857.bin.24.fbc2XSRR13077857.bin.1.fbc2 ,-0.0332686596573239,-0.0332686596573239,0.0,-0.0006391673325651,-1000.0,1000.0,0.0,392.2299466628913,-1.24760989135234,-0.0554477660955399,-0.0044166462677139,-5.707975204561762,-195.32877273786585,-1000.0,-0.0021795606038494,-0.0956787515129917,-0.0956787515129917,1000.0,-0.0018382084824679,999.856472681688,-1000.0,-1000.0,-1000.0,-3.588054283202723,-0.1594645858549483,-0.012702020613915,1000.0,-804.6712272621342,1000.0,-0.0062682909252771, Amensalism,Healthy
SRR13077857.bin.36.fbc2XSRR13077857.bin.8.fbc2 ,-0.0537482806255411,-0.0537482806255411,606.9106426979338,-0.0010326278697903,0.0,-0.1499685455378312,661.9966359342927,-801.6600977422327,-2.015617317989268,-0.0895804677091973,-0.0071354585807057,192.01126670066333,-554.2372142641663,0.1499685455378312,-0.0035212610362123,-0.106650598623105,-0.106650598623105,393.0893573020662,-0.0020490028554149,-1000.0,999.7024233153118,-185.79913907907667,-198.3399022577673,-3.99951014352132,-0.1777509977050613,-0.0141586097307708,184.3470568580251,-285.33169199826443,-999.7024233153118,-0.0069870997368752, Competition,Healthy
SRR13077857.bin.35.fbc2XSRR13077857.bin.39.fbc2 ,-0.08398596519487,-0.08398596519487,0.0,-0.0016135632122313,-1000.0,999.8740129843916,-354.2428576088323,-1000.0,-3.1495624407857576,-0.1399766086582303,-0.0111497217963005,988.2842563645044,-0.0017991229816516,-999.8740129843916,-0.0055022505536044,-0.1328360837350146,-0.1328360837350146,1000.0,-0.0025520861428276,999.8007331139668,-1000.0,403.9004859605852,0.5833558505321434,-4.981493504800369,-0.2213934728916911,-0.017634915247072,-4.09163210851375,-508.8012901578092,1000.0,-0.0087026137471184, Amensalism,Healthy
SRR13077857.bin.13.fbc2XSRR13077857.bin.18.fbc2 ,-0.0856686178866539,-0.0856686178866539,11.529103193092396,-0.0016458908335152,999.8714888437156,-1000.0,760.3342359203466,0.0,-3.212663694747448,-0.1427810298112035,-0.0113731056599135,10.517028460629035,-328.78048867366203,1000.0,-0.0056124877423826,-0.113373194150995,-0.113373194150995,55.876278234232814,-0.0021781593496825,-1000.0,999.8299293179766,-806.0932083457164,1000.0,-4.251614579426928,-0.1889553235849916,-0.0150510811063213,21.62267499067775,-483.48796768511056,-999.8299293179768,-0.0074275233823755, Neutralism,Healthy
SRR13077857.bin.24.fbc2XSRR13077857.bin.23.fbc2 ,-0.0855632847752758,-0.0855632847752758,0.1880857989061723,-0.0016438671426612,1000.0,-1000.0,-1000.0,1000.0,-3.2087135917674914,-0.1426054746254976,-0.0113591219558202,-12.428243829333724,-500.16737855246544,1000.0,-0.0056055869564488,-0.0872824665699454,-0.0872824665699454,999.8119142010936,-0.0016768965718938,-963.160034781944,1000.0,165.5521170457173,-1000.0,-3.2731847256842457,-0.1454707776165378,-0.0115873553121446,956.3383109503302,-9.240854585920715,-1000.0,-0.0057182173103456, Neutralism,Healthy
SRR13077857.bin.2.fbc2XSRR13077857.bin.18.fbc2 ,-0.0445883423694795,-0.0445883423694795,516.6095066152288,-0.0008566444258804,-1000.0,999.8755895300228,-954.1896143802126,-35.35152431589813,-1.672109954298321,-0.0743139039491325,-0.0059194129831894,1000.0,-514.9289347058459,-999.8755895300228,-0.0029211574924374,-0.1128530893064407,-0.1128530893064407,55.61994318763004,-0.0021681669414874,0.0,-0.1692904747943657,920.6139875853688,301.56540731707264,-4.232110098173052,-0.1880884821773634,-0.0149820335659569,0.0,-485.0710652941541,0.1692904747943657,-0.0073934492705802, Neutralism,Healthy
SRR13077857.bin.1.fbc2XSRR13077857.bin.2.fbc2 ,-0.1038346507097003,-0.1038346507097003,1000.0,-0.0019949020309013,-0.1557619505747425,0.0,-587.2273281789778,-1000.0,-3.8939091212270114,-0.1730577511829096,-0.0137847730336488,1000.0,-435.01134273485104,0.0,-0.0068026159254941,0.0,0.0,0.0,0.0,1000.0,-1000.0,0.0,127.9824124993711,0.0,0.0,0.0,0.0,-63.99120624968555,1000.0,0.0, Amensalism,Healthy
SRR13077857.bin.33.fbc2XSRR13077857.bin.12.fbc2 ,-0.1470260611746425,-0.1470260611746425,997.1559594816224,-0.0028247081877452,-1000.0,999.779446784697,-565.2713749285685,1000.0,-5.513632653001309,-0.2450434352911088,-0.0195187335776836,365.4355598356615,-0.245071682373009,-999.779446784697,-0.0096322549203478,-0.0895456002066339,-0.0895456002066339,2.8440405183775965,-0.0017203765650037,999.8656729978072,-1000.0,-434.72862507143145,-8.008748596539476,-3.3580546284589445,-0.1492426670109807,-0.0118878020639385,634.5644401643385,-316.31099614925904,1000.0,-0.0058664840865958, Neutralism,Healthy
SRR13077857.bin.31.fbc2XSRR13077857.bin.23.fbc2 ,-0.0844865689120979,-0.0844865689120979,195.0455125081048,-0.0016231809589726,1000.0,-1000.0,498.70284324581553,-15.833951704409174,-3.168335609154724,-0.1408109481867541,-0.0112161804261177,15.261163607623873,-285.8867973866003,1000.0,-0.005535047069884,-0.0702716302405406,-0.0702716302405406,804.9544874918952,-0.0013500793513685,-754.9928988310267,1000.0,501.29715675418447,-984.1660482955908,-2.6352603883849497,-0.1171193837342343,-0.0093290483182499,769.9592396335133,-94.00631985285747,-1000.0,-0.0046037705882326, Competition,Healthy
SRR13077857.bin.41.fbc2XSRR13077857.bin.18.fbc2 ,-0.0832634796137199,-0.0832634796137199,976.2283416046708,-0.0015996826055015,999.8750967821666,-1000.0,-1000.0,-832.4305295698099,-3.122468468056468,-0.1387724660228286,-0.0110538068037158,107.936851099259,-25.477281099897368,1000.0,-0.0054549176845739,-0.1121591274913953,-0.1121591274913953,23.77165839532927,-0.0021548343418089,-1000.0,999.8317505345912,865.9755706592277,339.4070128998235,-4.206085796815614,-0.1869318791523255,-0.0148899053019704,5.535920262522609,-484.41711956606105,-999.8317505345912,-0.007347985105639, Neutralism,Healthy
SRR13077857.bin.35.fbc2XSRR13077857.bin.12.fbc2 ,-0.1675393975378938,-0.1675393975378938,1000.0,-0.0032188164752824,-1000.0,999.7486748096107,-1000.0,-994.849938904268,-6.282904442576637,-0.2792323292297851,-0.0222420218441357,1000.0,-0.0035889803699546,-999.7486748096107,-0.0109761641806471,-0.0892916511328394,-0.0892916511328394,0.0,-0.0017154976202391,999.8660539458126,-1000.0,0.0,-5.150061095731871,-3.348531269850469,-0.1488194185546945,-0.0118540885557649,0.0,-386.7774124584198,1000.0,-0.0058498468849847, Neutralism,Healthy
SRR13077857.bin.39.fbc2XSRR13077857.bin.13.fbc2 ,-0.1244108847092775,-0.1244108847092775,999.9872723359568,-0.0023902187264184,-1000.0,999.8133717218424,123.33751754742389,-231.3908241351637,-4.665539638627365,-0.2073514745154625,-0.0165164113994933,329.5012151602282,-275.7252786477311,-999.8133717218424,-0.0081506458570856,-0.0852606066201815,-0.0852606066201815,0.0127276640431546,-0.0016380520004304,999.8721008998098,-1000.0,268.9626207043707,-7.25219676287486,-3.197362841114682,-0.1421010110335601,-0.0113189393226775,7.117729074160138,-326.82106091257515,1000.0,-0.0055857573213415, Neutralism,Healthy
SRR13077857.bin.13.fbc2XSRR13077857.bin.2.fbc2 ,-0.0856686178866539,-0.0856686178866539,10.442634194952234,-0.0016458908335152,-1000.0,999.8714888437156,-52.63261831113243,463.14159891512895,-3.212663694747448,-0.1427810298112035,-0.0113731056599135,7.14976623988548,-377.089197330396,-999.8714888437156,-0.0056124877423826,-0.0442695461445055,-0.0442695461445055,507.9738571205885,-0.0008505196185524,0.0,-0.1235209641990877,-947.3673816888676,-14.894063604619872,-1.6601547589976915,-0.073782576907547,-0.005877090564013,992.8502337601144,-500.0624635783176,0.1235209641990877,-0.0029002718991932, Neutralism,Healthy
SRR13077857.bin.23.fbc2XSRR13077857.bin.19.fbc2 ,-0.0866386704819888,-0.0866386704819888,992.437294483107,-0.0016645277710267,-959.119398445788,1000.0,0.0,-1000.0,-3.249041692103788,-0.1443977841366859,-0.011501886897804,962.72623205512,-10.250786022178772,-1000.0,-0.0056760396992103,-0.0870669498174265,-0.0870669498174265,7.562705516893061,-0.0016727560002891,999.8693912114938,-1000.0,937.396314938168,900.5122856671649,-3.265102619733284,-0.1451115830290064,-0.0115587439622686,37.27376794487986,-446.1088097148197,1000.0,-0.0057040979611429, Neutralism,Healthy
SRR13077857.bin.12.fbc2XSRR13077857.bin.1.fbc2 ,-0.0895456002066339,-0.0895456002066339,2.8440405183775965,-0.0017203765650037,-1000.0,999.8656729978072,315.23731994981085,-8.008748596538226,-3.3580546284589445,-0.1492426670109807,-0.0118878020639385,0.0,-348.8828421069977,-999.8656729978072,-0.0058664840865958,-0.1035166431563539,-0.1035166431563539,997.1559594816224,-0.0019887923757551,999.8447150913034,-1000.0,-586.0289164534969,-991.9912514034618,-3.8819835019434095,-0.1725277385938852,-0.0137425553161847,1000.0,-435.51824750864216,1000.0,-0.0067817820012123, Neutralism,Healthy
SRR13077857.bin.25.fbc2XSRR13077857.bin.18.fbc2 ,-0.0863095886016935,-0.0863095886016935,224.46949549405008,-0.0016582053525553,999.8705273260708,-1000.0,297.7337918933822,659.7922590348649,-3.236700773857251,-0.1438493143360801,-0.0114581989863609,12.929259282798853,-500.1438658963896,1000.0,-0.0056544802522466,-0.113460403527597,-0.113460403527597,55.91925960589515,-0.0021798348420816,-1000.0,999.8297984955344,702.2662081066178,340.20774096513514,-4.254885023203315,-0.1891006725460329,-0.0150626587584383,21.90384041281095,-483.4482478546761,-999.8297984955344,-0.0074332368112663, Neutralism,Healthy
SRR13077857.bin.24.fbc2XSRR13077857.bin.2.fbc2 ,-0.0855632847752758,-0.0855632847752758,321.3852357375852,-0.0016438671426612,1000.0,-1000.0,-66.52379128485165,1000.0,-3.2087135917674914,-0.1426054746254976,-0.0113591219558202,-177.1652146035243,-500.16737855246544,1000.0,-0.0056055869564488,-0.0436193821930146,-0.0436193821930146,500.5246686783185,-0.0008380284763234,-1000.0,999.8782931243824,-933.4762087151483,-1000.0,-1.63577292380387,-0.0726989703216531,-0.0057907767713913,978.3022387802248,-0.0731263648445974,-999.8782931243824,-0.0028576771043162, Neutralism,Healthy
SRR13077857.bin.7.fbc2XSRR13077857.bin.35.fbc2 ,-0.0968451631772495,-0.0968451631772495,491.0459545686431,-0.0018606179285143,-999.809891383126,1000.0,255.0053797396099,772.3563792734828,-3.63179595313386,-0.1614086052954917,-0.0128568698858089,492.2292145402598,-647.162387001299,-1000.0,-0.0063447071361224,-0.1267309619403249,-0.1267309619403249,508.9540454313569,-0.0024347927366079,-0.190108616874113,0.0,-1000.0,-1000.0,-4.752544986362295,-0.2112182699005416,-0.0168244178099712,507.7707854597402,-0.0027147939013048,0.0,-0.0083026432317865, Competition,Healthy
SRR13077857.bin.41.fbc2XSRR13077857.bin.24.fbc2 ,-0.0845953624627782,-0.0845953624627782,991.8570950126432,-0.0016252711328661,-1000.0,999.8730988299504,-913.1646969883913,-1000.0,-3.1724154822645687,-0.1409922707712212,-0.0112306235276946,6.780094826606728,-0.1410085234825828,-999.8730988299502,-0.0055421745628336,-0.0852133821432516,-0.0852133821432516,8.142904987356701,-0.0016371447097753,1000.0,-1000.0,-6.714749027097696,1000.0,-3.1955918733299318,-0.1420223035720482,-0.0113126699444592,-12.0365007349983,-266.0716663512369,1000.0,-0.0055826634602453, Neutralism,Healthy
SRR13077857.bin.35.fbc2XSRR13077857.bin.31.fbc2 ,-0.1506035753984633,-0.1506035753984633,805.9572214999312,-0.0028934404494975,-1000.0,999.7740801697,-512.0369809523651,-987.2420951831344,-5.647793216667651,-0.2510059589974389,-0.0199936735062919,758.9404923903912,-0.0032261861011875,-999.7740801697,-0.0098666319329367,-0.0843598834443355,-0.0843598834443355,194.04277850006883,-0.0016207470401923,1000.0,-1000.0,496.5381288282838,-12.757904816865562,-3.1635847702484625,-0.1405998057405213,-0.0111993620480461,12.208579620027765,-285.8865387097221,1000.0,-0.0055267474072024, Competition,Healthy
SRR13077857.bin.7.fbc2XSRR13077857.bin.1.fbc2 ,-0.1701265309322934,-0.1701265309322934,912.5909132185792,-0.0032685212474916,-0.5238785163230659,1000.0,-195.64347643091696,1000.0,-6.379924678630573,-0.283544218220527,-0.0225854818202151,914.669529305926,-706.4234682612545,-1000.0,-0.0111456574539943,-0.038129570920546,-0.038129570920546,87.40908678142068,-0.0007325565978817,999.942801980836,-1000.0,240.41679314551448,-1000.0,-1.4298992001349689,-0.0635492848676904,-0.005061966091489,85.33047069407394,0.0,1000.0,-0.002498017998846, Amensalism,Healthy
SRR13077857.bin.33.fbc2XSRR13077857.bin.5.fbc2 ,-0.1370169646427257,-0.1370169646427257,859.664270751088,-0.0026324104638888,-1000.0,999.7944613909837,-509.5985588900894,1000.0,-5.138280956679296,-0.228361607737952,-0.0181899563051501,439.0036366431161,0.0,-999.7944613909837,-0.0089765196817097,-0.0915415080944512,-0.0915415080944512,140.335729248912,-0.0017587225378292,1000.0,-912.5450623790812,-490.4014411099106,-13.440570933956678,-3.4329032832827124,-0.1525691801574566,-0.0121527727364991,-5.527770459778253,-306.9644081072156,912.5450623790812,-0.0059972438540398, Amensalism,Healthy
SRR13077857.bin.2.fbc2XSRR13077857.bin.19.fbc2 ,-0.0445883423694795,-0.0445883423694795,512.3230520806301,-0.0008566444258804,-1000.0,999.8755895300228,-954.1896143802128,-1000.0,-1.672109954298321,-0.0743139039491325,-0.0059194129831894,1000.0,-11.336986528705095,-999.8755895300228,-0.0029211574924374,-0.0880469890117865,-0.0880469890117865,487.6769479193699,-0.0016915848033249,999.8679210585584,-1000.0,1000.0,0.0,-3.301855125107636,-0.1467449816864245,-0.0116888509908221,0.0,-448.4055105307734,1000.0,-0.0057683041792415, Neutralism,Healthy
SRR13077857.bin.31.fbc2XSRR13077857.bin.21.fbc2 ,-0.0844865689120979,-0.0844865689120979,195.0455125081048,-0.0016231809589726,-1000.0,1000.0,1.301559207417199,-19.39824283032283,-3.168335609154724,-0.1408109481867541,-0.0112161804261177,18.825454733537526,-285.8867973866003,-1000.0,-0.005535047069884,-0.1545012501217115,-0.1545012501217115,804.9544874918952,-0.002968323729533,0.0,0.0,820.7610902674878,458.0373544827981,-5.793960137367435,-0.2575020835361101,-0.0205111169709653,-21.00899391015514,-663.9348926084751,0.0,-0.0101219839176565, Amensalism,Healthy
SRR13077857.bin.8.fbc2XSRR13077857.bin.39.fbc2 ,-0.1057691055170835,-0.1057691055170835,385.117382312842,-0.0020320673489777,-1000.0,999.7048828589004,309.24140046421417,-194.33907680393804,-3.966453220592712,-0.1762818425283967,-0.0140415853818467,186.3656306191383,-285.3348542282706,-999.7048828589004,-0.0069293496601403,-0.0816785988903348,-0.0816785988903348,614.882617687158,-0.0015692334080767,999.8774742554974,-1000.0,-435.4186918212919,62.015130054704514,-3.0630337662232705,-0.1361309981505201,-0.0108434028497867,-2.515873461495744,-0.1361466904845656,1000.0,-0.0053510859215748, Competition,Healthy
SRR13077857.bin.33.fbc2XSRR13077857.bin.24.fbc2 ,-0.1398054585513364,-0.1398054585513364,1000.0,-0.002685983833885,-1000.0,999.7902783822536,-603.58190842839,0.0210163594116465,-5.242852424785838,-0.2330090975855228,-0.01856014829184,541.4680101352023,-0.2330359574239082,-999.790278382254,-0.0091592048734128,-0.0855373540042592,-0.0855373540042592,0.0,-0.0016433689529549,1000.0,-1000.0,-396.41809157161,999.9789836405884,-3.207741160451178,-0.1425622566737274,-0.0113556794652822,-12.42447733127733,-500.16732782679566,1000.0,-0.0056038881297126, Neutralism,Healthy
SRR13077857.bin.31.fbc2XSRR13077857.bin.13.fbc2 ,-0.1278525153463761,-0.1278525153463761,995.2054212483948,-0.0024563403525235,-1000.0,1000.0,650.8239652432558,-941.7365793687744,-4.79460442420725,-0.2130875255771798,-0.0169733118356134,650.2314465968188,-285.9753455669468,-1000.0,-0.0083761206019516,-0.0856686178866539,-0.0856686178866539,4.794578751605286,-0.0016458908335152,999.8714888437156,-1000.0,-243.25298238586413,-12.051854580739018,-3.212663694747448,-0.1427810298112035,-0.0113731056599135,7.181614227514842,-327.01122224598544,1000.0,-0.0056124877423826, Neutralism,Healthy
SRR13077857.bin.8.fbc2XSRR13077857.bin.13.fbc2 ,-0.1190639875545684,-0.1190639875545684,920.5688187265112,-0.0022874925563201,-1000.0,999.6677874560507,457.86275010020336,-1000.0,-4.465025345388881,-0.1984399792577278,-0.0158065735639638,744.7399661740628,-286.5113134778255,-999.6677874560507,-0.0078003496169003,-0.0856686178866539,-0.0856686178866539,4.794578751605286,-0.0016458908335152,999.8714888437156,-1000.0,542.1372498997966,0.0,-3.212663694747448,-0.1427810298112035,-0.0113731056599135,7.181614227514842,-328.2714839193635,1000.0,-0.0056124877423826, Neutralism,Healthy
SRR13077857.bin.35.fbc2XSRR13077857.bin.36.fbc2 ,-0.1679719303898537,-0.1679719303898537,1000.0,-0.003227126424349,-1000.0,999.7480259687832,-633.9736896093822,-1000.0,-6.299124881571515,-0.279953217316347,-0.0222994435926011,1000.0,-0.0035982459631895,-999.7480259687832,-0.0110045011072088,0.0,0.0,0.0,0.0,1000.0,-1000.0,0.0,0.0,0.0,0.0,0.0,0.0,0.0,1000.0,0.0, Amensalism,Healthy
SRR13077857.bin.1.fbc2XSRR13077857.bin.36.fbc2 ,-0.0410456771822964,-0.0410456771822964,4.4944253388267725,-0.0007885816942234,-1000.0,999.938427541318,-1000.0,0.0,-1.539256266328266,-0.0684094619704183,-0.0054490995067908,915.052713711152,-353.32608938308886,-999.938427541318,-0.0026890635771223,-0.0881552110420216,-0.0881552110420216,995.5055746611732,-0.0016936639970026,999.7540291777208,-1000.0,1000.0,-1000.0,-3.305913565596711,-0.1469253517367406,-0.0117032182190541,84.94728628884786,-499.0611230088292,1000.0,-0.0057753942296585, Amensalism,Healthy
SRR13077857.bin.7.fbc2XSRR13077857.bin.24.fbc2 ,-0.1759644039539125,-0.1759644039539125,999.8119142010942,-0.003380680191185,-25.261120468607828,1000.0,192.89467234345693,-284.3543077138195,-6.598851085682668,-0.2932740065898542,-0.0233605001214982,1000.0,-747.3816326614483,-1000.0,-0.011528119452123,-0.0855632847752758,-0.0855632847752758,0.1880857989057176,-0.0016438671426612,1000.0,-1000.0,-401.8121874940065,1000.0,-3.2087135917674914,-0.1426054746254976,-0.0113591219558202,-12.428243829333724,-252.6183673385517,1000.0,-0.0056055869564488, Neutralism,Healthy
SRR13077857.bin.5.fbc2XSRR13077857.bin.30.fbc2 ,-0.0915415080944512,-0.0915415080944512,140.33572924891268,-0.0017587225378292,-785.879369945663,1000.0,572.9314051067947,-140.10626336737369,-3.4329032832827124,-0.1525691801574566,-0.0121527727364991,-5.527770459777344,-338.6308312155702,-1000.0,-0.0059972438540398,-0.0766385037510417,-0.0766385037510417,859.6642707510873,-0.0014724016090212,1000.0,-1000.0,-775.2865110910413,-859.8937366326263,-2.8740248727508515,-0.1277308395849559,-0.0101742951185315,0.027740046314534,-0.8600641443804307,1000.0,-0.0050208894869001, Competition,Healthy
SRR13077857.bin.3.fbc2XSRR13077857.bin.19.fbc2 ,-0.1009411333639036,-0.1009411333639036,972.4257028975716,-0.0019393109196244,-1000.0,999.8485786033996,-1000.0,-274.4367132706617,-3.7853991632472335,-0.1682352222732106,-0.0134006384542999,698.6401326612656,-0.1682546153823523,-999.8485786033996,-0.0066130502357282,-0.0887962200959009,-0.0887962200959009,27.57429710242832,-0.001705979252506,999.86679713996,-1000.0,444.6853530860403,-23.19369210759146,-3.3299520824547244,-0.1479937001598728,-0.0117883166352612,32.14754127446167,-287.51052467343175,1000.0,-0.0058173892512058, Neutralism,Healthy
SRR13077857.bin.41.fbc2XSRR13077857.bin.19.fbc2 ,-0.084101140311418,-0.084101140311418,986.0495515460092,-0.0016157759905581,-1000.0,999.873840210653,-1000.0,-510.9037922193675,-3.153881629355965,-0.140168567185583,-0.011165012095148,3.1687306107096447,-241.80777400227575,-999.873840210653,-0.005509796127967,-0.0873949591788232,-0.0873949591788232,13.950448453990589,-0.0016790578132486,999.8688991659428,-1000.0,801.0822211691022,-40.27455752375295,-3.2774033173842554,-0.145658265297925,-0.011602289489474,0.5994102360033366,-338.7548704433384,1000.0,-0.0057255871431607, Neutralism,Healthy
SRR13077857.bin.41.fbc2XSRR13077857.bin.36.fbc2 ,-0.0007917547062561,-0.0007917547062561,9.282982015951577,-1.5211425647976284e-05,-1000.0,999.9988122918836,-1000.0,-4.809809717603116,-0.0296916381128085,-0.0013195911770935,-0.0001051109513809,0.0634570481349783,-2.276454782486212,-999.9988122918836,-5.187096155623294e-05,-0.0877383465650609,-0.0877383465650609,990.7170179840484,-0.0016856550732882,999.7551923137052,-1000.0,91.90695567823218,-995.1901902823968,-3.290280707219836,-0.1462305776084349,-0.0116478765564806,988.7354536174762,-496.66316387737896,1000.0,-0.0057480837999719, Amensalism,Healthy
SRR13077857.bin.41.fbc2XSRR13077857.bin.23.fbc2 ,0.0,0.0,0.0,0.0,-1000.0,1000.0,-500.0,0.0,0.0,0.0,0.0,0.0,0.0,-1000.0,0.0,-0.0872988862506645,-0.0872988862506645,1000.0,-0.0016772120317227,40.64934687574464,0.0,205.79263788300568,-40.26989815282639,-3.2738004810631764,-0.1454981437511833,-0.0115895351391372,956.6248220403496,-31.766100504986525,0.0,-0.0057192930281644, Amensalism,Healthy
SRR13077857.bin.1.fbc2XSRR13077857.bin.30.fbc2 ,-0.0391837228386293,-0.0391837228386293,2.5857944712689687,-0.0007528092764914,-1000.0,999.9412206516956,-582.1804880830355,-2.3195596890180923,-1.469431010959397,-0.0653062047310868,-0.0052019121002331,999.9678149747554,-500.0,-999.9412206516956,-0.0025670796326267,-0.0889188197445491,-0.0889188197445491,997.4142055287311,-0.0017083346732533,1000.0,-1000.0,-417.8195119169645,-997.680440310982,-3.3345496988260948,-0.148198032907544,-0.0118045925923979,0.0321850252446438,-0.9978781536674431,1000.0,-0.0058254212359543, Amensalism,Healthy
SRR13077857.bin.35.fbc2XSRR13077857.bin.8.fbc2 ,-0.1193057203824992,-0.1193057203824992,614.8826176871585,-0.0022921367989283,-1000.0,999.8210299587422,-658.465986695524,-805.6609231960645,-4.474090581866562,-0.1988428673041653,-0.0158386652803983,583.8088755096862,-0.0025557325308227,-999.8210299587424,-0.0078161864842059,-0.1057691055170835,-0.1057691055170835,385.1173823128415,-0.0020320673489777,0.0,-0.2951171410996949,-341.53401330447605,-194.33907680393557,-3.966453220592712,-0.1762818425283967,-0.0140415853818467,186.3656306191383,-285.33485422827016,0.2951171410996949,-0.0069293496601403, Competition,Healthy
SRR13077857.bin.7.fbc2XSRR13077857.bin.36.fbc2 ,-0.1777085061712568,-0.1777085061712568,997.8287468876152,-0.0034141883991196,-0.4958425811960296,1000.0,179.36641688527789,612.4166795336391,-6.664256761785168,-0.2961808436187993,-0.0235920418375599,1000.0,-749.0609360163085,-1000.0,-0.0116423824407547,-0.0001922871563238,-0.0001922871563238,2.1712531123849885,-3.694277779686672e-06,999.999463480044,-1000.0,2.368333390833868,-2.18105650639086,-0.0072109715453052,-0.0003204785938351,-2.552745922912436e-05,0.0,-1.088485834804942,1000.0,-1.2597487057064429e-05, Amensalism,Healthy
SRR13077857.bin.21.fbc2XSRR13077857.bin.39.fbc2 ,-0.0874241810430476,-0.0874241810430476,21.32939225237192,-0.0016796192323909,-1000.0,1000.0,1000.0,888.5363956164833,-3.278499168172744,-0.1457069684050793,-0.0116061688954687,-11.887891429278511,-885.7929386793159,-1000.0,-0.0057275015822142,-0.130002770799706,-0.130002770799706,978.670607747628,-0.0024976516964443,999.804983355542,-1000.0,-1000.0,111.46360438351668,-4.8752412758339005,-0.2166712846662903,-0.0172587732223519,-4.00436008231884,-27.07092110309395,1000.0,-0.0085169922848535, Amensalism,Healthy
SRR13077857.bin.31.fbc2XSRR13077857.bin.18.fbc2 ,-0.1265150919747384,-0.1265150919747384,963.87355638523,-0.0024306453789222,1000.0,-1000.0,638.7549934777603,-737.7731394711686,-4.744449634547095,-0.2108584866244882,-0.0167957595685948,228.5543478757479,-285.9726147051613,1000.0,-0.0082885007421964,-0.1129876646190268,-0.1129876646190268,36.12644361476987,-0.0021707524422254,-1000.0,999.8305076493092,361.2450065222397,334.1288622896232,-4.237156814597029,-0.1883127743650448,-0.0149998993758799,11.769233638709125,-484.1189323505516,-999.8305076493092,-0.007402265828091, Neutralism,Healthy
SRR13077857.bin.7.fbc2XSRR13077857.bin.23.fbc2 ,-0.1760034116251745,-0.1760034116251745,978.659788834934,-0.0033814296181162,-1000.0,999.7359779754142,-968.6916002838508,1000.0,-6.600313914572666,-0.293339019375253,-0.0233656786614346,980.8102090006018,-489.5318164871153,-999.735977975414,-0.0115306749979708,-0.0018329432442669,-0.0018329432442669,21.340211165065966,-3.5215047887504625e-05,999.5038006951452,0.26402202458587,483.6611103440796,-521.2010541447983,-0.0687373084896307,-0.0030549054072253,-0.0002433359811675,19.18979099939816,-249.94260381288973,-0.26402202458587,-0.0001200833133907, Amensalism,Healthy
SRR13077857.bin.7.fbc2XSRR13077857.bin.5.fbc2 ,-0.1616421133194308,-0.1616421133194308,859.664270751088,-0.0031055161060749,-112.3087700932075,1000.0,-78.71562305081329,1000.0,-6.061750052862863,-0.2694035221990134,-0.0214591162927035,869.81169990338,-693.0355918927844,-1000.0,-0.0105898099216119,-0.0915415080944512,-0.0915415080944512,140.335729248912,-0.0017587225378292,87.45493762091883,0.0,509.5985588900892,-13.440570933956565,-3.4329032832827124,-0.1525691801574566,-0.0121527727364991,-5.527770459777798,-306.9644081072156,0.0,-0.0059972438540398, Amensalism,Healthy
SRR13077857.bin.7.fbc2XSRR13077857.bin.3.fbc2 ,-0.1701205195134889,-0.1701205195134889,912.5257613580384,-0.0032684057543974,-396.9322166487178,1000.0,13.878481986940642,1000.0,-6.379699244073549,-0.2835341991891482,-0.0225846837624885,914.604303997513,-607.2912281617291,-1000.0,-0.0111452636223248,-0.0131384275839536,-0.0131384275839536,87.47423864196162,-0.0002524193580484,-0.0197089034726332,0.0,-1000.0,-47.0202471733902,-0.4927049174611966,-0.0218973793065515,-0.0017442177637576,85.39569600248706,-6.103066480562802,0.0,-0.0008607500108155, Amensalism,Healthy
SRR13077857.bin.31.fbc2XSRR13077857.bin.39.fbc2 ,-0.0843612821747683,-0.0843612821747683,194.05012391511173,-0.0016207739130322,-1000.0,1000.0,491.3766909186925,-13.159063400137596,-3.1636372241199524,-0.140602136958023,-0.0111995477392383,12.58712470169712,-285.8865415657658,-1000.0,-0.0055268390435685,-0.1070592252258393,-0.1070592252258393,805.9498760848883,-0.0020568535105667,999.8394008778936,-1000.0,0.0,157.5526306695383,-4.014834072911526,-0.1784320420430276,-0.0142128577581388,-3.297650390841568,-242.85721907221463,1000.0,-0.0070138704710416, Competition,Healthy
SRR13077857.bin.1.fbc2XSRR13077857.bin.3.fbc2 ,-0.063944637797249,-0.063944637797249,245.94936331262303,-0.0012285233005968,999.9040769006876,-1000.0,-846.5166171818819,-866.432022607044,-2.3979914861769203,-0.1065743963287104,-0.0084890960072243,833.1960365727723,-284.035788425124,1000.0,-0.0041892644551353,-0.0913811462467037,-0.0913811462467037,754.0506366873769,-0.0017556416186153,-1000.0,999.8629195024218,1000.0,-133.56797739295598,-3.426889544541609,-0.1523019104112108,-0.0121314835843122,166.8039634272277,-467.6056448225297,-999.8629195024218,-0.0059867379193292, Competition,Healthy
SRR13077857.bin.8.fbc2XSRR13077857.bin.30.fbc2 ,-0.106650598623105,-0.106650598623105,393.0893573020667,-0.0020490028554149,-1000.0,999.7024233153118,159.78563777443696,-198.3399022577676,-3.99951014352132,-0.1777509977050613,-0.0141586097307708,184.34705685802533,-285.33169199826466,-999.7024233153118,-0.0069870997368752,-0.0541056842181433,-0.0541056842181433,606.9106426979333,-0.0010394944133622,1000.0,-1000.0,-741.928610256461,-801.6600977422324,-2.029020330375147,-0.0901761403636101,-0.0071829063966788,194.60703949852063,-0.6071929477440108,1000.0,-0.0035446759497972, Competition,Healthy
SRR13077857.bin.1.fbc2XSRR13077857.bin.13.fbc2 ,-0.1033821761624267,-0.1033821761624267,995.2054212483948,-0.0019862089560547,-1000.0,999.8449168047116,-577.5624917622049,-1000.0,-3.876940847581636,-0.1723036269372642,-0.0137247038862824,992.8502337601146,-432.1176462260231,-999.8449168047116,-0.0067729725401477,-0.0856686178866539,-0.0856686178866539,4.794578751605286,-0.0016458908335152,999.8714888437156,-1000.0,772.7257859102224,0.0,-3.212663694747448,-0.1427810298112035,-0.0113731056599135,7.149766239885366,-328.4238652773007,1000.0,-0.0056124877423826, Neutralism,Healthy
SRR13077857.bin.25.fbc2XSRR13077857.bin.3.fbc2 ,-0.086037837293702,-0.086037837293702,9.14370746501288,-0.0016529843860553,960.0770363604712,0.1524552619204087,569.9942817551325,-960.8214696502818,-3.226509812656218,-0.1433963954895034,-0.0114221221075467,988.5935015895028,-254.94660996469656,-0.1524552619204087,-0.0056366767564668,-0.1016303327735386,-0.1016303327735386,990.856292534987,-0.0019525520225442,-1000.0,999.8475447380796,430.00571824486747,-39.17853034971824,-3.811244869368352,-0.1693838879558598,-0.0134921344757685,11.40649841049708,-745.0533900353034,-999.8475447380796,-0.0066582023969203, Neutralism,Healthy
SRR13077857.bin.12.fbc2XSRR13077857.bin.2.fbc2 ,-0.0895456002066339,-0.0895456002066339,2.8440405183775965,-0.0017203765650037,999.8656729978072,-1000.0,-45.810385619787326,-8.008748596536407,-3.3580546284589445,-0.1492426670109807,-0.0118878020639385,-6.756297253475623,-348.05925360709284,1000.0,-0.0058664840865958,-0.0445883423694795,-0.0445883423694795,511.6319056468301,-0.0008566444258804,-0.124410469977306,0.0,-954.1896143802128,-22.202573051749937,-1.672109954298321,-0.0743139039491325,-0.0059194129831894,1000.0,-500.0629133943808,0.0,-0.0029211574924374, Neutralism,Healthy
SRR13077857.bin.39.fbc2XSRR13077857.bin.19.fbc2 ,-0.1318314835516503,-0.1318314835516503,992.437294483107,-0.002532785466883,-1000.0,999.8022401107452,-1000.0,199.60927432578436,-4.943819936389332,-0.2197191392527884,-0.0175015475762165,281.6535974144922,-16.136690946524027,-999.8022401107452,-0.0086367984421258,-0.0870669498174265,-0.0870669498174265,7.562705516893061,-0.0016727560002891,999.8693912114938,-1000.0,1000.0,-32.54315016287069,-3.265102619733284,-0.1451115830290064,-0.0115587439622686,55.59987522578399,-463.0854397178714,1000.0,-0.0057040979611429, Neutralism,Healthy
SRR13077857.bin.12.fbc2XSRR13077857.bin.39.fbc2 ,-0.0892916511328394,-0.0892916511328394,0.0,-0.0017154976202391,-1000.0,999.8660539458126,-1000.0,-5.150061095732326,-3.348531269850469,-0.1488194185546945,-0.0118540885557649,1000.0,-298.54138939033487,-999.8660539458126,-0.0058498468849847,-0.1328360837350146,-0.1328360837350146,1000.0,-0.0025520861428276,999.8007331139668,-1000.0,0.0,93.5148434281282,-4.981493504800369,-0.2213934728916911,-0.017634915247072,0.0,-350.61889138169954,1000.0,-0.0087026137471184, Neutralism,Healthy
SRR13077857.bin.18.fbc2XSRR13077857.bin.30.fbc2 ,-0.1121591274913953,-0.1121591274913953,23.77165839532927,-0.0021548343418089,-1000.0,999.8317505345912,-166.73235267329733,368.2708733791296,-4.206085796815614,-0.1869318791523255,-0.0148899053019704,5.535920262522382,-484.41711956606105,-999.8317505345912,-0.007347985105639,-0.0870301139240155,-0.0870301139240155,976.2283416046708,-0.0016720482982464,1000.0,-1000.0,-833.2676473267027,-1000.0,-3.263721234808145,-0.1450501898733591,-0.0115538537409065,23.5425800396481,-0.9766824351190736,1000.0,-0.0057016846969872, Neutralism,Healthy
SRR13077857.bin.24.fbc2XSRR13077857.bin.39.fbc2 ,-0.0847889258121767,-0.0847889258121767,0.0,-0.001628989929145,-1000.0,1000.0,-1000.0,1000.0,-3.179674312402881,-0.14131487635359,-0.011256320410439,-14.2118294186688,-500.1658637545859,-1000.0,-0.0055548556583744,-0.1328360837350146,-0.1328360837350146,1000.0,-0.0025520861428276,999.8007331139668,-1000.0,0.0,0.0,-4.981493504800369,-0.2213934728916911,-0.017634915247072,-3.801919289578223,-303.86146966763545,1000.0,-0.0087026137471184, Neutralism,Healthy
SRR13077857.bin.41.fbc2XSRR13077857.bin.3.fbc2 ,-0.0685260651249564,-0.0685260651249564,803.4385209933876,-0.0013165430378876,999.8972043195974,-1000.0,-1000.0,-417.8784408264376,-2.569799852051119,-0.1142101085415561,-0.009097312392214,4.168382814201891,-195.45174355774645,1000.0,-0.0044894117594367,-0.0493423196529647,-0.0493423196529647,196.56147900661244,-0.0009479792440743,-1000.0,999.9259817806242,234.2668290718466,-410.69232959190686,-1.8503891258457088,-0.0822371994216837,-0.0065505365763556,995.8316171857982,-499.70790389542606,-999.9259817806244,-0.0032326092222092, Competition,Healthy
SRR13077857.bin.39.fbc2XSRR13077857.bin.2.fbc2 ,-0.1328360837350146,-0.1328360837350146,1000.0,-0.0025520861428276,-0.1992668860332287,0.0,-500.0,21.41340638583472,-4.981493504800369,-0.2213934728916911,-0.017634915247072,11.551215233724974,-281.6656817781402,0.0,-0.0087026137471184,0.0,0.0,0.0,0.0,1000.0,-1000.0,0.0,978.5865936141654,0.0,0.0,0.0,0.0,-489.29329680708247,1000.0,0.0, Amensalism,Healthy
SRR13077857.bin.25.fbc2XSRR13077857.bin.1.fbc2 ,-0.0862380800168693,-0.0862380800168693,24.185332852143347,-0.0016568315085123,0.1203248901281313,875.35126298932,535.1894054979557,0.0,-3.234019126367116,-0.1437301333614868,-0.0114487057236374,96.71048699832272,-676.7337588194711,-875.35126298932,-0.0056497954439009,-0.0431240827044803,-0.0431240827044803,776.9888822147664,-0.0008285126359623,999.879675109872,-1000.0,0.0,-1000.0,-1.6171986696125489,-0.071873471174058,-0.0057250223148912,903.2895130016772,-323.26624118052894,1000.0,-0.0028252280887954, Amensalism,Healthy
SRR13077857.bin.8.fbc2XSRR13077857.bin.23.fbc2 ,-0.106650598623105,-0.106650598623105,393.0893573020669,-0.0020490028554149,-1000.0,999.7024233153118,-840.2123132227082,-198.3399022577679,-3.99951014352132,-0.1777509977050613,-0.0141586097307708,184.34705685802533,-285.33169199826466,-999.7024233153118,-0.0069870997368752,-0.052982623161256,-0.052982623161256,606.9106426979331,-0.0010179178320868,760.6737331516551,0.2975766846882379,0.0,-801.6600977422321,-1.9869043540268196,-0.0883043719353509,-0.0070338122199018,591.7334035602244,-190.26156223678584,-0.2975766846882379,-0.0034710998074842, Competition,Healthy
SRR13077857.bin.25.fbc2XSRR13077857.bin.39.fbc2 ,-0.0851934314122218,-0.0851934314122218,7.599016751550835,-0.0016367614103955,-1000.0,1000.0,-84.20648189515327,153.1833321130341,-3.194843699836838,-0.1419890523537788,-0.0113100213459347,1000.0,-90.90537782912143,-1000.0,-0.0055813564094933,-0.1318266601094819,-0.1318266601094819,992.4009832484492,-0.0025326927974447,999.8022473463718,-1000.0,-915.7935181048468,188.8826273647594,-4.943639052209733,-0.2197111001825078,-0.0175009072306693,-4.060539727580135,-304.519280929783,1000.0,-0.0086364824394422, Neutralism,Healthy
SRR13077857.bin.36.fbc2XSRR13077857.bin.18.fbc2 ,-0.0864552228412094,-0.0864552228412094,976.2283416046708,-0.0016610033206916,999.758772487738,-1000.0,85.86549642200612,-996.1270475468784,-3.242162211727305,-0.1440920380686066,-0.0114775329458325,994.4640797374784,-489.3997458474556,1000.0,-0.0056640213234686,-0.1121591274913953,-0.1121591274913953,23.77165839532927,-0.0021548343418089,-1000.0,999.8317505345912,-139.40611733527658,340.9446380411096,-4.206085796815614,-0.1869318791523255,-0.0148899053019704,5.535920262521586,-484.41711956606105,-999.8317505345912,-0.007347985105639, Neutralism,Healthy
SRR13077857.bin.12.fbc2XSRR13077857.bin.5.fbc2 ,-0.0895456002066339,-0.0895456002066339,2.8440405183775965,-0.0017203765650037,-1000.0,999.8656729978072,0.0,-8.008748596539931,-3.3580546284589445,-0.1492426670109807,-0.0118878020639385,662.765251487323,-518.0366216075431,-999.8656729978072,-0.0058664840865958,-0.1282839845385979,-0.1282839845385979,997.1559594816224,-0.0024646298662673,1000.0,-1000.0,1000.0,-189.51570208152,-4.810784974841454,-0.213806640897701,-0.0170305923758178,9.38171217109914,-481.9633783924569,1000.0,-0.0084043878439388, Neutralism,Healthy
SRR13077857.bin.25.fbc2XSRR13077857.bin.23.fbc2 ,-0.0859745527010318,-0.0859745527010318,7.7387503572749665,-0.001651768543752,-1000.0,999.8710299121058,90.41162833987984,971.4850777815428,-3.2241365735584395,-0.1432909211683863,-0.0114137206371651,16.805741483039128,-500.1433074388538,-999.8710299121058,-0.0056325307341467,-0.0866233019635274,-0.0866233019635274,992.261249642725,-0.0016642325065276,436.9648850213907,0.1289700878942312,909.5883716601202,-1000.0,-3.248465356420752,-0.1443721699392881,-0.0114998466199267,959.2941591137968,-382.6631440342293,-0.1289700878942312,-0.0056750328471935, Neutralism,Healthy
SRR13077857.bin.13.fbc2XSRR13077857.bin.19.fbc2 ,-0.0856686178866539,-0.0856686178866539,10.7831360905991,-0.0016458908335152,-1000.0,999.8714888437156,-245.77379184969004,-15.06297071346296,-3.212663694747448,-0.1427810298112035,-0.0113731056599135,10.175892897011636,-328.73667745195576,-999.8714888437156,-0.0056124877423826,-0.0888266031324747,-0.0888266031324747,28.952395596316364,-0.0017065629804164,999.8667515624866,-1000.0,962.881392819123,858.2652205447002,-3.331091478431404,-0.1480443385540866,-0.0117923501949235,23.87229891611048,-434.3652530958996,1000.0,-0.0058193797633521, Neutralism,Healthy
SRR13077857.bin.23.fbc2XSRR13077857.bin.5.fbc2 ,-0.0750477333860999,-0.0750477333860999,859.6642707510878,-0.0014418392581774,-1000.0,999.8874211907246,280.8766979854597,-22.136284180737107,-2.8143693031377097,-0.1250795556435378,-0.0099631092737126,871.3908175243796,0.0016076507728257,-999.8874211907244,-0.0049166718702053,-0.0915415080944512,-0.0915415080944512,140.33572924891223,-0.0017587225378292,999.53518241037,0.1125788092755328,719.1233020145403,-925.6333945326838,-3.4329032832827124,-0.1525691801574566,-0.0121527727364991,-5.527770459777798,-535.0126140068974,-0.1125788092755328,-0.0059972438540398, Competition,Healthy
SRR13077857.bin.2.fbc2XSRR13077857.bin.30.fbc2 ,-0.0001540954077654,-0.0001540954077654,1.7681780241908882,-2.9605265581267304e-06,999.9995700427272,-1000.0,-3.323995252503209,996.4620402097066,-0.0057787406191209,-0.0002568256795711,-2.0457238520066312e-05,3.471771317603384,-500.0002174260051,1000.0,-1.0095395623466176e-05,-0.0889917097124453,-0.0889917097124453,998.231821975809,-0.0017097350569201,0.0,0.0,-419.6637386606096,-1000.0,-3.3372831496454864,-0.1483195161874846,-0.0118142692432456,1.5339364081465874,-0.9986961504295097,0.0,-0.0058301965441387, Amensalism,Healthy
SRR13077857.bin.5.fbc2XSRR13077857.bin.19.fbc2 ,-0.1264877673365845,-0.1264877673365845,972.4257028975716,-0.0024301204099401,-1000.0,999.8102561983932,561.9816266278194,-505.0640179112905,-4.743424931742652,-0.2108129455608605,-0.0167921320326058,9.250350545190829,-490.04436762140335,-999.8102561983932,-0.0082867105978721,-0.0887962200959009,-0.0887962200959009,27.57429710242832,-0.001705979252506,999.86679713996,-1000.0,438.0183733721806,-23.240845374134096,-3.3299520824547244,-0.1479937001598728,-0.0117883166352612,41.79914448552381,-287.51052467343175,1000.0,-0.0058173892512058, Neutralism,Healthy
SRR13077857.bin.1.fbc2XSRR13077857.bin.8.fbc2 ,-0.0804247495265144,-0.0804247495265144,606.9106426979331,-0.0015451440831384,-1000.0,999.8793551499898,-492.2231077920168,-801.6600977422308,-3.016013090170304,-0.1340412492108953,-0.0106769456143638,815.6529431419747,-283.5457466224881,-999.8793551499898,-0.0052689413234929,-0.106650598623105,-0.106650598623105,393.0893573020669,-0.0020490028554149,0.0,-0.2975766846882379,-185.79913907907587,-198.33990225776915,-3.99951014352132,-0.1777509977050613,-0.0141586097307708,184.34705685802533,-285.33169199826466,0.2975766846882379,-0.0069870997368752, Competition,Healthy
SRR13077857.bin.33.fbc2XSRR13077857.bin.35.fbc2 ,-0.1367617933357223,-0.1367617933357223,861.678553103543,-0.0026275080372215,-1000.0,999.7948441724564,-35.85643322601618,1000.0,-5.128711763029855,-0.2279363222261281,-0.0181560805369827,379.98026423578494,-0.2279625973064867,-999.7948441724564,-0.0089598024068209,-0.0848691565109902,-0.0848691565109902,138.32144689645702,-0.0016305313450857,0.0,-0.1273118874231613,-964.1435667739838,-872.1944924512509,-3.182683048384888,-0.1414485941849079,-0.0112669715944093,620.019735764215,-0.0018180424497131,0.1273118874231613,-0.0055601118866661, Amensalism,Healthy
SRR13077857.bin.12.fbc2XSRR13077857.bin.30.fbc2 ,-0.0857914981218073,-0.0857914981218073,5.36204280393531,-0.0016482516449514,-1000.0,999.8713045115592,-352.30543857352666,34.25092397145795,-3.2172718334071533,-0.1429858302029742,-0.0113894188668837,1000.0,-292.27330180586466,-999.8713045115592,-0.0056205381093832,-0.0886698032111326,-0.0886698032111326,994.6379571960648,-0.0017035504939713,1000.0,-1000.0,-647.6945614264733,-994.9014237891774,-3.3252113156964924,-0.1477830053519255,-0.011771533913361,0.0,-0.9961615822536488,1000.0,-0.0058091071844046, Neutralism,Healthy
SRR13077857.bin.3.fbc2XSRR13077857.bin.2.fbc2 ,-0.0854762354032345,-0.0854762354032345,627.0619988160654,-0.0016421947243543,0.0,-0.1282225640784418,-304.4734630309297,-196.37777365152888,-3.205449148331013,-0.1424603923387621,-0.0113475655454067,271.08142188191323,-0.142476814285942,0.1282225640784418,-0.0055998840100528,-0.0325012711206227,-0.0325012711206227,372.9380011839346,-0.0006244240369142,-1000.0,999.909314897121,-695.5265369690703,-383.09245980286926,-1.218832010344272,-0.0541687852009999,-0.004314770094993,728.9185781180868,-0.0541750294413532,-999.9093148971212,-0.0021292859657933, Competition,Healthy
SRR13077857.bin.25.fbc2XSRR13077857.bin.5.fbc2 ,-0.0860006109223832,-0.0860006109223832,8.195734300714776,-0.0016522691819318,-809.9801418442248,1000.0,52.392532231928726,-69.04375645034997,-3.2251137843950346,-0.1433343515373053,-0.0114171800474878,1000.0,-122.79799784324632,-1000.0,-0.0056342379106126,-0.12805492184998,-0.12805492184998,991.8042656992852,-0.0024602290461643,1000.0,-1000.0,947.6074677680712,-199.57810712244805,-4.802194881971332,-0.2134248697499288,-0.017000182708557,0.0,-460.1448132240272,1000.0,-0.008389381047209, Neutralism,Healthy
SRR13077857.bin.35.fbc2XSRR13077857.bin.23.fbc2 ,-0.1283615708882735,-0.1283615708882735,528.369300637738,-0.002466120478175,-0.1925546869348409,0.0,-683.3784892630059,-1000.0,-4.813694544938585,-0.2139359514804937,-0.0170408925041556,543.1761533013255,-0.0027497243331708,0.0,-0.0084094708305428,-0.0409718781116907,-0.0409718781116907,471.630699362262,-0.0007871638446204,-940.7567839422344,1000.0,-316.6215107369941,0.0,-1.5364887231997957,-0.0682864635194846,-0.0054393021662235,456.8238466986745,-14.82529176500134,-1000.0,-0.0026842287101089, Competition,Healthy
SRR13077857.bin.24.fbc2XSRR13077857.bin.21.fbc2 ,-0.0417471387854675,-0.0417471387854675,0.0,-0.000802058382078,0.0,0.0,-948.3960870423128,596.6456553498874,-1.565561817665298,-0.0695785646423701,-0.0055422234199795,-7.160857440736777,-383.71810966371913,0.0,-0.0027350190828201,-0.1711967437381645,-0.1711967437381645,1000.0,-0.0032890824925289,-1000.0,1000.0,1000.0,403.3543446501126,-6.420058789718269,-0.2853279062302363,-0.022727560023668,-2.621486455443346,-616.2818903362809,-1000.0,-0.0112157712997031, Amensalism,Healthy
SRR13077857.bin.23.fbc2XSRR13077857.bin.30.fbc2 ,-0.0001543599721571,-0.0001543599721571,1.7681780241908882,-2.965609496641264e-06,-200.78036916353085,1000.0,1000.0,-0.0455673900120245,-0.005788662066152,-0.0002572666203377,-2.049236138645938e-05,1.7239605417097437,-199.8049622911593,-1000.0,-1.0112728205058374e-05,-0.0889917097124453,-0.0889917097124453,998.231821975809,-0.0017097350569201,1000.0,-1000.0,-901.7095389017676,-999.954432609988,-3.3372831496454864,-0.1483195161874846,-0.0118142692432456,1.4883690181339944,-0.998696150429396,1000.0,-0.0058301965441387, Amensalism,Healthy
SRR13077857.bin.41.fbc2XSRR13077857.bin.1.fbc2 ,-0.085058620366567,-0.085058620366567,997.2755917107633,-0.001634171380715,-1000.0,999.8724038985932,-918.1130412587,-516.726291793166,-3.189788143172109,-0.1417643672775739,-0.0112921242407537,3.204806178160993,-244.5755459498652,-999.8724038985932,-0.0055725244083078,-0.0412842012351575,-0.0412842012351575,2.7244082892368624,-0.0007931642888934,999.938069732326,-1000.0,-81.88695874130008,-483.2737082068341,-1.5482011703563785,-0.0688070020586337,-0.0054807652360295,996.7951938218388,-500.0,1000.0,-0.0027046902249594, Amensalism,Healthy
SRR13077857.bin.3.fbc2XSRR13077857.bin.18.fbc2 ,-0.1005667389246127,-0.1005667389246127,963.87355638523,-0.0019321179428288,-1000.0,999.8491402310232,-287.1914899512716,-628.914702645514,-3.771358976157785,-0.1676112315409454,-0.0133509349849418,988.1813166206572,-0.1676305527203112,-999.8491402310234,-0.0065885221850976,-0.1129876646190268,-0.1129876646190268,36.12644361476987,-0.0021707524422254,0.0,-0.1694923506906889,206.85032728855185,1000.0,-4.237156814597029,-0.1883127743650448,-0.0149998993758799,11.818683379342929,-484.1189323505516,0.1694923506906889,-0.007402265828091, Neutralism,Healthy
SRR13077857.bin.31.fbc2XSRR13077857.bin.1.fbc2 ,-0.0907468781897478,-0.0907468781897478,291.4053333203492,-0.0017434558729974,-1000.0,1000.0,504.07342732113057,-126.9356522691213,-3.403103822187063,-0.1512447969828372,-0.01204728008247,0.7548466547746102,-285.8995802044683,-1000.0,-0.0059451845269222,-0.0906191452290841,-0.0906191452290841,708.5946666796508,-0.0017410018296004,999.8640625771473,-1000.0,-584.2932256924283,-873.0643477308787,-3.3983137011927056,-0.1510319087152538,-0.0120303226423175,999.2451533452254,-351.3072845676669,1000.0,-0.0059368162388864, Competition,Healthy
SRR13077857.bin.21.fbc2XSRR13077857.bin.5.fbc2 ,-0.1591843210611614,-0.1591843210611614,859.6642707510878,-0.0030582962739345,-1000.0,1000.0,867.5444862213485,410.8180892310752,-5.969580246087276,-0.2653072017685645,-0.0211328272532682,-2.435504820753863,-693.0355918927847,-1000.0,-0.0104287902943269,-0.0915415080944512,-0.0915415080944512,140.33572924891223,-0.0017587225378292,1000.0,-912.5450623790824,-490.4014411099116,-13.440570933956336,-3.4329032832827124,-0.1525691801574566,-0.0121527727364991,-5.527770459777798,-306.96440810721526,912.5450623790824,-0.0059972438540398, Amensalism,Healthy
SRR13077857.bin.12.fbc2XSRR13077857.bin.24.fbc2 ,-0.0895456002066339,-0.0895456002066339,755.6224753429706,-0.0017203765650037,-1000.0,999.8656729978072,0.0,-8.008748596539476,-3.3580546284589445,-0.1492426670109807,-0.0118878020639385,1000.0,-312.9162236846648,-999.8656729978072,-0.0058664840865958,-0.0855632847752758,-0.0855632847752758,244.37752465702945,-0.0016438671426612,1000.0,-1000.0,-6.742321085609774,1000.0,-3.2087135917674914,-0.1426054746254976,-0.0113591219558202,-137.1039922096354,-430.1559903692871,1000.0,-0.0056055869564488, Neutralism,Healthy
SRR13077857.bin.7.fbc2XSRR13077857.bin.2.fbc2 ,-0.1778050210976971,-0.1778050210976971,1000.0,-0.0034160426723701,999.5038881226895,0.0,-846.6139695244656,1000.0,-6.66787617350883,-0.2963417018294194,-0.0236048548662211,1000.0,-734.7883716740445,0.0,-0.0116487055128118,0.0,0.0,0.0,0.0,-1000.0,1000.0,0.0,0.0,0.0,0.0,0.0,0.0,0.0,-1000.0,0.0, Amensalism,Healthy
SRR13077857.bin.21.fbc2XSRR13077857.bin.3.fbc2 ,-0.1545834285915361,-0.1545834285915361,805.9145340802502,-0.0029699025666332,1000.0,-1000.0,1000.0,572.8577323456052,-5.797041916825833,-0.257639047652674,-0.0205220267351933,-2.365111607938502,-709.3045652846864,1000.0,-0.0101273677521476,-0.0491344963306801,-0.0491344963306801,194.08546591974985,-0.0009439864809337,-1000.0,999.9262935355714,-1000.0,-408.6531493077512,-1.8425955316575937,-0.081890827217876,-0.0065229465830043,1000.0,-290.6954347153136,-999.9262935355716,-0.0032189938998499, Amensalism,Healthy
SRR13077857.bin.12.fbc2XSRR13077857.bin.18.fbc2 ,-0.0895456002066339,-0.0895456002066339,10.594870260295806,-0.0017203765650037,999.8656729978072,-1000.0,-1000.0,-8.008748596537544,-3.3580546284589445,-0.1492426670109807,-0.0118878020639385,812.5652859573067,-348.05925360709284,1000.0,-0.0058664840865958,-0.113463233411494,-0.113463233411494,55.92065432161803,-0.0021798892106517,-1000.0,999.8297942504367,0.0,339.7442545025019,-4.254991146837369,-0.1891053890191187,-0.0150630344452338,22.278445933392504,-483.4675005186661,-999.8297942504367,-0.0074334222081233, Neutralism,Healthy
SRR13077857.bin.24.fbc2XSRR13077857.bin.3.fbc2 ,-0.0855632847752758,-0.0855632847752758,0.1880857989060587,-0.0016438671426612,1000.0,-1000.0,0.0,1000.0,-3.2087135917674914,-0.1426054746254976,-0.0113591219558202,-8.105908880444304,-500.16737855246544,1000.0,-0.0056055869564488,-0.1019564559109085,-0.1019564559109085,999.811914201094,-0.001958817596801,-1000.0,999.8470555220456,-1000.0,-43.79673246290827,-3.823474831626868,-0.1699274265181429,-0.013535429593503,1000.0,-5.686829419484184,-999.8470555220456,-0.0066795680048699, Neutralism,Healthy
SRR13077857.bin.12.fbc2XSRR13077857.bin.19.fbc2 ,-0.0895456002066339,-0.0895456002066339,2.8440405183775965,-0.0017203765650037,-1000.0,999.8656729978072,-769.504203446511,-8.00874859653834,-3.3580546284589445,-0.1492426670109807,-0.0118878020639385,962.2925438044854,-287.6583523110794,-999.8656729978072,-0.0058664840865958,-0.0888266031324747,-0.0888266031324747,997.1559594816224,-0.0017065629804164,999.8667515624866,-1000.0,1000.0,631.2864183297811,-3.331091478431404,-0.1480443385540866,-0.0117923501949235,37.707456195514624,-569.8718938321581,1000.0,-0.0058193797633521, Neutralism,Healthy
SRR13077857.bin.21.fbc2XSRR13077857.bin.30.fbc2 ,-0.0874241810430476,-0.0874241810430476,21.329392252371463,-0.0016796192323909,0.0,0.0,1000.0,877.5583974028459,-3.278499168172744,-0.1457069684050793,-0.0116061688954687,-8.443412288566265,-883.7567496246013,0.0,-0.0057275015822142,-0.0872478403427976,-0.0872478403427976,978.6706077476284,-0.0016762313226763,-1000.0,1000.0,-431.0359286494751,-1000.0,-3.271886205575811,-0.1454130672378824,-0.0115827584393173,21.099740802990937,-0.979125837284414,-1000.0,-0.0057159488101206, Amensalism,Healthy
SRR13077857.bin.3.fbc2XSRR13077857.bin.5.fbc2 ,-0.0959115380758248,-0.0959115380758248,857.5366145981382,-0.0018426808468348,-1000.0,999.856123479482,-1000.0,-83.82433405943743,-3.596784025289935,-0.1598525634597081,-0.0127329246513454,1000.0,-155.41037519730585,-999.856123479482,-0.0062835416875941,-0.0917015142098307,-0.0917015142098307,142.46338540186184,-0.0017617966226453,1000.0,-917.0981048076404,0.0,-11.850610465590648,-3.4389036816828598,-0.1528358570163845,-0.0121740146626052,-2.310525798762683,-306.0555682981492,917.0981048076404,-0.0060077264832898, Amensalism,Healthy
SRR13077857.bin.25.fbc2XSRR13077857.bin.13.fbc2 ,-0.0863095886016935,-0.0863095886016935,381.26145143517306,-0.0016582053525553,-227.1436184918796,1000.0,0.0,-486.6796034532566,-3.236700773857251,-0.1438493143361938,-0.0114581989863609,992.8502337601146,-624.5434048234083,-1000.0,-0.0056544802522466,-0.0856686178866539,-0.0856686178866539,10.442634194952234,-0.0016458908335152,999.8714888437156,-1000.0,-1000.0,443.4624139651494,-3.212663694747448,-0.1427810298112035,-0.0113731056599135,7.149766239885366,-375.4565951765917,1000.0,-0.0056124877423826, Neutralism,Healthy
SRR13077857.bin.31.fbc2XSRR13077857.bin.8.fbc2 ,-0.1086309438313719,-0.1086309438313719,606.910642697934,-0.0020870498334488,1000.0,-1000.0,527.7915791566234,-448.1123276657198,-4.073775181417659,-0.1810515730522865,-0.0144215143491237,99.98789320393462,-285.93609737058546,1000.0,-0.0071168399321095,-0.106650598623105,-0.106650598623105,393.089357302066,-0.0020490028554149,-1000.0,999.7024233153118,-108.5920397565493,-198.33990225776316,-3.99951014352132,-0.1777509977050613,-0.0141586097307708,184.34705685802533,-285.33169199826466,-999.7024233153118,-0.0069870997368752, Competition,Healthy
SRR13077857.bin.41.fbc2XSRR13077857.bin.13.fbc2 ,-0.0836862885505524,-0.0836862885505524,983.9432539652398,-0.0016078057358299,-1000.0,999.8744625281456,-1000.0,-613.2995219032949,-3.138324249959624,-0.1394771475842162,-0.0111099376346146,108.3817466673413,-137.8778459944249,-999.8744625281456,-0.0054826175592097,-0.084342287531399,-0.084342287531399,16.056746034760067,-0.0016204089823759,999.873478466658,-1000.0,730.8725100495319,-4.421007961422788,-3.162924904923329,-0.1405704792190363,-0.0111970260680891,15.060340347421745,-329.82476301760585,1000.0,-0.0055255946298302, Neutralism,Healthy
SRR13077857.bin.31.fbc2XSRR13077857.bin.24.fbc2 ,-0.1271158746300216,-0.1271158746300216,999.811914201094,-0.0024421877931217,-1000.0,1000.0,687.00851050753,-979.356327329622,-4.766979618953542,-0.2118597910499602,-0.0168755176501917,1.0573696268934327,-285.9738414329347,-1000.0,-0.0083278603743792,-0.0855632847752758,-0.0855632847752758,0.1880857989060587,-0.0016438671426612,0.0,0.0,-154.86781197160064,1000.0,-3.2087135917674914,-0.1426054746254976,-0.0113591219558202,-12.428243829333724,-500.16737855246544,0.0,-0.0056055869564488, Neutralism,Healthy
SRR13077857.bin.35.fbc2XSRR13077857.bin.3.fbc2 ,-0.1146569376363686,-0.1146569376363686,366.7169204224492,-0.0022028230093837,-1000.0,999.8280035794304,-1000.0,-998.47472046934,-4.299756316627509,-0.1910948960605765,-0.0152215069945214,574.8012330148686,-0.0024561476553799,-999.8280035794304,-0.0075116264619055,-0.0811230638973938,-0.0811230638973938,633.2830795775508,-0.0015585603053978,0.0,-0.1216923886476024,0.0,-1.5252795306601,-3.042200616969353,-0.1352051064956185,-0.0107696517104614,425.1987669851314,-0.1352206920987555,0.1216923886476024,-0.0053146906415122, Competition,Healthy
SRR13077857.bin.21.fbc2XSRR13077857.bin.18.fbc2 ,-0.1691620212142197,-0.1691620212142197,976.2283416046708,-0.0032499908014642,1000.0,-1000.0,877.2364983287575,68.57117757759511,-6.343754545026741,-0.2819367020236996,-0.0224574364378895,-23.002557394974247,-515.582880433939,1000.0,-0.0110824686328214,-0.1121591274913953,-0.1121591274913953,23.77165839532927,-0.0021548343418089,-1000.0,999.8317505345912,122.76350167124248,340.94463804110933,-4.206085796815614,-0.1869318791523255,-0.0148899053019704,5.535920262521472,-484.41711956606105,-999.8317505345912,-0.007347985105639, Neutralism,Healthy
SRR13077857.bin.41.fbc2XSRR13077857.bin.31.fbc2 ,-0.0686553634051279,-0.0686553634051279,804.9544874918954,-0.00131902715475,-1000.0,999.8970103597568,-898.8950092104901,-574.8999306360972,-2.5746486741846866,-0.1144256056751373,-0.0091144776394003,163.32982590746724,-39.57076413495929,-999.8970103597566,-0.004497882597775,-0.0844865689120979,-0.0844865689120979,195.0455125081046,-0.0016231809589726,1000.0,-1000.0,1.301559207417199,-19.398242830322488,-3.168335609154724,-0.1408109481867541,-0.0112161804261177,18.82545473353696,-285.8867973866003,1000.0,-0.005535047069884, Competition,Healthy
SRR13077857.bin.33.fbc2XSRR13077857.bin.30.fbc2 ,-0.1404419254536151,-0.1404419254536151,888.8088068223096,-0.0026982118242813,-1000.0,999.7893236207606,-362.5133393794763,1000.0,-5.266720606162266,-0.234069875756063,-0.0186446437057838,409.0880433631464,-0.2340968578743059,-999.7893236207605,-0.0092009023207992,-0.0099126216656486,-0.0099126216656486,111.19119317769037,-0.0001904442202658,1000.0,-1000.0,-637.4866606205237,-702.1292415541645,-0.371733786893742,-0.0165210361094523,-0.0013159695621425,590.9119566368536,-0.1112429138638617,1000.0,-0.0006494147911553, Amensalism,Healthy
SRR13077857.bin.33.fbc2XSRR13077857.bin.7.fbc2 ,-0.1055741137721497,-0.1055741137721497,598.5281573039083,-0.0020283211099467,-1000.0,999.8416286877364,-1000.0,327.5629674894208,-3.9591408241159343,-0.1759568562869162,-0.0140156988696844,597.4512337763344,0.0,-999.8416286877364,-0.0069165749848707,-0.0881419445086066,-0.0881419445086066,401.4718426960917,-0.001693409116342,999.4594931192296,0.1583713122637391,793.0556799448659,672.4370325105792,-3.305416056572426,-0.1469032408475641,-0.0117014569942739,402.5487662236656,-860.5645140973517,-0.1583713122637391,-0.0057745250869629, Competition,Healthy
SRR13077857.bin.12.fbc2XSRR13077857.bin.3.fbc2 ,-0.086787266416195,-0.086787266416195,10.268509293636043,-0.0016673826401074,999.8698107634624,-1000.0,-842.8927561764976,23.041627813119817,-3.254614196654188,-0.1446454440271054,-0.0115216140429765,1000.0,-290.8097482485473,1000.0,-0.0056857748027141,-0.1011372342702543,-0.1011372342702543,989.731490706364,-0.0019430784682299,-1000.0,999.8482844332024,-157.10724382350236,-25.577713416261304,-3.792753154449997,-0.1685620571171284,-0.0134266722153597,0.0,-562.226621341008,-999.8482844332024,-0.0066258975765549, Neutralism,Healthy
SRR13077857.bin.24.fbc2XSRR13077857.bin.30.fbc2 ,-0.0855623545892285,-0.0855623545892285,2.027330344371194,-0.0016438492716588,0.0,0.0,-99.98033471190764,1000.0,-3.2086787088051096,-0.1426039243153809,-0.0113589984671307,-15.16251812602627,-499.8131745729599,0.0,-0.0056055260163248,-0.0889686064537045,-0.0889686064537045,997.9726696556288,-0.0017092911903091,-1000.0,1000.0,-900.0196652880924,-998.2390535059144,-3.336416753030676,-0.14828101075625,-0.011811202124818,0.0322030460247333,-0.9984368775641316,-1000.0,-0.0058286829588496, Neutralism,Healthy
SRR13077857.bin.36.fbc2XSRR13077857.bin.39.fbc2 ,0.0,0.0,0.0,0.0,-1000.0,1000.0,0.0,0.0,0.0,0.0,0.0,0.0,0.0,-1000.0,0.0,-0.1328360837350146,-0.1328360837350146,1000.0,-0.0025520861428276,999.8007331139668,-1000.0,-1000.0,95.21239826246824,-4.981493504800369,-0.2213934728916911,-0.017634915247072,-4.09163210851375,-351.4676687988697,1000.0,-0.0087026137471184, Amensalism,Healthy
SRR13077857.bin.1.fbc2XSRR13077857.bin.23.fbc2 ,-0.0407831717177487,-0.0407831717177487,67.02698592041247,-0.0007835383615883,-1000.0,999.9388213247316,27.303464072847877,-936.8998832970108,-1.5294120340266772,-0.0679719528629902,-0.0054142500781608,161.04123760621496,0.0,-999.9388213247316,-0.002671865812772,-0.0801344733687301,-0.0801344733687301,932.9730140795876,-0.0015395672116937,127.88704631989094,0.0611786752684793,347.5601121006862,-63.100116702989226,-3.005127427523689,-0.1335574556145502,-0.0106384094327722,838.958762393785,-41.5915385292443,-0.0611786752684793,-0.005249924191844, Amensalism,Healthy
SRR13077857.bin.33.fbc2XSRR13077857.bin.31.fbc2 ,-0.1304722564359508,-0.1304722564359508,804.9544874918952,-0.0025066715934372,-1000.0,999.8042790819882,73.01424828390896,237.18340696394444,-4.892847483284868,-0.2174537607265847,-0.0173211007103191,473.4803641825968,0.0,-999.8042790819882,-0.0085477501334025,-0.0844865689120979,-0.0844865689120979,195.0455125081048,-0.0016231809589726,1000.0,-1000.0,499.59391602729465,-19.39824283032192,-3.168335609154724,-0.1408109481867541,-0.0112161804261177,18.82545473353639,-285.8867973866003,1000.0,-0.005535047069884, Competition,Healthy
SRR13077857.bin.5.fbc2XSRR13077857.bin.2.fbc2 ,-0.1065068946887777,-0.1065068946887777,488.3680943531699,-0.0020462419728346,1000.0,-1000.0,342.5769587692639,243.9745119985619,-3.994121094138677,-0.1775114911480386,-0.0141395320326864,-2.6835644977634274,-977.2046297655884,1000.0,-0.0069776851275946,-0.0445883423694795,-0.0445883423694795,511.6319056468301,-0.0008566444258804,-1000.0,999.8755895300228,-954.1896143802126,-1000.0,-1.672109954298321,-0.0743139039491325,-0.0059194129831894,1000.0,-14.93206833260126,-999.8755895300228,-0.0029211574924374, Amensalism,Healthy
SRR13077857.bin.41.fbc2XSRR13077857.bin.12.fbc2 ,-0.0850484168155389,-0.0850484168155389,997.1559594816226,-0.0016339753470901,-1000.0,999.8724192049,-1000.0,-598.6614005062339,-3.189405499227746,-0.1417473613593074,-0.0112907696483262,85.2015164390325,-162.5491121941957,-999.8724192049,-0.0055718559335673,-0.0895456002066339,-0.0895456002066339,2.844040518377483,-0.0017203765650037,999.8656729978072,-1000.0,0.0,-8.008748596543,-3.3580546284589445,-0.1492426670109807,-0.0118878020639385,505.5341359576453,-400.1602232341934,1000.0,-0.0058664840865958, Neutralism,Healthy
SRR13077857.bin.24.fbc2XSRR13077857.bin.18.fbc2 ,-0.0855632847752758,-0.0855632847752758,839.0305480416819,-0.0016438671426612,1000.0,-1000.0,-1000.0,660.2557454974983,-3.2087135917674914,-0.1426054746254976,-0.0113591219558202,-66.66129780466713,-500.16737855246544,1000.0,-0.0056055869564488,-0.113463233411494,-0.113463233411494,55.92065432161803,-0.0021798892106517,-1000.0,999.8297942504367,856.6497902822989,339.7442545025017,-4.254991146837369,-0.1891053890191187,-0.0150630344452338,23.19535093315301,-483.4675005186661,-999.8297942504367,-0.0074334222081233, Neutralism,Healthy
SRR13077857.bin.36.fbc2XSRR13077857.bin.30.fbc2 ,-0.0001326145690704,-0.0001326145690704,1.497446846838443,-2.5478303375686325e-06,-1000.0,999.9996299786,1.6333619899808127,-1.5042079477702828,-0.0049731864708103,-0.000221024281784,-1.76055076508419e-05,5.095660675137265e-06,-0.750695380404773,-999.9996299786,-8.688101451109036e-06,-0.0889914884183443,-0.0889914884183443,998.2293396902968,-0.0017097308053476,1000.0,-1000.0,-900.2511426478586,-998.4957920522296,-3.337274850882205,-0.1483191473639071,-0.0118142398649521,0.0322113283727494,-0.9986936669892488,1000.0,-0.0058301820462354, Amensalism,Healthy
SRR13077857.bin.33.fbc2XSRR13077857.bin.21.fbc2 ,-0.140480244011087,-0.140480244011087,889.244728647689,-0.0026989480116981,-1000.0,999.7892661392434,-910.921334617958,343.08555849391905,-5.268157592557941,-0.2341337400185921,-0.0186497307611261,409.1798035806192,-0.9269312033990218,-999.7892661392432,-0.0092034127200122,-0.0950788948931631,-0.0950788948931631,110.75527135231096,-0.0018266838595764,1000.0,-1000.0,708.2953272319216,656.914441506081,-3.565559026105348,-0.1584648248218627,-0.0126223854699674,-1.4546979584458768,-634.8134413172834,1000.0,-0.0062289919612794, Amensalism,Healthy
SRR13077857.bin.24.fbc2XSRR13077857.bin.5.fbc2 ,-0.0855632847752758,-0.0855632847752758,0.1880857989063997,-0.0016438671426612,-1000.0,1000.0,-542.7542248487674,1000.0,-3.2087135917674914,-0.1426054746254976,-0.0113591219558202,-8.105908880444304,-500.16737855246544,-1000.0,-0.0056055869564488,-0.1283976644601807,-0.1283976644601807,999.8119142010936,-0.002466813918545,999.8073911692402,-1000.0,1000.0,-300.46734436939096,-4.81504809202022,-0.2139961074335588,-0.0170456841771056,9.390025853487828,-318.5363317360175,1000.0,-0.0084118354621978, Neutralism,Healthy
SRR13077857.bin.41.fbc2XSRR13077857.bin.2.fbc2 ,-0.0781218819613513,-0.0781218819613513,915.9453295015178,-0.0015009007100843,999.8828096725542,-1000.0,-843.2386785409628,-923.5416218857606,-2.929653123090929,-0.1302031366022902,-0.0103712239068727,6.261262465357277,-0.1520012179155401,1000.0,-0.0051180714215206,-0.007325302399181,-0.007325302399181,84.05467049848221,-0.0001407358770393,-1000.0,999.9795609285796,-156.76132145903716,828.329022551045,-0.2747065804429667,-0.0122088373319684,-0.0009724849102212,164.2873901544824,-498.1424139887641,-999.9795609285796,-0.0004799093406973, Amensalism,Healthy
SRR13077857.bin.35.fbc2XSRR13077857.bin.21.fbc2 ,-0.1588402468646563,-0.1588402468646563,891.2713153439836,-0.0030516858187183,-1000.0,999.761724371274,-1000.0,-1000.0,-5.956677100142883,-0.2647337447743894,-0.0210871490073714,879.1107440755168,-0.0034026296879119,-999.761724371274,-0.010406248641857,-0.0949054222763834,-0.0949054222763834,108.7286846560164,-0.0018233510523941,1000.0,-1000.0,1000.0,0.0,-3.5590536196727958,-0.1581757037939724,-0.0125993557719539,-1.4520438440735006,-452.6500711606234,1000.0,-0.0062176270886311, Amensalism,Healthy
SRR13077857.bin.23.fbc2XSRR13077857.bin.13.fbc2 ,-0.0872974562390709,-0.0872974562390709,999.9836193603242,-0.0016771845579341,-973.9390254472332,1000.0,168.48644730798878,-25.77039357208514,-3.273746854117121,-0.1454957603984894,-0.0115893452951922,974.9766587683072,-23.817087923491957,-1000.0,-0.0057191993424794,-0.085261229514117,-0.085261229514117,0.0163806396759582,-0.0016380639675617,999.872099965409,-1000.0,768.9701684327197,-7.255902628367039,-3.19738620029716,-0.1421020491901572,-0.0113190220162096,7.115766255937956,-326.8215796738366,1000.0,-0.005585798129573, Neutralism,Healthy
SRR13077857.bin.35.fbc2XSRR13077857.bin.18.fbc2 ,-0.1659754447151726,-0.1659754447151726,976.2283416046708,-0.0031887693509133,-1000.0,999.7510208890805,-686.7808139541794,-1000.0,-6.224254559134351,-0.2766257411919923,-0.022034396214849,934.1109644108388,-0.0035554778262394,-999.7510208890805,-0.0108737034865953,-0.1121591274913953,-0.1121591274913953,23.77165839532927,-0.0021548343418089,0.0,-0.1682494654087349,865.9755706592282,339.4070128998235,-4.206085796815614,-0.1869318791523255,-0.0148899053019704,5.535920262522382,-484.41711956606105,0.1682494654087349,-0.007347985105639, Neutralism,Healthy
SRR13077857.bin.24.fbc2XSRR13077857.bin.8.fbc2 ,-0.0855632847752758,-0.0855632847752758,23.48339831174826,-0.0016438671426612,1000.0,-1000.0,627.0703486094253,1000.0,-3.2087135917674914,-0.1426054746254976,-0.0113591219558202,-28.21429589060585,-500.16737855246544,1000.0,-0.0056055869564488,-0.1190639875545684,-0.1190639875545684,671.6283371459258,-0.0022874925563201,-1000.0,999.6677874560507,372.9296513905747,-337.8183437386883,-4.465025345388881,-0.1984399792577278,-0.0158065735639638,322.19682832256467,-286.5113134778255,-999.6677874560507,-0.0078003496169003, Neutralism,Healthy
SRR13077857.bin.24.fbc2XSRR13077857.bin.25.fbc2 ,0.0,0.0,978.6612683459778,0.0,-1000.0,1000.0,-500.0,-971.548357794637,0.0,0.0,0.0,0.0,0.0,-1000.0,0.0,-0.0863095886016935,-0.0863095886016935,21.33873165402224,-0.0016582053525553,999.8705273260708,-1000.0,96.41570352555186,963.0550769612178,-3.236700773857251,-0.1438493143360801,-0.0114581989863609,13.983239477977577,-500.1438658963896,1000.0,-0.0056544802522466, Amensalism,Healthy
SRR13077857.bin.33.fbc2XSRR13077857.bin.41.fbc2 ,-0.140480244011087,-0.140480244011087,889.2447286476881,-0.0026989480116981,-1000.0,999.7892661392434,-61.268344958629086,1000.0,-5.268157592557941,-0.2341337400185921,-0.0186497307611261,402.6123724152112,-0.9269312033990218,-999.7892661392432,-0.0092034127200122,-0.0094464265022224,-0.0094464265022224,110.75527135231188,-0.0001814875408854,999.985829452809,-1000.0,-101.9649666235416,-111.67512507304514,-0.3542509756479148,-0.0157440441703329,-0.0012540789074364,0.7571061296159769,-0.0157458590457508,1000.0,-0.0006188725143374, Amensalism,Healthy
SRR13077857.bin.36.fbc2XSRR13077857.bin.2.fbc2 ,-0.0881623908895136,-0.0881623908895136,995.5052086103404,-0.0016938019383191,-0.2459908555020953,0.0,97.1249829349456,-1000.0,-3.3061828174633683,-0.1469373181491893,-0.0117041713937737,988.7402314207714,-499.0635646603808,0.0,-0.0057758646096684,-0.0003917177469768,-0.0003917177469768,4.494791389659554,-7.525797252197364e-06,999.998907028465,-1000.0,-8.382751770331083,991.0197404166328,-0.0146898294304816,-0.0006528629116281,-5.200325901268378e-05,8.785205418291838,-500.0005527070932,1000.0,-2.566296862999487e-05, Amensalism,Healthy
SRR13077857.bin.39.fbc2XSRR13077857.bin.5.fbc2 ,-0.1141944350534913,-0.1141944350534913,859.6642707510878,-0.0021939372728638,-1000.0,999.8286973777336,347.2188167193183,79.17185562983354,-4.282411981055475,-0.1903240584224477,-0.0151601065556405,-9.29588774018066,-476.7334727847244,-999.8286973777334,-0.0074813261005601,-0.0915415080944512,-0.0915415080944512,140.33572924891223,-0.0017587225378292,1000.0,-912.545062379082,509.5985588900892,-13.440570933956565,-3.4329032832827124,-0.1525691801574566,-0.0121527727364991,-5.527770459777798,-306.9644081072154,912.545062379082,-0.0059972438540398, Competition,Healthy
SRR13077857.bin.24.fbc2XSRR13077857.bin.19.fbc2 ,-0.0855632847752758,-0.0855632847752758,868.6749620638518,-0.0016438671426612,-1000.0,1000.0,-1000.0,131.7803891346639,-3.2087135917674914,-0.1426054746254976,-0.0113591219558202,-12.095089494867011,-216.39833190538675,-1000.0,-0.0056055869564488,-0.0888266031324747,-0.0888266031324747,131.3250379361482,-0.0017065629804164,999.8667515624866,-1000.0,389.8899092430968,-126.77185110897472,-3.331091478431404,-0.1480443385540866,-0.0117923501949235,37.70745619551485,-287.25451487692624,1000.0,-0.0058193797633521, Neutralism,Healthy
SRR13077857.bin.41.fbc2XSRR13077857.bin.35.fbc2 ,0.0,0.0,0.0,0.0,1000.0,-1000.0,0.0,0.0,0.0,0.0,0.0,0.0,0.0,1000.0,0.0,-0.1679719303898537,-0.1679719303898537,1000.0,-0.003227126424349,-1000.0,999.7480259687832,-661.5716875356463,-1000.0,-6.299124881571515,-0.279953217316347,-0.0222994435926011,1000.0,-0.0035982459631895,-999.7480259687832,-0.0110045011072088, Amensalism,Healthy
SRR13077857.bin.12.fbc2XSRR13077857.bin.36.fbc2 ,-0.0895456002066339,-0.0895456002066339,10.59487026029592,-0.0017203765650037,-1000.0,999.8656729978072,-500.0,-8.008748596537771,-3.3580546284589445,-0.1492426670109807,-0.0118878020639385,685.0375106160564,-287.6583523110794,-999.8656729978072,-0.0058664840865958,-0.0874563204652076,-0.0874563204652076,987.5324576680364,-0.0016802367043737,0.0,-0.2440207765832838,1000.0,-991.9912514034622,-3.279704430464108,-0.1457605341087173,-0.0116104356275172,77.16879284421634,-495.0666900373239,0.2440207765832838,-0.0057296071620385, Neutralism,Healthy
SRR13077857.bin.39.fbc2XSRR13077857.bin.3.fbc2 ,-0.1328360837350146,-0.1328360837350146,1000.0,-0.0025520861428276,999.8007331139668,-1000.0,0.0,-100.22392391041046,-4.981493504800369,-0.2213934728916911,-0.017634915247072,186.9035625190195,-253.74950771243016,1000.0,-0.0087026137471184,-0.0201711535688673,-0.0201711535688673,0.0,-0.000387534170386,-1000.0,999.969741331976,-1000.0,-310.59561311904054,-0.7564395732113098,-0.0336185892814455,-0.0026778611173767,813.0964374809805,-370.1655570655115,-999.969741331976,-0.0013214915210255, Amensalism,Healthy
SRR13077857.bin.1.fbc2XSRR13077857.bin.5.fbc2 ,-0.0940323310526309,-0.0940323310526309,756.649619274483,-0.001806576965464,-1000.0,999.858942470536,-505.0436464628966,-1000.0,-3.526311776207649,-0.1567205517544607,-0.0124834468314247,1000.0,-371.3930280180466,-999.858942470536,-0.0061604274523006,-0.0960196697957371,-0.0960196697957371,243.35038072551697,-0.0018447583054239,1000.0,-1000.0,718.0537186298125,121.48628711228662,-3.60083907904675,-0.1600327829928574,-0.0127472798902772,-2.41932672719156,-293.50965224067545,1000.0,-0.006290625821407, Amensalism,Healthy
SRR13077857.bin.31.fbc2XSRR13077857.bin.25.fbc2 ,-0.1267125802500004,-0.1267125802500004,991.9564213152648,-0.0024344395820889,-1000.0,1000.0,288.65004057981605,-969.903867782523,-4.751855653553093,-0.2111876337500007,-0.0168219775125635,1.0540149614802203,-285.9730179530748,-1000.0,-0.0083014389750815,-0.0859940948862458,-0.0859940948862458,8.04357868473528,-0.0016521439939651,1000.0,-842.7311842833453,31.247343768568957,-30.09613221747702,-3.224869426155351,-0.1433234914771901,-0.0114163149983141,998.9459850385196,-117.6695227346646,842.7311842833453,-0.0056338110194928, Neutralism,Healthy
SRR13077857.bin.41.fbc2XSRR13077857.bin.21.fbc2 ,0.0,0.0,0.0,0.0,-1000.0,1000.0,-500.0,0.0,0.0,0.0,0.0,0.0,0.0,-1000.0,0.0,-0.1711968375849437,-0.1711968375849437,1000.0,-0.0032890842956021,1000.0,-1000.0,1000.0,91.54679195647122,-6.420062309070659,-0.2853280626414971,-0.0227275724824949,-2.619295169627776,-617.1074453890743,1000.0,-0.0112157774478873, Amensalism,Healthy
SRR13077859.bin.36.fbc2XSRR13077859.bin.6.fbc2 ,-0.0085593451677823,-0.0085593451677823,155.10575169669914,-0.0001644446717818,-1000.0,999.9878935832612,253.86776463110664,1000.0,-0.3209844882484276,-0.0142655752796372,-0.0011363126822061,-37.502801588168495,-248.15980174238723,-999.9878935832612,-0.0005607563308558,-0.1653486156121744,-0.1653486156121744,844.8942483033009,-0.0031767265247708,1000.0,-0.4613559931864301,746.1322353688934,-507.9507146079112,-6.200747805415176,-0.2755810260202906,-0.021951180285896,-73.39547083453272,-751.8401982576128,0.4613559931864301,-0.0108326374493117, Amensalism,Healthy
SRR13077859.bin.30.fbc2XSRR13077859.bin.15.fbc2 ,-0.0847311255923841,-0.0847311255923841,8.278483291689327,-0.0016278794541904,1000.0,-1000.0,1000.0,-12.164239688319867,-3.1775067430836543,-0.1412185426539736,-0.0112486470286512,0.0,-498.6752642577414,1000.0,-0.0055510689388711,-0.0885466031521673,-0.0885466031521673,991.7215167083108,-0.0017011835379889,-1000.0,999.8671715893544,-906.192760027914,-60.11380775468479,-3.3205911833000528,-0.1475776719202031,-0.0117551782474265,1000.0,-453.4562154004777,-999.867171589354,-0.0058010358645788, Neutralism,Healthy
SRR13077859.bin.26.fbc2XSRR13077859.bin.15.fbc2 ,-0.0866525382796226,-0.0866525382796226,14.021654261216668,-0.0016647942032932,-1000.0,999.7582219378604,709.3980517932723,-343.8789306219978,-3.2495617491689472,-0.144420897132818,-0.0115037279445004,5.604094669332426,-133.17065304875973,-999.7582219378604,-0.0056769482331446,-0.0880421341191777,-0.0880421341191777,985.9783457387834,-0.001691491529641,0.0,-0.1320716586365051,-355.13318889477296,-144.5918791537382,-3.301673061504971,-0.1467368901986674,-0.0116882064700121,994.3959053306676,-858.7659944320012,0.1320716586365051,-0.0057679861162114, Neutralism,Healthy
SRR13077859.bin.30.fbc2XSRR13077859.bin.9.fbc2 ,-0.0847311255923841,-0.0847311255923841,8.278483291689781,-0.0016278794541904,1000.0,-1000.0,1000.0,-12.164239688318162,-3.1775067430836543,-0.1412185426539736,-0.0112486470286512,-1.0925757138943482,-373.66542639842055,1000.0,-0.0055510689388711,-0.1665627257908681,-0.1665627257908681,991.7215167083102,-0.0032000523686974,-494.9115656826301,1000.0,0.0,-605.4238616350085,-6.246278220037766,-0.2776045429848182,-0.0221123618676983,1000.0,-626.3345736015795,-1000.0,-0.010912178577314, Amensalism,Healthy
SRR13077859.bin.5.fbc2XSRR13077859.bin.10.fbc2 ,-0.255773243322551,-0.255773243322551,996.680277176928,-0.0049139912262035,-1000.0,999.61631556506,-747.4914580098189,1000.0,-9.591766894114356,-0.4262887388709941,-0.0339556793728661,1000.0,-0.4263378787832153,-999.61631556506,-0.0167567100812675,-0.0407157587900428,-0.0407157587900428,3.31972282307197,-0.0007822432044122,999.1727358736445,0.3836844349400508,1000.0,-284.1179395710294,-1.5268839780007966,-0.0678595979833289,-0.0054053005425203,-1.508016271910492,-718.2749024192086,-0.3836844349400508,-0.0026674493270775, Amensalism,Healthy
SRR13077859.bin.6.fbc2XSRR13077859.bin.26.fbc2 ,-0.1681814943775634,-0.1681814943775634,981.9715574781948,-0.0032311526297235,999.3138782124432,0.2168614911406621,643.2743832383424,-523.5740619469225,-6.306983752553833,-0.2803024906293103,-0.0223272646715031,-56.981312355864816,-751.8717259395884,-0.2168614911406621,-0.0110182304673571,-0.0777225133502952,-0.0777225133502952,18.028442521805346,-0.0014932279221966,-1000.0,999.7831385088592,356.72561676165765,-476.4259380530775,-2.914676378173681,-0.1295375222505299,-0.0103182049423367,-7.82442471863601,95.29177605625932,-999.7831385088592,-0.0050919072147053, Amensalism,Healthy
SRR13077859.bin.6.fbc2XSRR13077859.bin.15.fbc2 ,-0.1181055518999301,-0.1181055518999301,26.291123985660988,-0.0022690788068757,-0.3295383151283886,1000.0,1000.0,-40.41525210578448,-4.4290829955837125,-0.1968425864999972,-0.0156793345557844,-982.650402855444,-750.1576385774134,-1000.0,-0.0077375587316055,-0.0869465418035133,-0.0869465418035133,973.708876014339,-0.0016704426859632,-0.130428164918726,0.0,-605.5209330674463,-740.9424186718234,-3.260587191979312,-0.1449109030058935,-0.0115427589598766,984.4179420863134,-249.84236142258655,0.0,-0.0056962095591188, Amensalism,Healthy
SRR13077859.bin.36.fbc2XSRR13077859.bin.26.fbc2 ,-0.0380618729485604,-0.0380618729485604,979.777525935825,-0.0007312559644105,0.0,-0.0538350641013494,-266.0049284105578,1000.0,-1.4273604546507386,-0.0634364549143811,-0.0050529787141613,259.8743786840889,-325.99951858157146,0.0538350641013494,-0.0024935828387242,-0.0871812142689805,-0.0871812142689805,20.22247406417489,-0.00167495128278,-1000.0,999.7567468252008,896.156980052117,-34.40651426072782,-3.269387657407947,-0.1453020237817099,-0.0115739133640317,-7.101692941934516,-391.9579073352961,-999.756746825201,-0.0057115838742447, Amensalism,Healthy
SRR13077859.bin.36.fbc2XSRR13077859.bin.35.fbc2 ,-0.0300884275384305,-0.0300884275384305,564.5059338705362,-0.0005780677721531,-1000.0,999.9574426506172,1000.0,835.106904890426,-1.1283478264174391,-0.0501473792306796,-0.0039944483053204,-112.5655459206281,-601.5330113018103,-999.9574426506172,-0.0019712111029548,-0.1038609320411296,-0.1038609320411296,435.4940661294638,-0.0019954069556433,1000.0,-1000.0,-50.07329587029244,-24.25828208414555,-3.894894698924531,-0.1731015534019206,-0.0137882620634854,10.0454905394962,-398.46698869818965,1000.0,-0.0068043377187905, Competition,Healthy
SRR13077859.bin.14.fbc2XSRR13077859.bin.11.fbc2 ,-0.0417014622839815,-0.0417014622839815,22.270808142371948,-0.0008011808315586,-1000.0,999.9374438006698,-262.6670454018981,-34.66250381652526,-1.5638489005959857,-0.069502437140045,-0.0055361595462954,1000.0,-847.5246290900823,-999.9374438006698,-0.0027320266357264,-0.1623209244709187,-0.1623209244709187,977.729191857628,-0.0031185576267489,1000.0,-1000.0,1000.0,-965.3374961834749,-6.087206188327173,-0.2705348741180842,-0.0215492332006306,0.0,-152.47537090991773,1000.0,-0.0106342815071229, Neutralism,Healthy
SRR13077859.bin.14.fbc2XSRR13077859.bin.26.fbc2 ,-0.0417014622839815,-0.0417014622839815,22.270808142371838,-0.0008011808315586,-1000.0,999.9374438006698,118.1662083972044,-946.9298385854472,-1.5638489005959857,-0.069502437140045,-0.0055361595462954,1000.0,-537.471323372867,-999.9374438006698,-0.0027320266357264,-0.0871812142689805,-0.0871812142689805,23.26112043286571,-0.00167495128278,0.0,-0.2432531747989514,881.8337916027956,-53.07016141455279,-3.269387657407947,-0.1453020237817099,-0.0115739133640317,-7.101692941934516,-372.425843165031,0.2432531747989514,-0.0057115838742447, Neutralism,Healthy
SRR13077859.bin.26.fbc2XSRR13077859.bin.10.fbc2 ,-0.0654935831447574,-0.0654935831447574,15.191831148726124,-0.0012582820969555,-1000.0,999.817259691064,0.0,-555.6917097193511,-2.4560785734450974,-0.1091559719079668,-0.0086947292896866,-6.593322690945911,239.2527598830793,-999.817259691064,-0.0042907419505127,-0.1077381234111953,-0.1077381234111953,984.808168851274,-0.0020698967033467,131.37967357355978,0.1827403089359904,1000.0,-444.30829028064886,-4.040293472238545,-0.1795635390186589,-0.0143029862204002,876.0213922213622,-533.1105920922596,-0.1827403089359904,-0.0070583477585159, Amensalism,Healthy
SRR13077859.bin.36.fbc2XSRR13077859.bin.27.fbc2 ,-0.0459419794796076,-0.0459419794796076,990.9141505278392,-0.0008826509025539,-1000.0,999.9350192405516,226.12992345018483,1000.0,-1.7228727762842482,-0.0765699657993081,-0.0060991177368805,-42.90508574026444,-452.9609241388423,-999.9350192405516,-0.0030098395777713,-0.0914796069811245,-0.0914796069811245,9.085849472160817,-0.0017575332752812,999.862771801862,-1000.0,773.8700765498152,-14.564643102022616,-3.4305819261218176,-0.1524660116351697,-0.0121445549325471,15.026522846781631,-339.64963365902486,1000.0,-0.0059931884688921, Neutralism,Healthy
SRR13077859.bin.4.fbc2XSRR13077859.bin.23.fbc2 ,-0.0888724185123237,-0.0888724185123237,324.81048004080776,-0.0017074431990522,0.0634823309903822,999.6339499129042,0.0,-1000.0,-3.332809603589453,-0.1481206975206532,-0.0117984325056568,979.9353315558236,-437.7309470053299,-999.6339499129042,-0.0058223813089171,-0.0423188438530814,-0.0423188438530814,4.961638496524415,-0.000813042148934,999.9365176690096,-1000.0,1000.0,0.0,-1.5870013618090295,-0.0705314064217645,-0.0056181212493129,5.855310035391199,-5.199813096244725,1000.0,-0.0027724737279868, Amensalism,Healthy
SRR13077859.bin.35.fbc2XSRR13077859.bin.16.fbc2 ,-0.1275298144096268,-0.1275298144096268,990.5191504182084,-0.0024501405265482,-1000.0,1000.0,-1000.0,-545.2067219258896,-4.7825027980901496,-0.2125496906827493,-0.0169304710387905,516.8573382943007,-470.36878135989423,-1000.0,-0.0083549791957011,-0.132552814147175,-0.132552814147175,9.480849581791515,-0.0025466438837611,0.0,0.0,187.5236887510196,749.7812576916144,-4.970870595932752,-0.2209213569119583,-0.0175973092364074,231.88619170421885,-0.2649782961001392,0.0,-0.0086840556434708, Neutralism,Healthy
SRR13077859.bin.15.fbc2XSRR13077859.bin.10.fbc2 ,-0.0885383111969986,-0.0885383111969986,991.5350017565838,-0.0017010242304422,-0.1328159719166706,0.0,-1000.0,-634.8838858886045,-3.320280226221371,-0.1475638519950735,-0.0117540774326698,1000.0,-374.1285891296751,0.0,-0.0058004926260082,-0.0411321107310413,-0.0411321107310413,8.46499824341629,-0.0007902422811412,-368.77074348891335,1000.0,1000.0,-10.7820972929552,-1.5424976157382844,-0.0685535178849932,-0.0054605741623845,-1.5234369719181586,-625.8714108703249,-1000.0,-0.0026947261785608, Amensalism,Healthy
SRR13077859.bin.26.fbc2XSRR13077859.bin.16.fbc2 ,-0.0871812142689805,-0.0871812142689805,27.439688396082147,-0.00167495128278,-1000.0,999.7567468252008,598.539854519428,-551.8563828432127,-3.269387657407947,-0.1453020237817099,-0.0115739133640317,-14.318907273842797,26.401411220152568,-999.756746825201,-0.0057115838742447,-0.132552814147175,-0.132552814147175,9.480849581791515,-0.0025466438837611,1000.0,-1000.0,268.7425512894717,399.8259501330963,-4.970870595932752,-0.2209213569119583,-0.0175973092364074,31.897729226408277,-0.2649782961001392,1000.0,-0.0086840556434708, Neutralism,Healthy
SRR13077859.bin.35.fbc2XSRR13077859.bin.15.fbc2 ,-0.1033615891141153,-0.1033615891141153,429.5201691416596,-0.0019858134315882,1000.0,-1000.0,-42.097230803854586,-24.141653036608886,-3.876168811517573,-0.1722693151901921,-0.0137219708122984,-4.570707059216261,-398.4743591149147,1000.0,-0.0067716238016828,-0.0509405323126657,-0.0509405323127793,570.4798308583404,-0.0009786845785129,-1000.0,999.923584308108,-451.2857695796913,-34.324655529232245,-1.9103237893784808,-0.084900887187814,-0.0067627104376697,576.7540945031349,-546.1596634377375,-999.923584308108,-0.0033373144127608, Competition,Healthy
SRR13077859.bin.18.fbc2XSRR13077859.bin.16.fbc2 ,-0.1205306515771553,-0.1205306515771553,991.4343101462572,-0.002315670539474,-1000.0,1000.0,307.3470536506702,97.53219951719598,-4.5200267960218525,-0.200884419295221,-0.0160012834273857,617.1465725197638,-999.7605993130904,-1000.0,-0.007896436539454,-0.1197578640427536,-0.1197578640427536,8.565689853742924,-0.0023008235166344,0.0,0.0,692.6529463493298,-50.15071148563277,-4.491046446894984,-0.1995964400712182,-0.0158986905001938,382.8534274802362,-0.2394006869095619,0.0,-0.0078458081918597, Amensalism,Healthy
SRR13077859.bin.27.fbc2XSRR13077859.bin.18.fbc2 ,-0.0916050621890463,-0.0916050621890463,13.212512269446506,-0.0017599435578858,-1000.0,1000.0,1000.0,-16.093434277126335,-3.435286628983704,-0.1526751036483347,-0.0121612099851518,15.047130232514291,-450.8469939565646,-1000.0,-0.0060014075324943,-0.1419825679220139,-0.1419825679220139,986.7874877305536,-0.0027278111032273,1000.0,-1000.0,0.0,-628.0308018353107,-5.324496326684539,-0.2366376132032428,-0.0188491747231864,310.6678811562979,-500.3431586367835,1000.0,-0.0093018358619474, Neutralism,Healthy
SRR13077859.bin.31.fbc2XSRR13077859.bin.35.fbc2 ,-0.0884692435874967,-0.0884692435874967,15.14289552069829,-0.0016996972831293,-1000.0,999.8672876361323,947.6893963604672,-49.631176892109806,-3.317690117881966,-0.1474487393124945,-0.0117449082265466,30.277925305919094,-420.699059340395,-999.8672876361323,-0.0057959677354801,-0.1272883581167434,-0.1272883581167434,984.8571044793016,-0.0024455015968669,1000.0,-1000.0,52.3106036395327,-64.91098405670732,-4.773447931967098,-0.2121472635279815,-0.016898416034337,47.492279405970976,-398.12119448817714,1000.0,-0.0083391604453026, Neutralism,Healthy
SRR13077859.bin.6.fbc2XSRR13077859.bin.16.fbc2 ,-0.1677727747090784,-0.1677727747090784,994.4600330867612,-0.0032233001865051,0.0,999.1626760964676,747.3712389231487,-491.6648782083821,-6.291656333101173,-0.2796212911817974,-0.0222730042889907,-23.62313313220818,-751.774876211194,-999.1626760964676,-0.010991453636052,-0.1323216216198943,-0.1323216216198943,5.5399669132389135,-0.0025422021444683,1000.0,-1000.0,252.62876107685133,402.42504323332537,-4.962200631864334,-0.2205360360331951,-0.0175666168182715,35.20831198413157,-0.264516133132588,1000.0,-0.0086689093126324, Neutralism,Healthy
SRR13077859.bin.5.fbc2XSRR13077859.bin.26.fbc2 ,-0.2507624975531826,-0.2507624975531826,981.0673561395422,-0.0048177232959005,-1000.0,999.6238321650536,209.5183436763896,1000.0,-9.403858633027312,-0.4179374959220467,-0.0332904679748935,1000.0,-79.82273734099533,-999.6238321650536,-0.0164284364391278,-0.0816206204957552,-0.0816206204957552,18.9326438604578,-0.0015681195100114,0.0,-0.2277379964380088,790.4816563236104,-30.643877840613182,-3.06085951516377,-0.1360343674929254,-0.0108357058140882,-8.216852145254848,-342.69972948348413,0.2277379964380088,-0.0053472875291618, Neutralism,Healthy
SRR13077859.bin.23.fbc2XSRR13077859.bin.18.fbc2 ,-0.0423188438530814,-0.0423188438530814,4.961638496523847,-0.000813042148934,-1000.0,999.9365176690096,1000.0,6.652286471482512,-1.5870013618090295,-0.0705314064217645,-0.0056181212493129,-0.7969764360913132,-6.862884714115353,-999.9365176690096,-0.0027724737279868,-0.1420442676827633,-0.1420442676827633,995.0383615034762,-0.0027289964972396,1000.0,-1000.0,0.0,-641.7750379258307,-5.326810132910282,-0.236740446137901,-0.018857365796066,1000.0,-500.34330775935615,1000.0,-0.0093058780556702, Amensalism,Healthy
SRR13077859.bin.30.fbc2XSRR13077859.bin.6.fbc2 ,-0.0849519918014038,-0.0849519918014038,13.513405550795596,-0.0016321228011975,-1000.0,1000.0,885.1195993882773,-17.409290837829417,-3.185789459308694,-0.1415866530023777,-0.0112779685562145,12.41996488014479,-398.603545938573,-1000.0,-0.0055655387520801,-0.1495597887305848,-0.1495597887305848,986.4865944492044,-0.0028733869112329,1000.0,-595.6357179980032,114.88040061172272,-383.2805480700217,-5.608650113679119,-0.2492663145510505,-0.0198551035567788,293.0936127056068,-601.396454061427,595.6357179980032,-0.0097982493673498, Amensalism,Healthy
SRR13077859.bin.27.fbc2XSRR13077859.bin.26.fbc2 ,-0.0916050621890463,-0.0916050621890463,236.17527298135929,-0.0017599435578858,-1000.0,999.8625836069988,539.0340910775853,-444.4404282513576,-3.435286628983704,-0.1526751036483347,-0.0121612099851518,442.5665107486416,-332.9523539514945,-999.8625836069988,-0.0060014075324943,-0.0866871578366499,-0.0866871578366499,20.107873189731208,-0.0016654593243856,0.0,-0.2418746576870489,460.96590892241466,-555.5595717486424,-3.25086001913553,-0.1444785963943786,-0.0115083239318209,-7.061447608025787,74.65960100347979,0.2418746576870489,-0.0056792162963574, Neutralism,Healthy
SRR13077859.bin.27.fbc2XSRR13077859.bin.15.fbc2 ,-0.0914796069811245,-0.0914796069811245,12.67150820363804,-0.0017575332752812,-1000.0,1000.0,1000.0,-11.08908797179879,-3.4305819261218176,-0.1524660116351697,-0.0121445549325471,4.242422055468182,-445.5297156227247,-1000.0,-0.0059931884688921,-0.0881626943128139,-0.0881626943128139,987.328491796362,-0.001693807767765,0.0,-0.132252510508124,0.0,-988.9109120282012,-3.3061941961593675,-0.1469378238547278,-0.0117042116753509,995.757577944532,-440.3150636454011,0.132252510508124,-0.0057758844881163, Neutralism,Healthy
SRR13077859.bin.30.fbc2XSRR13077859.bin.31.fbc2 ,-0.0849588029377628,-0.0849588029377628,15.810131357653177,-0.0016322536587267,-1000.0,1000.0,211.16364191889036,-13.861693842668956,-3.1860448841191555,-0.1415980048963092,-0.0112788727819861,10.606376113273312,-398.9298847078032,-1000.0,-0.0055659849763287,-0.0886422256463674,-0.0886422256463674,660.403988613607,-0.0017030206656727,999.867028146427,-1000.0,788.8363580811097,-864.2492573083885,-3.3241771278756005,-0.1477370427439837,-0.0117678727995098,989.3936238867268,-412.6569430082407,1000.0,-0.0058073004697689, Neutralism,Healthy
SRR13077859.bin.4.fbc2XSRR13077859.bin.13.fbc2 ,-0.0888724185123237,-0.0888724185123237,12.588329878435957,-0.0017074431990522,-835.9800656216341,1000.0,-454.0516541041643,1000.0,-3.332809603589453,-0.1481206975206532,-0.0117984325056568,813.2773715392113,-51.04119812335546,-1000.0,-0.0058223813089171,-0.1160729364764847,-0.1160729364764847,342.6860789021332,-0.0022300275979887,-0.3238669080591307,0.0,-545.9483458958357,-367.1615588446359,-4.352857769385992,-0.1934548941275125,-0.0154094907022681,51.43766047379381,-333.47647787567143,0.0,-0.0076043941091938, Neutralism,Healthy
SRR13077859.bin.31.fbc2XSRR13077859.bin.5.fbc2 ,-0.0879889843181445,-0.0879889843181445,8.43206635502031,-0.0016904703999216,-1000.0,999.8680080711708,766.9076549063154,-35.70501996546193,-3.2996798878017444,-0.1466483071968696,-0.0116811504638008,20.62892564050492,-337.36787238813304,-999.8680080711708,-0.0057645040639044,-0.255154795713338,-0.255154795713338,991.5679336449798,-0.0049021094276895,999.6172432958828,-1000.0,233.09234509368457,1000.0,-9.568574455268164,-0.4252579928555633,-0.0338735761456518,979.3710743594952,-0.4253070139498049,1000.0,-0.0167161931485679, Neutralism,Healthy
SRR13077859.bin.9.fbc2XSRR13077859.bin.16.fbc2 ,-0.1818788788078791,-0.1818788788078791,990.5191504182084,-0.0034943108320248,-0.5074787621379073,1000.0,-1000.0,154.01587543144342,-6.820650142393106,-0.3031314646798364,-0.0241456878494545,968.1022707735916,-999.7350217038996,-1000.0,-0.0119155999373106,-0.132552814147175,-0.132552814147175,9.480849581791515,-0.0025466438837611,1000.0,-1000.0,268.742551289472,399.8259501330972,-4.970870595932752,-0.2209213569119583,-0.0175973092364074,31.897729226408277,-0.2649782961002529,1000.0,-0.0086840556434708, Neutralism,Healthy
SRR13077859.bin.9.fbc2XSRR13077859.bin.35.fbc2 ,-0.1451435387295987,-0.1451435387295987,564.505933870536,-0.002788540609572,-594.0856840435561,1000.0,312.0319556826853,-328.7362412419791,-5.443036072093264,-0.2419058978827024,-0.0192688156123495,581.0557550760655,-601.5330113018103,-1000.0,-0.0095089234787337,-0.1038609320411296,-0.1038609320411296,435.494066129464,-0.0019954069556433,1000.0,-1000.0,687.9680443173147,-24.258282084144867,-3.894894698924531,-0.1731015534019206,-0.0137882620634854,10.045490539497225,-398.46698869818965,1000.0,-0.0068043377187905, Competition,Healthy
SRR13077859.bin.4.fbc2XSRR13077859.bin.6.fbc2 ,-0.0888724185123237,-0.0888724185123237,0.0,-0.0017074431990522,-248.63852324696973,1000.0,297.66612191975673,1000.0,-3.332809603589453,-0.1481206975206532,-0.0117984325056568,223.33628104280592,-188.03056982341968,-1000.0,-0.0058223813089171,-0.1687051912226707,-0.1687051912226707,1000.0,-0.0032412140484439,1000.0,-0.4707215162588909,702.3338780802433,-528.4121062727025,-6.326622937623938,-0.2811753187045269,-0.0223967890749463,-60.58986169999923,-811.9694301765803,0.4707215162588909,-0.0110525399052221, Neutralism,Healthy
SRR13077859.bin.9.fbc2XSRR13077859.bin.6.fbc2 ,-0.1325212419984609,-0.1325212419984609,549.3902722570442,-0.0025460373102532,0.187228227411083,35.244725461043345,-882.689154068373,914.0883119592592,-4.9696866069945145,-0.2208687366641015,-0.0175931178138171,564.4951732679315,-508.9076870704097,-35.244725461043345,-0.0086819872279875,-0.1248108252656265,-0.1248108252656265,450.6097277429558,-0.0023979025027074,999.8127717725888,-1000.0,1000.0,17.321080875096413,-4.680537832100526,-0.2080180421094155,-0.0165695062936492,-50.60562216533799,-491.0923129295903,1000.0,-0.0081768475341732, Competition,Healthy
SRR13077859.bin.13.fbc2XSRR13077859.bin.10.fbc2 ,-0.1160711446436835,-0.1160711446436835,327.8741366909212,-0.0022299931728184,-1000.0,999.6761380915156,-205.79335477449376,-337.57860664459974,-4.352790573764537,-0.1934519077395862,-0.0154092528239289,21.875019271645783,-333.47647566593093,-999.6761380915156,-0.0076042767192348,-0.094818740654432,-0.094818740654432,672.1258633090788,-0.0018216856993831,157.24079256477123,0.3238619084843321,1000.0,-30.14767779586805,-3.555802967255317,-0.1580312344241292,-0.0125878481829886,-1.6901782087724089,-462.3009042388383,-0.3238619084843321,-0.0062119482349771, Amensalism,Healthy
SRR13077859.bin.31.fbc2XSRR13077859.bin.27.fbc2 ,-0.0875095664424634,-0.0875095664424634,24.94120653049049,-0.0016812596818454,-1000.0,999.868727244038,734.3608649427083,-38.05146057955756,-3.2817012108745303,-0.1458492774040678,-0.0116175044018973,34.61317766390107,-336.7008438845626,-999.868727244038,-0.005733095515211,-0.0911193479278154,-0.0911193479278154,497.5064673601028,-0.0017506118717847,999.863312225049,-1000.0,265.6391350572917,-961.9485394204424,-3.417071830944792,-0.1518655798796544,-0.0120967280342938,965.3868223360988,-332.51251863722223,1000.0,-0.0059695864829336, Neutralism,Healthy
SRR13077859.bin.4.fbc2XSRR13077859.bin.5.fbc2 ,-0.0888724185123237,-0.0888724185123237,0.0,-0.0017074431990522,-0.2479719758031251,1000.0,1000.0,390.8045851406469,-3.332809603589453,-0.1481206975206532,-0.0117984325056568,0.0,-755.5408363431181,-1000.0,-0.0058223813089171,-0.2560290336790558,-0.2560290336790558,1000.0,-0.0049189055462193,999.6159318549536,-1000.0,0.0,-508.2758877988625,-9.601359302768856,-0.4267150561316839,-0.0339896373241117,1000.0,-0.4267642451872007,1000.0,-0.0167734679124578, Neutralism,Healthy
SRR13077859.bin.11.fbc2XSRR13077859.bin.15.fbc2 ,-0.1584327600355664,-0.1584327600355664,341.13964404467083,-0.0030438570612432,1000.0,-1000.0,499.5744862429383,-960.1212295080252,-5.941395913474025,-0.2640546000593531,-0.0210330522928643,335.5147778060225,426.89749197966967,1000.0,-0.0103795525786836,-0.0588323993883932,-0.0588323993883932,658.8603559553292,-0.0011303054637892,-1000.0,999.91174574939,-1000.0,-39.87877049197482,-2.206277143867055,-0.0980539989807312,-0.0078104107545868,664.4852221939775,-130.59510816704108,-999.91174574939,-0.0038543416313814, Competition,Healthy
SRR13077859.bin.9.fbc2XSRR13077859.bin.14.fbc2 ,-0.1840739502891892,-0.1840739502891892,983.207312928546,-0.0035364831948072,-0.5136034543804726,1000.0,1000.0,96.91619900978048,-6.902967642421572,-0.3067899171486488,-0.024437098876092,0.0,-1000.0,-1000.0,-0.0120594076942097,-0.03144383455151,-0.03144383455151,16.792687071453997,-0.0006041082526735,-0.0471687723685363,0.0,-229.21121235066028,-518.5658172860333,-1.1791770216358373,-0.0524063909191454,-0.0041743880259446,1000.0,0.0,0.0,-0.0020600091415872, Amensalism,Healthy
SRR13077859.bin.5.fbc2XSRR13077859.bin.23.fbc2 ,-0.2546250522532318,-0.2546250522532318,987.1888552703916,-0.0048919318396656,-1000.0,999.6180379619608,-210.25167783627205,59.31380452288022,-9.54870851574924,-0.4243750870888334,-0.033803249011953,923.21098321342,-0.4244240064072073,-999.6180379619608,-0.0166814875731233,-0.1268683567686821,-0.1268683567686821,12.81114472960826,-0.0024374324067366,999.8096852776848,-1000.0,1000.0,940.6861954771198,-4.7576974376072485,-0.2114472612811369,-0.0168426579302831,76.78901678657985,-499.9891290514661,1000.0,-0.0083116445068753, Neutralism,Healthy
SRR13077859.bin.33.fbc2XSRR13077859.bin.23.fbc2 ,-0.0862424791090461,-0.0862424791090461,14.726233862616368,-0.0016569160251265,-1000.0,999.8706279967564,-1000.0,174.6445582749584,-3.2341840969703526,-0.1437374651817435,-0.0114492897338323,10.905880926511829,-278.27989176277333,-999.8706279967564,-0.0056500836457189,-0.1269565315592444,-0.1269565315592444,14.884915489573814,-0.0024391264469159,999.8095530070289,-1000.0,1000.0,26.320306376436065,-4.761004085427089,-0.2115942192654074,-0.0168543637478251,989.0941190734882,-272.44845396487426,1000.0,-0.0083174211838468, Neutralism,Healthy
SRR13077859.bin.4.fbc2XSRR13077859.bin.10.fbc2 ,-0.0888724185123237,-0.0888724185123237,0.0,-0.0017074431990522,-0.4006046525976217,1000.0,0.0,483.82229589489225,-3.332809603589453,-0.1481206975206532,-0.0117984325056568,498.5671392789761,-252.4424793395516,-1000.0,-0.0058223813089171,-0.1183102133604734,-0.1183102133604734,1000.0,-0.0022730108235009,-0.1774766850948026,0.0,1000.0,-27.514682367292608,-4.436758016612089,-0.1971836889340465,-0.0157065047900459,189.9770204450633,-527.9581045658883,0.0,-0.0077509669079063, Neutralism,Healthy
SRR13077859.bin.30.fbc2XSRR13077859.bin.11.fbc2 ,-0.0849588029377628,-0.0849588029377628,210.62505499043985,-0.0016322536587267,0.0,0.0,292.1927537218144,-208.6766174754557,-3.1860448841191555,-0.1415980048963092,-0.0112788727819861,-3.0704486800066206,-500.0318615914188,0.0,-0.0055659849763287,-0.1764540690354579,-0.1764540690354579,697.9865084374278,-0.0033900877816677,-1000.0,1000.0,707.8072462781856,-791.3233825245443,-6.6172140436590325,-0.2940901150591344,-0.0234255065712432,1000.0,-499.9681384085813,-1000.0,-0.011560199335463, Neutralism,Healthy
SRR13077859.bin.5.fbc2XSRR13077859.bin.18.fbc2 ,-0.2552537835401836,-0.2552537835401836,992.3862079315422,-0.0049040112111242,-1000.0,999.6170948046338,-100.68745941572912,-339.8131454661548,-9.57228660337239,-0.4254229725669347,-0.0338867174690449,1000.0,-0.4254720126790516,-999.6170948046336,-0.0167226782300531,-0.1339391701212662,-0.1339391701212662,7.613792068457769,-0.00257327896486,1000.0,-1000.0,151.41464209798232,972.9932571341968,-5.022860409892132,-0.2232319502021482,-0.017781357647209,-7.497531324825104,-490.4880029703187,1000.0,-0.008774881270142, Neutralism,Healthy
SRR13077859.bin.6.fbc2XSRR13077859.bin.11.fbc2 ,-0.1659891949024086,-0.1659891949024086,869.3211685303963,-0.0031890335235402,-0.9186302991907952,1000.0,692.1938900258533,-481.12256313498347,-6.2247702056859,-0.2766486581707568,-0.0220362216479088,-60.9317415824936,-751.733455654233,-1000.0,-0.0108746043154042,-0.1632451717771346,-0.1632451717771346,130.6788314696037,-0.0031363145394607,1000.0,-1000.0,307.8061099741467,-518.8774368650165,-6.12186643894313,-0.2720752862952622,-0.0216719334674735,1000.0,121.02881447922437,1000.0,-0.0106948325794746, Neutralism,Healthy
SRR13077859.bin.23.fbc2XSRR13077859.bin.15.fbc2 ,-0.1251671118766353,-0.1251671118766353,10.38325411979929,-0.0024047475865245,-950.3805912280648,1000.0,1000.0,950.8106279175668,-4.693898956491239,-0.2086118531277634,-0.0166168058226503,1.934632537413904,-512.4410676916364,-1000.0,-0.0082001892699281,-0.088367022099419,-0.088367022099419,989.6167458802006,-0.0016977333737031,-0.1325590218159504,0.0,-1000.0,-571.1059473153698,-3.31385670406246,-0.1472783701656226,-0.0117313376119909,998.065367462586,-487.5589323083637,0.0,-0.0057892708042572, Neutralism,Healthy
SRR13077859.bin.36.fbc2XSRR13077859.bin.13.fbc2 ,-0.0350755906836184,-0.0350755906836184,672.1258633090788,-0.0006738826259606,0.0,-0.049611238926559,1000.0,1000.0,-1.3153717141802872,-0.0584593178060686,-0.0046565289457021,-117.17035559113437,-666.5235243340691,0.049611238926559,-0.002297939754726,-0.1160711446436835,-0.1160711446436835,327.8741366909212,-0.0022299931728184,-1000.0,999.6761380915156,-208.0233479472837,-337.5786066445987,-4.352790573764537,-0.1934519077395862,-0.0154092528239289,21.875019271645783,-333.47647566593093,-999.6761380915156,-0.0076042767192348, Amensalism,Healthy
SRR13077859.bin.13.fbc2XSRR13077859.bin.16.fbc2 ,-0.1160729364764847,-0.1160729364764847,348.9501149235666,-0.0022300275979887,-1000.0,999.6761330919408,-571.4205908310822,-373.43056782761255,-4.352857769385992,-0.1934548941275125,-0.0154094907022681,57.70169649522768,-333.47647787567143,-999.6761330919408,-0.0076043941091938,-0.132552814147175,-0.132552814147175,9.480849581791515,-0.0025466438837611,1000.0,-1000.0,1000.0,-173.6571258662134,-4.970870595932752,-0.2209213569119583,-0.0175973092364074,942.2983035047724,-0.2649782961001392,1000.0,-0.0086840556434708, Neutralism,Healthy
SRR13077859.bin.33.fbc2XSRR13077859.bin.18.fbc2 ,-0.0862344779307022,-0.0862344779307022,1.9152487020732,-0.001656762304151,-1000.0,999.8706399992924,588.5004144415752,-12.969214841424218,-3.23388404432626,-0.1437241298843901,-0.0114482275216687,8.052935066584723,-254.89914517667296,-999.8706399992924,-0.0056495594570833,-0.142067048484705,-0.142067048484705,998.0847512979268,-0.0027294341688275,1000.0,-1000.0,157.987900329053,-646.8496884066225,-5.327664437056228,-0.236778414141213,-0.0188603901062833,991.9470649334152,-500.34336281843184,1000.0,-0.0093073705155575, Neutralism,Healthy
SRR13077859.bin.33.fbc2XSRR13077859.bin.14.fbc2 ,-0.0862424791090461,-0.0862424791090461,7.575249404633723,-0.0016569160251265,999.8706279967564,-1000.0,0.0,0.0,-3.2341840969703526,-0.1437374651817435,-0.0114492897338323,7.330388697521016,-261.9069644244953,1000.0,-0.0056500836457189,-0.0413957743562605,-0.0413957743562605,346.598203748978,-0.0007953078646778,-1000.0,999.9379023619264,-1000.0,-1000.0,-1.552385280290423,-0.0689929572603205,-0.0054955773448455,992.6696113024792,-738.0930355755047,-999.9379023619264,-0.0027119998185298, Neutralism,Healthy
SRR13077859.bin.30.fbc2XSRR13077859.bin.4.fbc2 ,-0.0849588029377628,-0.0849588029377628,18.607112259673272,-0.0016322536587267,1000.0,-1000.0,-110.68317283179113,-16.65867474468928,-3.1860448841191555,-0.1415980048963092,-0.0112788727819861,10.606376113273312,-398.6034339760536,1000.0,-0.0055659849763287,-0.0888724185123237,-0.0888724185123237,981.3928877403268,-0.0017074431990522,0.0,999.752028024197,-10.245007579319008,-983.3413252553108,-3.332809603589453,-0.1481206975206532,-0.0117984325056568,989.3936238867268,-601.3965660239464,-999.7520280241968,-0.0058223813089171, Neutralism,Healthy
SRR13077859.bin.4.fbc2XSRR13077859.bin.14.fbc2 ,-0.0888724185123237,-0.0888724185123237,568.7110746561566,-0.0017074431990522,-1000.0,1000.0,92.01538604385814,983.4986200956288,-3.332809603589453,-0.1481206975206532,-0.0117984325056568,0.0,-380.2793562378728,-1000.0,-0.0058223813089171,-0.0417014622839815,-0.0417014622839815,431.2889253438434,-0.0008011808315586,0.0,-0.0625561993301744,-1000.0,-1000.0,-1.5638489005959857,-0.069502437140045,-0.0055361595462954,1000.0,-619.7206437621272,0.0625561993301744,-0.0027320266357264, Neutralism,Healthy
SRR13077859.bin.35.fbc2XSRR13077859.bin.26.fbc2 ,-0.1270729103640633,-0.1270729103640633,979.8049475894032,-0.0024413623508507,1000.0,-1000.0,103.84686675413832,-29.679788581557546,-4.765368413580063,-0.2117881839400297,-0.0168698138446643,12.290566758853174,-465.1008567741478,1000.0,-0.008325045616516,-0.0871800818653127,-0.0871800818653127,20.19505241059676,-0.0016749295267572,-1000.0,999.7567499848356,896.1531332458617,-34.40252487586474,-3.269345191075104,-0.1453001364423016,-0.0115737630295598,-7.116951426599826,-391.9295539045461,-999.7567499848356,-0.0057115096860798, Neutralism,Healthy
SRR13077859.bin.30.fbc2XSRR13077859.bin.14.fbc2 ,-0.0849588029377628,-0.0849588029377628,25.167376390960957,-0.0016322536587267,1000.0,-1000.0,1000.0,-23.21893887597753,-3.1860448841191555,-0.1415980048963092,-0.0112788727819861,-3.0704486800067343,-500.0318615914188,1000.0,-0.0055659849763287,-0.0417014622839815,-0.0417014622839815,493.3300867961205,-0.0008011808315586,-1000.0,999.9374438006698,0.0,-976.7810611240224,-1.5638489005959857,-0.069502437140045,-0.0055361595462954,1000.0,-499.9681384085813,-999.9374438006698,-0.0027320266357264, Neutralism,Healthy
SRR13077859.bin.36.fbc2XSRR13077859.bin.18.fbc2 ,0.0,0.0,0.0,0.0,-1000.0,1000.0,285.7142857142858,1000.0,0.0,0.0,0.0,0.0,-142.8571428571429,-1000.0,0.0,-0.1420813706511126,-0.1420813706511126,1000.0,-0.0027297093304241,1000.0,-1000.0,150.50066773323897,-650.0400935755594,-5.328201533428455,-0.2368022844184452,-0.0188622914735105,1000.0,-500.34339743377336,1000.0,-0.0093083088169123, Amensalism,Healthy
SRR13077859.bin.14.fbc2XSRR13077859.bin.15.fbc2 ,0.0,0.0,0.0,0.0,0.0,0.0,1000.0,0.0,0.0,0.0,0.0,0.0,-500.00000000000006,0.0,0.0,-0.0889146423426555,-0.0889146423426723,1000.0,-0.0017082544158051,-1000.0,999.866619495214,0.0,-1000.0,-3.334393041842452,-0.1481910705710925,-0.0118040380132132,1000.0,-500.0,-999.866619495214,-0.0058251475578953, Amensalism,Healthy
SRR13077859.bin.18.fbc2XSRR13077859.bin.10.fbc2 ,-0.1339404338970098,-0.1339404338970098,7.629303727445176,-0.0025733032448442,1000.0,-1000.0,0.0,972.9781543538317,-5.022907802816462,-0.2232340564950163,-0.017781525422265,-7.492455460881388,-490.5020663882387,1000.0,-0.0087749640650827,-0.1176484178073451,-0.1176484178073451,992.3706962725548,-0.0022602962114888,-1000.0,999.823516071808,1000.0,-27.36077262511344,-4.411939984067431,-0.1960806963455752,-0.0156186468212808,283.47841753305056,-509.4979336117613,-999.823516071808,-0.0077076100811837, Neutralism,Healthy
SRR13077859.bin.35.fbc2XSRR13077859.bin.13.fbc2 ,-0.1139502738831197,-0.1139502738831197,672.0847812752365,-0.0021892463762469,1000.0,-1000.0,964.2001517704424,-26.61479955069024,-4.273255679167278,-0.1899171231385708,-0.0151276924598278,11.02133762686401,-398.3180676865288,1000.0,-0.0074653301429634,-0.1160729364764847,-0.1160729364764847,327.91521872476346,-0.0022300275979887,-1000.0,999.6761330919408,-205.79138589315903,-337.6198384898951,-4.352857769385992,-0.1934548941275125,-0.0154094907022681,21.89594011905524,-333.47647787567143,-999.6761330919408,-0.0076043941091938, Amensalism,Healthy
SRR13077859.bin.11.fbc2XSRR13077859.bin.35.fbc2 ,-0.1624560231047098,-0.1624560231047098,73.51160779761926,-0.0031211531816097,-1000.0,1000.0,-102.05038805688514,-898.0951776081919,-6.092272529851016,-0.2707600385077739,-0.0215671684851486,998.5936488169424,508.9768784427872,-1000.0,-0.0106431323494007,-0.1247992414552072,-0.1247992414552072,926.4883922023809,-0.0023976799510592,0.0,0.0,1000.0,-29.14873902643103,-4.680103426968231,-0.2079987357586787,-0.0165679684621409,1.4063511830578364,-498.6259447666582,0.0,-0.0081760886332631, Neutralism,Healthy
SRR13077859.bin.5.fbc2XSRR13077859.bin.35.fbc2 ,-0.252644603703402,-0.252644603703402,970.8210448861446,-0.0048538828760911,-1000.0,999.6210088250303,278.84316147403297,1000.0,-9.47443960243561,-0.4210743395057079,-0.0335403306742136,1000.0,-0.4211228783344722,-999.6210088250306,-0.0165517406076105,-0.0396647015261351,-0.0396647015261351,29.17895511385541,-0.0007620499812901,1000.0,-1000.0,721.156838525967,-31.858624828788837,-1.4874682199779272,-0.0661078358768918,-0.0052657653707228,-5.672136143731109,-380.20204508459096,1000.0,-0.0025985904361505, Amensalism,Healthy
SRR13077859.bin.9.fbc2XSRR13077859.bin.15.fbc2 ,-0.1555144162064152,-0.1555144162064152,153.13848521773525,-0.0029877889761564,999.4526464280076,0.1134369789925813,-631.4733486500669,279.8233386006996,-5.831954936132547,-0.259190693677283,-0.0206456218248831,145.90860304277567,-884.3481306912208,-0.1134369789925813,-0.010188360408506,-0.0756198098945333,-0.0756198098945333,846.8615147822647,-0.0014528301612699,-1000.0,999.8865630210076,-368.5266513499331,-1000.0,-2.835822776702912,-0.1260330164908509,-0.0100390564144845,854.0913969572243,-115.65186930877915,-999.8865630210074,-0.004954150849926, Competition,Healthy
SRR13077859.bin.9.fbc2XSRR13077859.bin.4.fbc2 ,-0.1720275283233832,-0.1720275283233832,1000.0,-0.0033050437717747,-468.59708355257726,1000.0,-962.0610717266989,440.8322040359999,-6.451214089533778,-0.2867125472056386,-0.0228378524633399,1000.0,-882.8512529193531,-1000.0,-0.0112701992619577,-0.0888724185123237,-0.0888724185123237,0.0,-0.0017074431990522,467.8691200697922,0.0,337.6597708196134,520.8612938065851,-3.332809603589453,-0.1481206975206532,-0.0117984325056568,0.0,-117.1487470806469,0.0,-0.0058223813089171, Amensalism,Healthy
SRR13077859.bin.31.fbc2XSRR13077859.bin.26.fbc2 ,-0.0886422256463674,-0.0886422256463674,275.7533412323887,-0.0017030206656727,-1000.0,999.867028146427,756.7245814500093,-417.27070597882766,-3.3241771278756005,-0.1477370427439837,-0.0117678727995098,517.0616887033473,-335.83542938451103,-999.8670281464272,-0.0058073004697689,-0.0813877614422153,-0.0813877614422153,18.87863008913007,-0.0015636457529808,0.0,-0.2270882727041225,243.27541854999072,-582.7292940211723,-3.0521270545979178,-0.135646269070321,-0.0108047921530669,-6.629764173854483,73.15209973215542,0.2270882727041225,-0.0053320320175771, Neutralism,Healthy
SRR13077859.bin.4.fbc2XSRR13077859.bin.15.fbc2 ,-0.0888724185123237,-0.0888724185123237,0.0,-0.0017074431990522,-999.866619495214,1000.0,106.94898416593924,1000.0,-3.332809603589453,-0.1481206975206532,-0.0117984325056568,0.0,-0.2235457613585367,-1000.0,-0.0058223813089171,-0.0889146423426154,-0.0889146423426154,1000.0,-0.0017082544158029,-0.1333805047860323,0.0,-1000.0,-237.6192152587978,-3.334393041842418,-0.1481910705711016,-0.0118040380132242,1000.0,-568.4919985053542,0.0,-0.0058251475578572, Neutralism,Healthy
SRR13077859.bin.33.fbc2XSRR13077859.bin.31.fbc2 ,-0.0862424791090461,-0.0862424791090461,14.726233862615572,-0.0016569160251265,-1000.0,999.8706279967564,-1000.0,328.25047306092165,-3.2341840969703526,-0.1437374651817435,-0.0114492897338323,694.0309446964666,-335.37576275957895,-999.8706279967564,-0.0056500836457189,-0.0886422256463674,-0.0886422256463674,27.377155648433472,-0.0017030206656727,999.867028146427,-1000.0,944.738692355053,-45.73602496771355,-3.3241771278756005,-0.1477370427439837,-0.0117678727995098,5.653006797513285,-429.0798083196878,1000.0,-0.0058073004697689, Neutralism,Healthy
SRR13077859.bin.23.fbc2XSRR13077859.bin.14.fbc2 ,-0.1257241757688234,-0.1257241757688234,41.29755358623265,-0.0024154500628128,1000.0,-982.5758520600358,1000.0,943.8571990230424,-4.714789441084122,-0.2095402929480769,-0.0166907599339083,0.0,-504.4043942952483,982.5758520600356,-0.0082366847141202,-0.0417014622839815,-0.0417014622839815,180.7056173820938,-0.0008011808315586,0.0,-0.0625561993301744,0.0,-1000.0,-1.5638489005959857,-0.069502437140045,-0.0055361595462954,1000.0,-495.5956057047517,0.0625561993301744,-0.0027320266357264, Neutralism,Healthy
SRR13077859.bin.30.fbc2XSRR13077859.bin.36.fbc2 ,-0.0849519918014038,-0.0849519918014038,13.513405550796053,-0.0016321228011975,-1000.0,1000.0,492.1621558495506,-17.409290837827825,-3.185789459308694,-0.1415866530023777,-0.0112779685562145,12.419964880144905,-469.8964690550465,-1000.0,-0.0055655387520801,-0.0468589118062254,-0.0468589118062254,986.486594449204,-0.0009002672777569,999.933722323013,-1000.0,507.8378441504494,1000.0,-1.7572587074353123,-0.0780981863438228,-0.006220846889164,-73.51670885369572,-530.1035309449535,1000.0,-0.0030699114171284, Neutralism,Healthy
SRR13077859.bin.15.fbc2XSRR13077859.bin.16.fbc2 ,-0.0871692086999473,-0.0871692086999473,985.7203484315912,-0.0016747206282161,-1000.0,999.8692378133468,-1000.0,-1000.0,-3.2689374358827763,-0.1452820144999123,-0.0115723195411874,975.0187695198252,-158.7014460664061,-999.8692378133468,-0.0057107973423171,-0.1324628837982118,-0.1324628837982118,14.27965156840878,-0.0025449161151982,1000.0,-1000.0,408.1347415253392,394.17955696369336,-4.967498112817452,-0.2207714729969438,-0.0175853703563007,24.981230480174872,-0.264798521790567,1000.0,-0.0086781639529363, Neutralism,Healthy
SRR13077859.bin.5.fbc2XSRR13077859.bin.16.fbc2 ,-0.2555371735703602,-0.2555371735703602,996.4234682443044,-0.0049094557842863,-1000.0,999.6166696923656,0.0,-424.1131675294763,-9.58291402895793,-0.4258952892839716,-0.0339243394691948,965.1029862150468,-0.4259443838418519,-999.6166696923656,-0.0167412442242493,-0.1321725853839552,-0.1321725853839552,3.576531755695669,-0.0025393388161774,1000.0,-1000.0,376.3743806665484,403.19856358744846,-4.956611615531642,-0.2202876423065163,-0.0175468312199882,34.89701378495329,-0.2642182038269993,1000.0,-0.0086591453632536, Neutralism,Healthy
SRR13077859.bin.30.fbc2XSRR13077859.bin.16.fbc2 ,-0.0849588029377628,-0.0849588029377628,507.273257013233,-0.0016322536587267,-1000.0,1000.0,641.2693784638013,-524.6859268517765,-3.1860448841191555,-0.1415980048963092,-0.0112788727819861,-14.85251261987105,-447.7964991831591,-1000.0,-0.0055659849763287,-0.132552814147175,-0.132552814147175,9.480849581791515,-0.0025466438837611,0.0,0.0,358.73062153619867,319.83655435822857,-4.970870595932752,-0.2209213569119583,-0.0175973092364074,71.89242711384236,-0.2649782961001392,0.0,-0.0086840556434708, Neutralism,Healthy
SRR13077859.bin.11.fbc2XSRR13077859.bin.26.fbc2 ,-0.1740335757825732,-0.1740335757825732,806.8243763223791,-0.0033435845491567,1000.0,-1000.0,103.84301994788302,-965.5934857392724,-6.526442988994631,-0.2900559596375842,-0.023104169234557,1000.0,-384.5784475973086,1000.0,-0.0114016233125084,-0.0871812142689805,-0.0871812142689805,20.222474064174666,-0.00167495128278,-1000.0,999.7567468252008,896.156980052117,-34.406514260727704,-3.269387657407947,-0.1453020237817099,-0.0115739133640317,-7.101692941934516,-391.9579073352959,-999.756746825201,-0.0057115838742447, Neutralism,Healthy
SRR13077859.bin.33.fbc2XSRR13077859.bin.13.fbc2 ,-0.0862424791090461,-0.0862424791090461,8.45096266224698,-0.0016569160251265,-1000.0,999.8706279967564,-791.9785865088301,-16.987712483069572,-3.2341840969703526,-0.1437374651817435,-0.0114492897338323,8.008050119880863,-260.1082841347488,-999.8706279967564,-0.0056500836457189,-0.1160729364764847,-0.1160729364764847,327.91521872476346,-0.0022300275979887,0.0,-0.3238669080591307,-208.02141349116997,-337.61983848989473,-4.352857769385992,-0.1934548941275125,-0.0154094907022681,21.89594011905524,-333.47647787567143,0.3238669080591307,-0.0076043941091938, Neutralism,Healthy
SRR13077859.bin.30.fbc2XSRR13077859.bin.18.fbc2 ,-0.0849588029377628,-0.0849588029377628,13.915370504238012,-0.0016322536587267,-1000.0,1000.0,359.4075455542732,-17.65121554950042,-3.1860448841191555,-0.1415980048963092,-0.0112788727819861,12.50113696668916,-398.6034339760536,-1000.0,-0.0055659849763287,-0.1419773119713454,-0.1419773119713454,986.084629495762,-0.0027277101243043,0.0,0.0,640.5924544457268,-626.8599865031322,-5.3242992229832,-0.2366288532856515,-0.0188484769590786,495.88261791207856,-500.3431459336407,0.0,-0.0093014915239564, Neutralism,Healthy
SRR13077859.bin.35.fbc2XSRR13077859.bin.10.fbc2 ,-0.1038565118698215,-0.1038565118698215,435.4074384408236,-0.001995322033963,1000.0,-1000.0,0.0,-24.257249686683963,-3.894728937829541,-0.1730941864497026,-0.0137876752550027,10.028039595436098,-398.46705394093726,1000.0,-0.0068040481359048,-0.0861198691684421,-0.0861198691684421,564.5925615591764,-0.0016545604066777,-356.7751799158458,1000.0,1000.0,-328.28960365614694,-3.2295860946393304,-0.1435331152807748,-0.0114330124102934,19.954036786987217,-601.5329460590627,-1000.0,-0.0056420509868075, Competition,Healthy
SRR13077859.bin.23.fbc2XSRR13077859.bin.27.fbc2 ,-0.1150154127982432,-0.1150154127982432,37.7799666948265,-0.0022097101401641,-989.6134234130813,1000.0,741.6933568526222,948.6392542203556,-4.313199513993936,-0.1916923546638145,-0.0152690970688809,5.553440961167098,-502.6408825437368,-1000.0,-0.0075351115781359,-0.0913357375192163,-0.0913357375192163,521.6588444027016,-0.0017547692126527,999.8629876198752,-1000.0,258.3066431473778,-1000.0,-3.4251866692779918,-0.1522262291987317,-0.0121254552595928,994.4465590388328,-332.1563774516296,1000.0,-0.0059837630151378, Neutralism,Healthy
SRR13077859.bin.9.fbc2XSRR13077859.bin.27.fbc2 ,-0.1706985698571088,-0.1706985698571088,986.7874877305536,-0.003279511428559,0.137416393001331,643.6204499258522,-1000.0,310.18321282434226,-6.401376742772186,-0.2844976164285526,-0.0226614239713853,986.2338798849784,-661.0034826427991,-643.6204499258522,-0.0111831339714854,-0.0916050621890463,-0.0916050621890463,13.212512269446506,-0.0017599435578858,999.8625836069988,-1000.0,778.1469963367902,-14.675007766628369,-3.435286628983704,-0.1526751036483347,-0.0121612099851518,13.766120115021636,-338.9965173572009,1000.0,-0.0060014075324943, Amensalism,Healthy
SRR13077859.bin.30.fbc2XSRR13077859.bin.5.fbc2 ,-0.016951043268591,-0.016951043268591,1.4276474769139895,-0.0003256684585721,-1000.0,1000.0,744.2079243181606,-2.2050197158625906,-0.6356820343364689,-0.0282517387809093,-0.0022503690487383,-0.2185772709960929,-399.592285560994,-1000.0,-0.0011105294437356,-0.2560021304204838,-0.2560021304204838,998.572352523086,-0.0049183886728769,999.615972212426,-1000.0,255.79207568183935,-997.7949802841374,-9.600350402144272,-0.426670217367473,-0.0339860657292092,1000.0,-0.4267194012542177,1000.0,-0.0167717053743672, Amensalism,Healthy
SRR13077859.bin.9.fbc2XSRR13077859.bin.26.fbc2 ,-0.1978160734103085,-0.1978160734103085,979.7775259358256,-0.0038005009300832,999.2048000751264,0.2432531747989514,518.7390651852343,-270.88607644094577,-7.418311780436852,-0.3296934556838096,-0.0262614614267704,1000.0,-1000.0,-0.2432531747989514,-0.0129597081715928,-0.0871812142689805,-0.0871812142689805,20.222474064174666,-0.00167495128278,-1000.0,999.7567468252008,481.2609348147657,-553.0265708074182,-3.269387657407947,-0.1453020237817099,-0.0115739133640317,-7.101692941934516,74.8001435567246,-999.756746825201,-0.0057115838742447, Neutralism,Healthy
SRR13077859.bin.33.fbc2XSRR13077859.bin.27.fbc2 ,-0.0862424791090461,-0.0862424791090461,14.726233862614665,-0.0016569160251265,-1000.0,999.8706279967564,-1000.0,-19.505662815388177,-3.2341840969703526,-0.1437374651817435,-0.0114492897338323,381.90703803136967,-408.2479136714578,-999.8706279967564,-0.0056500836457189,-0.0916050621890463,-0.0916050621890463,340.0792225518801,-0.0017599435578858,1000.0,-1000.0,791.2272711963424,-648.9213124910993,-3.435286628983704,-0.1526751036483347,-0.0121612099851518,618.0929619686303,-358.38356141011786,1000.0,-0.0060014075324943, Neutralism,Healthy
SRR13077859.bin.33.fbc2XSRR13077859.bin.6.fbc2 ,-0.0862267765627393,-0.0862267765627393,1.2303883983378228,-0.0016566143432328,-1000.0,999.8706515520842,-780.2918030062841,-11.73495851710743,-3.2335952348914816,-0.1437112942712701,-0.0114472051113807,10.814459484343049,-249.7110421779012,-999.8706515520842,-0.0056490549102363,-0.1685705202153258,-0.1685705202153258,998.7696116016624,-0.0032386267092761,1000.0,-0.4703457569812599,1000.0,-526.7976147452339,-6.321572632543735,-0.2809508670255809,-0.0223789105607465,-60.54149509282729,-750.2889578220988,0.4703457569812599,-0.0110437170784507, Neutralism,Healthy
SRR13077859.bin.30.fbc2XSRR13077859.bin.26.fbc2 ,-0.0849588029377628,-0.0849588029377628,19.48309383071341,-0.0016322536587267,1000.0,-1000.0,101.9006328859516,-23.218938875976505,-3.1860448841191555,-0.1415980048963092,-0.0112788727819861,-1.1756878265907744,-500.0318615914188,1000.0,-0.0055659849763287,-0.0871812142689805,-0.0871812142689805,20.22247406417455,-0.00167495128278,-1000.0,999.7567468252008,481.2609348147655,-553.0265708074181,-3.269387657407947,-0.1453020237817099,-0.0115739133640317,-7.101692941934516,74.80014355672438,-999.756746825201,-0.0057115838742447, Neutralism,Healthy
SRR13077859.bin.5.fbc2XSRR13077859.bin.11.fbc2 ,-0.242300513299142,-0.242300513299142,995.5703863793916,-0.0046551491508353,-1000.0,999.6365259543054,1000.0,1000.0,-9.086525281921922,-0.4038341888319792,-0.0321670806320071,332.2401575451977,-616.6678799812837,-999.6365259543056,-0.015874058604254,-0.1518677152646432,-0.1518677152646432,4.429613620608279,-0.0029177274786889,1000.0,-1000.0,0.0,-608.6723383722668,-5.695199797436771,-0.2531128587744433,-0.0201614968775629,667.7598424548023,530.3826877885767,1000.0,-0.0099494507022654, Amensalism,Healthy
SRR13077859.bin.6.fbc2XSRR13077859.bin.10.fbc2 ,-0.1195635483228443,-0.1195635483228443,348.58512124240474,-0.0022970902655288,719.7314949225492,0.0,212.4983925319564,-209.4641070425512,-4.483759402069836,-0.1992725805380359,-0.015872893735036,-535.6536350081193,-680.1758599389291,0.0,-0.0078330778055715,-0.0839964296094422,-0.0839964296094422,651.4148787575953,-0.0016137642576268,-982.0606097652072,1000.0,787.5016074680436,-26.70671724167448,-3.1499548673899653,-0.139994049349184,-0.01115111102024,20.811656543681124,-319.8241400610709,-1000.0,-0.0055029361185461, Competition,Healthy
SRR13077859.bin.23.fbc2XSRR13077859.bin.6.fbc2 ,-0.1262720213017019,-0.1262720213017019,15.176902310542232,-0.0024259754333115,-1000.0,999.8105798381704,1000.0,959.0231114617584,-4.735334227464364,-0.2104533688362835,-0.0167634902438749,42.43916949039999,-499.76809992029325,-999.8105798381704,-0.0082725762274549,-0.13912401047412,-0.13912401047412,984.823097689458,-0.0026728916517413,999.7913006198304,-1000.0,0.0,-321.6482068092239,-5.2172974018210425,-0.2318733507902379,-0.0184696813137179,342.2821660459008,-500.2319000797068,1000.0,-0.0091145605324527, Amensalism,Healthy
SRR13077859.bin.36.fbc2XSRR13077859.bin.16.fbc2 ,-0.0464196840006252,-0.0464196840006252,990.5191504182084,-0.0008918287031747,-1000.0,999.9343435708716,362.3882319817872,978.0400767597596,-1.740787200603222,-0.0773661400011178,-0.0061625363390476,-59.546318247154886,-481.6989031695723,-999.9343435708716,-0.0030411358778792,-0.132552814147175,-0.132552814147175,9.480849581791515,-0.0025466438837611,1000.0,-1000.0,637.6117680182128,21.95992324024041,-4.970870595932752,-0.2209213569119583,-0.0175973092364074,445.75099677572734,-0.2649782961001392,1000.0,-0.0086840556434708, Neutralism,Healthy
SRR13077859.bin.27.fbc2XSRR13077859.bin.16.fbc2 ,-0.0916050621890463,-0.0916050621890463,474.8276252105823,-0.0017599435578858,-1000.0,1000.0,676.3874028629825,-921.8911332275096,-3.435286628983704,-0.1526751036483347,-0.0121612099851518,906.540755920248,-500.1870468013343,-1000.0,-0.0060014075324943,-0.132552814147175,-0.132552814147175,9.480849581791515,-0.0025466438837611,1000.0,-1000.0,323.6125971370175,343.6176104843921,-4.970870595932752,-0.2209213569119583,-0.0175973092364074,93.4592440797519,-0.2649782961001392,1000.0,-0.0086840556434708, Neutralism,Healthy
SRR13077859.bin.6.fbc2XSRR13077859.bin.35.fbc2 ,-0.1433184661597124,-0.1433184661597124,564.5925615591791,-0.0027534767754104,-595.0387738105085,1000.0,1000.0,-358.3478668429175,-5.374593922212739,-0.2388641102662632,-0.0190265245180398,-85.04850835477112,-601.5329460590627,-1000.0,-0.00938935580416,-0.1038565118698215,-0.1038565118698215,435.4074384408209,-0.001995322033963,1000.0,-1000.0,0.0,-24.257249686682712,-3.894728937829541,-0.1730941864497026,-0.0137876752550027,1.153326065483725,-398.46705394093726,1000.0,-0.0068040481359048, Competition,Healthy
SRR13077859.bin.36.fbc2XSRR13077859.bin.31.fbc2 ,-0.0456344998683562,-0.0456344998683562,984.4627049084924,-0.0008767435133449,-1000.0,999.9354541425492,219.7623661376383,1000.0,-1.7113419659580131,-0.0760574997806315,-0.0060582976771001,-42.43740553145312,-451.30000141317055,-999.9354541425492,-0.0029896953803927,-0.0884846475745462,-0.0884846475745462,15.537295091507415,-0.0016999932290673,999.867264528672,-1000.0,780.2376338623617,-49.55276008631199,-3.3182677836712173,-0.1474744126242058,-0.0117469532131053,29.58672975901368,-337.29039365400774,1000.0,-0.005796976911256, Neutralism,Healthy
SRR13077859.bin.36.fbc2XSRR13077859.bin.4.fbc2 ,-0.0471231401880913,-0.0471231401880913,1000.0,-0.0009053437115653,-0.0666514040470929,0.0,431.0919855083689,987.3237394878385,-1.7671675509587883,-0.0785385669802281,-0.0062559250470712,-65.98045784615772,-504.0074134049705,0.0,-0.0030872220564788,-0.0418123244331809,-0.0418123244331809,0.0,-0.0008033107479832,-219.60764455381025,1000.0,-6.909283886553794,12.676260512161548,-1.568006348336894,-0.0696872073887107,-0.0055508772686607,137.45507277265665,-195.18346472784447,-1000.0,-0.0027392896506626, Amensalism,Healthy
SRR13077859.bin.5.fbc2XSRR13077859.bin.15.fbc2 ,-0.256174835005595,-0.256174835005595,1000.0,-0.0049217067244171,-1000.0,999.615713138958,327.0739726477909,562.200664702196,-9.606827006581284,-0.4269580583427341,-0.0340089934657044,1000.0,-0.4270072754100056,-999.615713138958,-0.0167830199302443,0.0,0.0,0.0,0.0,0.0,0.0,-500.0182923433256,0.0,0.0,0.0,0.0,0.0,0.0,0.0,0.0, Amensalism,Healthy
SRR13077859.bin.33.fbc2XSRR13077859.bin.35.fbc2 ,-0.0862267765627393,-0.0862267765627393,1.230388398337709,-0.0016566143432328,-1000.0,999.8706515520842,-771.7322446609076,1000.0,-3.2335952348914816,-0.1437112942712701,-0.0114472051113807,735.7958997698252,-437.4254302006592,-999.8706515520842,-0.0056490549102363,-0.1278816529134019,-0.1278816529134019,998.7696116016624,-0.0024569001520831,1000.0,-1000.0,871.4878670673975,-44.83815751563202,-4.795697113762799,-0.2131360881891169,-0.0169771800506168,27.33826376805428,-474.4253414238132,1000.0,-0.0083780295184396, Neutralism,Healthy
SRR13077859.bin.31.fbc2XSRR13077859.bin.16.fbc2 ,-0.0886422256463674,-0.0886422256463674,673.2178863003865,-0.0017030206656727,-1000.0,999.867028146427,780.5464054383967,-1000.0,-3.3241771278756005,-0.1477370427439837,-0.0117678727995098,947.8037364392616,-349.822715264871,-999.8670281464272,-0.0058073004697689,-0.132552814147175,-0.132552814147175,9.480849581791515,-0.0025466438837611,1000.0,-1000.0,219.45359456160327,464.9065143563023,-4.970870595932752,-0.2209213569119583,-0.0175973092364074,47.21080316128018,-0.2649782961001392,1000.0,-0.0086840556434708, Neutralism,Healthy
SRR13077859.bin.36.fbc2XSRR13077859.bin.15.fbc2 ,-0.0004951347249289,-0.0004951347249289,8.464998243416062,-9.51267486470897e-06,0.0,-0.0007003231210092,-227.2811680871021,1000.0,-0.0185680753827455,-0.000825224541586,-6.573258303887997e-05,-2.7310710125740343,-230.9335224612587,0.0007003231210092,-3.243822118292883e-05,-0.0885383111969986,-0.0885383111969986,991.5350017565838,-0.0017010242304422,-1000.0,999.8671840280832,-772.7188319128979,-60.04966795135272,-3.320280226221371,-0.1475638519950735,-0.0117540774326698,1000.0,-769.0664775387413,-999.8671840280832,-0.0058004926260082, Amensalism,Healthy
SRR13077859.bin.15.fbc2XSRR13077859.bin.18.fbc2 ,-0.0885383111969986,-0.0885383111969986,991.5350017565838,-0.0017010242304422,-1000.0,999.8671840280832,-1000.0,-144.88772412955723,-3.320280226221371,-0.1475638519950735,-0.0117540774326698,1000.0,-364.1247508887223,-999.8671840280832,-0.0058004926260082,-0.1339776503472194,-0.1339776503472194,8.46499824341629,-0.0025740182583149,1000.0,-1000.0,0.0,972.9706461119796,-5.024303459023031,-0.2232960839119186,-0.017786466165262,-7.494537301197397,-490.9162146349592,1000.0,-0.0087774022609892, Neutralism,Healthy
SRR13077859.bin.33.fbc2XSRR13077859.bin.4.fbc2 ,-0.0862424791090461,-0.0862424791090461,8.45096266224732,-0.0016569160251265,-1000.0,999.8706279967564,-758.4678020522398,290.51692409156294,-3.2341840969703526,-0.1437374651817435,-0.0114492897338323,7.768245326326564,-336.0138834418736,-999.8706279967564,-0.0056500836457189,-0.0888724185123237,-0.0888724185123237,651.0309641882168,-0.0017074431990522,0.0,-0.1333171649845326,1000.0,709.4830759084371,-3.332809603589453,-0.1481206975206532,-0.0117984325056568,992.2317546736735,-663.9861165581265,0.1333171649845326,-0.0058223813089171, Neutralism,Healthy
SRR13077859.bin.31.fbc2XSRR13077859.bin.15.fbc2 ,-0.088054831641557,-0.088054831641557,13.103690206984991,-0.0016917354781753,-1000.0,999.86790929386,772.349371217085,-31.125417137087425,-3.3021492320112884,-0.1467580527360041,-0.0116898921545498,4.678293711620199,-343.6755002884014,-999.8679092938602,-0.0057688179807655,-0.0881241029725288,-0.0881241029725288,986.896309793015,-0.0016930663394987,0.0,-0.1321946197904253,-1000.0,-347.96751858985624,-3.3047469801182388,-0.1468735049542147,-0.0116990884062033,995.3217062883798,-656.3244997115986,0.1321946197904253,-0.0057733562177872, Neutralism,Healthy
SRR13077859.bin.5.fbc2XSRR13077859.bin.6.fbc2 ,-0.2352185335975036,-0.2352185335975036,871.8751122372573,-0.0045190880614427,-1000.0,999.6471496041636,-66.58222546348861,1000.0,-8.820943559747775,-0.3920308893291349,-0.0312268985044283,969.7469800363812,-0.3920760802096765,-999.6471496041636,-0.0154100902894924,-0.1219378394300747,-0.1219378394300747,128.12488776274267,-0.0023427058488323,1000.0,-0.3402311704213616,1000.0,-23.05829316034521,-4.572797827449449,-0.20322973238342,-0.0161880974152381,-1000.0,-750.1627536320808,0.3402311704213616,-0.0079886269444386, Amensalism,Healthy
SRR13077859.bin.31.fbc2XSRR13077859.bin.4.fbc2 ,-0.0884915227543388,-0.0884915227543388,86.7216072930346,-0.0017001253171429,-1000.0,999.8672542152416,780.3366359202687,-153.00849883295223,-3.3185256101819505,-0.147485871257345,-0.0117478659410608,114.73479315897066,-337.53886461681384,-999.8672542152418,-0.0057974273312311,-0.0888724185123237,-0.0888724185123237,557.3311720951779,-0.0017074431990522,0.0,0.1327457847581854,219.6633640797313,1000.0,-3.332809603589453,-0.1481206975206532,-0.0117984325056568,99.2181037360192,-662.4611353831862,-0.1327457847581854,-0.0058223813089171, Neutralism,Healthy
SRR13077859.bin.6.fbc2XSRR13077859.bin.18.fbc2 ,-0.1488902241494543,-0.1488902241494543,992.3994672793236,-0.0028605230384073,-952.7853936857568,1000.0,913.2194969551548,-330.41849483760325,-5.583540734369649,-0.248150373582348,-0.0197662141954424,-53.47338765518748,-512.1076679670833,-1000.0,-0.0097543835610167,-0.1337059163074627,-0.1337059163074627,7.600532720676256,-0.0025687976235531,1000.0,-1000.0,86.78050304484532,973.040289124682,-5.014113145397118,-0.2228431938457333,-0.0177503915789429,54.27374143255611,-487.8923320329167,1000.0,-0.0087595998963934, Amensalism,Healthy
SRR13077859.bin.4.fbc2XSRR13077859.bin.27.fbc2 ,-0.0888724185123237,-0.0888724185123237,349.02909152390794,-0.0017074431990522,-1000.0,999.8666828350156,237.38968145400256,1000.0,-3.332809603589453,-0.1481206975206532,-0.0117984325056568,973.511784824182,-661.69956978227,-999.8666828350156,-0.0058223813089171,-0.0916050621890463,-0.0916050621890463,29.19312089667301,-0.0017599435578858,1000.0,-1000.0,762.6103185459974,-28.455532883151022,-3.435286628983704,-0.1526751036483347,-0.0121612099851518,26.48821517581814,-338.30043021773,1000.0,-0.0060014075324943, Neutralism,Healthy
SRR13077859.bin.4.fbc2XSRR13077859.bin.16.fbc2 ,-0.0888724185123237,-0.0888724185123237,990.5191504182084,-0.0017074431990522,-0.2479719758031251,1000.0,-0.0296241395041079,-9.33896644296192,-3.332809603589453,-0.1481206975206532,-0.0117984325056568,888.1029654980437,-720.3566520293269,-1000.0,-0.0058223813089171,-0.132552814147175,-0.132552814147175,9.480849581791515,-0.0025466438837611,1000.0,-1000.0,448.7409881594549,239.82733958199583,-4.970870595932752,-0.2209213569119583,-0.0175973092364074,111.89703450195634,-0.2649782961001392,1000.0,-0.0086840556434708, Neutralism,Healthy
SRR13077859.bin.31.fbc2XSRR13077859.bin.6.fbc2 ,-0.0886422256463674,-0.0886422256463674,23.104932461308408,-0.0017030206656727,-1000.0,999.867028146427,772.5113765399387,-54.05458268087364,-3.3241771278756005,-0.1477370427439837,-0.0117678727995098,22.516010884924757,-336.67075996198764,-999.8670281464272,-0.0058073004697689,-0.1554336873799684,-0.1554336873799684,976.8950675386916,-0.0029862379900578,1000.0,-347.9525493422626,227.4886234600613,-417.97102511802655,-5.828927519837293,-0.2590561456332807,-0.0206349045109845,199.0604820892768,-663.3292400380124,347.9525493422625,-0.0101830715459527, Neutralism,Healthy
SRR13077859.bin.4.fbc2XSRR13077859.bin.35.fbc2 ,-0.0888724185123237,-0.0888724185123237,0.0,-0.0017074431990522,-897.6662483014762,1000.0,1000.0,1000.0,-3.332809603589453,-0.1481206975206532,-0.0117984325056568,747.3011485073143,-598.2698201020951,-1000.0,-0.0058223813089171,-0.1279341224667405,-0.1279341224667405,1000.0,-0.002457908212591,1000.0,-1000.0,0.0,-281.1381112388972,-4.797664777456475,-0.2132235374446054,-0.0169841457492339,252.69885149268544,-401.7301798979049,1000.0,-0.0083814670050514, Neutralism,Healthy
SRR13077859.bin.11.fbc2XSRR13077859.bin.10.fbc2 ,-0.1603296632116553,-0.1603296632116553,48.271584807217096,-0.0030803009262854,1000.0,-1000.0,0.0,-745.4090770884224,-6.01253178698903,-0.2672161053527588,-0.0212848794004685,899.6008633188621,428.2529213292305,1000.0,-0.0105038261585832,-0.1159608386390118,-0.1159608386390118,951.7284151927828,-0.0022278739411376,-1000.0,999.8260476026716,1000.0,-31.944994310479387,-4.3486539820301005,-0.1932680643983531,-0.0153946089336614,100.39913668113786,-504.79958494810063,-999.8260476026718,-0.0075970501394522, Neutralism,Healthy
SRR13077859.bin.11.fbc2XSRR13077859.bin.13.fbc2 ,-0.1763102696269243,-0.1763102696269243,665.8356641384335,-0.0033873250648639,1000.0,-1000.0,827.7660194474504,-656.1310443733007,-6.611821413888265,-0.2938504493781693,-0.0234064161983269,971.854942744142,-580.8945737407199,1000.0,-0.0115507784712463,-0.1160729364764847,-0.1160729364764847,334.16433586156654,-0.0022300275979887,-1000.0,999.6761330919408,-512.3023393907987,-343.8689556266993,-4.352857769385992,-0.1934548941275125,-0.0154094907022681,28.14505725585809,-333.47647787567143,-999.6761330919408,-0.0076043941091938, Neutralism,Healthy
SRR13077859.bin.14.fbc2XSRR13077859.bin.13.fbc2 ,-0.0407883695629607,-0.0407883695629607,21.783167860883623,-0.0007836382241066,-1000.0,999.9388135274644,-791.9785865088298,-662.380161510104,-1.529606958713316,-0.0679806159382678,-0.0054149401283893,978.1040598809448,-572.0967623119252,-999.9388135274644,-0.0026722063440729,-0.1160729364764847,-0.1160729364764847,327.91521872476324,-0.0022300275979887,0.0,-0.3238669080591307,-208.02141349117016,-337.619838489896,-4.352857769385992,-0.1934548941275125,-0.0154094907022681,21.89594011905524,-333.47647787567143,0.3238669080591307,-0.0076043941091938, Neutralism,Healthy
SRR13077859.bin.5.fbc2XSRR13077859.bin.14.fbc2 ,-0.2427109748504108,-0.2427109748504108,985.144087391948,-0.0046630350595933,999.6359102225492,-1000.0,582.0592084918271,1000.0,-9.101918023819051,-0.4045182914173892,-0.0322215722616192,66.4736056683546,-538.344465690454,1000.0,-0.0159009495531563,-0.0386249305050796,-0.0386249305050796,14.855912608051996,-0.0007420735928462,-1000.0,999.9420588938744,-1000.0,-120.02094961731076,-1.4484757079878818,-0.0643748841750948,-0.0051277285261903,933.5263943316454,-461.65553430954606,-999.9420588938744,-0.0025304709514557, Neutralism,Healthy
SRR13077859.bin.11.fbc2XSRR13077859.bin.27.fbc2 ,-0.1764540690354579,-0.1764540690354579,986.7874877305536,-0.0033900877816677,-1000.0,1000.0,224.6046955296365,-986.8139455487084,-6.6172140436590325,-0.2940901150591344,-0.0234255065712432,987.7228332003168,-565.6306253120235,-1000.0,-0.011560199335463,-0.0916050621890463,-0.0916050621890463,13.212512269446506,-0.0017599435578858,999.8625836069988,-1000.0,775.3953044703635,-13.186054451291623,-3.435286628983704,-0.1526751036483347,-0.0121612099851518,12.277166799683188,-339.6481190695972,1000.0,-0.0060014075324943, Neutralism,Healthy
SRR13077859.bin.36.fbc2XSRR13077859.bin.5.fbc2 ,0.0,0.0,0.0,0.0,-1000.0,1000.0,-290.3225806451612,1000.0,0.0,0.0,0.0,0.0,-258.0645161290322,-1000.0,0.0,-0.256174835005595,-0.256174835005595,1000.0,-0.0049217067244171,999.615713138958,-1000.0,159.1951908136989,0.0,-9.606827006581284,-0.4269580583427341,-0.0340089934657044,760.8380780279892,-0.4270072754100056,1000.0,-0.0167830199302443, Amensalism,Healthy
SRR13077859.bin.4.fbc2XSRR13077859.bin.26.fbc2 ,-0.0888724185123237,-0.0888724185123237,979.7775259358256,-0.0017074431990522,-1000.0,1000.0,-0.0296241395041079,722.6485176174624,-3.332809603589453,-0.1481206975206532,-0.0117984325056568,811.5267798025668,-599.7220036829536,-1000.0,-0.0058223813089171,-0.0871812142689805,-0.0871812142689805,20.22247406417432,-0.00167495128278,0.0,-0.2432531747989514,905.7282466618716,-26.66240678168185,-3.269387657407947,-0.1453020237817099,-0.0115739133640317,-6.42649681663147,-400.2779963170464,0.2432531747989514,-0.0057115838742447, Neutralism,Healthy
SRR13077859.bin.30.fbc2XSRR13077859.bin.27.fbc2 ,-0.0849588029377628,-0.0849588029377628,15.81013135765329,-0.0016322536587267,-1000.0,1000.0,164.9376872204914,-13.861693842668842,-3.1860448841191555,-0.1415980048963092,-0.0112788727819861,10.606376113273429,-398.6034339760536,-1000.0,-0.0055659849763287,-0.0916050621890463,-0.0916050621890463,24.5475871490612,-0.0017599435578858,1000.0,-1000.0,835.0623127795086,-21.322472979762665,-3.435286628983704,-0.1526751036483347,-0.0121612099851518,19.31113908404518,-375.1526218863074,1000.0,-0.0060014075324943, Neutralism,Healthy
SRR13077859.bin.33.fbc2XSRR13077859.bin.9.fbc2 ,-0.0862267765627393,-0.0862267765627393,1.2303883983378228,-0.0016566143432328,-0.1293484479158451,0.0,-419.9603939018765,-11.7349585171105,-3.2335952348914816,-0.1437112942712701,-0.0114472051113807,10.81445948434282,-249.7110421779012,0.0,-0.0056490549102363,-0.1825693475062735,-0.1825693475062735,998.7696116016624,-0.0035075763209988,-0.5094053090939497,1000.0,655.3622553338132,-920.390644777162,-6.846543448184093,-0.304282245843865,-0.0242373523778951,989.1855405156572,-750.2889578220988,-1000.0,-0.0119608352545128, Neutralism,Healthy
SRR13077859.bin.23.fbc2XSRR13077859.bin.16.fbc2 ,-0.1225990699218755,-0.1225990699218755,40.27102686305898,-0.0023554096046609,-0.1839103819309002,0.0,916.3839665811328,322.204268715471,-4.597594669599516,-0.2043317832032016,-0.0162758803680844,642.1207857403992,-345.87480265692307,0.0,-0.0080319467518847,-0.0892120023268034,-0.0892120023268034,3.735077722776055,-0.0017139673838073,1000.0,-1000.0,83.61603341886712,677.795731284529,-3.3455443554599924,-0.1486866705446345,-0.0118435146220008,157.60131806176787,-0.1783383062843313,1000.0,-0.0058446287787319, Amensalism,Healthy
SRR13077859.bin.14.fbc2XSRR13077859.bin.18.fbc2 ,-0.0417014622839815,-0.0417014622839815,504.9395562341092,-0.0008011808315586,-1000.0,999.9374438006698,764.8288141405487,-1000.0,-1.5638489005959857,-0.069502437140045,-0.0055361595462954,1000.0,-499.6726197286157,-999.9374438006698,-0.0027320266357264,-0.1354542378819587,-0.1354542378819587,146.89214466718568,-0.0026023868949778,1000.0,-1000.0,235.17118585945127,802.1374275367775,-5.079677051853764,-0.2257570631365979,-0.0179824934440375,0.0,-500.3273802713843,1000.0,-0.0088741393117288, Neutralism,Healthy
SRR13077859.bin.33.fbc2XSRR13077859.bin.15.fbc2 ,-0.0862344779307022,-0.0862344779307022,1.915248702073313,-0.001656762304151,-1000.0,999.8706399992924,588.5508215382272,-11.893863446194018,-3.23388404432626,-0.1437241298843901,-0.0114482275216687,7.515259368971783,-255.46202442261176,-999.8706399992924,-0.0056495594570833,-0.0884953872165397,-0.0884953872165397,998.0847512979268,-0.0017001995622649,0.0,-0.1327515818226174,-239.94215606333808,-136.18055640445607,-3.318670531595899,-0.1474923120275661,-0.0117483789753123,992.4847406310282,-744.5379755773882,0.1327515818226174,-0.0057976805073849, Neutralism,Healthy
SRR13077859.bin.4.fbc2XSRR13077859.bin.11.fbc2 ,-0.0888724185123237,-0.0888724185123237,60.42684555572168,-0.0017074431990522,-0.2479719758031251,1000.0,626.5368288752152,0.0,-3.332809603589453,-0.1481206975206532,-0.0117984325056568,193.68144904656856,-442.6203285902413,-1000.0,-0.0058223813089171,-0.1764540690354579,-0.1764540690354579,939.5731544442784,-0.0033900877816677,1000.0,-1000.0,373.4631711247848,-1000.0,-6.6172140436590325,-0.2940901150591344,-0.0234255065712432,806.3185509534314,-424.0248118585906,1000.0,-0.011560199335463, Neutralism,Healthy
SRR13077859.bin.33.fbc2XSRR13077859.bin.5.fbc2 ,-0.0862267509259027,-0.0862267509259027,1.2299916077323587,-0.0016566138506277,-1000.0,999.870651590542,-1000.0,-10.253812983233615,-3.2335942734835044,-0.143711251543209,-0.0114472017079378,10.075718711220134,-250.48547353623565,-999.870651590542,-0.0056490532307407,-0.2556814993762373,-0.2556814993762373,998.7700083922678,-0.0049122286143301,999.6164531897924,-1000.0,128.88539023014937,919.3502947740014,-9.588326399181028,-0.426135832293653,-0.0339434997250691,989.92428128878,-0.4261849545797531,1000.0,-0.0167506995749135, Neutralism,Healthy
SRR13077859.bin.33.fbc2XSRR13077859.bin.26.fbc2 ,-0.0811998674338383,-0.0811998674338383,3.385589861766448,-0.0015600358776737,0.0,-0.121807601330147,-873.6596630311362,47.51901845059456,-3.045080830742677,-0.1353331123897305,-0.0107798479148186,10.611691647593034,-306.33096240073826,0.121807601330147,-0.0053197223429606,-0.0867453316553792,-0.0867453316553792,23.45452108919005,-0.0016665769770725,-1000.0,999.7579630256232,902.6758443283107,-35.90106792419442,-3.253041598811251,-0.1445755527589654,-0.0115160469114243,-10.399340342167308,-397.9977927521195,-999.7579630256232,-0.0056830274917274, Neutralism,Healthy
SRR13077859.bin.9.fbc2XSRR13077859.bin.5.fbc2 ,-0.1550886986527757,-0.1550886986527757,147.27348395446688,-0.0029796099645409,0.3485613790412571,999.218709865813,-354.47930568091306,-6.455354784208566,-5.815990078025038,-0.258481164421255,-0.0205891048547073,151.59153471503396,-884.0382203706636,-999.218709865813,-0.0101604699789277,-0.2323593721708903,-0.2323593721708903,852.7265160455331,-0.0044641570061685,999.6514386209589,-1000.0,387.4258779080399,-993.5446452157914,-8.713721985041843,-0.3872656202847793,-0.0308473249125427,848.408465284966,-0.3873102618547364,1000.0,-0.0152227753910665, Amensalism,Healthy
SRR13077859.bin.5.fbc2XSRR13077859.bin.27.fbc2 ,-0.2550761357064175,-0.2550761357064175,990.9176975192876,-0.004900598188442,-1000.0,999.6173612934494,-750.8393302841882,969.736021170576,-9.565624621892084,-0.425126892844105,-0.0338631334818728,984.9735299722606,-0.4251758988259553,-999.6173612934492,-0.0167110398224394,-0.0914792854252937,-0.0914792854252937,9.082302480712542,-0.0017575270975385,999.8627722842266,-1000.0,778.3147803486393,-14.566349433610526,-3.430569867440454,-0.1524654757089365,-0.0121445122438217,15.026470027739265,-339.1721727347367,1000.0,-0.0059931674024937, Neutralism,Healthy
SRR13077859.bin.6.fbc2XSRR13077859.bin.27.fbc2 ,-0.1558860368111254,-0.1558860368111254,942.642717870981,-0.0029949286611099,-334.41218781639384,1000.0,284.24617508924393,-420.6425416857239,-5.8458911014919295,-0.2598100613517999,-0.0206949570483629,189.094788087114,-666.715254064005,-1000.0,-0.0102127067343644,-0.0916050621890463,-0.0916050621890463,57.35728212901904,-0.0017599435578858,999.8625836069988,-1000.0,715.7538249107561,-100.44205558310068,-3.435286628983704,-0.1526751036483347,-0.0121612099851518,99.53316793149064,-333.28474593599503,1000.0,-0.0060014075324943, Neutralism,Healthy
SRR13077859.bin.18.fbc2XSRR13077859.bin.13.fbc2 ,-0.1396292315072287,-0.1396292315072287,672.0847812752365,-0.0026825981077536,1000.0,-1000.0,613.9183472041868,-103.80168200016806,-5.236243724415658,-0.2327153858452675,-0.0185367529244331,206.0696565738658,-500.337470841952,1000.0,-0.0091476595473523,-0.1160729364764847,-0.1160729364764847,327.91521872476346,-0.0022300275979887,-1000.0,999.6761330919408,-494.6700017793959,-337.61983848989564,-4.352857769385992,-0.1934548941275125,-0.0154094907022681,21.89594011905524,-333.47647787567143,-999.6761330919408,-0.0076043941091938, Neutralism,Healthy
SRR13077859.bin.14.fbc2XSRR13077859.bin.27.fbc2 ,-0.0417014622839815,-0.0417014622839815,22.270808142371838,-0.0008011808315586,-1000.0,999.9374438006698,-1000.0,-983.3405854740876,-1.5638489005959857,-0.069502437140045,-0.0055361595462954,1000.0,-490.1854546949988,-999.9374438006698,-0.0027320266357264,-0.0916050621890463,-0.0916050621890463,31.940335660659457,-0.0017599435578858,999.8625836069988,-1000.0,1000.0,-16.659414525912325,-3.435286628983704,-0.1526751036483347,-0.0121612099851518,0.0,-441.4975973954522,1000.0,-0.0060014075324943, Neutralism,Healthy
SRR13077859.bin.36.fbc2XSRR13077859.bin.10.fbc2 ,-0.0050503752130452,-0.0050503752130452,86.34299949652018,-9.70293028785818e-05,-1000.0,999.9928567027246,0.0,1000.0,-0.1893944071014175,-0.0084172920218179,-0.0006704724826249,-27.856929946447508,-425.6544174002812,-999.9928567027246,-0.0003308699226636,-0.1143573234760424,-0.1143573234760424,913.6570005034798,-0.0021970667334016,1.7173406591433604,0.0071432972754337,1000.0,-36.35998240388096,-4.288520469022387,-0.1905955391267753,-0.0151817311281092,104.48630753067935,-500.6646252415357,-0.0071432972754337,-0.0074919975610328, Amensalism,Healthy
SRR13077859.bin.11.fbc2XSRR13077859.bin.16.fbc2 ,-0.1156788421566261,-0.1156788421566261,990.5191504182084,-0.0022224561413395,0.0,0.0,259.0524149480148,-916.103720425156,-4.338078815962604,-0.1927980702611194,-0.0153571719366709,438.3112572839423,-137.8767107272511,0.0,-0.0075785754419257,-0.132552814147175,-0.132552814147175,9.480849581791515,-0.0025466438837611,-1000.0,1000.0,740.9475850519852,-83.89627957484413,-4.970870595932752,-0.2209213569119583,-0.0175973092364074,561.6887427160577,-0.2649782961001392,-1000.0,-0.0086840556434708, Amensalism,Healthy
SRR13077859.bin.31.fbc2XSRR13077859.bin.10.fbc2 ,-0.0581447134236441,-0.0581447134236441,16.504585863834905,-0.0011170934375286,-1000.0,999.9127773443976,40.09956603167211,-29.82196488607065,-2.1804881935257754,-0.0969078557060356,-0.0077191156533444,26.468484520003813,-335.9988217615844,-999.9127773443972,-0.0038092886219374,-0.1154182499404896,-0.1154182499404896,983.495414136165,-0.0022174495666149,0.0,-0.1731384621585903,959.900433968328,-36.697304635689534,-4.328306332494549,-0.1923637499007782,-0.0153225765050137,232.07725631185983,-533.9191491206165,0.1731384621585903,-0.0075615030220888, Amensalism,Healthy
SRR13077859.bin.15.fbc2XSRR13077859.bin.13.fbc2 ,-0.0870429846220304,-0.0870429846220304,974.7889330982914,-0.0016722955739396,0.0,-0.1305728384108988,0.0,-692.4959343515138,-3.264203899581844,-0.1450716410366794,-0.011555562415765,983.1109656959908,-574.5029063455147,0.1305728384108988,-0.005702527907033,-0.0896149859000843,-0.0896149859000843,25.21106690170859,-0.0017217096234389,-1000.0,999.7499561113876,0.0,-307.5040656484862,-3.360656665284182,-0.1493583098335875,-0.0118970134980145,16.8890343040091,-425.4970936544853,-999.7499561113876,-0.0058710298159212, Amensalism,Healthy
SRR13077859.bin.36.fbc2XSRR13077859.bin.11.fbc2 ,-0.0428426227448426,-0.0428426227448426,849.8962152099309,-0.0008231051440361,-1000.0,999.9394029992992,1000.0,1000.0,-1.6066436237153994,-0.0714043712414422,-0.0056876565449783,0.0,-665.2719663835811,-999.9394029992992,-0.0028067885409654,-0.1655270275117573,-0.1655270275117573,150.10378479006908,-0.0031801542269249,1000.0,-1000.0,0.0,-901.5024321465906,-6.207438440172268,-0.2758783791862242,-0.0219748657081026,1000.0,412.3586823179612,1000.0,-0.0108443259138084, Neutralism,Healthy
SRR13077859.bin.31.fbc2XSRR13077859.bin.13.fbc2 ,-0.0886422256463674,-0.0886422256463674,544.4405017532576,-0.0017030206656727,-1000.0,999.867028146427,1000.0,-626.5694321723872,-3.3241771278756005,-0.1477370427439837,-0.0117678727995098,668.6403162955194,-522.7116326112343,-999.8670281464272,-0.0058073004697689,-0.1160729364764847,-0.1160729364764847,348.9501149235666,-0.0022300275979887,0.0,-0.3238669080591307,-571.4205908310818,-373.4305678276128,-4.352857769385992,-0.1934548941275125,-0.0154094907022681,57.70169649522745,-333.47647787567143,0.3238669080591307,-0.0076043941091938, Neutralism,Healthy
SRR13077859.bin.36.fbc2XSRR13077859.bin.23.fbc2 ,-0.0449619834562327,-0.0449619834562327,990.1287129426678,-0.0008638229290909,-1000.0,999.9364053559644,0.0,978.0338098195004,-1.6861218898699235,-0.0749366390937211,-0.0059690164396215,-26.96385599503151,-383.203870011972,-999.9364053559644,-0.0029456361879738,-0.0841942547609733,-0.0841942547609733,9.871287057332324,-0.0016175649329852,999.8737005300338,-1000.0,1000.0,-492.004322459822,-3.1573735196078587,-0.1403237579349934,-0.0111773736867917,998.4143981501076,-11.034262404148308,1000.0,-0.005515896421457, Amensalism,Healthy
SRR13077859.bin.14.fbc2XSRR13077859.bin.35.fbc2 ,-0.0416149258950326,-0.0416149258950326,20.93754456985096,-0.0007995182688773,-1000.0,999.9375736135662,-1000.0,-970.3276068724072,-1.560603694567703,-0.0693582098250544,-0.0055246712379357,998.5683838624634,-499.9523564814313,-999.937573613566,-0.0027263572968649,-0.1270412470030351,-0.1270412470030351,979.0624554301488,-0.0024407540250876,1000.0,-1000.0,1000.0,-29.67239312759284,-4.764181004086822,-0.2117354116718388,-0.0168656103129478,1.4316161375365937,-500.0476435185687,1000.0,-0.0083229712254251, Neutralism,Healthy
SRR13077859.bin.9.fbc2XSRR13077859.bin.23.fbc2 ,-0.1561654205308968,-0.1561654205308968,987.1893914382068,-0.0030002962638491,-398.4775953551908,1000.0,-433.3207858797263,526.6413061538565,-5.85636828620477,-0.2602757008849039,-0.0207320471828325,321.8897653574443,-650.4391669442717,-1000.0,-0.0102310102595311,-0.1268630471158758,-0.1268630471158758,12.810608561793288,-0.0024373303961056,999.8096932426744,-1000.0,1000.0,339.28428556844847,-4.757498320019295,-0.2114384118598309,-0.0168419530368737,678.1102346425557,-349.56083305572827,1000.0,-0.0083112966506178, Amensalism,Healthy
SRR13077859.bin.4.fbc2XSRR13077859.bin.18.fbc2 ,0.0,0.0,0.0,0.0,0.0,1000.0,748.9698076986797,-250.3433974337736,0.0,0.0,0.0,250.34339743377336,-499.6566025662266,-1000.0,0.0,-0.1420813706511126,-0.1420813706511126,1000.0,-0.0027297093304241,1000.0,-1000.0,251.0301923013203,-650.0400935755551,-5.328201533428455,-0.2368022844184452,-0.0188622914735105,749.6566025662266,-500.34339743377336,1000.0,-0.0093083088169123, Amensalism,Healthy
SRR13077859.bin.33.fbc2XSRR13077859.bin.11.fbc2 ,-0.0862424791090461,-0.0862424791090461,8.856386915809935,-0.0016569160251265,-1000.0,999.8706279967564,-719.6377423722436,1000.0,-3.2341840969703526,-0.1437374651817435,-0.0114492897338323,7.970957453106052,-355.65696442450053,-999.8706279967564,-0.0056500836457189,-0.1764540690354579,-0.1764540690354579,991.14361308419,-0.0033900877816677,1000.0,-1000.0,261.2243828411406,-971.217744981233,-6.6172140436590325,-0.2940901150591344,-0.0234255065712432,992.0290425468938,-588.4765562620886,1000.0,-0.011560199335463, Neutralism,Healthy
SRR13077859.bin.35.fbc2XSRR13077859.bin.18.fbc2 ,-0.1269304881144535,-0.1269304881144535,976.4652072557474,-0.0024386260924984,-1000.0,1000.0,825.0120470329207,-336.7733753232735,-4.760027428725266,-0.2115508135240134,-0.0168509062991688,308.5572196050366,-501.6155911245784,-1000.0,-0.0083157149754242,-0.1346487619139225,-0.1346487619139225,23.53479274425274,-0.0025869118522905,0.0,0.0,174.9879529670793,970.7090696931214,-5.0494708519232745,-0.2244146031898708,-0.017875560899597,-7.532078418369679,-498.3844088754216,0.0,-0.0088213694164096, Neutralism,Healthy
SRR13077859.bin.23.fbc2XSRR13077859.bin.26.fbc2 ,-0.1269565315592444,-0.1269565315592444,14.884915489573814,-0.0024391264469159,-1000.0,999.8095530070289,1000.0,17.80535475819738,-4.761004085427089,-0.2115942192654074,-0.0168543637478251,997.6090706917262,-270.3197160603147,-999.8095530070289,-0.0083174211838468,-0.0746156994330249,-0.0746156994330249,17.307788830617824,-0.001433538894048,0.0,-0.20819285357652,0.0,-607.4325733457363,-2.798167573377782,-0.1243594990550036,-0.0099057537576072,-7.511657792259484,83.81193437451316,0.20819285357652,-0.0048883676286095, Amensalism,Healthy
SRR13077859.bin.11.fbc2XSRR13077859.bin.18.fbc2 ,-0.1764540690354579,-0.1764540690354579,628.7810419857874,-0.0033900877816677,-1000.0,1000.0,814.2496249974474,-702.2419706998867,-6.6172140436590325,-0.2940901150591344,-0.0234255065712432,893.9295817711131,-499.667966871291,-1000.0,-0.011560199335463,-0.1373793668466305,-0.1373793668466305,371.2189580142126,-0.0026393730422569,0.0,0.0,0.0,397.3780742628833,-5.151871422265344,-0.228965611411013,-0.0182380677216542,106.07041822888688,-500.332033128709,0.0,-0.0090002620738687, Neutralism,Healthy
SRR13077859.bin.33.fbc2XSRR13077859.bin.16.fbc2 ,-0.0862424791090461,-0.0862424791090461,14.7262338626158,-0.0016569160251265,-1000.0,999.8706279967564,-1000.0,-19.505662815388405,-3.2341840969703526,-0.1437374651817435,-0.0114492897338323,10.90588092651194,-260.0783085355529,-999.8706279967564,-0.0056500836457189,-0.132552814147175,-0.132552814147175,9.480849581791515,-0.0025466438837611,1000.0,-1000.0,1000.0,-342.94869452286,-4.970870595932752,-0.2209213569119583,-0.0175973092364074,820.7411576640725,-0.2649782961001392,1000.0,-0.0086840556434708, Neutralism,Healthy
SRR13077859.bin.10.fbc2XSRR13077859.bin.16.fbc2 ,-0.1178547402765843,-0.1178547402765843,996.3495972958162,-0.0022642601397819,-1000.0,999.8232065682846,992.8230526325624,-37.47198825938358,-4.4196772946783085,-0.1964245671275648,-0.0156460375660572,202.15531494026345,-533.5831954362145,-999.8232065682844,-0.0077211270767065,-0.132179079043567,-0.132179079043567,3.6504027041837617,-0.0025394635742941,1000.0,-1000.0,7.176947367437606,725.3603536805003,-4.956855134630018,-0.2202984650725739,-0.0175476932985247,110.78209669953868,-0.2642311849084535,1000.0,-0.0086595707884953, Neutralism,Healthy
SRR13077859.bin.30.fbc2XSRR13077859.bin.10.fbc2 ,-0.0847311255923841,-0.0847311255923841,8.278483291689213,-0.0016278794541904,1000.0,-1000.0,0.0,-12.16423968831873,-3.1775067430836543,-0.1412185426539736,-0.0112486470286512,9.787779867070412,-456.1580278631105,1000.0,-0.0055510689388711,-0.1180506748879679,-0.1180506748879679,991.7215167083108,-0.00226802449356,-0.177087352454464,0.0,1000.0,-37.53428579143736,-4.427025049647341,-0.1967511248133178,-0.0156720492502699,192.95496342006936,-531.291470295529,0.0,-0.0077339635229236, Neutralism,Healthy
SRR13077859.bin.31.fbc2XSRR13077859.bin.18.fbc2 ,-0.0884915227543388,-0.0884915227543388,21.359728436262916,-0.0017001253171429,-1000.0,999.8672542152416,789.9623435748808,-62.62978313929614,-3.3185256101819505,-0.147485871257345,-0.0117478659410608,32.2626944326712,-336.1152790863903,-999.8672542152418,-0.0057974273312311,-0.1419216433093879,-0.1419216433093879,978.6402715637372,-0.0027266406015087,1000.0,-1000.0,210.0376564251192,-614.4592377126315,-5.322211589333278,-0.2365360721822753,-0.0188410865565629,920.2974108888128,-500.34301138767177,1000.0,-0.0092978444512255, Neutralism,Healthy
SRR13077859.bin.31.fbc2XSRR13077859.bin.23.fbc2 ,-0.0799566637894031,-0.0799566637894031,32.61295351175022,-0.0015361510814955,-1000.0,999.8800573235604,570.5937783241495,-63.32574951670642,-2.998459380410964,-0.1332611063156719,-0.0106148039727713,28.22993472738949,-339.1700338832577,-999.8800573235604,-0.0052382751877075,-0.1028096625508396,-0.1028096625508396,12.053835433163158,-0.0019752096551428,999.8457756301254,-1000.0,429.4062216758505,40.71256842458979,-3.85547098218683,-0.1713494375846949,-0.0136486987171338,971.7700652726104,-273.0283870102934,1000.0,-0.0067354649240769, Amensalism,Healthy
SRR13077859.bin.30.fbc2XSRR13077859.bin.23.fbc2 ,-0.0849588029377628,-0.0849588029377628,512.9575395734798,-0.0016322536587267,-1000.0,1000.0,0.0,-514.2076990415569,-3.1860448841191555,-0.1415980048963092,-0.0112788727819861,2.390929308273826,-448.3181747976362,-1000.0,-0.0055659849763287,-0.1269565315592444,-0.1269565315592444,14.884915489573814,-0.0024391264469159,999.8095530070289,-1000.0,1000.0,17.805354758197268,-4.761004085427089,-0.2115942192654074,-0.0168543637478251,997.6090706917262,-270.3197160603147,1000.0,-0.0083174211838468, Neutralism,Healthy
SRR13077859.bin.31.fbc2XSRR13077859.bin.14.fbc2 ,-0.0886422256463674,-0.0886422256463674,30.701251882827137,-0.0017030206656727,0.0,-0.1329718535729398,780.546405438397,-47.130488091598295,-3.3241771278756005,-0.1477370427439837,-0.0117678727995098,5.653006797513172,-347.677992773067,0.1329718535729398,-0.0058073004697689,-0.0414657236342463,-0.0414657236342463,357.5057441802353,-0.0007966517508748,-1000.0,999.9377974312896,-1000.0,-952.8695119084016,-1.5550084521306644,-0.0691095393904106,-0.0055048635987304,994.3469932024868,-386.7381466300826,-999.9377974312898,-0.0027165824706116, Neutralism,Healthy
SRR13077859.bin.9.fbc2XSRR13077859.bin.11.fbc2 ,-0.1786079440965977,-0.1786079440965977,707.8318918982773,-0.0034314686665766,-0.4983521944503764,1000.0,-1000.0,1000.0,-6.697986634397921,-0.297679906827625,-0.0237114484862104,186.4725416456317,-1000.0,-1000.0,-0.0117013081530785,-0.1688386598251554,-0.1688386598251554,292.16810810172274,-0.0032437782867873,1000.0,-1000.0,241.78394592311088,-818.2327830030976,-6.3316281512503565,-0.2813977663753348,-0.0224145079614572,813.5274583543683,227.0039203183128,1000.0,-0.0110612839578152, Neutralism,Healthy
SRR13077859.bin.9.fbc2XSRR13077859.bin.18.fbc2 ,-0.1517735034984753,-0.1517735034984753,992.395922156793,-0.0029159174542883,-954.572998188686,1000.0,-1000.0,30.794171072024938,-5.691666756652467,-0.2529558391640876,-0.0201489896095381,1000.0,-511.41366916153726,-1000.0,-0.0099432785193585,-0.1337682808645013,-0.1337682808645013,7.604077843207051,-0.0025699957899405,1000.0,-1000.0,151.2185908278277,969.2058289279752,-5.016451882185265,-0.2229471347741309,-0.0177586709082788,-3.6660800761299015,-488.58633083846274,1000.0,-0.0087636856435437, Amensalism,Healthy
SRR13077859.bin.23.fbc2XSRR13077859.bin.10.fbc2 ,-0.0846232970155824,-0.0846232970155824,8.56137391393554,-0.0016258078196642,-1000.0,999.8730569254376,0.0,856.0082696073316,-3.1734630575147094,-0.141038828359342,-0.0112343320341778,157.66680641615403,-474.5791869474697,-999.8730569254376,-0.0055440046652392,-0.1179243474654185,-0.1179243474654185,991.4386260860643,-0.0022655974537428,0.0,-0.1768978491853658,1000.0,-27.424943897246067,-4.422287637813611,-0.1965405791090688,-0.01565527840512,186.911308162192,-525.4208130525303,0.1768978491853658,-0.0077256873171336, Amensalism,Healthy
SRR13077859.bin.9.fbc2XSRR13077859.bin.13.fbc2 ,-0.1581776333032394,-0.1581776333032394,672.0847812752363,-0.0030389554909788,-334.1431931474183,1000.0,-791.9785865088305,451.1611839534633,-5.931828391424688,-0.2636293888388081,-0.0209991824423241,690.1140229058735,-666.5235221243286,-1000.0,-0.0103628382240685,-0.1160729364764847,-0.1160729364764847,327.9152187247637,-0.0022300275979887,-0.3238669080591307,0.0,-208.02141349116948,-337.6198384898961,-4.352857769385992,-0.1934548941275125,-0.0154094907022681,21.89594011905524,-333.47647787567143,0.0,-0.0076043941091938, Amensalism,Healthy
SRR13077859.bin.33.fbc2XSRR13077859.bin.10.fbc2 ,-0.0862258610143271,-0.0862258610143271,1.2368593119994102,-0.0016565967533779,0.0,-0.1293470745051763,0.0,-10.257147357011265,-3.2335609008576967,-0.1437097683572119,-0.0114470835659403,10.089375520811586,-297.3554591325824,0.1293470745051763,-0.0056489949290607,-0.1136596702481256,-0.1136596702481256,998.7631406880004,-0.002183663213259,-1000.0,999.8294995763116,1000.0,-242.8430389939709,-4.262357735780142,-0.1894327837468381,-0.0150891128033663,559.5158765512356,-500.18945462037897,-999.8294995763118,-0.0074462915571302, Neutralism,Healthy
SRR13077859.bin.26.fbc2XSRR13077859.bin.13.fbc2 ,-0.0821821271194949,-0.0821821271194949,124.36582278391688,-0.0015789073413543,-1000.0,999.7706952868097,1000.0,-81.29563198722599,-3.0819166068838517,-0.1369702118657869,-0.0109102497290223,-9.852287075847473,-400.2879650821421,-999.7706952868097,-0.0053840740341684,-0.1160729364764847,-0.1160729364764847,342.6860789021325,-0.0022300275979887,0.0,-0.3238669080591307,-552.6384286898667,-367.16155884463353,-4.352857769385992,-0.1934548941275125,-0.0154094907022681,51.43766047379404,-333.47647787567143,0.3238669080591307,-0.0076043941091938, Neutralism,Healthy
SRR13077859.bin.6.fbc2XSRR13077859.bin.13.fbc2 ,-0.1536837385334593,-0.1536837385334593,672.125863309079,-0.0029526174549801,-335.16111939619884,1000.0,1000.0,-499.0238168981545,-5.763302588963825,-0.2561395642223942,-0.0204025866141819,-96.76955524182006,-666.5235243340691,-1000.0,-0.010068425521581,-0.1160711446436835,-0.1160711446436835,327.874136690921,-0.0022299931728184,-0.3238619084843321,0.0,-208.0233479472838,-337.57860664459884,-4.352790573764537,-0.1934519077395862,-0.0154092528239289,21.875019271645783,-333.47647566593093,0.0,-0.0076042767192348, Neutralism,Healthy
SRR13077859.bin.26.fbc2XSRR13077859.bin.18.fbc2 ,-0.0871812142689805,-0.0871812142689805,20.222474064174666,-0.00167495128278,-1000.0,999.7567468252008,905.150429784776,-26.322514501035016,-3.269387657407947,-0.1453020237817099,-0.0115739133640317,-6.596442956953752,-400.2440070889819,-999.756746825201,-0.0057115838742447,-0.1419301476598775,-0.1419301476598775,979.7775259358256,-0.0027268039896171,1000.0,-1000.0,94.84957021522403,-616.353666474389,-5.322530511464265,-0.2365502460997959,-0.0188422155682701,1000.0,-500.3430319418946,1000.0,-0.0092984016046102, Neutralism,Healthy
SRR13077859.bin.27.fbc2XSRR13077859.bin.10.fbc2 ,-0.0865329230027782,-0.0865329230027782,268.12194005481933,-0.0016624961191382,-1000.0,999.8701923030152,411.5902971920739,-509.3108943553594,-3.245076049892077,-0.1442215383380016,-0.0114878481834921,514.6341071791771,-332.6179640240813,-999.8701923030152,-0.0056691117663376,-0.0830046435341955,-0.0830046435341955,731.8780599451807,-0.0015947097700745,0.0,-0.1245149388500976,588.4097028079261,-26.39137823976409,-3.1127618415695224,-0.1383410725569547,-0.0110194445114757,485.36589282082286,-500.1383570196547,0.1245149388500976,-0.0054379603160441, Amensalism,Healthy
SRR13077859.bin.14.fbc2XSRR13077859.bin.16.fbc2 ,-0.0406567362639407,-0.0406567362639407,21.71286864865715,-0.0007811092461906,-1000.0,999.9390109900578,-738.62157184695,-1000.0,-1.524670570906892,-0.0677612271066436,-0.0053974648911889,974.9474967343748,-477.9050819904903,-999.9390109900578,-0.0026635825295215,-0.132552814147175,-0.132552814147175,16.326075542574586,-0.0025466438837611,1000.0,-1000.0,282.4330032110379,392.9807241723117,-4.970870595932752,-0.2209213569119583,-0.0175973092364074,25.05250326562509,-0.2649782961001392,1000.0,-0.0086840556434708, Neutralism,Healthy
SRR13077859.bin.33.fbc2XSRR13077859.bin.30.fbc2 ,-0.0862424791090461,-0.0862424791090461,8.450962662245956,-0.0016569160251265,-1000.0,999.8706279967564,-1000.0,1000.0,-3.2341840969703526,-0.1437374651817435,-0.0114492897338323,486.8583425344086,-385.6000955000004,-999.8706279967564,-0.0056500836457189,-0.0849588029377628,-0.0849588029377628,15.810131357653404,-0.0016322536587267,1000.0,-1000.0,437.6248760236458,-13.861693842671116,-3.1860448841191555,-0.1415980048963092,-0.0112788727819861,10.606376113273429,-375.4707751834593,1000.0,-0.0055659849763287, Neutralism,Healthy
SRR13077859.bin.14.fbc2XSRR13077859.bin.10.fbc2 ,-0.0397648585378647,-0.0397648585378647,20.006727875740467,-0.000763974227425,0.0,-0.0596511076779506,0.0,-978.1613408139932,-1.4912242137528438,-0.0662747642297745,-0.0052790619115512,954.1752068684328,-517.7346794678656,0.0596511076779506,-0.0026051521155068,-0.1148833896579617,-0.1148833896579617,979.9932721242594,-0.0022071736725592,-1000.0,999.8276638796448,1000.0,-21.838659186006797,-4.308248506725249,-0.191472316096565,-0.0152515700775666,45.82479313156728,-482.2653205321344,-999.8276638796448,-0.0075264622234954, Neutralism,Healthy
SRR13077859.bin.5.fbc2XSRR13077859.bin.13.fbc2 ,-0.2485881269639094,-0.2485881269639094,998.6184545689443,-0.0047759486448057,-1000.0,999.627093929811,418.1976280953652,-128.4470808311845,-9.32231743832233,-0.4143135449398869,-0.033001805135882,998.2719141879704,-0.4143613044262793,-999.6270939298108,-0.0162859848788912,-0.009154547279536,-0.009154547279536,1.381545431055656,-0.0001758798708806,0.0,-0.0255430336486597,9.054678103460333,-4.107987450699852,-0.3433051963774005,-0.0152575787992645,-0.0012153299078363,1.728085812029576,-35.115132608214026,0.0255430336486597,-0.0005997503596972, Amensalism,Healthy
SRR13077859.bin.23.fbc2XSRR13077859.bin.13.fbc2 ,-0.1269565315592444,-0.1269565315592444,14.8849154895737,-0.0024391264469159,0.0,-0.1904469929711467,1000.0,937.6071210979574,-4.761004085427089,-0.2115942192654074,-0.0168543637478251,79.95880900821635,-500.00121956322346,0.1904469929711467,-0.0083174211838468,-0.1160729364764847,-0.1160729364764847,327.91521872476346,-0.0022300275979887,-1000.0,999.6761330919408,-208.02141349116997,-337.6198384898945,-4.352857769385992,-0.1934548941275125,-0.0154094907022681,21.89594011905524,-333.47647787567143,-999.6761330919408,-0.0076043941091938, Neutralism,Healthy
SRR13077859.bin.9.fbc2XSRR13077859.bin.10.fbc2 ,-0.156545140353387,-0.156545140353387,163.47234028682942,-0.0030075915533416,999.437937784372,0.1252696943306546,-1000.0,967.3922043435764,-5.870608180787031,-0.260908567255683,-0.0207824576337998,180.76662331295304,-880.5120771198732,-0.1252696943306546,-0.0102558871969904,-0.0835077816331022,-0.0835077816331022,836.5276597131706,-0.0016043762080926,-1000.0,999.8747303056692,1000.0,-26.551351312467546,-3.131630051932348,-0.1391796360551325,-0.0110862395981712,609.1654507595094,-119.4879228801268,-999.8747303056692,-0.0054709228696765, Competition,Healthy
SRR13077859.bin.9.fbc2XSRR13077859.bin.31.fbc2 ,-0.1707097993443085,-0.1707097993443085,976.8950675386918,-0.0032797271727531,-343.27533311332115,1000.0,218.32915387935876,-445.5721691857606,-6.4017978604071,-0.2845163322405142,-0.0226629147640551,977.4839891150752,-664.2451869960828,-1000.0,-0.0111838696592485,-0.0886422256463674,-0.0886422256463674,23.10493246130829,-0.0017030206656727,999.867028146427,-1000.0,781.6708461206413,-59.55026442929602,-3.3241771278756005,-0.1477370427439837,-0.0117678727995098,22.516010884924757,-335.7548130039172,1000.0,-0.0058073004697689, Amensalism,Healthy
SRR13077859.bin.36.fbc2XSRR13077859.bin.14.fbc2 ,-0.0464657628040185,-0.0464657628040185,979.032437929925,-0.0008927139828074,999.9342783965872,-1000.0,514.5995069539529,1000.0,-1.7425152044204424,-0.0774429380066976,-0.0061686536211027,-72.07737585323684,-509.8082203520978,1000.0,-0.0030441546813335,-0.0416745879075506,-0.0416745879075506,20.96756207007513,-0.0008006645131217,-1000.0,999.937484114816,-1000.0,-37.40357917534368,-1.562841083082617,-0.0694576465126601,-0.0055325917855952,1000.0,-490.1917796479022,-999.937484114816,-0.0027302659897259, Neutralism,Healthy
SRR13077859.bin.33.fbc2XSRR13077859.bin.36.fbc2 ,-0.0862267509259027,-0.0862267509259027,1.229991607732245,-0.0016566138506277,-1000.0,999.870651590542,-326.14686626226785,-10.253812983232706,-3.2335942734835044,-0.143711251543209,-0.0114472017079378,10.075718711220134,-297.35643165728607,-999.870651590542,-0.0056490532307407,-0.0447058420833172,-0.0447058420833172,998.7700083922678,-0.0008589018651719,999.9367676446846,-1000.0,-168.90289421604007,1000.0,-1.67651631772776,-0.0745097368055667,-0.0059350118884822,0.7276483752560807,-346.0430771332219,1000.0,-0.0029288553603237, Neutralism,Healthy
SRR13077859.bin.23.fbc2XSRR13077859.bin.11.fbc2 ,-0.1269565315592444,-0.1269565315592444,14.8849154895737,-0.0024391264469159,-1000.0,999.8095530070289,1000.0,936.5313687698324,-4.761004085427089,-0.2115942192654074,-0.0168543637478251,78.88305668009161,-500.00121956322346,-999.8095530070289,-0.0083174211838468,-0.1738118514648476,-0.1738118514648476,985.1150845104262,-0.0033393247159665,1000.0,-1000.0,0.0,-1000.0,-6.518128092789084,-0.2896864191079658,-0.0230747337872117,921.1169433199084,-429.8818292030563,1000.0,-0.0113870972813856, Neutralism,Healthy
SRR13077859.bin.27.fbc2XSRR13077859.bin.35.fbc2 ,-0.0914796069811245,-0.0914796069811245,9.08584947216093,-0.0017575332752812,-1000.0,999.862771801862,773.9713891370136,-14.564643102023863,-3.4305819261218176,-0.1524660116351697,-0.0121445549325471,15.02652284678129,-339.70028995262294,-999.862771801862,-0.0059931884688921,-0.1275466590738005,-0.1275466590738005,990.914150527839,-0.0024504641512521,1000.0,-1000.0,-1000.0,-978.8883343411902,-4.7831344907945095,-0.2125777651228872,-0.0169327072852638,961.434282639496,-398.11738190650135,1000.0,-0.0083560827558812, Neutralism,Healthy
SRR13077859.bin.31.fbc2XSRR13077859.bin.11.fbc2 ,-0.0886422256463674,-0.0886422256463674,27.9645217992761,-0.0017030206656727,-1000.0,999.867028146427,776.7017885065316,-45.14865881687104,-3.3241771278756005,-0.1477370427439837,-0.0117678727995098,5.653006797513172,-344.76767332000577,-999.8670281464272,-0.0058073004697689,-0.1763320193035724,-0.1763320193035724,972.035478200724,-0.0033877429260655,1000.0,-1000.0,223.29821149346844,-954.851341183129,-6.612637049746581,-0.2938866988394011,-0.0234093036193598,994.3469932024868,-601.7224789508116,1000.0,-0.0115522033779598, Neutralism,Healthy
SRR13077859.bin.30.fbc2XSRR13077859.bin.13.fbc2 ,-0.0849588029377628,-0.0849588029377628,512.9575395734801,-0.0016322536587267,1000.0,-1000.0,2.26278100521904,-511.0091020584963,-3.1860448841191555,-0.1415980048963092,-0.0112788727819861,-3.0704486800067343,-448.3181747976363,1000.0,-0.0055659849763287,-0.1160729364764847,-0.1160729364764847,327.91521872476346,-0.0022300275979887,-1000.0,999.6761330919408,-208.02141349116997,-337.6198384898946,-4.352857769385992,-0.1934548941275125,-0.0154094907022681,21.89594011905524,-333.47647787567143,-999.6761330919408,-0.0076043941091938, Neutralism,Healthy
SRR13077859.bin.9.fbc2XSRR13077859.bin.36.fbc2 ,-0.1976469476617239,-0.1976469476617239,977.4720072456798,-0.0037972516361151,1000.0,-0.5514748551183857,-1000.0,590.0733742549032,-7.411969386155761,-0.3294115794362824,-0.02623900880576,1000.0,-999.993302281953,0.5514748551183857,-0.0129486280792434,-0.0009865647632523,-0.0009865647632523,22.527992754320167,-1.895417415198608e-05,0.0,-0.0013954062991388,1.3973497534842636,22.200459507812525,-0.0369972210999094,-0.0016442746053826,-0.0001309733431753,0.0,-0.0066977180470075,0.0013954062991388,-6.463373381393467e-05, Amensalism,Healthy
SRR13077859.bin.30.fbc2XSRR13077859.bin.35.fbc2 ,-0.0847311255923841,-0.0847311255923841,8.278483291689213,-0.0016278794541904,-1000.0,1000.0,-116.5984091385252,-12.1642396883193,-3.1775067430836543,-0.1412185426539736,-0.0112486470286512,9.787779867070412,-398.67276302096,-1000.0,-0.0055510689388711,-0.1275810889683271,-0.1275810889683271,991.7215167083108,-0.0024511256285677,0.0,0.0,-883.4015908614748,-926.0408413174029,-4.784425648223419,-0.212635148280583,-0.0169372780935646,908.5820780759096,-498.1168737133193,0.0,-0.0083583383934637, Neutralism,Healthy
SRR13077859.bin.27.fbc2XSRR13077859.bin.13.fbc2 ,-0.0916050621890463,-0.0916050621890463,340.07958206519106,-0.0017599435578858,-1000.0,1000.0,467.31586443988,-662.3801615101064,-3.435286628983704,-0.1526751036483347,-0.0121612099851518,646.4390327484839,-337.4078475953645,-1000.0,-0.0060014075324943,-0.1160729364764847,-0.1160729364764847,327.91521872476324,-0.0022300275979887,0.0,-0.3238669080591307,-208.02141349116985,-337.6198384898936,-4.352857769385992,-0.1934548941275125,-0.0154094907022681,21.89594011905524,-333.47647787567143,0.3238669080591307,-0.0076043941091938, Neutralism,Healthy
SRR13077859.bin.23.fbc2XSRR13077859.bin.35.fbc2 ,-0.1269349455234305,-0.1269349455234305,12.842060870903197,-0.00243871172961,-1000.0,999.8095853881564,1000.0,57.359865557724106,-4.760194586272178,-0.211558242539013,-0.01685149805121,963.1527484775032,-280.20564570788633,-999.8095853881564,-0.0083160069978021,-0.1273864765373673,-0.1273864765373673,987.1579391290968,-0.0024473866769767,1000.0,-1000.0,0.0,-54.27938313399216,-4.777127476419764,-0.2123107942289834,-0.0169114419379639,36.84725152249689,-398.1197462376679,1000.0,-0.0083455885685452, Neutralism,Healthy
SRR13077859.bin.6.fbc2XSRR13077859.bin.14.fbc2 ,-0.1653671016800899,-0.1653671016800899,831.8145345354524,-0.0031770816844982,1000.0,-0.4614075730452214,1000.0,-508.0634040629529,-6.201441052496534,-0.2756118361335211,-0.0219536344401376,-59.39099886559325,-751.8404039928096,0.4614075730452214,-0.01083384854428,-0.0397267455006158,-0.0397267455006158,168.18546546454763,-0.0007632419884657,-1000.0,999.940406065539,-221.4917959827516,-491.9365959370471,-1.4897949345838697,-0.06621124250114,-0.0052740021404815,1000.0,-248.15959600719043,-999.940406065539,-0.0026026551806808, Neutralism,Healthy
SRR13077860.bin.18.fbc2XSRR13077860.bin.29.fbc2 ,-0.0064828049236211,-0.0064828049236211,71.56734203941573,-0.0001245495662942,270.54669424875965,0.3161461512074766,0.0,-414.239876060714,-0.243112034861042,-0.0108046748727019,-0.0008606375027966,142.17397739565922,-67.7289472278934,-0.3161461512074766,-0.0004247140209372,-0.2107506041284068,-0.2107506041284068,928.4326579605844,-0.0040490029612101,-1000.0,999.6838538487924,1000.0,401.11002883061656,-7.903370349979696,-0.351251006880716,-0.0279786104616732,857.8260226043408,-500.35129149691033,-999.6838538487924,-0.0138071000975514, Amensalism,Healthy
SRR13077860.bin.13.fbc2XSRR13077860.bin.39.fbc2 ,-0.0432561753135587,-0.0432561753135587,985.2486475846492,-0.0008310504382507,-1000.0,999.9351115817774,-189.4471737328872,115.28024910424529,-1.6221522820346763,-0.0720936255227115,-0.0057425585287091,971.644817297892,-359.8958039528586,-999.9351115817774,-0.0028338819946611,-0.0875348380877767,-0.0875348380877767,14.751352415350766,-0.0016817452082023,999.8686893341423,-1000.0,105.4869636619178,884.7197508957547,-3.2826489242771686,-0.1458913968128854,-0.0116208593888131,-12.863105713015443,-450.07309053193126,1000.0,-0.0057347511600482, Neutralism,Healthy
SRR13077860.bin.8.fbc2XSRR13077860.bin.28.fbc2 ,-0.0004618523097406,-0.0004618523097406,4.9065163533121,-8.87324324594374e-06,-1000.0,1000.0,2.5623639008193777,-1.3735607182309195,-0.0173199496441611,-0.0007697538495676,-6.131411066689907e-05,5.244041003205552,-0.0001732057077106,-1000.0,-3.02577593629394e-05,-0.2551290471427592,-0.2551290471427592,995.093483646688,-0.0049016147386282,999.617281921212,-1000.0,189.15202826299765,-998.6264392817692,-9.567608856664153,-0.4252150785712274,-0.0338701578435802,32.65409654475934,-31.464079831892604,1000.0,-0.016714506258495, Amensalism,Healthy
SRR13077860.bin.36.fbc2XSRR13077860.bin.20.fbc2 ,-0.0916927253986159,-0.0916927253986159,-362.96392094034434,-0.0017616277693832,1000.0,-1000.0,-798.9710383386633,-819.4701998770951,-3.4385740919764203,-0.1528212089976932,-0.0121728478867453,872.6389288110126,-262.5822219632321,1000.0,-0.0060071506937902,-0.1256973100536242,-0.1256973100536242,1000.0,-0.0024149339106998,0.0,999.3934379471904,0.0,-180.52980012290493,-4.713781948377232,-0.2094955167560783,-0.0166871933231504,127.36107118898737,-494.7383834810255,-999.3934379471904,-0.0082349246356443, Neutralism,Healthy
SRR13077860.bin.20.fbc2XSRR13077860.bin.3.fbc2 ,-0.1256038195684823,-0.1256038195684823,996.2237024924832,-0.0024131377438152,-0.783014622322753,1000.0,0.0,-1000.0,-4.710275956392934,-0.2093396992808038,-0.0166747818101384,111.67762702498884,-493.94304184374255,-1000.0,-0.0082287997065577,-0.1550262919230363,-0.1550262919230363,3.7762975075168015,-0.0029784109879074,1000.0,-1000.0,-1000.0,970.290164244474,-5.813649759716668,-0.2583771532049468,-0.0205808199267494,7.484031994090856,-500.3165455197997,1000.0,-0.0101563814689598, Neutralism,Healthy
SRR13077860.bin.19.fbc2XSRR13077860.bin.25.fbc2 ,-0.0683794717967885,-0.0683794717967885,9.6413478761516,-0.0013137266435023,-1000.0,999.8974242236716,398.7199256398644,-13.672169944325333,-2.564302447345426,-0.1139657863279808,-0.0090778511068947,7.249800482433216,-126.03721017529938,-999.8974242236716,-0.0044798078545227,-0.0666198616594329,-0.0666198616594329,8.28392701305745,-0.0012799204929478,1000.0,-1000.0,8.215122167126424,192.61829943779023,-2.498315207857104,-0.1110331027657594,-0.0088442506064438,799.4504518012307,-355.98156104108443,1000.0,-0.0043645288810694, Neutralism,Healthy
SRR13077860.bin.19.fbc2XSRR13077860.bin.3.fbc2 ,-0.0683794717967885,-0.0683794717967885,9.6413478761516,-0.0013137266435023,-1000.0,999.8974242236716,398.719925639864,-13.672169944325333,-2.564302447345426,-0.1139657863279808,-0.0090778511068947,7.249800482433216,-126.03721017529938,-999.8974242236716,-0.0044798078545227,-0.1550262919230363,-0.1550262919230363,3.776297507516574,-0.0029784109879074,1000.0,-1000.0,-1000.0,839.4397939866217,-5.813649759716668,-0.2583771532049468,-0.0205808199267494,530.8855130255017,-500.3165455197997,1000.0,-0.0101563814689598, Neutralism,Healthy
SRR13077860.bin.41.fbc2XSRR13077860.bin.3.fbc2 ,-0.106181005803819,-0.106181005803819,706.5809652298612,-0.0020399808992124,0.0,0.0,-1000.0,-65.5381059522548,-3.981899916592624,-0.1769683430063651,-0.0140962680135316,992.5159680059091,-158.32691322601272,0.0,-0.006956334866345,-0.1550262919230363,-0.1550262919230363,3.776297507516574,-0.0029784109879074,-1000.0,1000.0,0.0,970.2901642444726,-5.813649759716668,-0.2583771532049468,-0.0205808199267494,7.484031994090969,-500.3165455197997,-1000.0,-0.0101563814689598, Neutralism,Healthy
SRR13077860.bin.49.fbc2XSRR13077860.bin.20.fbc2 ,-0.0824867215692393,-0.0824867215692393,957.811972120392,-0.0015847593000444,-1000.0,999.7698454068492,594.0875122547955,-1000.0,-3.0933392206085277,-0.1374778692820655,-0.0109506867636355,15.065458819651212,-474.6906768741121,-999.7698454068492,-0.0054040292133095,-0.1121994393324712,-0.1121994393324712,42.18802787960794,-0.0021556088248644,999.456786337219,0.2301545931508144,-522.6276763137065,0.0,-4.207597533452713,-0.1869990655541187,-0.014895256979571,0.0194004794234388,-294.6117546636541,-0.2301545931508144,-0.007350626092716, Amensalism,Healthy
SRR13077860.bin.15.fbc2XSRR13077860.bin.20.fbc2 ,-0.1214518073292083,-0.1214518073292083,988.5622037077056,-0.00233336805627,-1000.0,999.8178106221658,0.0,639.6831155159286,-4.554571110087295,-0.2024196788819381,-0.0161235732688282,653.3681055444763,-201.8117324472039,-999.817810622166,-0.0079567850718831,-0.1125229023559768,-0.1125229023559768,11.43779629229448,-0.0021618232921127,999.5038490254484,0.1821893778341063,-576.3472904712505,-13.862389205595832,-4.2197277386294445,-0.1875381705932568,-0.0149381989486983,0.0194564096292424,-261.41080052393374,-0.1821893778341063,-0.0073718174262467, Amensalism,Healthy
SRR13077860.bin.25.fbc2XSRR13077860.bin.29.fbc2 ,-0.0662487140725716,-0.0662487140725716,0.0114551090615577,-0.0012727898957791,1000.0,-1000.0,-2.166764107748577,193.34104582492023,-2.484396781164037,-0.1104145234542102,-0.0087949781794804,800.1527067861093,-355.7050751520228,1000.0,-0.0043402135444239,-0.2169605545465174,-0.2169605545465174,999.9885448909386,-0.0041683103659124,-1000.0,999.6745383266284,-812.7270089940604,806.6589541750798,-8.136250052564037,-0.3616009242441578,-0.028803024628587,199.84729321389068,-500.3616426073479,-999.6745383266284,-0.0142139383477797, Neutralism,Healthy
SRR13077860.bin.37.fbc2XSRR13077860.bin.2.fbc2 ,-0.1707670649811916,-0.1707670649811916,981.511313802794,-0.0032808273771252,-1000.0,999.7438329983912,1000.0,-16.05390856328836,-6.403945382299867,-0.2846117749686527,-0.0226705171761523,-3.28801238911592,-406.82520900745794,-999.7438329983912,-0.0111876213561572,-0.0909324326952401,-0.0909324326952401,18.488686197206107,-0.0017470208010763,1000.0,-1000.0,-782.3664780723605,-3.560026577776398,-3.4100623122138813,-0.1515540544919531,-0.0120719137353262,-33.10266078314339,-285.8999590850224,1000.0,-0.0059573409316726, Neutralism,Healthy
SRR13077860.bin.28.fbc2XSRR13077860.bin.29.fbc2 ,-0.2532134308685272,-0.2532134308685272,971.2612728827552,-0.004864811351922,999.6201555296408,-1000.0,-129.64217007512377,-1000.0,-9.495771222192277,-0.4220223847808029,-0.0336158464418758,249.5150680755637,-0.4220710328943369,1000.0,-0.0165890067100917,-0.091879611878312,-0.091879611878312,28.73872711724493,-0.0017652182878009,-1000.0,999.8621717560908,-836.8078842541117,998.9566248617256,-3.445582532443268,-0.1531326864638913,-0.0121976583684499,750.4849319244363,-500.1531503386468,-999.862171756091,-0.0060193943612603, Amensalism,Healthy
SRR13077860.bin.8.fbc2XSRR13077860.bin.49.fbc2 ,-0.0871277963981356,-0.0871277963981356,525.0008290633102,-0.0016739250028194,1000.0,-1000.0,533.9464933096549,-503.5219992834221,-3.2673844308038724,-0.145212993996779,-0.0115668217696338,985.2463526853272,-0.0326750160555775,1000.0,-0.0057080842597088,-0.0409528426104088,-0.0409528426104088,474.9991709366898,-0.0007867981289564,-1000.0,999.8857333077368,295.2180813569687,-496.4780007165779,-1.5357748717858613,-0.0682547376839011,-0.0054367750708479,8.546472962748226,-235.14007616921333,-999.8857333077368,-0.0026829816196141, Amensalism,Healthy
SRR13077860.bin.39.fbc2XSRR13077860.bin.19.fbc2 ,-0.0875348380877767,-0.0875348380877767,990.3586521238484,-0.0016817452082023,-1000.0,999.8686893341423,286.7621892890388,1000.0,-3.2826489242771686,-0.1458913968128854,-0.0116208593888131,992.7501995175668,-873.9627898247005,-999.8686893341423,-0.0057347511600482,-0.0683794717967885,-0.0683794717967885,9.641347876151713,-0.0013137266435023,999.8974242236716,-1000.0,398.7199256398644,-13.67216994432522,-2.564302447345426,-0.1139657863279808,-0.0090778511068947,7.249800482433102,-126.03721017529948,1000.0,-0.0044798078545227, Neutralism,Healthy
SRR13077860.bin.4.fbc2XSRR13077860.bin.25.fbc2 ,-0.2181801691242526,-0.2181801691242526,999.9885448909386,-0.0041917419620176,-970.6319851352216,1000.0,817.3770948879901,806.6589541750809,-8.18198688796815,-0.3636336152071635,-0.0289649369576636,199.8472932138893,-644.2949248479774,-1000.0,-0.014293840090545,-0.0662487140725716,-0.0662487140725716,0.0114551090615577,-0.0012727898957791,1000.0,-1000.0,-2.166764107748236,193.3410458249191,-2.484396781164037,-0.1104145234542102,-0.0087949781794804,800.1527067861107,-355.7050751520226,1000.0,-0.0043402135444239, Neutralism,Healthy
SRR13077860.bin.46.fbc2XSRR13077860.bin.42.fbc2 ,-0.08475722165781,-0.08475722165781,22.659025689024133,-0.0016283808195112,-1000.0,999.872856025609,784.9796402448205,-30.76047266533351,-3.178485373112608,-0.1412620360963501,-0.0112521114631363,-11.920573632316746,-333.9402756452537,-999.8728560256092,-0.0055527785947333,-0.1266198245596115,-0.1266198245596115,609.4581805424948,-0.0024326575323811,999.810058099873,-1000.0,-197.16687268290207,-75.12085382465943,-4.748377217150733,-0.2110330409327616,-0.0168096635486563,1000.0,-508.34189892396137,1000.0,-0.0082953621853221, Neutralism,Healthy
SRR13077860.bin.39.fbc2XSRR13077860.bin.42.fbc2 ,-0.0875348380877767,-0.0875348380877767,53.69937529640242,-0.0016817452082023,-1000.0,999.8686893341423,138.06932446371889,961.7021229989924,-3.2826489242771686,-0.1458913968128854,-0.0116208593888131,0.0,-397.6273533782362,-999.8686893341423,-0.0057347511600482,-0.1266198366881781,-0.1266198366881781,946.3006247035976,-0.0024326577654392,999.810058081679,-1000.0,-197.16794522722785,-411.9624805061985,-4.748377671984031,-0.2110330611469635,-0.016809665158803,1000.0,-508.3418997230078,1000.0,-0.0082953629799931, Neutralism,Healthy
SRR13077860.bin.21.fbc2XSRR13077860.bin.52.fbc2 ,-0.0770671026937179,-0.0770671026937179,0.013325723808748,-0.0014806359787371,1000.0,-1000.0,1000.0,-122.57669587209034,-2.89009778599484,-0.1284451711562724,-0.0102311946130839,52.61870173937518,-304.6445311438083,1000.0,-0.0050489686875607,-0.1397710037294928,-0.1397710037294928,999.9866742761913,-0.0026853218776068,-1000.0,999.7903300677964,0.0,1000.0,-5.241560332560084,-0.2329516728825638,-0.0185555741742291,947.3812982606246,-695.3554688561917,-999.7903300677964,-0.0091569476026052, Amensalism,Healthy
SRR13077860.bin.52.fbc2XSRR13077860.bin.42.fbc2 ,-0.1196101942208542,-0.1196101942208542,1000.0,-0.0022979864403396,-1000.0,999.8205732187366,-603.5406477088195,634.0490822258532,-4.48550867253698,-0.1993503237014238,-0.0158790863029025,639.4754229195755,-537.1211212249746,-999.8205732187364,-0.007836133761657,-0.105090036541128,-0.105090036541128,0.0,-0.0020190208749681,999.842354850084,-1000.0,308.0618857450047,365.9509177741468,-3.940987416439612,-0.1751500609018421,-0.0139514342458824,360.5245770804245,-462.87887877502544,1000.0,-0.0068848611836074, Competition,Healthy
SRR13077860.bin.10.fbc2XSRR13077860.bin.2.fbc2 ,-0.0411820635252979,-0.0411820635252979,503.9871318750274,-0.0007912019889317,-1000.0,1000.0,49.807489479259175,-2.798160998140702,-1.544370898307534,-0.0686367725421632,-0.0054672057436846,3.067205278475626,-502.4925987900045,-1000.0,-0.0026979987823096,-0.0909324326952401,-0.0909324326952401,123.51809178927692,-0.0017470208010763,1000.0,-1000.0,-1000.0,-108.57720302424002,-3.4100623122138813,-0.1515540544919531,-0.0120719137353262,97.61263842366498,-497.50740120999546,1000.0,-0.0059573409316726, Neutralism,Healthy
SRR13077860.bin.18.fbc2XSRR13077860.bin.42.fbc2 ,-0.0228307854636113,-0.0228307854636113,749.429758731972,-0.0004386318053093,-1000.0,999.9657516286456,22.37910947951809,-1000.0,-0.8561785796346157,-0.0380513091060947,-0.0030309457742987,0.0,-0.0380556954240773,-999.9657516286456,-0.0014957344559434,-0.1255680193273747,-0.1255680193273747,250.570241268028,-0.0024124499390154,999.8116359087594,-1000.0,-104.15427576768298,210.61520076714783,-4.70893340952307,-0.2092800322122912,-0.0166700290787957,1000.0,-508.2726044594826,1000.0,-0.0082264542921848, Amensalism,Healthy
SRR13077860.bin.46.fbc2XSRR13077860.bin.8.fbc2 ,-0.08475722165781,-0.08475722165781,22.65902568902402,-0.0016283808195112,-1000.0,999.872856025609,284.9796402448208,-30.760472665333964,-3.178485373112608,-0.1412620360963501,-0.0112521114631363,-11.920573632316746,-333.9402756452537,-999.8728560256092,-0.0055527785947333,-0.08796018183682,-0.08796018183682,506.8022202637021,-0.0016899170382203,1000.0,-1000.0,384.6159817735688,-523.3627988676376,-3.298599764315668,-0.146600303061291,-0.0116773267337748,995.579684003258,-0.0329871805851098,1000.0,-0.0057626171001174, Neutralism,Healthy
SRR13077860.bin.52.fbc2XSRR13077860.bin.29.fbc2 ,-0.0592414821630882,-0.0592414821630882,71.56734203941573,-0.0011381648830592,0.0,-0.0888679140690555,936.241957242918,393.6320817740311,-2.221618180184919,-0.0987358036052228,-0.0078647193419101,63.86710459556889,-273.4873393631549,0.0888679140690555,-0.0038811422512026,-0.2107506041284068,-0.2107506041284068,928.4326579605844,-0.0040490029612101,-1000.0,999.6838538487924,63.75804275708197,606.3679182259689,-7.903370349979696,-0.351251006880716,-0.0279786104616732,-13.560966570834124,-500.35129149691033,-999.6838538487924,-0.0138071000975514, Amensalism,Healthy
SRR13077860.bin.18.fbc2XSRR13077860.bin.12.fbc2 ,-0.0417232353712506,-0.0417232353712506,460.7953780198768,-0.0008015991426191,-1000.0,999.9374111389476,-867.9438376305217,-918.712218862746,-1.5646654143747585,-0.0695387256187132,-0.0055390500751855,909.822621979394,-0.7596380994622223,-999.9374111389474,-0.0027334530761891,-0.1650497870066374,-0.1650497870066374,358.84486032573386,-0.0031709853411712,1000.0,-1000.0,-132.05616236947833,-81.28778113725411,-6.189541416942916,-0.2750829783443578,-0.0219115087072623,-22.732159713606848,-429.3497786332663,1000.0,-0.0108130600133335, Neutralism,Healthy
SRR13077860.bin.13.fbc2XSRR13077860.bin.24.fbc2 ,-0.0177878761652436,-0.0177878761652436,405.155583176547,-0.0003417459397496,-1000.0,999.9733164770224,-438.7338133125169,993.4502829301114,-0.6670641522219967,-0.0296464602753303,-0.0023614644438794,416.65094851366825,-201.22237087459573,-999.9733164770224,-0.0011653536546418,-0.0517306209699199,-0.0517306209699199,594.844416823453,-0.0009938639956317,0.0,-0.1443388680780799,1000.0,6.549717069888516,-1.9399529488922556,-0.0862177016165333,-0.0068676002094889,583.3490514863317,-798.7776291254042,0.1443388680780799,-0.0033890762249484, Competition,Healthy
SRR13077860.bin.49.fbc2XSRR13077860.bin.36.fbc2 ,-0.0824867215692393,-0.0824867215692393,1000.0,-0.0015847593000444,-1000.0,999.7698454068492,124.41690765085195,-1000.0,-3.0933392206085277,-0.1374778692820655,-0.0109506867636355,851.2314875775687,-56.60766249515325,-999.7698454068492,-0.0054040292133095,-0.0916927253986159,-0.0916927253986159,-110.20971955205164,-0.0017616277693832,1000.0,-1000.0,875.583092349148,0.0,-3.4385740919764203,-0.1528212089976932,-0.0121728478867453,148.7685124224313,-272.80590244973814,1000.0,-0.0060071506937902, Neutralism,Healthy
SRR13077860.bin.2.fbc2XSRR13077860.bin.29.fbc2 ,-0.0909324326952401,-0.0909324326952401,18.48868619720633,-0.0017470208010763,1000.0,-1000.0,-1000.0,-3.5600265777766253,-3.4100623122138813,-0.1515540544919531,-0.0120719137353262,-37.51645060299563,-286.1435349644662,1000.0,-0.0059573409316726,-0.2153570150776431,-0.2153570150776431,981.5113138027936,-0.0041375026912646,-1000.0,999.6769437898702,1000.0,1000.0,-8.07611562806062,-0.3589283584627765,-0.0285901435962614,-10.919911149142196,-500.3589697334897,-999.67694378987,-0.0141088841770624, Neutralism,Healthy
SRR13077860.bin.4.fbc2XSRR13077860.bin.12.fbc2 ,-0.1917903682376618,-0.1917903682376618,790.1191856432606,-0.0036847332994511,-959.610661850122,1000.0,192.48753201146476,1000.0,-7.192341469245662,-0.31965061372955,-0.0254615070994077,390.2461151705268,-666.8236855573759,-1000.0,-0.0125649405512149,-0.1587591389030649,-0.1587591389030649,209.8808143567394,-0.0030501275485903,1000.0,-1000.0,-1000.0,-50.477048821694666,-5.953635465880325,-0.2645985648384794,-0.0210763813606718,10.851194769344032,-286.46371294628216,1000.0,-0.0104009349406624, Amensalism,Healthy
SRR13077860.bin.46.fbc2XSRR13077860.bin.3.fbc2 ,-0.08475722165781,-0.08475722165781,22.65902568902402,-0.0016283808195112,-1000.0,999.872856025609,284.97964024482053,-30.760472665333737,-3.178485373112608,-0.1412620360963501,-0.0112521114631363,-11.920573632316746,-333.9402756452537,-999.8728560256092,-0.0055527785947333,-0.1550262919230363,-0.1550262919230363,3.776297507516574,-0.0029784109879074,1000.0,-1000.0,-1000.0,950.5509050977312,-5.813649759716668,-0.2583771532049468,-0.0205808199267494,86.4410685810576,-500.3165455197997,1000.0,-0.0101563814689598, Neutralism,Healthy
SRR13077860.bin.15.fbc2XSRR13077860.bin.25.fbc2 ,-0.10881712238006,-0.10881712238006,988.005242107165,-0.002090626750828,-1000.0,999.8367638632964,988.1197177351814,505.8233954814332,-4.080757073724044,-0.1813618706335091,-0.0144462308481934,209.9176929576779,-398.6027795437459,-999.836763863296,-0.0071290372202383,-0.0665770709199478,-0.0665770709199478,11.994757892834857,-0.0012790983846571,1000.0,-1000.0,11.88028226481856,194.2837939954095,-2.4967105099073024,-0.1109617848665038,-0.0088385698377351,790.0823070423221,-356.0280630457015,1000.0,-0.0043617254915488, Amensalism,Healthy
SRR13077860.bin.46.fbc2XSRR13077860.bin.7.fbc2 ,-0.08475722165781,-0.08475722165781,22.65902568902402,-0.0016283808195112,-1000.0,999.872856025609,784.979640244821,-30.760472665333964,-3.178485373112608,-0.1412620360963501,-0.0112521114631363,-11.920573632316746,-333.9402756452537,-999.8728560256092,-0.0055527785947333,-0.0877346947330579,-0.0877346947330579,10.27207245210343,-0.0016855849132753,999.7552025030532,-1000.0,95.06156995007971,802.2580180560735,-3.2901437596603955,-0.1462244912218011,-0.0116473917503299,15.29162633272665,-408.9652975035558,1000.0,-0.0057478445540937, Neutralism,Healthy
SRR13077860.bin.13.fbc2XSRR13077860.bin.41.fbc2 ,-0.0137916383175706,-0.0137916383175706,314.1330203558691,-0.0002649690359248,-1000.0,999.9793112176784,939.9132027792884,1000.0,-0.5172010102038485,-0.0229860638625041,-0.0018309360378907,-276.6748405223158,-696.3041601313276,-999.9793112176784,-0.000903544412381,-0.1054425286490641,-0.1054425286490641,685.8669796441309,-0.002025793057669,1000.0,-1000.0,-1000.0,-64.8217888137458,-3.954206242956616,-0.1757375477483265,-0.0139982300281644,1000.0,-152.0674699345352,1000.0,-0.0069079543264933, Amensalism,Healthy
SRR13077860.bin.21.fbc2XSRR13077860.bin.41.fbc2 ,-0.0778869927679579,-0.0778869927679579,23.850184733181777,-0.0014963879494871,-1000.0,1000.0,1000.0,-132.51244390387058,-2.920844530134559,-0.1298116546132632,-0.0103400407306253,14.439760052311954,-346.29233306393155,-1000.0,-0.0051026829075908,-0.1058590028749222,-0.1058590028749222,707.7426654820595,-0.0020337944836228,1000.0,-1000.0,-1000.0,-65.33935607311469,-3.969824466506452,-0.1764316714582037,-0.014053519882168,985.560239947688,-158.67289017661426,1000.0,-0.0069352391892607, Neutralism,Healthy
SRR13077860.bin.46.fbc2XSRR13077860.bin.25.fbc2 ,-0.08475722165781,-0.08475722165781,22.65902568902402,-0.0016283808195112,-1000.0,999.872856025609,-215.02035975517867,-30.76047266533442,-3.178485373112608,-0.1412620360963501,-0.0112521114631363,-11.920573632316746,-333.9402756452537,-999.8728560256092,-0.0055527785947333,-0.0666198616594329,-0.0666198616594329,8.283927013057223,-0.0012799204929478,1000.0,-1000.0,8.215122167126992,192.61829943779023,-2.498315207857104,-0.1110331027657594,-0.0088442506064438,799.4504518012307,-355.98156104108443,1000.0,-0.0043645288810694, Neutralism,Healthy
SRR13077860.bin.4.fbc2XSRR13077860.bin.52.fbc2 ,-0.217298708941712,-0.217298708941712,989.8884502400526,-0.0041748070882476,-1000.0,999.393692766578,1000.0,587.1368425029175,-8.148931199705203,-0.3621645149029291,-0.0288479169795436,499.9134979971327,-496.64072060243,-999.393692766578,-0.0142360921707904,-0.0524051998396544,-0.0524051998396544,10.111549759947366,-0.0010068242044098,0.0,-0.0786128338805838,0.0,412.8631574970825,-1.9652503693192784,-0.0873419997327573,-0.0069571552525076,3.8267869500095912,-503.35927939757,0.0786128338805838,-0.0034332705370161, Amensalism,Healthy
SRR13077860.bin.20.fbc2XSRR13077860.bin.2.fbc2 ,-0.1256314313091024,-0.1256314313091024,955.718022666651,-0.0024136682287689,-1000.0,1000.0,397.6186050702058,816.8993698833438,-4.711311425842609,-0.2093857188484662,-0.0166784474610039,0.0217230140591482,-248.56469424508785,-1000.0,-0.0082306086602557,-0.0909324326952401,-0.0909324326952401,44.281977333349005,-0.0017470208010763,1000.0,-1000.0,-1000.0,-29.35331771391884,-3.4100623122138813,-0.1515540544919531,-0.0120719137353262,11.302551397512389,-286.1435349644662,1000.0,-0.0059573409316726, Neutralism,Healthy
SRR13077860.bin.44.fbc2XSRR13077860.bin.2.fbc2 ,-0.0733664640746383,-0.0733664640746383,981.5113138027936,-0.0014095382147161,-1000.0,999.8899432561972,86.69123719266554,-144.97590229018363,-2.7513199274011413,-0.122277440124435,-0.009739909063569,985.4556245889626,-714.1000409149776,-999.889943256197,-0.0048065253121194,-0.0909324326952401,-0.0909324326952401,18.48868619720622,-0.0017470208010763,1000.0,-1000.0,-256.98587051920595,-3.560026577776398,-3.4100623122138813,-0.1515540544919531,-0.0120719137353262,-42.10396999470811,-285.8999590850224,1000.0,-0.0059573409316726, Amensalism,Healthy
SRR13077860.bin.28.fbc2XSRR13077860.bin.41.fbc2 ,-0.2529552935993706,-0.2529552935993706,971.096176368424,-0.0048598519423421,-1000.0,999.6205427603412,37.90832847915226,-997.2526943032916,-9.486090801833823,-0.421592155998951,-0.0335815769216196,139.70718127488976,-87.63552160265147,-999.6205427603412,-0.0165720951233652,-0.0044691713939073,-0.0044691713939073,28.90382363157596,-8.586304306845705e-05,1000.0,-1000.0,-1000.0,-2.7473056967085085,-0.1675986497398298,-0.0074486189898834,-0.0005933136278599,42.49148914391867,-6.385655304568786,1000.0,-0.0002927929770066, Amensalism,Healthy
SRR13077860.bin.46.fbc2XSRR13077860.bin.19.fbc2 ,-0.08475722165781,-0.08475722165781,22.65902568902402,-0.0016283808195112,-1000.0,999.872856025609,-215.02035975517916,-30.76047266533408,-3.178485373112608,-0.1412620360963501,-0.0112521114631363,-11.920573632316746,-333.9402756452537,-999.8728560256092,-0.0055527785947333,-0.0683794717967885,-0.0683794717967885,9.6413478761516,-0.0013137266435023,999.8974242236716,-1000.0,401.9398105255068,-14.676625630084914,-2.564302447345426,-0.1139657863279808,-0.0090778511068947,8.254256168192228,-126.28832409673907,1000.0,-0.0044798078545227, Neutralism,Healthy
SRR13077860.bin.37.fbc2XSRR13077860.bin.20.fbc2 ,-0.1714381032801384,-0.1714381032801384,989.6907236406388,-0.003293719563544,-1000.0,999.7428263764818,1000.0,-16.11699325409097,-6.42911002758126,-0.2857301721335261,-0.0227596021837825,-3.300932809343408,-406.8520290306453,-999.742826376482,-0.011231583711492,-0.1124539430029472,-0.1124539430029472,10.309276359361206,-0.0021604984247005,999.2078839215816,0.2571736235180424,-577.4806147544068,-12.66775981468561,-4.217141690023141,-0.1874232383381695,-0.0149290441142966,0.0194444858218503,-260.3835535339612,-0.2571736235180424,-0.007367299628072, Amensalism,Healthy
SRR13077860.bin.8.fbc2XSRR13077860.bin.25.fbc2 ,-0.0290294163600037,-0.0290294163600037,988.0930052793842,-0.0005577217360723,-1000.0,1000.0,450.0934350665402,216.30996525159344,-1.088633788196148,-0.0483823606000441,-0.0038538571959634,126.21167146930838,-0.0108867282872324,-1000.0,-0.0019018311198806,-0.0660899402088261,-0.0660899402088261,11.9069947206159,-0.0012697394853375,1000.0,-1000.0,-52.08475536679907,170.91187759379295,-2.478442593504269,-0.1101499003481194,-0.0087738998432769,873.7883285306916,-439.1760607095748,1000.0,-0.0043298116447658, Amensalism,Healthy
SRR13077860.bin.4.fbc2XSRR13077860.bin.3.fbc2 ,-0.2178516020383085,-0.2178516020383085,996.2237024924827,-0.00418542943396,-1000.0,1000.0,850.0214929239551,49.44909490226769,-8.169665275054172,-0.363086003397143,-0.0289213173887219,477.7522180815513,-499.6834544802003,-1000.0,-0.0142723143698049,-0.1550262919230363,-0.1550262919230363,3.776297507517256,-0.0029784109879074,1000.0,-1000.0,-1000.0,950.5509050977324,-5.813649759716668,-0.2583771532049468,-0.0205808199267494,86.4410685810567,-500.3165455197997,1000.0,-0.0101563814689598, Neutralism,Healthy
SRR13077860.bin.44.fbc2XSRR13077860.bin.8.fbc2 ,-0.0284447087304897,-0.0284447087304897,333.9737997284233,-0.0005464881600119,-1000.0,999.9573302044636,33.76817619701296,-9.056150403761762,-1.0667066342425642,-0.0474078478841875,-0.0037762331859312,331.4058208966949,-327.91056641987905,-999.9573302044636,-0.001863524625719,-0.0688469827919107,-0.0688469827919107,666.0262002715767,-0.0013227086030838,1000.0,-1000.0,731.5353807468232,-246.58339361220828,-2.581834603669904,-0.1147449713198511,-0.0091399164474523,668.5941791033051,-0.0258192719327325,1000.0,-0.004510436336659, Competition,Healthy
SRR13077860.bin.37.fbc2XSRR13077860.bin.28.fbc2 ,-0.036360337200449,-0.036360337200449,89.66243234710146,-0.0006985655561493,-1000.0,999.9454560013714,851.1457133127055,-1.2109249705764569,-1.3635510661232502,-0.0606005620007863,-0.0048270879933625,-0.7007939803293084,-401.4437980858266,-999.9454560013716,-0.0023821085466124,-0.2415783175159731,-0.2415783175159731,910.3375676528984,-0.004641274111691,999.6376093173556,-1000.0,148.85428668729446,-998.7890750294237,-9.059442176924335,-0.4026305291932885,-0.0320712041120714,14.734142923088712,-0.4026769419343736,1000.0,-0.0158267447210391, Amensalism,Healthy
SRR13077860.bin.15.fbc2XSRR13077860.bin.19.fbc2 ,-0.1218203038796446,-0.1218203038796446,996.0886624069078,-0.0023404477210533,-1000.0,999.817257841942,109.78623508557143,-225.69405089950945,-4.5683901201100525,-0.2030338397993318,-0.0161724937522649,655.8802506273792,-572.0508035226542,-999.817257841942,-0.0079809267286918,-0.0682286256268298,-0.0682286256268298,3.9113375930921848,-0.0013108285422731,999.897650507417,-1000.0,403.9410166370435,-13.64200892645374,-2.5586455565769484,-0.1137143760447543,-0.0090578252272734,11.042144366364369,-126.98135994361826,1000.0,-0.0044699253292037, Neutralism,Healthy
SRR13077860.bin.28.fbc2XSRR13077860.bin.3.fbc2 ,-0.1767001978068947,-0.1767001978068947,996.229798413416,-0.0033948164804087,-1000.0,999.7349327292072,223.0939599866258,-1000.0,-6.626444132664346,-0.2945003296781578,-0.023458181879846,-15.312455527681664,-0.2945342778428994,-999.7349327292072,-0.0115763241982449,-0.1547760393896169,-0.1547760393896169,3.770201586583767,-0.0029736030622871,1000.0,-1000.0,183.01645918181384,964.6882183136444,-5.804265025278596,-0.2579600656492857,-0.020547597160089,7.471950830674814,-500.3160345334549,1000.0,-0.0101399864422546, Amensalism,Healthy
SRR13077860.bin.18.fbc2XSRR13077860.bin.41.fbc2 ,-0.0091288713515496,-0.0091288713515496,294.0101489372637,-0.0001753865773252,-1000.0,1000.0,3.3063740197533207,-394.21415416900777,-0.3423423219451251,-0.0152147855859539,-0.0012119212495917,5.648742141923208,-0.0186400854418025,-1000.0,-0.0005980682287827,-0.1062395992350957,-0.1062395992350957,705.9898510627363,-0.0020411066135466,1000.0,-1000.0,-511.9201959754091,-65.57427157790016,-3.984097232179465,-0.1770659987251974,-0.0141040466995718,994.3512578580768,-158.16902615597576,1000.0,-0.0069601735522155, Amensalism,Healthy
SRR13077860.bin.10.fbc2XSRR13077860.bin.41.fbc2 ,-0.0264402556543927,-0.0264402556543927,320.5728096713492,-0.0005079780145251,-1000.0,1000.0,0.0,-0.1952819881109917,-0.9915375258307222,-0.0440670927573592,-0.0035101280801654,-1.47112972887453,-371.2909834251696,-1000.0,-0.0017322050293842,-0.1049459853296639,-0.1049459853296639,679.4271903286508,-0.0020162533204484,1000.0,-1000.0,-1000.0,-64.77581422147819,-3.935585343794173,-0.1749099755494398,-0.0139323104443747,1000.0,-150.15477516582814,1000.0,-0.0068754238227484, Amensalism,Healthy
SRR13077860.bin.10.fbc2XSRR13077860.bin.28.fbc2 ,-0.0004048658126976,-0.0004048658126976,4.908763848378044,-7.778401823088643e-06,1000.0,-1000.0,308.0938868550502,34.95591241875468,-0.0151828957860971,-0.0006747763544581,-5.374875627239817e-05,-0.0681274431246947,-289.99292496110627,1000.0,-2.6524350118961596e-05,-0.2552459123957078,-0.2552459123957078,995.091236151622,-0.004903859988417,-1000.0,999.6171066121065,298.75403706187035,-1000.0,-9.571991427137393,-0.4254098539928463,-0.0338856725197729,-30.41050310040009,-0.425458892592701,-999.6171066121066,-0.016722162560427, Amensalism,Healthy
SRR13077860.bin.39.fbc2XSRR13077860.bin.49.fbc2 ,-0.0875348380877767,-0.0875348380877767,431.3685195212354,-0.0016817452082023,0.0,-0.1313106658576543,401.2279154827729,20.634669130513885,-3.2826489242771686,-0.1458913968128854,-0.0116208593888131,206.5735578970925,-484.4059181320886,0.1313106658576543,-0.0057347511600482,-0.0824867215692393,-0.0824867215692393,568.6314804787646,-0.0015847593000444,-1000.0,999.7698454068492,598.7720845172271,-1000.0,-3.0933392206085277,-0.1374778692820655,-0.0109506867636355,793.4264421029075,-85.51018523248433,-999.7698454068492,-0.0054040292133095, Neutralism,Healthy
SRR13077860.bin.49.fbc2XSRR13077860.bin.7.fbc2 ,-0.0824867215692393,-0.0824867215692393,660.0652646404146,-0.0015847593000444,-1000.0,999.7698454068492,426.5473936141939,-1000.0,-3.0933392206085277,-0.1374778692820655,-0.0109506867636355,958.5029667942096,-2.971922886832772,-999.7698454068492,-0.0054040292133095,-0.0877346947330579,-0.0877346947330579,10.261706104886798,-0.0016855849132753,999.7552025030532,-1000.0,95.05327687230648,802.2782685948216,-3.2901437596603955,-0.1462244912218011,-0.0116473917503299,15.289553063283392,-408.9660930604352,1000.0,-0.0057478445540937, Neutralism,Healthy
SRR13077860.bin.25.fbc2XSRR13077860.bin.36.fbc2 ,-0.0666193382365918,-0.0666193382365918,8.283861927403791,-0.0012799104367786,-1000.0,1000.0,8.215057622062318,192.6167860628077,-2.498295578944635,-0.1110322303942439,-0.0088441811184338,799.4441706310727,-355.97876414384973,-1000.0,-0.0043644945895948,-0.0916927253986159,-0.0916927253986159,-218.42242338943663,-0.0017616277693832,1000.0,-1000.0,-1000.0,-397.2446164871342,-3.4385740919764203,-0.1528212089976932,-0.0121728478867453,200.55582936892733,-262.72836508651085,1000.0,-0.0060071506937902, Neutralism,Healthy
SRR13077860.bin.12.fbc2XSRR13077860.bin.10.fbc2 ,-0.1668336577150739,-0.1668336577150739,499.5919296621748,-0.003205257592981,-1000.0,1000.0,-1000.0,-171.3329760179255,-6.256438453481792,-0.2780560961917899,-0.0221483299675355,-26.904675814936923,-306.3166356925521,-1000.0,-0.0109299283921018,-0.0411820635252979,-0.0411820635252979,500.4080703378252,-0.0007912019889317,1000.0,-1000.0,1000.0,3.121212726241879,-1.544370898307534,-0.0686367725421632,-0.0054672057436846,-2.174776907049818,-505.776140450316,1000.0,-0.0026979987823096, Neutralism,Healthy
SRR13077860.bin.7.fbc2XSRR13077860.bin.29.fbc2 ,-0.0877321349308886,-0.0877321349308886,10.216925414942809,-0.0016855357334861,999.7552096454176,-1000.0,95.05608266190848,802.3442126409734,-3.290047764374549,-0.1462202248848143,-0.0116470519187714,15.258497636828338,-408.9689437430475,1000.0,-0.0057476768513424,-0.2160748766895039,-0.2160748766895039,989.7830745850572,-0.0041512944609394,-1000.0,999.6758669284934,904.9439173380916,165.5094644861615,-8.103036197051665,-0.3601247944825445,-0.0286854447248288,-13.556724834620695,-500.3601663074271,-999.6758669284934,-0.0141559141115976, Neutralism,Healthy
SRR13077860.bin.4.fbc2XSRR13077860.bin.10.fbc2 ,-0.2181811688399193,-0.2181811688399193,1000.0,-0.0041917611688404,-984.4294097149348,1000.0,115.11824615930118,1000.0,-8.18202437836078,-0.3636352813998655,-0.0289650696769285,493.6933695685941,-504.41786476632336,-1000.0,-0.0142939055858732,0.0,0.0,0.0,0.0,1000.0,-1000.0,-500.0,0.0,0.0,0.0,0.0,0.0,0.0,1000.0,0.0, Amensalism,Healthy
SRR13077860.bin.49.fbc2XSRR13077860.bin.10.fbc2 ,-0.0824867215692393,-0.0824867215692393,499.5919296621748,-0.0015847593000444,-1000.0,999.7698454068492,323.1562901231189,-1000.0,-3.0933392206085277,-0.1374778692820655,-0.0109506867635218,958.5029667942096,-2.971922886832772,-999.7698454068492,-0.0054040292133095,-0.0411820635252979,-0.0411820635252979,500.4080703378252,-0.0007912019889317,1000.0,-1000.0,326.1581665663391,0.0,-1.544370898307534,-0.0686367725421632,-0.0054672057436846,-3.7353832701707006,-504.99038786505656,1000.0,-0.0026979987823096, Neutralism,Healthy
SRR13077860.bin.24.fbc2XSRR13077860.bin.3.fbc2 ,-0.0014069808721615,-0.0014069808721615,16.50829955778954,-2.703133282011549e-05,-1000.0,999.9960742395376,985.5655979443482,-0.554349343772401,-0.0527632694303292,-0.0023449681202691,-0.0001867865096301,15.908569973897784,-499.6839654665451,-999.9960742395376,-9.217684487339284e-05,-0.1547760393896169,-0.1547760393896169,3.770201586583994,-0.0029736030622871,1000.0,-1000.0,0.0,944.3530561823308,-5.804265025278596,-0.2579600656492857,-0.020547597160089,88.81259935592561,-500.3160345334549,1000.0,-0.0101399864422546, Amensalism,Healthy
SRR13077860.bin.44.fbc2XSRR13077860.bin.18.fbc2 ,-0.084874882902568,-0.084874882902568,994.8317695802452,-0.001630641362226,-1000.0,999.8726795224392,96.5515270261244,-28.719820467223144,-3.182897794121004,-0.1414581381709467,-0.0112677318128362,989.788685039366,-974.1935884335078,-999.8726795224394,-0.0055604870451588,-0.0004681002649249,-0.0004681002649249,5.16823041975465,-8.993280744107324e-06,1000.0,-1000.0,-9.744208475701043,-10.31731684269846,-0.0175542545657663,-0.0007801671082461,-6.214357028966333e-05,10.211314960633786,-0.000955805881972,1000.0,-3.066708745791402e-05, Amensalism,Healthy
SRR13077860.bin.18.fbc2XSRR13077860.bin.21.fbc2 ,-0.0411689074823016,-0.0411689074823016,454.6733281149175,-0.0007909492311455,-1000.0,999.9382426840305,-856.0170071417309,-906.5063628137052,-1.543877532793772,-0.068614845803836,-0.0054654591873486,897.7348716196702,-0.7495456754138559,-999.9382426840305,-0.0026971368782824,-0.0766943240665796,-0.0766943240665796,50.04897216064046,-0.0014734740454969,1000.0,-1000.0,958.286009168698,-93.4936371862948,-2.876118193567322,-0.1278238734441856,-0.0101817056541904,39.92150017450081,-333.58078037856217,1000.0,-0.0050245464950648, Amensalism,Healthy
SRR13077860.bin.39.fbc2XSRR13077860.bin.25.fbc2 ,-0.0875348380877767,-0.0875348380877767,595.521731064433,-0.0016817452082023,-1000.0,999.8686893341423,558.8327002578815,-307.08370734998925,-3.2826489242771686,-0.1458913968128854,-0.0116208593888131,242.11795994773863,-499.1979290763133,-999.8686893341423,-0.0057347511600482,-0.0641272754699002,-0.0641272754699002,16.76688623277721,-0.0012320321895913,1000.0,-1000.0,17.568984003393325,190.5236227920157,-2.4048405918927074,-0.1068787924498337,-0.0085133424303194,757.8820400522613,-347.03314280776226,1000.0,-0.004201229766636, Neutralism,Healthy
SRR13077860.bin.18.fbc2XSRR13077860.bin.3.fbc2 ,-0.0454149128688641,-0.0454149128688641,501.5666152674944,-0.000872524742931,-1000.0,999.9318732680728,-944.7396255433838,-1000.0,-1.7031072214449523,-0.0756915214482205,-0.0060291459735708,992.2367750850304,-1.0603193339927657,-999.9318732680728,-0.0029753093733688,-0.1550262919230363,-0.1550262919230363,3.776297507516574,-0.0029784109879074,1000.0,-1000.0,177.6533323206745,970.2901642444726,-5.813649759716668,-0.2583771532049468,-0.0205808199267494,7.484031994090856,-500.3165455197997,1000.0,-0.0101563814689598, Neutralism,Healthy
SRR13077860.bin.46.fbc2XSRR13077860.bin.10.fbc2 ,-0.08475722165781,-0.08475722165781,22.659025689023903,-0.0016283808195112,-1000.0,999.872856025609,454.2863567530314,-30.76047266533294,-3.178485373112608,-0.1412620360963501,-0.0112521114631363,-11.920573632316746,-333.9402756452537,-999.8728560256092,-0.0055527785947333,-0.0411820635252979,-0.0411820635252979,503.9871318750274,-0.0007912019889317,1000.0,-1000.0,545.7136432469686,-2.7981609981404745,-1.544370898307534,-0.0686367725421632,-0.0054672057436846,1.660705282753952,-503.57852055284246,1000.0,-0.0026979987823096, Neutralism,Healthy
SRR13077860.bin.37.fbc2XSRR13077860.bin.8.fbc2 ,-0.1347074170911355,-0.1347074170911355,548.5629258973422,-0.0025880387529468,-1000.0,999.7979259341696,989.4934708074233,-4.497493744880444,-5.0516704830486105,-0.2245123618185971,-0.017883347782913,-2.5962945965734434,-405.3480027688605,-999.7979259341696,-0.0088252121475989,-0.078938866830299,-0.078938866830299,451.4370741026578,-0.0015165968651444,1000.0,-1000.0,10.506529192576863,-469.2032480792912,-2.9602909189644606,-0.1315647780505742,-0.0104796843380654,894.1688063695929,-0.0296039708074431,1000.0,-0.0051715953101165, Competition,Healthy
SRR13077860.bin.39.fbc2XSRR13077860.bin.52.fbc2 ,-0.0875348380877767,-0.0875348380877767,14.751352415350652,-0.0016817452082023,-1000.0,999.8686893341423,101.52293044035332,987.4325955469455,-3.2826489242771686,-0.1458913968128854,-0.0116208593888131,111.79713086809306,-387.2100962112859,-999.8686893341423,-0.0057347511600482,-0.123796352932004,-0.123796352932004,985.2486475846496,-0.0023784121600556,0.0,-0.1857064214588035,898.4770695596467,12.56740445305445,-4.642494047619493,-0.2063272548866734,-0.0164348280261492,888.2028691319069,-612.7899037887141,0.1857064214588035,-0.0081103854658977, Amensalism,Healthy
SRR13077860.bin.42.fbc2XSRR13077860.bin.41.fbc2 ,-0.0894511879969286,-0.0894511879969286,292.8515603052326,-0.0017185626896889,-1000.0,999.8658146251912,819.7992055032155,-278.98680867951646,-3.3545140708306462,-0.1490853133281007,-0.0118752681855767,9.24592535535544,-500.0,-999.8658146251912,-0.0058602987717222,-0.1061247556276612,-0.1061247556276612,707.1484396947674,-0.0020389002041838,1000.0,-1000.0,-1000.0,-65.50338665401694,-3.979790475546793,-0.1768745927126929,-0.0140888004109456,990.7540746446446,-158.47848611255063,1000.0,-0.0069526496962453, Amensalism,Healthy
SRR13077860.bin.36.fbc2XSRR13077860.bin.7.fbc2 ,-0.0916927253986159,-0.0916927253986159,989.7382938951127,-0.0017616277693832,-1000.0,1000.0,904.9467231276928,-1000.0,-3.4385740919764203,-0.1528212089976932,-0.0121728478867453,984.7104469367166,-391.9864379124565,-1000.0,-0.0060071506937902,-0.0877346947330579,-0.0877346947330579,10.26170610488714,-0.0016855849132753,999.7552025030532,-1000.0,95.05327687230717,802.2782685948209,-3.2901437596603955,-0.1462244912218011,-0.0116473917503299,15.289553063283392,-408.9660930604351,1000.0,-0.0057478445540937, Neutralism,Healthy
SRR13077860.bin.10.fbc2XSRR13077860.bin.7.fbc2 ,-0.0411820635252979,-0.0411820635252979,500.4080703378252,-0.0007912019889317,1000.0,-1000.0,746.877220400331,-8.5292207371308,-1.544370898307534,-0.0686367725421632,-0.0054672057436846,-12.395627056672652,-591.0337123133069,1000.0,-0.0026979987823096,-0.0877346947330579,-0.0877346947330579,10.256126818824328,-0.0016855849132753,-1000.0,999.7552025030532,95.05885615836904,802.2898164194626,-3.2901437596603955,-0.1462244912218011,-0.0116473917503299,15.278394491157655,-408.96628768669314,-999.7552025030532,-0.0057478445540937, Neutralism,Healthy
SRR13077860.bin.8.fbc2XSRR13077860.bin.24.fbc2 ,-0.087445159138042,-0.087445159138042,501.9417781394343,-0.0016800222697384,1000.0,-1000.0,637.6359756474378,-517.9086257895792,-3.279285868901752,-0.1457419318967368,-0.0116089538836376,986.8088515434124,-0.0327940347045796,1000.0,-0.0057288759396669,-0.0225434340270567,-0.0225434340270567,498.0582218605657,-0.0004331111244937,-1000.0,999.937099271398,362.3640243525622,473.9526634778224,-0.8454025971243482,-0.0375723900450566,-0.0029927978698651,13.191148456587484,-845.6674650921833,-999.937099271398,-0.0014769089343644, Amensalism,Healthy
SRR13077860.bin.37.fbc2XSRR13077860.bin.42.fbc2 ,-0.1714381032801384,-0.1714381032801384,989.6907236406372,-0.003293719563544,-1000.0,999.7428263764818,1000.0,-16.116993254090175,-6.42911002758126,-0.2857301721335261,-0.0227596021837825,-3.300932809343408,-406.8520290306453,-999.742826376482,-0.011231583711492,-0.1238773572231366,-0.1238773572231366,10.309276359362684,-0.0023799684385039,999.814172064323,-1000.0,-38.74518577347794,397.8481683569705,-4.645531794133831,-0.2064622620385989,-0.0164455819099202,1000.0,-508.1612211714653,1000.0,-0.0081156923752132, Neutralism,Healthy
SRR13077860.bin.28.fbc2XSRR13077860.bin.7.fbc2 ,-0.2547911897546555,-0.2547911897546555,989.7830745850572,-0.0048951237224628,-1000.0,999.6177887397494,-26.125133748107714,-1000.0,-9.554938847605058,-0.4246519829245017,-0.0338253049222885,166.0213767100954,-0.4247009341617058,-999.6177887397494,-0.0166923718936686,-0.0877321349308886,-0.0877321349308886,10.216925414942809,-0.0016855357334861,999.7552096454176,-1000.0,95.05608266190802,639.5535149665548,-3.290047764374549,-0.1462202248848143,-0.0116470519187714,15.258497636828563,-327.5735949058381,1000.0,-0.0057476768513424, Neutralism,Healthy
SRR13077860.bin.39.fbc2XSRR13077860.bin.24.fbc2 ,-0.0875348380877767,-0.0875348380877767,449.01262710661695,-0.0016817452082023,-1000.0,999.8686893341423,246.95541861354104,293.2470716263531,-3.2826489242771686,-0.1458913968128854,-0.0116208593888131,452.7996951613432,-260.8774309886951,-999.8686893341423,-0.0057347511600482,-0.0479165948947866,-0.0479165948947866,550.987372893383,-0.0009205877981912,0.0,-0.1336969659283795,-14.27020329683262,-7.65470463842064,-1.7969229408840874,-0.0798609914913868,-0.0063612616853561,547.2003048386568,-739.1225690113049,0.1336969659283795,-0.0031392043918003, Amensalism,Healthy
SRR13077860.bin.7.fbc2XSRR13077860.bin.41.fbc2 ,-0.0874385428206778,-0.0874385428206778,10.22977194356531,-0.0016798951550072,-1000.0,999.7560288266312,111.62600924216122,632.3005003047926,-3.2790377500075465,-0.145730904701054,-0.0116080755213943,5.098137417086718,-327.3279995311732,-999.7560288266312,-0.0057284424786985,-0.1062571778317078,-0.1062571778317078,706.2721272360866,-0.0020414443387153,1000.0,-1000.0,-1000.0,-65.58512161574777,-3.984756448129815,-0.1770952963862555,-0.014106380380781,994.9018625829132,-158.30550496496016,1000.0,-0.0069613251951068, Neutralism,Healthy
SRR13077860.bin.44.fbc2XSRR13077860.bin.21.fbc2 ,-0.0688214794549821,-0.0688214794549821,915.6117453412526,-0.0013222186254324,-1000.0,999.8967611697244,80.91597003711468,-130.8989291670763,-2.5808782015852785,-0.1147024657582278,-0.0091365307018804,918.7001586460568,-674.9580536007677,-999.8967611697244,-0.0045087655128099,-0.0800282117332926,-0.0800282117332926,84.38825465874743,-0.0015375256816696,1000.0,-1000.0,919.0840299628852,-173.23833540823136,-3.001142503909705,-0.1333803528888211,-0.0106243024606556,81.2998413539433,-325.0419463992323,1000.0,-0.0052429625746981, Amensalism,Healthy
SRR13077860.bin.21.fbc2XSRR13077860.bin.37.fbc2 ,-0.0639056258492019,-0.0639056258492019,240.4324966824333,-0.0012277737915837,1000.0,-1000.0,0.0,-33.775760792538904,-2.396528496905489,-0.1065093764153743,-0.0084839168995358,511.7091372866753,-296.12036929865826,1000.0,-0.0041867086291631,-0.1525588079056206,-0.1525588079056206,759.5675033175667,-0.0029310049549167,-1000.0,999.7711471331168,1000.0,-14.342139995858588,-5.721116501735082,-0.2542646798427768,-0.0202532442388019,-2.937423855811403,-406.0974623531745,-999.7711471331168,-0.009994726896366, Competition,Healthy
SRR13077860.bin.12.fbc2XSRR13077860.bin.19.fbc2 ,-0.170119618810645,-0.170119618810645,990.3586521238484,-0.0032683884497828,-1000.0,1000.0,336.158047537675,-337.19982154355205,-6.379665466765687,-0.2835326980177797,-0.0225845641879232,-16.20548703108784,-419.8803031348135,-1000.0,-0.0111452046137401,-0.0683794717967885,-0.0683794717967885,9.641347876151713,-0.0013137266435023,999.8974242236716,-1000.0,398.7199256398642,-13.672169944325448,-2.564302447345426,-0.1139657863279808,-0.0090778511068947,7.249800482433216,-126.03721017529938,1000.0,-0.0044798078545227, Neutralism,Healthy
SRR13077860.bin.42.fbc2XSRR13077860.bin.36.fbc2 ,-0.1247010052210271,-0.1247010052210271,1000.0,-0.0023957926075581,-1000.0,999.8129365132054,-199.23143257857987,-423.2451209068452,-4.6764194643818655,-0.2078350087017497,-0.0165549269179337,914.1257910426016,-508.21548430419926,-999.8129365132054,-0.0081696527915937,-0.0916927253986159,-0.0916927253986159,0.0,-0.0017616277693832,1000.0,-1000.0,394.83947589331547,576.0431432735763,-3.4385740919764203,-0.1528212089976932,-0.0121728478867453,85.87420895739842,-218.13641907171973,1000.0,-0.0060071506937902, Neutralism,Healthy
SRR13077860.bin.21.fbc2XSRR13077860.bin.39.fbc2 ,-0.0862418438908889,-0.0862418438908889,632.5134636147168,-0.0016569038211855,1000.0,-1000.0,825.9858390128752,-650.6191116684628,-3.234160275620411,-0.1437364064848907,-0.0114492054041193,748.7900182380413,-408.52272760944777,1000.0,-0.0056500420300835,-0.0875348380877767,-0.0875348380877767,275.8126108056533,-0.0016817452082023,-1000.0,999.8686893341423,174.0141609871248,329.6344948186088,-3.2826489242771686,-0.1458913968128854,-0.0116208593888131,251.2099817619585,-469.8392113029541,-999.8686893341423,-0.0057347511600482, Neutralism,Healthy
SRR13077860.bin.46.fbc2XSRR13077860.bin.41.fbc2 ,-0.08475722165781,-0.08475722165781,22.659025689024133,-0.0016283808195112,-1000.0,999.872856025609,784.979640244821,-30.760472665333964,-3.178485373112608,-0.1412620360963501,-0.0112521114631363,-11.92057363231686,-333.9402756452537,-999.8728560256092,-0.0055527785947333,-0.1064199408765489,-0.1064199408765489,708.8857675780519,-0.0020445713905701,1000.0,-1000.0,-517.3158448329657,-65.68558385559277,-3.9908602342958375,-0.1773665681275815,-0.0141279883084735,1000.0,-159.56918413685617,1000.0,-0.0069719884417054, Neutralism,Healthy
SRR13077860.bin.46.fbc2XSRR13077860.bin.29.fbc2 ,-0.0847541360229797,-0.0847541360229797,22.41912813902627,-0.001628321537396,999.872860654358,-1000.0,-215.1059821765631,-30.65376726331908,-3.178369658544512,-0.1412568933715192,-0.011251701823653,-11.778148538696996,-333.9402535491736,1000.0,-0.0055525764425965,-0.2150159131693954,-0.2150159131693954,977.5808718609736,-0.0041309493403787,-1000.0,999.6774554754992,0.0,1000.0,-8.063323946066248,-0.3583598552822877,-0.0285448599423716,-14.772844183623192,-500.3584011647757,-999.6774554754992,-0.0140865372508187, Neutralism,Healthy
SRR13077860.bin.18.fbc2XSRR13077860.bin.8.fbc2 ,-0.0110513576811399,-0.0110513576811399,356.9703797833904,-0.0002123219535405,-1000.0,999.9834219018684,5.037819689932007,-478.26017793344,-0.4144375907480935,-0.0184189294684529,-0.0014671446988359,5.794901936596489,-0.0184210526880406,-999.9834219018686,-0.0007240178615575,-0.0879200406334348,-0.0879200406334348,507.04236147182,-0.0016891458334384,1000.0,-1000.0,-365.1802256528232,-521.73982206656,-3.297094426773924,-0.1465334010556489,-0.0116719977094135,994.2050980634036,-0.032972126669847,1000.0,-0.0057599872922082, Amensalism,Healthy
SRR13077860.bin.44.fbc2XSRR13077860.bin.41.fbc2 ,-0.0013114858278413,-0.0013114858278413,15.411993386883296,-2.5196653723469357e-05,-1000.0,999.9980326452752,1.5705642328773592,-0.4175473555330882,-0.0491821043599429,-0.0021858097130689,-0.0001741088774451,15.279960905485495,-15.132438949170933,-999.998032645275,-8.592058929934865e-05,-0.1057873699066931,-0.1057873699066931,707.301237190122,-0.0020324182498825,1000.0,-1000.0,-494.0166103536647,-65.34456369071302,-3.9671381545044815,-0.1763122831778218,-0.0140440101067724,984.7200390945144,-158.48484068570053,1000.0,-0.0069305462320699, Amensalism,Healthy
SRR13077860.bin.10.fbc2XSRR13077860.bin.3.fbc2 ,-0.0013317207626641,-0.0013317207626641,16.217740733813685,-2.558541325470287e-05,-1000.0,1000.0,0.0,0.0449975780921931,-0.0499409357973945,-0.0022195346044782,-0.0001767952059026,-0.0027000286663678,-177.10329648645188,-1000.0,-8.724625934064534e-05,-0.1547760393896169,-0.1547760393896169,3.770201586583994,-0.0029736030622871,1000.0,-1000.0,-1000.0,833.2419450712196,-5.804265025278596,-0.2579600656492857,-0.020547597160089,533.2570438003704,-500.3160345334549,1000.0,-0.0101399864422546, Amensalism,Healthy
SRR13077860.bin.44.fbc2XSRR13077860.bin.13.fbc2 ,-0.0853158146912846,-0.0853158146912846,1000.0,-0.0016391126741837,-1000.0,999.8720180823998,100.92422051097628,-28.86902222608103,-3.1994332021222363,-0.1421930244855502,-0.0113262685786139,994.9307162325476,-979.2546018555024,-999.8720180823996,-0.0055893742189709,0.0,0.0,0.0,0.0,1000.0,-1000.0,15.676114377045453,20.74539814449747,0.0,0.0,0.0,5.069283767452362,-20.7453981444977,1000.0,0.0, Amensalism,Healthy
SRR13077860.bin.29.fbc2XSRR13077860.bin.3.fbc2 ,-0.2164898869463059,-0.2164898869463059,996.223702492483,-0.0041592677607695,-1000.0,999.6752443732416,1000.0,49.449094902267234,-8.118599520212115,-0.3608164782438052,-0.0287405402266358,913.5589314189428,-499.6834544802002,-999.6752443732418,-0.014183103064056,-0.1550262919230363,-0.1550262919230363,3.776297507517029,-0.0029784109879074,1000.0,-1000.0,0.0,950.5509050977328,-5.813649759716668,-0.2583771532049468,-0.0205808199267494,86.44106858105715,-500.3165455197998,1000.0,-0.0101563814689598, Neutralism,Healthy
SRR13077860.bin.13.fbc2XSRR13077860.bin.10.fbc2 ,-0.0219983132393508,-0.0219983132393508,501.0569753590155,-0.0004226381025773,-1000.0,999.9670004169504,-1000.0,1000.0,-0.8249599915723138,-0.036663855398956,-0.0029204292887925,948.0435878314896,-496.0681402537178,-999.9670004169504,-0.0014411959298286,-0.0411519028766633,-0.0411519028766633,498.9430246409845,-0.0007906225336,1000.0,-1000.0,56.3271957912184,0.0,-1.5432398421132802,-0.0685865047944389,-0.0054632017075846,-2.3261498529507207,-503.9318597462822,1000.0,-0.0026960228397001, Amensalism,Healthy
SRR13077860.bin.19.fbc2XSRR13077860.bin.24.fbc2 ,-0.0648454027252682,-0.0648454027252682,9.168654072018626,-0.0012458290628956,-1000.0,999.9027256667669,71.10555672527403,-13.943692620980189,-2.4317711227961354,-0.1080756712087804,-0.0086086788247712,7.827649897831066,-3.461367864415024,-999.9027256667669,-0.0042482771045797,-0.0688473033964101,-0.0688473033964101,990.8313459279814,-0.0013227147626366,0.0,-0.1920978649809512,289.6162431608391,-193.1710650354776,-2.581846626675997,-0.1147455056606077,-0.0091399590099854,976.8942711387904,-996.538632135585,0.1920978649809512,-0.0045104573406433, Neutralism,Healthy
SRR13077860.bin.39.fbc2XSRR13077860.bin.2.fbc2 ,-0.0875348380877767,-0.0875348380877767,447.2521439002912,-0.0016817452082023,-1000.0,999.8686893341423,247.32454530680616,1000.0,-3.2826489242771686,-0.1458913968128854,-0.0116208593888131,422.6495148565982,-512.6387119337755,-999.8686893341423,-0.0057347511600482,-0.0909324326952401,-0.0909324326952401,552.7478560997088,-0.0017470208010763,1000.0,-1000.0,752.6754546931938,-537.8191964802787,-3.4100623122138813,-0.1515540544919531,-0.0120719137353262,-22.199713606221398,-428.73545136295206,1000.0,-0.0059573409316726, Neutralism,Healthy
SRR13077860.bin.10.fbc2XSRR13077860.bin.29.fbc2 ,0.0,0.0,0.0,0.0,1000.0,-1000.0,-500.0,0.0,0.0,0.0,0.0,0.0,0.0,1000.0,0.0,-0.2169615486737854,-0.2169615486737854,1000.0,-0.0041683294653945,-1000.0,999.674536835342,1000.0,1000.0,-8.13628733338755,-0.3616025811229757,-0.0288031566058762,1000.0,-500.3616442644176,-999.674536835342,-0.0142140034769953, Amensalism,Healthy
SRR13077860.bin.19.fbc2XSRR13077860.bin.7.fbc2 ,-0.0683794717967885,-0.0683794717967885,9.6413478761516,-0.0013137266435023,-1000.0,999.8974242236716,398.719925639864,-13.672169944325333,-2.564302447345426,-0.1139657863279808,-0.0090778511068947,7.249800482433216,-126.03721017529938,-999.8974242236716,-0.0044798078545227,-0.0877346947330579,-0.0877346947330579,10.26170610488714,-0.0016855849132753,999.7552025030532,-1000.0,95.05327687230717,-41.78127590586007,-3.2901437596603955,-0.1462244912218011,-0.0116473917503299,613.1377247679627,-285.86040666243434,1000.0,-0.0057478445540937, Neutralism,Healthy
SRR13077860.bin.52.fbc2XSRR13077860.bin.12.fbc2 ,-0.1222260906907877,-0.1222260906907877,736.3927200047419,-0.0023482438173232,-1000.0,999.8166491227448,238.3927577137076,1000.0,-4.583607554314312,-0.2037101511513128,-0.0162263647775944,738.5101901609025,-713.5065918624471,-999.8166491227448,-0.008007511416963,-0.1650497870066374,-0.1650497870066374,263.60727999525807,-0.0031709853411712,1000.0,-1000.0,-1000.0,-81.28778113725434,-6.189541416942916,-0.2750829783443578,-0.0219115087072623,-30.375978427705945,-286.49340813755293,1000.0,-0.0108130600133335, Amensalism,Healthy
SRR13077860.bin.44.fbc2XSRR13077860.bin.3.fbc2 ,-0.0647255742807146,-0.0647255742807146,996.2237024924832,-0.0012435268833996,-1000.0,999.9029054209444,82.86067259200217,-258.21301056061054,-2.427277429506262,-0.1078759571345244,-0.0085927707642667,992.3678986851388,-499.68345448020034,-999.9029054209444,-0.0042404266723679,-0.1550262919230363,-0.1550262919230363,3.7762975075168015,-0.0029784109879074,1000.0,-1000.0,-822.67982365106,970.2531469142804,-5.813649759716668,-0.2583771532049468,-0.0205808199267494,7.632101314861416,-500.31654551979966,1000.0,-0.0101563814689598, Amensalism,Healthy
SRR13077860.bin.44.fbc2XSRR13077860.bin.4.fbc2 ,0.0,0.0,0.0,0.0,-1000.0,1000.0,0.0,0.0,0.0,0.0,0.0,0.0,0.0,-1000.0,0.0,-0.2181811688399193,-0.2181811688399193,1000.0,-0.0041917611688404,1000.0,-970.6318505690798,1000.0,-55.53632934433063,-8.18202437836078,-0.3636352813998655,-0.0289650696769285,280.6393534023937,-531.551312962296,970.6318505690796,-0.0142939055858732, Amensalism,Healthy
SRR13077860.bin.4.fbc2XSRR13077860.bin.13.fbc2 ,-0.2181811688399193,-0.2181811688399193,1000.0,-0.0041917611688404,-970.63185056908,1000.0,1000.0,234.50065917540496,-8.18202437836078,-0.3636352813998655,-0.0289650696769285,494.2417776823172,-511.50666735243874,-1000.0,-0.0142939055858732,0.0,0.0,0.0,0.0,1000.0,-1000.0,-222.2417441103662,765.499340824595,0.0,0.0,0.0,321.0158526038622,-209.8949805486792,1000.0,0.0, Amensalism,Healthy
SRR13077860.bin.15.fbc2XSRR13077860.bin.3.fbc2 ,-0.1218269154625204,-0.1218269154625204,996.2237024924832,-0.0023405747447213,-1000.0,999.8172479239324,1000.0,49.44909490226837,-4.568638061455545,-0.2030448591042386,-0.0161733714860474,655.9253236558154,-36.87668094919309,-999.8172479239324,-0.0079813598795226,-0.1550262919230363,-0.1550262919230363,3.7762975075168015,-0.0029784109879074,1000.0,-1000.0,0.0,950.5509050977316,-5.813649759716668,-0.2583771532049468,-0.0205808199267494,86.44106858105715,-500.3165455197997,1000.0,-0.0101563814689598, Neutralism,Healthy
SRR13077860.bin.4.fbc2XSRR13077860.bin.39.fbc2 ,-0.2171964558140189,-0.2171964558140189,989.0108993435838,-0.0041728425708242,-970.4702942816198,1000.0,901.3667369939668,111.3045579030868,-8.145096599368344,-0.3619940930234406,-0.0288343421647141,501.1368262305516,-507.9052731716193,-1000.0,-0.0142293931667154,-0.0872102974032031,-0.0872102974032031,10.9891006564161,-0.0016755100365344,999.869176176345,-1000.0,98.6332630060333,888.6954420969132,-3.270478305671986,-0.1453504956720053,-0.011577774352645,498.8631737694484,-449.7615494918782,1000.0,-0.0057134892247177, Neutralism,Healthy
SRR13077860.bin.21.fbc2XSRR13077860.bin.20.fbc2 ,-0.0861568353393522,-0.0861568353393522,622.767915817318,-0.0016552706117636,1000.0,-1000.0,833.1569485676978,-641.8414167472407,-3.230972365109892,-0.1435947255656628,-0.0114379199269478,734.1682324988194,-404.8025508924113,1000.0,-0.0056444727858888,-0.1256973100536242,-0.1256973100536242,377.232084182682,-0.0024149339106998,-0.5911158027940928,1000.0,-317.5235417557669,-358.1585832527593,-4.713781948377232,-0.2094955167560783,-0.0166871933231504,0.0217344051966392,-350.6642187757267,-1000.0,-0.0082349246356443, Neutralism,Healthy
SRR13077860.bin.37.fbc2XSRR13077860.bin.7.fbc2 ,-0.1675464820484649,-0.1675464820484649,989.7830745850572,-0.0032189525850299,-1000.0,999.7486641821642,904.9439173380912,-15.751139736482742,-6.283170119211491,-0.2792441367474794,-0.0222429623622701,-3.2260020911469383,-406.6964889194028,-999.7486641821642,-0.0109766283147791,-0.0877321349308886,-0.0877321349308886,10.216925414942809,-0.0016855357334861,999.7552096454176,-1000.0,95.0560826619087,-41.76196264320174,-3.290047764374549,-0.1462202248848143,-0.0116470519187714,613.1475902331449,-285.8604023991184,1000.0,-0.0057476768513424, Neutralism,Healthy
SRR13077860.bin.42.fbc2XSRR13077860.bin.29.fbc2 ,-0.1235183024730304,-0.1235183024730304,0.0,-0.0023730701724389,999.8147106809396,-1000.0,-42.45586232803066,398.0961713756024,-4.632066861598901,-0.2058638374551264,-0.0163979148912858,1000.0,-502.1250902720533,1000.0,-0.0080921692878064,-0.2169075980472143,-0.2169075980472143,1000.0,-0.0041672929500009,-1000.0,999.6746177664644,60.18421827549673,601.9038286243976,-8.134264127884535,-0.3615126634120997,-0.0287959942844509,0.0,-497.8749097279467,-999.6746177664644,-0.0142104689595043, Neutralism,Healthy
SRR13077860.bin.52.fbc2XSRR13077860.bin.3.fbc2 ,-0.1210485748099472,-0.1210485748099472,996.2237024924834,-0.0023256210338331,-1000.0,999.81841550968,914.1776778024,100.88183015885966,-4.539449464530094,-0.2017476246832075,-0.0160700413435961,707.8279903925697,-499.6834544802003,-999.81841550968,-0.0079303677252937,-0.1550262919230363,-0.1550262919230363,3.776297507516688,-0.0029784109879074,1000.0,-1000.0,-1000.0,899.1181698411403,-5.813649759716668,-0.2583771532049468,-0.0205808199267494,292.17200960743025,-500.3165455197997,1000.0,-0.0101563814689598, Amensalism,Healthy
SRR13077860.bin.52.fbc2XSRR13077860.bin.19.fbc2 ,-0.1442621496216816,-0.1442621496216816,996.0886624069076,-0.0027716071012946,-1000.0,999.783592917532,-755.8940545581911,1000.0,-5.409983049202879,-0.2404369160360602,-0.019151805069896,988.9578556336356,-873.0186400563817,-999.783592917532,-0.0094511802153647,-0.0682286256268298,-0.0682286256268298,3.9113375930922976,-0.0013108285422731,999.897650507417,-1000.0,401.7304747081607,-13.64200892645374,-2.5586455565769484,-0.1137143760447543,-0.0090578252272734,11.042144366364369,-126.98135994361826,1000.0,-0.0044699253292037, Neutralism,Healthy
SRR13077860.bin.18.fbc2XSRR13077860.bin.19.fbc2 ,-0.0447939924621323,-0.0447939924621323,494.7091112651572,-0.0008605954363929,-1000.0,999.9328047083296,-931.3926871116398,-986.3278300556746,-1.679822050079906,-0.0746566541035917,-0.0059467144651534,978.6707452710586,-1.7589315684037956,-999.9328047083296,-0.0029346304379487,-0.0683794717967885,-0.0683794717967885,9.6413478761516,-0.0013137266435023,999.8974242236716,-1000.0,400.93535483974847,-13.672169944325448,-2.564302447345426,-0.1139657863279808,-0.0090778511068947,7.249800482433216,-126.03721017529938,1000.0,-0.0044798078545227, Neutralism,Healthy
SRR13077860.bin.37.fbc2XSRR13077860.bin.49.fbc2 ,-0.1393338550194585,-0.1393338550194585,601.7356463775782,-0.0026769232472361,0.0,-0.2090141671453693,996.0151563490742,-4.64029921833162,-5.225166794008032,-0.2322230916990975,-0.0184975396384743,-2.685462632410463,-405.5326756751128,0.2090141671453693,-0.0091283082731479,-0.0675856262787419,-0.0675856262787419,398.2643536224218,-0.0012984750485429,-1000.0,999.8114224686942,3.984843650925768,-995.3597007816684,-2.534532401582055,-0.1126427104646836,-0.0089724625856888,961.3590407412509,-2.401256922595394,-999.8114224686942,-0.0044277999156747, Competition,Healthy
SRR13077860.bin.42.fbc2XSRR13077860.bin.7.fbc2 ,-0.1262784922238324,-0.1262784922238324,989.7355801034024,-0.0024260997545297,-1000.0,999.8105701311656,-570.4685189960427,-447.85184479884015,-4.735576893878374,-0.2104641537063116,-0.0167643493039122,984.7236787782854,-508.3194114512841,-999.8105701311656,-0.0082730001629443,-0.0877346947330579,-0.0877346947330579,10.264419896597474,-0.0016855849132753,999.7552025030532,-1000.0,95.06922250558524,802.2738570663078,-3.2901437596603955,-0.1462244912218011,-0.0116473917503299,15.276321221714625,-408.9655644531665,1000.0,-0.0057478445540937, Neutralism,Healthy
SRR13077860.bin.29.fbc2XSRR13077860.bin.41.fbc2 ,-0.1306860156556695,-0.1306860156556695,322.4511400064744,-0.0025107783988005,-1000.0,999.8039584226244,225.33708317469632,1000.0,-4.900863679899203,-0.2178100260928204,-0.0173494787354684,5.165471977813013,-500.2178351338768,-999.8039584226244,-0.0085617543397802,-0.1047501822162075,-0.1047501822162075,677.5488599935256,-0.0020124914931329,1000.0,-1000.0,-1000.0,-64.39616231530317,-3.928242520138838,-0.1745836370270126,-0.0139063162173442,994.834528022187,-149.4890449682332,1000.0,-0.0068625959914925, Amensalism,Healthy
SRR13077860.bin.24.fbc2XSRR13077860.bin.2.fbc2 ,-0.0504558334669127,-0.0504558334669127,777.6733574130535,-0.0009693724008457,-1000.0,999.8592180462168,-43.36699193295874,-205.5477009452767,-1.8921470704920007,-0.0840930557782257,-0.0066983632901838,758.9406546729883,-714.1000409149775,-999.859218046217,-0.0033055598870532,-0.0909324326952401,-0.0909324326952401,222.3266425869465,-0.0017470208010763,1000.0,-1000.0,943.726045465052,-207.39798296751636,-3.4100623122138813,-0.1515540544919531,-0.0120719137353262,-42.10396999470811,-285.8999590850225,1000.0,-0.0059573409316726, Amensalism,Healthy
SRR13077860.bin.25.fbc2XSRR13077860.bin.20.fbc2 ,-0.0666198616594329,-0.0666198616594329,8.283927013057337,-0.0012799204929478,1000.0,-1000.0,8.215122167126196,192.61829943779048,-2.498315207857104,-0.1110331027657594,-0.0088442506064438,799.4504518012307,-355.98156104108455,1000.0,-0.0043645288810694,-0.1256973100536242,-0.1256973100536242,991.7160729869428,-0.0024149339106998,-869.9363486049081,1000.0,-569.5223788203198,-1000.0,-4.713781948377232,-0.2094955167560783,-0.0166871933231504,200.54954819876932,-281.05473209464253,-1000.0,-0.0082349246356443, Neutralism,Healthy
SRR13077860.bin.18.fbc2XSRR13077860.bin.24.fbc2 ,-0.0211914110541329,-0.0211914110541329,249.15243463564616,-0.0004071356590884,-1000.0,999.9682108477404,-425.8955966084492,-481.7303715235971,-0.7947003069932634,-0.0353190184235927,-0.0028133074041534,446.4641966381028,-0.0353230897802632,-999.9682108477404,-0.0013883325973438,-0.0575165117573988,-0.0575165117573988,750.8475653643538,-0.0011050242412693,0.0,-0.1604826705575988,1000.0,253.3500290433617,-2.1569299672348734,-0.0958608529289222,-0.0076357175071279,553.5358033618973,-999.9646769102196,0.1604826705575988,-0.0037681326626852, Competition,Healthy
SRR13077860.bin.52.fbc2XSRR13077860.bin.10.fbc2 ,-0.147591740466737,-0.147591740466737,1000.0,-0.0028355761857028,-1000.0,999.778598211419,-278.286858064788,603.0479534695328,-5.534846224193984,-0.2459862341112284,-0.0195938314433306,1000.0,-1000.0,-999.778598211419,-0.0096693147933137,0.0,0.0,0.0,0.0,1000.0,-1000.0,500.0,0.0,0.0,0.0,0.0,0.0,0.0,1000.0,0.0, Amensalism,Healthy
SRR13077860.bin.52.fbc2XSRR13077860.bin.8.fbc2 ,-0.0872005663942445,-0.0872005663942445,498.05098365584536,-0.0016753230814856,-996.8606958436532,1000.0,-370.8243471471221,1000.0,-3.270113382553632,-0.1453342773237409,-0.0115764824934103,5.785086499367253,-961.086368085006,-1000.0,-0.00571285170804,-0.0877711211780933,-0.0877711211780933,501.9490163441546,-0.001686284748871,1000.0,-1000.0,635.4420790656591,-521.7029990346608,-3.2915097898398926,-0.146285201963451,-0.0116522276146042,994.2149135006327,-0.0329162782977618,1000.0,-0.0057502309936126, Amensalism,Healthy
SRR13077860.bin.18.fbc2XSRR13077860.bin.25.fbc2 ,-0.0276233712764906,-0.0276233712764906,696.8306317611384,-0.0005307083819161,-1000.0,999.9585622895434,-182.840812445771,-1000.0,-1.0359056118313674,-0.0460389521275601,-0.0036671949187621,209.9176929576779,-0.046044259211385,-999.9585622895432,-0.0018097155821124,-0.0665770709199478,-0.0665770709199478,11.994757892834969,-0.0012790983846571,1000.0,-1000.0,11.880282264818788,194.28379399540967,-2.4967105099073024,-0.1109617848665038,-0.0088385698377351,790.0823070423221,-356.02806304570163,1000.0,-0.0043617254915488, Amensalism,Healthy
SRR13077860.bin.25.fbc2XSRR13077860.bin.41.fbc2 ,-0.0012273216428866,-0.0012273216428866,0.3208987471589353,-2.35796665037924e-05,-1000.0,1000.0,0.0,4.020012142829046,-0.0460258584893154,-0.0020455360714777,-0.0001629354957231,14.50498284360208,-6.772575552277317,-1000.0,-8.040666284614417e-05,-0.1058537678659377,-0.1058537678659377,707.7626131233819,-0.0020336939071512,1000.0,-1000.0,-495.1286857533462,-65.38557752520285,-3.96962814813935,-0.1764229464432674,-0.0140528248982718,985.4950171563978,-158.6540539013281,1000.0,-0.0069348962233561, Amensalism,Healthy
SRR13077860.bin.21.fbc2XSRR13077860.bin.24.fbc2 ,-0.0832375949216839,-0.0832375949216839,297.4829000159666,-0.0015991853010746,1000.0,-1000.0,1000.0,-349.79300105483026,-3.1214977647561,-0.1387293248695869,-0.0110503704305529,308.70531702024164,-288.3637741646261,1000.0,-0.005453221876678,-0.0490697451809865,-0.0490697451809865,702.5170999840334,-0.0009427424625982,-1000.0,999.8630855121492,-755.3080933954709,-146.10870664366155,-1.8401672951213184,-0.0817829086349775,-0.0065143504168645,691.2946829797584,-711.6362258353739,-999.8630855121492,-0.0032147517976, Amensalism,Healthy
SRR13077860.bin.36.fbc2XSRR13077860.bin.28.fbc2 ,-0.0916927253986159,-0.0916927253986159,4.882855968767899,-0.0017616277693832,-1000.0,1000.0,224.503693397194,0.0,-3.4385740919764203,-0.1528212089976932,-0.0121728478867453,1000.0,-282.1684452636972,-1000.0,-0.0060071506937902,-0.2550350745322021,-0.2550350745322021,995.117144031232,-0.0048998093089949,999.617422889155,-1000.0,221.4231693938816,-1000.0,-9.564084784471447,-0.4250584575537459,-0.0338576823249923,0.0,-500.42510745564687,1000.0,-0.0167083497435669, Neutralism,Healthy
SRR13077860.bin.21.fbc2XSRR13077860.bin.3.fbc2 ,-0.0862418438908889,-0.0862418438908889,773.9831939491969,-0.0016569038211855,-1000.0,1000.0,1000.0,-811.2355482868305,-3.234160275620411,-0.1437364064848907,-0.0114492054041193,913.5589314189432,-497.6060463842769,-1000.0,-0.0056500420300835,-0.1550262919230363,-0.1550262919230363,3.776297507516574,-0.0029784109879074,1000.0,-1000.0,-1000.0,950.550905097732,-5.813649759716668,-0.2583771532049468,-0.0205808199267494,86.4410685810567,-500.3165455197997,1000.0,-0.0101563814689598, Neutralism,Healthy
SRR13077860.bin.8.fbc2XSRR13077860.bin.36.fbc2 ,-0.0823673868811738,-0.0823673868811738,551.3434439662235,-0.0015824666066919,0.0,0.0,232.4505865652227,-442.2958220135206,-3.088864043708213,-0.1372789781353276,-0.0109348442525742,898.086669218929,-0.0308897481637586,0.0,-0.005396211128982,-0.0916927253986159,-0.0916927253986159,-196.34750808602143,-0.0017616277693832,-1000.0,1000.0,767.5494134347773,344.0844263267152,-3.4385740919764203,-0.1528212089976932,-0.0121728478867453,101.91333078107095,-258.23422363090083,-1000.0,-0.0060071506937902, Neutralism,Healthy
SRR13077860.bin.12.fbc2XSRR13077860.bin.25.fbc2 ,-0.170119618810645,-0.170119618810645,991.7160729869428,-0.0032683884497828,-1000.0,1000.0,-661.1343992423784,-337.19982154355205,-6.379665466765687,-0.2835326980177797,-0.0225845641879232,-16.20548703108784,-421.9164344294557,-1000.0,-0.0111452046137401,-0.0666198616594329,-0.0666198616594329,8.283927013057223,-0.0012799204929478,1000.0,-1000.0,8.215122167127106,192.6182994377898,-2.498315207857104,-0.1110331027657594,-0.0088442506064438,799.4504518012307,-355.98156104108443,1000.0,-0.0043645288810694, Neutralism,Healthy
SRR13077860.bin.12.fbc2XSRR13077860.bin.41.fbc2 ,-0.1652746045822368,-0.1652746045822368,291.11423242194815,-0.0031753046029052,0.0,0.0,-482.68415516703465,-92.63599281793506,-6.1979723135877975,-0.275457674303766,-0.0219413548062448,-15.74395404745519,-288.9916889485007,0.0,-0.0108277886960195,-0.1064199408765489,-0.1064199408765489,708.8857675780519,-0.0020445713905701,-1000.0,1000.0,-517.3158448329654,-65.68558385559288,-3.9908602342958375,-0.1773665681275815,-0.0141279883084735,1000.0,-159.56918413685628,-1000.0,-0.0069719884417054, Neutralism,Healthy
SRR13077860.bin.49.fbc2XSRR13077860.bin.24.fbc2 ,-0.0824867215692393,-0.0824867215692393,638.2216861912316,-0.0015847593000444,-1000.0,999.7698454068492,253.8414118585904,-1000.0,-3.0933392206085277,-0.1374778692820655,-0.0109506867635218,654.2460306779708,-155.1003909449521,-999.7698454068492,-0.0054040292133095,-0.0311984880037243,-0.0311984880037243,361.7783138087684,-0.0005993945821956,0.0,-0.0870500751733516,746.1585881414096,0.919587742904696,-1.1699762668403082,-0.0519974800060936,-0.004141816562992,345.7539693220292,-680.1913470835203,0.0870500751733516,-0.0020439355253074, Amensalism,Healthy
SRR13077860.bin.21.fbc2XSRR13077860.bin.42.fbc2 ,-0.080141030377149,-0.080141030377149,89.265575236303,-0.0015396931868281,1000.0,-1000.0,921.0432601108414,-173.609705963921,-3.0053733222692927,-0.133568383961915,-0.0106392799214063,79.58281431036994,-325.995826679429,1000.0,-0.0052503537672237,-0.1248415844027022,-0.1248415844027022,910.734424763697,-0.0023984934563259,-1000.0,999.8127256309284,-462.10151299759946,-337.0871192028958,-4.681691332240803,-0.208069307337837,-0.0165735897833201,920.41718568963,-508.22474586595166,-999.8127256309286,-0.0081788626861225, Neutralism,Healthy
SRR13077860.bin.25.fbc2XSRR13077860.bin.3.fbc2 ,-0.0010774358148637,-0.0010774358148637,0.133975055318956,-2.070001562515245e-05,-1000.0,1000.0,0.1328622819901284,3.115194916850782,-0.0404049815564349,-0.0017957263580683,-0.0001430371081596,12.929425662017708,-5.757251271995074,-1000.0,-7.058705341478344e-05,-0.1547760393896169,-0.1547760393896169,3.770201586583994,-0.0029736030622871,1000.0,-1000.0,-816.9835408181864,964.6882183136448,-5.804265025278596,-0.2579600656492857,-0.020547597160089,7.4719508306747,-500.3160345334549,1000.0,-0.0101399864422546, Amensalism,Healthy
SRR13077860.bin.39.fbc2XSRR13077860.bin.15.fbc2 ,-0.0875348380877767,-0.0875348380877767,14.751352415350652,-0.0016817452082023,999.8686893341423,-1000.0,101.5229304403524,884.2649771540359,-3.2826489242771686,-0.1458913968128854,-0.0116208593888131,-9.851276628342816,-449.84757880697975,1000.0,-0.0057347511600482,-0.1212895751227733,-0.1212895751227733,985.2486475846496,-0.0023302512031477,-1000.0,999.8180539860598,898.4770695596476,-222.43706250247035,-4.548487230921069,-0.2021492918713647,-0.0161020358135601,652.2621227637101,-180.76461839293097,-999.8180539860598,-0.0079461566026566, Neutralism,Healthy
SRR13077860.bin.8.fbc2XSRR13077860.bin.10.fbc2 ,-0.0877717812946912,-0.0877717812946912,501.9565518890288,-0.0016862974312061,-1000.0,1000.0,0.0,-521.7182040335397,-3.291534544911656,-0.1462863021579323,-0.0116523152496483,994.2223908781966,-0.0329165258573311,-1000.0,-0.0057502742404267,-0.0410777074591806,-0.0410777074591806,498.0434481109712,-0.0007891970693663,1000.0,-1000.0,548.6833829411307,0.862000498987527,-1.5404574355586649,-0.0684628457653389,-0.0054533517491108,-0.7071600339830866,-502.6377904180224,1000.0,-0.0026911620064993, Neutralism,Healthy
SRR13077860.bin.18.fbc2XSRR13077860.bin.20.fbc2 ,-0.0453380410876889,-0.0453380410876889,500.7179263562889,-0.0008710478595048,-0.0680114168707177,0.0,-944.3973480158166,-1000.0,-1.700224448418567,-0.0755634018127011,-0.0060189407092821,990.5308024255764,-0.0755721122912973,0.0,-0.0029702732009582,-0.1245284302431173,-0.1245284302431173,499.2820736437111,-0.0023924770459871,-230.37771987202723,1000.0,-55.60265198418335,0.0,-4.669947720354571,-0.2075473837385288,-0.016532016387714,0.0215322934137702,-326.1785640943824,-1000.0,-0.0081583467267591, Neutralism,Healthy
SRR13077860.bin.39.fbc2XSRR13077860.bin.28.fbc2 ,-0.0393482391536963,-0.0393482391536963,99.1000072098618,-0.0007559700125057,-1000.0,999.9409738614196,489.2400092237199,655.1978021714981,-1.4756005466136912,-0.0655803985894181,-0.0052237527868328,89.88215867887948,-439.7112841004307,-999.9409738614194,-0.0025778577428354,-0.2390275779503099,-0.2390275779503099,900.8999927901382,-0.0045922685485493,999.641435671732,-1000.0,277.64570923684323,-1000.0,-8.963786747906966,-0.398379296583812,-0.0317325756702757,-20.71361097882823,-0.3984252192693702,1000.0,-0.0156596357504668, Amensalism,Healthy
SRR13077860.bin.37.fbc2XSRR13077860.bin.41.fbc2 ,-0.1347074170911355,-0.1347074170911355,548.5629258973422,-0.0025880387529468,-1000.0,999.7979259341696,989.4934708074228,-4.497493744878511,-5.0516704830486105,-0.2245123618185971,-0.017883347782913,-2.596294596573557,-405.3480027688606,-999.7979259341696,-0.0088252121475989,-0.0698022401295475,-0.0698022401295475,451.4370741026578,-0.0013410612897359,1000.0,-1000.0,-1000.0,-42.91158535720968,-2.617657763228181,-0.1163370668825791,-0.0092667335119358,663.6513050098574,-99.73494204001577,1000.0,-0.0045730189979167, Competition,Healthy
SRR13077860.bin.12.fbc2XSRR13077860.bin.3.fbc2 ,-0.170119618810645,-0.170119618810645,996.2237024924834,-0.0032683884497828,0.0,0.0,0.0,-363.71974124273606,-6.379665466765687,-0.2835326980177797,-0.0225845641879232,-16.205487031086705,-415.4179188381743,0.0,-0.0111452046137401,-0.1550262919230363,-0.1550262919230363,3.776297507516688,-0.0029784109879074,-1000.0,1000.0,-1000.0,911.8974762345424,-5.813649759716668,-0.2583771532049468,-0.0205808199267494,241.0547840338136,-500.3165455197997,-1000.0,-0.0101563814689598, Neutralism,Healthy
SRR13077860.bin.8.fbc2XSRR13077860.bin.41.fbc2 ,-0.0097195202724833,-0.0097195202724833,292.8242980429345,-0.0001867342991772,-1000.0,1000.0,346.3001452228282,84.46697331954533,-0.3644922806066688,-0.0161992004542526,-0.001290334007308,14.870208326427472,-0.0036450535201311,-1000.0,-0.0006367639601876,-0.1058202567750186,-0.1058202567750186,707.1757019570655,-0.0020330500821046,0.0,0.0,-1000.0,-65.05400074116221,-3.9683714468159215,-0.1763670946249931,-0.0140483760675351,985.1297916735724,-158.60319378441034,0.0,-0.0069327007801121, Amensalism,Healthy
SRR13077860.bin.15.fbc2XSRR13077860.bin.28.fbc2 ,-0.0740603166884739,-0.0740603166884739,66.47870067163103,-0.0014228687164177,-1000.0,999.8889024106238,307.4025126796728,768.4560141649274,-2.7773401335985,-0.1234338611475323,-0.0098320228303236,345.3656116437637,-558.5127269933164,-999.8889024106236,-0.0048519823228616,-0.2463144010752103,-0.2463144010752103,933.521299328369,-0.0047322651503236,999.6305047370616,-1000.0,-157.19965650794984,-1000.0,-9.237050314905218,-0.410524001792055,-0.0326999521888637,163.65901572170517,-0.4105713244435947,1000.0,-0.0161370241626173, Amensalism,Healthy
SRR13077860.bin.12.fbc2XSRR13077860.bin.7.fbc2 ,-0.170119618810645,-0.170119618810645,989.7438731811758,-0.0032683884497828,-1000.0,1000.0,-683.869801536176,-341.89757221411776,-6.3796654667658,-0.2835326980177797,-0.0225845641879232,-16.20548703108784,-414.2603840502395,-1000.0,-0.0111452046137401,-0.0877346947330579,-0.0877346947330579,10.2561268188241,-0.0016855849132753,999.7552025030532,-1000.0,95.05885615836904,802.289816419463,-3.2901437596603955,-0.1462244912218011,-0.0116473917503299,15.278394491157655,-408.96628768669314,1000.0,-0.0057478445540937, Neutralism,Healthy
SRR13077860.bin.44.fbc2XSRR13077860.bin.7.fbc2 ,-0.0719205069869985,-0.0719205069869985,989.7463914613068,-0.001381758059324,-1000.0,999.8921123307292,92.07151343690292,-169.6979992238313,-2.697095008705673,-0.1198675116449976,-0.0095479481898337,985.461974246814,-672.4466802959953,-999.8921123307292,-0.0047117949821995,-0.0877131524351853,-0.0877131524351853,10.253608538693127,-0.0016851710362288,999.7552626104098,-1000.0,96.26321098382276,638.9766431665034,-3.2893359007284744,-0.1461885873920891,-0.01164453186027,14.538025753186048,-327.5533197040047,1000.0,-0.0057464332335257, Amensalism,Healthy
SRR13077860.bin.21.fbc2XSRR13077860.bin.10.fbc2 ,-0.08512428003894,-0.08512428003894,498.3531803121523,-0.0016354328537317,-1000.0,1000.0,947.2862080347488,-583.5966283248231,-3.192250450267238,-0.1418738000649,-0.0113008410195334,553.7218021911835,-347.53003466926566,-1000.0,-0.0055768260314152,-0.0411820635252979,-0.0411820635252979,501.6468196878477,-0.0007912019889317,1000.0,-1000.0,52.713791965251175,1.882463376219448,-1.544370898307534,-0.0686367725421632,-0.0054672057436846,-0.9360275570272734,-504.2277037627877,1000.0,-0.0026979987823096, Neutralism,Healthy
SRR13077860.bin.24.fbc2XSRR13077860.bin.7.fbc2 ,-0.0538963788079627,-0.0538963788079627,779.957377205697,-0.0010354731759889,-1000.0,999.8496182306576,242.94428187067277,-153.3852339479531,-2.0211711563221115,-0.0898272980132333,-0.0071551196457448,752.2301140558711,-780.5663261153984,-999.8496182306576,-0.0035309635300109,-0.0877346947330579,-0.0877346947330579,10.26441989659736,-0.0016855849132753,999.7552025030532,-1000.0,560.0563519504151,-41.77705351565203,-3.2901437596603955,-0.1462244912218011,-0.0116473917503299,247.76988594412887,-219.4336738846016,1000.0,-0.0057478445540937, Amensalism,Healthy
SRR13077860.bin.49.fbc2XSRR13077860.bin.2.fbc2 ,-0.0821947192407606,-0.0821947192407606,973.6281652340248,-0.0015791492648986,-1000.0,999.7706601522513,107.39672300185909,-996.460008071904,-3.082388824736654,-0.1369911987345631,-0.0109119214207566,955.1098740287016,-2.961402303802401,-999.7706601522513,-0.0053848989934977,-0.0909320784368219,-0.0909320784368219,18.488614168220693,-0.0017470139949864,1000.0,-1000.0,892.6032769981409,-3.5399919280961285,-3.4100490271525814,-0.1515534640614078,-0.0120718667050141,-31.414479547817905,-487.9080659275097,1000.0,-0.0059573177227321, Neutralism,Healthy
SRR13077860.bin.42.fbc2XSRR13077860.bin.2.fbc2 ,-0.1266198366881781,-0.1266198366881781,604.4810819589411,-0.0024326577654392,-1000.0,999.810058081679,-197.1679452272283,-70.1429377615442,-4.748377671984031,-0.2110330611469635,-0.016809665158803,1000.0,-508.3418997230079,-999.8100580816788,-0.0082953629799931,-0.0909324326952401,-0.0909324326952401,395.5189180410589,-0.0017470208010763,1000.0,-1000.0,1000.0,-380.5902584216294,-3.4100623122138813,-0.1515540544919531,-0.0120719137353262,0.0,-286.1435349644662,1000.0,-0.0059573409316726, Neutralism,Healthy
SRR13077860.bin.24.fbc2XSRR13077860.bin.29.fbc2 ,-0.0062238510442966,-0.0062238510442966,71.56734203941596,-0.0001195744677033,-1000.0,999.9826342000542,-159.28993157391403,0.7892374376507405,-0.2334009907584686,-0.0103730850738656,-0.0008262595719088,70.18430351760685,-266.98578797181347,-999.9826342000543,-0.0004077489348901,-0.2107506041284068,-0.2107506041284068,928.432657960584,-0.0040490029612101,0.0,-0.3161461512074766,-840.710068426086,987.4744228363264,-7.903370349979696,-0.351251006880716,-0.0279786104616732,929.8156964823932,-500.35129149691033,0.3161461512074766,-0.0138071000975514, Amensalism,Healthy
SRR13077860.bin.46.fbc2XSRR13077860.bin.52.fbc2 ,-0.0847541919785044,-0.0847541919785044,22.419913186315284,-0.0016283226124187,-1000.0,999.8728605704192,-215.1079947891368,-30.652136974255427,-3.178371756938532,-0.1412569866308786,-0.0112517092520647,-11.777165998550911,-333.94025394986886,-999.8728605704192,-0.0055525801085423,-0.1382021125037908,-0.1382021125037908,977.5800868136848,-0.0026551798752052,0.0,-0.2073164446551345,103.27998172559728,1000.0,-5.182725253786316,-0.2303368541730606,-0.0183472929376193,979.9743288866435,-666.0597460501311,0.2073164446551345,-0.0090541633744578, Neutralism,Healthy
SRR13077860.bin.4.fbc2XSRR13077860.bin.37.fbc2 ,-0.1467044259493377,-0.1467044259493377,447.659011718896,-0.0028185288366557,-976.667527750368,1000.0,6.885999950758446,1000.0,-5.5015709921876805,-0.2445073765823053,-0.0194760342615154,222.3165618578489,-505.41748899224814,-1000.0,-0.0096111833330496,-0.1352746435430845,-0.1352746435430845,552.340988281104,-0.0025989364753513,999.7970750400032,-1000.0,993.1140000492414,-12.699053352782016,-5.0729420743705305,-0.2254577392384362,-0.0179586510448643,-2.6072270827272632,-405.4105110645387,1000.0,-0.0088623733810209, Competition,Healthy
SRR13077860.bin.36.fbc2XSRR13077860.bin.3.fbc2 ,-0.0916927253986159,-0.0916927253986159,-808.9461279101541,-0.0017616277693832,0.0,0.0,0.0,-35.402352992306646,-3.4385740919764203,-0.1528212089976932,-0.0121728478867453,353.5385986778524,-266.9775904793689,0.0,-0.0060071506937902,-0.1550262919230363,-0.1550262919230363,3.776297507516574,-0.0029784109879074,-1000.0,1000.0,-1000.0,839.4397939866212,-5.813649759716668,-0.2583771532049468,-0.0205808199267494,530.8855130255015,-500.3165455197997,-1000.0,-0.0101563814689598, Neutralism,Healthy
SRR13077860.bin.12.fbc2XSRR13077860.bin.36.fbc2 ,-0.170119618810645,-0.170119618810645,1000.0,-0.0032683884497828,-1000.0,1000.0,0.0,-337.1998215435516,-6.3796654667658,-0.2835326980177797,-0.0225845641879232,-16.20548703108784,-414.2603840502395,-1000.0,-0.0111452046137401,-0.0916927253986159,-0.0916927253986159,-956.4618223540512,-0.0017616277693832,0.0,0.0,-1000.0,-59.19198533252461,-3.4385740919764203,-0.1528212089976932,-0.0121728478867453,1000.0,-267.06577813903345,0.0,-0.0060071506937902, Neutralism,Healthy
SRR13077860.bin.15.fbc2XSRR13077860.bin.49.fbc2 ,-0.0886998514927199,-0.0886998514927199,319.61091330540194,-0.0017041277905036,-1000.0,999.866941702122,401.22791548277337,455.79705058488526,-3.326338158007502,-0.1478330858212757,-0.0117755230320426,430.0887703287615,-526.0571755241087,-999.8669417021218,-0.0058110757654503,-0.0824867215692393,-0.0824867215692393,680.3890866945981,-0.0015847593000444,0.0,-0.2301545931508144,598.7720845172266,-1000.0,-3.0933392206085277,-0.1374778692820655,-0.0109506867636355,569.9112296712385,-197.2677914483185,0.2301545931508144,-0.0054040292133095, Amensalism,Healthy
SRR13077860.bin.4.fbc2XSRR13077860.bin.15.fbc2 ,-0.2102870577683688,-0.2102870577683688,930.6148521901932,-0.0040400971713552,1000.0,-954.2315167886168,600.3442753428897,251.6291083156468,-7.885986871658474,-0.350478429613986,-0.0279170714539986,463.138762534978,-511.9483348781721,954.2315167886168,-0.0137767313542553,-0.074183992303574,-0.074183992303574,69.38514780980677,-0.0014252448089564,-1000.0,999.8887168853208,399.6557246571104,748.3708916843532,-2.7819780998466968,-0.1236399871725097,-0.009848441629515,390.95456108550775,-488.0516651218279,-999.8887168853208,-0.0048600847983379, Amensalism,Healthy
SRR13077860.bin.13.fbc2XSRR13077860.bin.21.fbc2 ,-0.043868323332731,-0.043868323332731,999.1915818270932,-0.0008428112071214,-1000.0,999.9341933009448,-141.44440687750148,1000.0,-1.645108479594569,-0.0731138722212563,-0.0058238254414391,884.0277049701967,-339.76090690761566,-999.9341933009448,-0.0028739862164002,-0.0775262651982302,-0.0775262651982302,0.8084181729067268,-0.0014894575446078,1000.0,-1000.0,1000.0,-120.29695010120496,-2.9073168650978687,-0.1292104419969746,-0.0102921516333935,115.97229502980326,-343.21104235972814,1000.0,-0.0050790502272093, Amensalism,Healthy
SRR13077860.bin.13.fbc2XSRR13077860.bin.15.fbc2 ,0.0,0.0,0.0,0.0,1000.0,-1000.0,-1000.0,949.2582561465975,0.0,0.0,0.0,148.0348718217756,-281.5721025425794,1000.0,0.0,-0.1220118035566883,-0.1220118035566883,1000.0,-0.0023441268695023,-1000.0,999.8169705740306,187.0750350501835,50.74174385340234,-4.5755715603546605,-0.2033530059278518,-0.0161979166681476,657.1857580239862,-502.8253175126191,-999.8169705740306,-0.0079934726248893, Amensalism,Healthy
SRR13077860.bin.44.fbc2XSRR13077860.bin.37.fbc2 ,-0.0008793618441131,-0.0008793618441131,10.30720520962518,-1.6894559962565836e-05,-1000.0,999.9986808727608,0.843786565728351,-0.3629890809673952,-0.0329769983567302,-0.0014656030735977,-0.0001167414091014,10.424439235925092,-10.164723699553406,-999.9986808727608,-5.761044940300053e-05,-0.1714036610972016,-0.1714036610972016,989.6927947903748,-0.0032930578501009,999.742878043065,-1000.0,999.1562134342716,-16.11375532495117,-6.427818409326278,-0.2856727684952602,-0.0227550297440757,-3.300269646781772,-406.8506524473016,1000.0,-0.0112293272687793, Amensalism,Healthy
SRR13077860.bin.19.fbc2XSRR13077860.bin.20.fbc2 ,-0.0683794717967885,-0.0683794717967885,9.6413478761516,-0.0013137266435023,-1000.0,999.8974242236716,401.93981052550726,-14.67662563008446,-2.564302447345426,-0.1139657863279808,-0.0090778511068947,8.254256168192228,-126.2883240967392,-999.8974242236716,-0.0044798078545227,-0.1256973100536242,-0.1256973100536242,612.7740160511546,-0.0024149339106998,999.5467033718156,0.1025757763284218,-128.2202745934876,-985.3233743699157,-4.713781948377232,-0.2094955167560783,-0.0166871933231504,0.0217344051966392,-407.5469536723455,-0.1025757763284218,-0.0082349246356443, Neutralism,Healthy
SRR13077860.bin.19.fbc2XSRR13077860.bin.29.fbc2 ,-0.0682286256268298,-0.0682286256268298,3.911337593092412,-0.0013108285422731,999.897650507417,-1000.0,403.9410166370437,-13.64200892645374,-2.5586455565769484,-0.1137143760447543,-0.0090578252272734,11.042144366364257,-126.98135994361836,1000.0,-0.0044699253292037,-0.2166221047291401,-0.2166221047291401,996.0886624069076,-0.0041618079678755,-1000.0,999.6750460338664,35.21750195240247,1000.0,-8.123557826781393,-0.3610368412153093,-0.0287580930581725,957.8794363982628,-500.36107845929496,-999.6750460338664,-0.0141917651704943, Neutralism,Healthy
SRR13077860.bin.44.fbc2XSRR13077860.bin.28.fbc2 ,-0.0004113243123811,-0.0004113243123811,4.908694321852067,-7.9024844126252e-06,-1000.0,999.9993829740188,0.5260469831956698,-0.042491263433817,-0.015425096352942,-0.0006855405207488,-5.460616716845834e-05,4.928286872372155,-4.914479203840756,-999.9993829740188,-2.6947471724270144e-05,-0.2552422971552914,-0.2552422971552914,995.0913056781478,-0.0049037905313298,999.6171120353144,-1000.0,678.3732133511658,-999.9575087365662,-9.571855851800931,-0.4254038285920387,-0.0338851925714607,49.84098911441538,-40.550983610455546,1000.0,-0.0167219257117494, Amensalism,Healthy
SRR13077860.bin.52.fbc2XSRR13077860.bin.15.fbc2 ,-0.1202435944489934,-0.1202435944489934,700.6961458568303,-0.0023101555129869,0.0,-0.1803769424510619,57.874814174803305,373.23839146967634,-4.509261850391908,-0.2004059907484361,-0.0159631745945034,576.6892219331339,-821.6809902228737,0.1803769424510619,-0.0078776302991627,-0.0877056148206065,-0.0877056148206065,299.3038541431697,-0.0016850262213665,-1000.0,999.868433152638,942.1251858251968,626.7616085303237,-3.28905323221295,-0.1461760247009351,-0.0116435311894065,423.3107780668661,-178.31900977712633,-999.868433152638,-0.0057459394147372, Competition,Healthy
SRR13077860.bin.4.fbc2XSRR13077860.bin.24.fbc2 ,-0.2181811688399193,-0.2181811688399193,1000.0,-0.0041917611688404,0.0,-0.6087694745556291,300.4582359953847,1000.0,-8.18202437836078,-0.3636352813998655,-0.0289650696769285,483.69245618384434,-497.51297832134304,0.6087694745556291,-0.0142939055858732,0.0,0.0,0.0,0.0,-1000.0,1000.0,-989.5269266371783,0.0,0.0,0.0,0.0,0.0,-500.0,-1000.0,0.0, Amensalism,Healthy
SRR13077860.bin.24.fbc2XSRR13077860.bin.20.fbc2 ,-0.0457052102100306,-0.0457052102100306,525.5589166222198,-0.0008781020213746,-1000.0,999.872473243443,-64.85220919453172,5.78682779913413,-1.7139936784856218,-0.0761753503500131,-0.00606768496732,515.4024932249622,-705.7386663003831,-999.8724732434428,-0.0029943278926793,-0.1256973100536242,-0.1256973100536242,474.44108337778016,-0.0024149339106998,691.3913086376576,0.1275267565571312,-242.78312145554207,-171.36229497567922,-4.713781948377232,-0.2094955167560783,-0.0166871933231504,0.0217344051966392,-294.2613336996169,-0.1275267565571312,-0.0082349246356443, Amensalism,Healthy
SRR13077860.bin.42.fbc2XSRR13077860.bin.3.fbc2 ,-0.1263239187154567,-0.1263239187154567,996.2237024924834,-0.0024269725017802,-1000.0,999.8105019870644,-595.1629146527856,-466.8627422864205,-4.73728043531878,-0.2105398645257992,-0.016770379987065,992.5159680059091,-499.6834544802003,-999.8105019870644,-0.0082759762309478,-0.1550262919230363,-0.1550262919230363,3.776297507516574,-0.0029784109879074,1000.0,-1000.0,-404.8370853472144,970.2901642444735,-5.813649759716668,-0.2583771532049468,-0.0205808199267494,7.484031994090856,-500.3165455197997,1000.0,-0.0101563814689598, Neutralism,Healthy
SRR13077860.bin.24.fbc2XSRR13077860.bin.41.fbc2 ,-0.0132446030511346,-0.0132446030511346,294.71920697411633,-0.0002544592324511,-1000.0,999.9630448856652,1000.0,423.7939359762818,-0.4966866096764306,-0.0220743384186334,-0.0017583132964773,5.647408063218677,-637.3473852517122,-999.9630448856652,-0.0008677059828414,-0.1062145083417362,-0.1062145083417362,705.2807930258837,-0.0020406245598678,1000.0,-1000.0,-1000.0,-65.29637060960727,-3.9831562971641006,-0.1770241805694468,-0.0141007157087642,994.3525919367812,-158.0616938520118,1000.0,-0.0069585297492267, Amensalism,Healthy
SRR13077860.bin.12.fbc2XSRR13077860.bin.15.fbc2 ,-0.1650497870066374,-0.1650497870066374,263.60727999525807,-0.0031709853411712,1000.0,-1000.0,-150.92440877645402,-81.28778113725411,-6.189541416943484,-0.2750829783443578,-0.0219115087072623,-31.70722149362598,-286.49340813755293,1000.0,-0.0108130600133335,-0.1091055514626759,-0.1091055514626759,736.3927200047419,-0.0020961681357221,-1000.0,999.8363311919652,860.7700003970085,680.3452954028533,-4.0915734690981935,-0.1818425857711645,-0.0144845218176214,569.2001915413089,86.11688983251452,-999.8363311919652,-0.0071479333427078, Amensalism,Healthy
SRR13077860.bin.36.fbc2XSRR13077860.bin.24.fbc2 ,-0.0916927253986159,-0.0916927253986159,163.5372349027998,-0.0017616277693832,1000.0,-1000.0,76.73101008347794,-215.5037275192941,-3.4385740919764203,-0.1528212089976932,-0.0121728478867453,186.60389623866376,-235.6074231773872,1000.0,-0.0060071506937902,-0.0540093297153134,-0.0540093297153134,836.4627650972002,-0.0010376432221619,-1000.0,999.8493030748403,-45.416351434453645,-224.04352443537027,-2.025406934702687,-0.0900155495255603,-0.0071701146654277,813.3961037613362,-764.3925768226128,-999.8493030748403,-0.0035383633877472, Amensalism,Healthy
SRR13077860.bin.49.fbc2XSRR13077860.bin.29.fbc2 ,-0.082483319679909,-0.082483319679909,486.0525500120396,-0.0015846939419361,-1000.0,999.7698548988064,598.7267693326751,-1000.0,-3.0932116461646046,-0.1374721994665151,-0.0109502351390347,958.5046782007375,-2.9305586599599565,-999.7698548988066,-0.0054038063420875,-0.1559872382151752,-0.1559872382151752,513.9474499879605,-0.0029968729724032,0.0,-0.2339958416877152,401.2732306673249,1000.0,-5.849686261083548,-0.2599787303586254,-0.0207083922394986,41.495321799262456,-500.2600086990884,0.2339958416877152,-0.0102193368360303, Amensalism,Healthy
SRR13077860.bin.13.fbc2XSRR13077860.bin.49.fbc2 ,-0.0225624687795971,-0.0225624687795971,513.9067818668873,-0.0004334768257194,-1000.0,999.9661541294464,301.9842754826864,1000.0,-0.8461164204610441,-0.0376041146326997,-0.0029953248658785,-255.3039154664073,-140.2924288986311,-999.9661541294464,-0.0014781559757466,-0.0824867215692393,-0.0824867215692393,486.0932181331127,-0.0015847593000444,0.0,-0.2301545931508144,598.7720845172262,-1000.0,-3.0933392206085277,-0.1374778692820655,-0.0109506867636355,958.50296679421,-2.971922886832658,0.2301545931508144,-0.0054040292133095, Amensalism,Healthy
SRR13077860.bin.28.fbc2XSRR13077860.bin.20.fbc2 ,-0.2552459123957078,-0.2552459123957078,995.091236151622,-0.004903859988417,-1000.0,999.6171066121065,-163.09951969520648,-1000.0,-9.571991427137393,-0.4254098539928463,-0.0338856725197729,173.31856056843162,-183.42126638979903,-999.6171066121066,-0.016722162560427,-0.0625996962639874,-0.0625996962639874,4.908763848378044,-0.0012026838859355,993.0976603963018,0.3828933878934322,-506.7218097669983,0.0,-2.347554757511375,-0.104332827106532,-0.008310545651966,0.0108241549735339,-253.39469669896653,-0.3828933878934322,-0.0041011520511347, Amensalism,Healthy
SRR13077860.bin.39.fbc2XSRR13077860.bin.20.fbc2 ,-0.0875348380877767,-0.0875348380877767,15.76944732950176,-0.0016817452082023,-1000.0,999.8686893341423,107.52690378203351,949.6706131436764,-3.2826489242771686,-0.1458913968128854,-0.0116208593888131,-12.863105713015443,-445.401343477203,-999.8686893341423,-0.0057347511600482,-0.1256973100536242,-0.1256973100536242,984.230552670498,-0.0024149339106998,999.4050392915548,0.1313106658576543,-217.6097343589028,-1000.0,-4.713781948377232,-0.2094955167560783,-0.0166871933231504,0.0217344051966392,-505.2608831704793,-0.1313106658576543,-0.0082349246356443, Neutralism,Healthy
SRR13077860.bin.7.fbc2XSRR13077860.bin.3.fbc2 ,-0.0877346947330579,-0.0877346947330579,10.27207245210343,-0.0016855849132753,-1000.0,999.7552025030532,95.0615699500804,125.55572401083396,-3.2901437596603955,-0.1462244912218011,-0.0116473917503299,609.1324149846714,-367.53454480690857,-999.7552025030532,-0.0057478445540937,-0.1550262919230363,-0.1550262919230363,3.776297507516574,-0.0029784109879074,1000.0,-1000.0,-1000.0,874.4442759891663,-5.813649759716668,-0.2583771532049468,-0.0205808199267494,390.8675850153286,-500.3165455197997,1000.0,-0.0101563814689598, Neutralism,Healthy
SRR13077860.bin.15.fbc2XSRR13077860.bin.24.fbc2 ,-0.0899219526544357,-0.0899219526544357,347.1404550355023,-0.0017276071595233,0.0,-0.1348915670173482,869.9479723780225,745.5672762710192,-3.372168242933867,-0.1498699210907261,-0.011937765472453,433.6373525586096,-130.60992912080314,0.1348915670173482,-0.0058911404140644,-0.0537613475038369,-0.0537613475038369,652.8595449644977,-0.0010328789145432,-1000.0,999.8499949952356,130.05202762197746,89.91017054291979,-2.0161073397356404,-0.089602245839842,-0.0071371932997408,566.3626474413904,-869.3900708791969,-999.8499949952356,-0.0035221170986687, Competition,Healthy
SRR13077860.bin.13.fbc2XSRR13077860.bin.25.fbc2 ,-0.0437221505135312,-0.0437221505135312,995.8621942549972,-0.0008400028916639,-1000.0,999.9344125742156,-1000.0,-219.6047880548936,-1.6396268444144653,-0.0728702508557717,-0.0058044199817004,194.40007038895828,-50.456343632247695,-999.9344125742152,-0.0028644098607628,-0.0664605703949519,-0.0664605703949519,4.137805745002993,-0.0012768601420702,1000.0,-1000.0,12.629458300074816,193.23722491955184,-2.492341617116381,-0.1107676173248819,-0.0088231035816761,805.5999296110417,-358.4673181864057,1000.0,-0.0043540930844301, Neutralism,Healthy
SRR13077860.bin.21.fbc2XSRR13077860.bin.29.fbc2 ,-0.080141030377149,-0.080141030377149,89.26557523630254,-0.0015396931868281,1000.0,-1000.0,921.0432601108369,-173.60970596392144,-3.0053733222692927,-0.133568383961915,-0.0106392799214063,79.58281431037085,-325.995826679429,1000.0,-0.0052503537672237,-0.1783584166464606,-0.1783584166464606,910.7344247636976,-0.0034266746713456,-1000.0,999.7324452416568,78.95673988916315,1000.0,-6.688629091348503,-0.2972640277440632,-0.0236783219793323,920.4171856896292,-674.004173320571,-999.7324452416568,-0.011684960629509, Amensalism,Healthy
SRR13077860.bin.44.fbc2XSRR13077860.bin.20.fbc2 ,-0.0757123497925249,-0.0757123497925249,999.9785384569986,-0.0014546080651598,-1000.0,999.886424202271,92.44108671348069,-136.69498664524122,-2.839293120661296,-0.1261872496540945,-0.0100513417303318,999.9806846112988,-749.8498282182329,-999.886424202271,-0.0049602135022723,-0.111707331322691,-0.111707331322691,0.0214615430014646,-0.002146154300135,999.5747382132604,0.1135757977290268,-576.8546006294987,-2.5839912389208166,-4.189142963087988,-0.1861788855378563,-0.0148299262140199,0.0193153887013295,-250.15017178176709,-0.1135757977290268,-0.007318386163547, Competition,Healthy
SRR13077860.bin.19.fbc2XSRR13077860.bin.41.fbc2 ,-0.0683794717967885,-0.0683794717967885,9.6413478761516,-0.0013137266435023,-1000.0,999.8974242236716,398.7199256398656,-13.672169944322944,-2.564302447345426,-0.1139657863279808,-0.0090778511068947,7.249800482433216,-126.03721017529983,-999.8974242236716,-0.0044798078545227,-0.1061884838749165,-0.1061884838749165,706.5055234326082,-0.0020401245701577,1000.0,-1000.0,-509.321689358011,-65.54272164233464,-3.9821803521602983,-0.1769808064581184,-0.014097260779522,992.7501995175668,-158.30676266121668,1000.0,-0.0069568247840834, Neutralism,Healthy
SRR13077860.bin.8.fbc2XSRR13077860.bin.7.fbc2 ,-0.0879405000083579,-0.0879405000083579,506.9276480901717,-0.0016895389051114,-1000.0,1000.0,633.890025871458,-522.5593462055533,-3.2978616749546745,-0.1465675000140436,-0.0116747138339405,994.901862582913,-0.0329797994268119,-1000.0,-0.0057613276662777,-0.0874385428206778,-0.0874385428206778,10.22977194356531,-0.0016798951550072,999.7560288266312,-1000.0,111.626009242161,632.3005003047929,-3.2790377500075465,-0.145730904701054,-0.0116080755213943,5.098137417086832,-327.3279995311732,1000.0,-0.0057284424786985, Neutralism,Healthy
SRR13077860.bin.18.fbc2XSRR13077860.bin.39.fbc2 ,-0.0454149128688641,-0.0454149128688641,501.5666152674946,-0.000872524742931,-1000.0,999.9318732680728,-944.7396255433836,-1000.0,-1.7031072214449523,-0.0756915214482205,-0.0060291459735708,990.3238503844482,-0.8268509810427531,-999.9318732680728,-0.0029753093733688,-0.0875348380877767,-0.0875348380877767,72.52765781701282,-0.0016817452082023,999.8686893341423,-1000.0,152.05953217655406,1000.0,-3.2826489242771686,-0.1458913968128854,-0.0116208593888131,9.676149615551822,-548.751124571917,1000.0,-0.0057347511600482, Neutralism,Healthy
SRR13077860.bin.36.fbc2XSRR13077860.bin.41.fbc2 ,-0.0851491580000356,-0.0851491580000356,-553.128585713252,-0.0016359108165033,-1000.0,1000.0,0.0,637.8050248639192,-3.193183400098292,-0.1419152633334306,-0.0113041437422225,15.27996090548686,-219.81473997826424,-1000.0,-0.005578455884347,-0.1057873699066931,-0.1057873699066931,707.3012371901223,-0.0020324182498825,0.0,0.0,-1000.0,-65.34456369071393,-3.9671381545044815,-0.1763122831778218,-0.0140440101067724,984.7200390945133,-158.4848406857002,0.0,-0.0069305462320699, Neutralism,Healthy
SRR13077860.bin.18.fbc2XSRR13077860.bin.49.fbc2 ,0.0,0.0,0.0,0.0,-1000.0,1000.0,0.0,0.0,0.0,0.0,0.0,0.0,0.0,-1000.0,0.0,-0.0824867215692393,-0.0824867215692393,1000.0,-0.0015847593000444,0.0,-0.2301545931508144,72.95225495420618,-1000.0,-3.0933392206085277,-0.1374778692820655,-0.0109506867636355,909.1244897803052,-27.661161393784823,0.2301545931508144,-0.0054040292133095, Amensalism,Healthy
SRR13077860.bin.21.fbc2XSRR13077860.bin.12.fbc2 ,-0.0862418438908889,-0.0862418438908889,607.6539934301404,-0.0016569038211855,-1000.0,1000.0,1000.0,-849.4908492357971,-3.234160275620411,-0.1437364064848907,-0.0114492054041193,674.2120810854037,-358.8041422911134,-1000.0,-0.0056500420300835,-0.1660316434248443,-0.1660316434248443,392.3460065698596,-0.0031898490572075,1000.0,-1000.0,-1000.0,-130.8493620890058,-6.226362070129653,-0.276719405708036,-0.0220418569849698,-15.816069087631943,-297.40426793961205,1000.0,-0.0108773852848571, Neutralism,Healthy
SRR13077860.bin.13.fbc2XSRR13077860.bin.20.fbc2 ,-0.0434016561960106,-0.0434016561960106,988.5622748669676,-0.0008338454600789,-1000.0,999.9348933464788,1000.0,1000.0,-1.6276079688514071,-0.0723360936600556,-0.0057618721290282,-399.83258215853823,-738.6032686480364,-999.9348933464788,-0.0028434130188088,-0.1125222023044898,-0.1125222023044898,11.437725133032586,-0.0021618098425051,999.564940980405,0.0651066535212976,-576.3416309718212,-13.806310239295726,-4.219701485957785,-0.1875370038407027,-0.0149381060119822,0.0194562885828872,-261.3967313519636,-0.0651066535212976,-0.0073717715630436, Amensalism,Healthy
SRR13077860.bin.25.fbc2XSRR13077860.bin.28.fbc2 ,-0.0072816308296523,-0.0072816308296523,0.9054431640365692,-0.0001398968458943,1000.0,-1000.0,0.897922711803858,21.053411289041943,-0.2730688504374257,-0.0121360513827539,-0.0009666872052775,87.38089379933285,-38.90921183391322,1000.0,-0.0004770482445337,-0.2534108996862869,-0.2534108996862869,999.0945568359634,-0.0048686051812865,-1000.0,999.6198593074446,-213.22254886725625,-1000.0,-9.50317651152011,-0.4223514994771449,-0.0336420618027659,305.1412465846206,-0.4224001855288861,-999.6198593074448,-0.0166019436682063, Amensalism,Healthy
SRR13077860.bin.8.fbc2XSRR13077860.bin.19.fbc2 ,-0.0878582476934752,-0.0878582476934752,507.0374118810787,-0.0016879586491995,-1000.0,1000.0,135.0764343711014,-521.0217115316657,-3.2947771262330434,-0.1464304128224967,-0.0116637942663828,992.8035086776008,-0.0329489528334079,-1000.0,-0.0057559389939569,-0.0678766645521591,-0.0678766645521591,9.57045321386181,-0.0013040665620565,999.8981784828392,-1000.0,386.5965748552378,-13.57163588172034,-2.545446644365484,-0.1131277742534848,-0.00901109994345,7.196491322399197,-126.0295833718643,1000.0,-0.0044468669764228, Neutralism,Healthy
SRR13077860.bin.46.fbc2XSRR13077860.bin.39.fbc2 ,-0.08475722165781,-0.08475722165781,22.659025689024133,-0.0016283808195112,-1000.0,999.872856025609,784.9796402448208,-30.760472665333623,-3.178485373112608,-0.1412620360963501,-0.0112521114631363,-11.920573632316746,-333.9402756452537,-999.8728560256092,-0.0055527785947333,-0.0875348380877767,-0.0875348380877767,977.340974310976,-0.0016817452082023,999.8686893341423,-1000.0,99.52013536205207,-969.2395273346664,-3.2826489242771686,-0.1458913968128854,-0.0116208593888131,949.7795957602748,-279.3475450328832,1000.0,-0.0057347511600482, Neutralism,Healthy
SRR13077860.bin.25.fbc2XSRR13077860.bin.49.fbc2 ,-0.0666198616594329,-0.0666198616594329,8.28392701305745,-0.0012799204929478,1000.0,-1000.0,8.215122167124832,192.61829943779023,-2.498315207857104,-0.1110331027657594,-0.0088442506064438,799.4504518012304,-355.98156104108443,1000.0,-0.0043645288810694,-0.0824867215692393,-0.0824867215692393,991.7160729869424,-0.0015847593000444,-1000.0,999.7698454068492,654.154661009499,-1000.0,-3.0933392206085277,-0.1374778692820655,-0.0109506867635218,55.92558334597106,-508.2453066198088,-999.7698454068492,-0.0054040292133095, Neutralism,Healthy
SRR13077860.bin.13.fbc2XSRR13077860.bin.12.fbc2 ,-0.0323304504647694,-0.0323304504647694,736.3927200047419,-0.0006211421799662,-1000.0,999.951501218592,323.0944672417347,1000.0,-1.2124260552478745,-0.053884084107949,-0.0042920924632881,-10.626146362999634,-713.5065918624471,-999.951501218592,-0.0021180948335768,-0.1650497870066374,-0.1650497870066374,263.60727999525807,-0.0031709853411712,1000.0,-1000.0,-150.92440877645288,-81.28778113725446,-6.189541416942916,-0.2750829783443578,-0.0219115087072623,-38.71684313949595,-286.49340813755293,1000.0,-0.0108130600133335, Amensalism,Healthy
SRR13077860.bin.39.fbc2XSRR13077860.bin.3.fbc2 ,-0.0875348380877767,-0.0875348380877767,996.2237024924834,-0.0016817452082023,-1000.0,999.8686893341423,508.0871901666785,-402.2161090963914,-3.2826489242771686,-0.1458913968128854,-0.0116208593888131,469.1144869744981,-499.6834544802003,-999.8686893341423,-0.0057347511600482,-0.1550262919230363,-0.1550262919230363,3.776297507516688,-0.0029784109879074,1000.0,-1000.0,-1000.0,839.4397939866199,-5.813649759716668,-0.2583771532049468,-0.0205808199267494,530.885513025502,-500.3165455197997,1000.0,-0.0101563814689598, Neutralism,Healthy
SRR13077860.bin.4.fbc2XSRR13077860.bin.28.fbc2 ,-0.0915522733398574,-0.0915522733398574,28.73872711724493,-0.0017589293629498,0.3798444703594441,0.0,1000.0,155.64823033917946,-3.433306991359359,-0.1525871222330579,-0.0121542018977152,13.425196660548522,-525.1102094666825,0.0,-0.0059979491275043,-0.2532134308685272,-0.2532134308685272,971.2612728827552,-0.004864811351922,999.6201555296408,-1000.0,0.0,-1000.0,-9.495771222192277,-0.4220223847808029,-0.0336158464418758,166.3807035960449,-99.29293818308564,1000.0,-0.0165890067100917, Amensalism,Healthy
SRR13077860.bin.37.fbc2XSRR13077860.bin.19.fbc2 ,-0.1714381032801384,-0.1714381032801384,989.6907236406375,-0.003293719563544,-1000.0,999.7428263764818,1000.0,-16.116993254092904,-6.42911002758126,-0.2857301721335261,-0.0227596021837825,-3.300932809343408,-406.8520290306452,-999.742826376482,-0.011231583711492,-0.0659432713350725,-0.0659432713350725,10.309276359362457,-0.0012669216395124,999.9010787583892,-1000.0,0.0,-13.185062544166271,-2.472942355755208,-0.1099054522251208,-0.0087544285288458,6.99150706748469,-40.62599779200832,1000.0,-0.004320202790609, Neutralism,Healthy
SRR13077860.bin.4.fbc2XSRR13077860.bin.19.fbc2 ,-0.2178398167567365,-0.2178398167567365,996.0886624069076,-0.004185203011616,0.1023494925830164,12.001487803297096,596.0589833629558,934.33800887158,-8.16922331454532,-0.3630663612613034,-0.028919752810566,477.88866601126665,-873.0186400563816,-12.001487803297096,-0.0142715422697392,-0.0682286256268298,-0.0682286256268298,3.911337593092412,-0.0013108285422731,999.897650507417,-1000.0,403.9410166370442,-13.642008926453627,-2.5586455565769484,-0.1137143760447543,-0.0090578252272734,11.042144366364369,-126.98135994361836,1000.0,-0.0044699253292037, Neutralism,Healthy
SRR13077860.bin.13.fbc2XSRR13077860.bin.8.fbc2 ,-0.0218356356468802,-0.0218356356468802,497.3516575200706,-0.0004195126925878,-1000.0,999.9672444489664,0.0,132.99511411593744,-0.8188594099548254,-0.0363927260780201,-0.0028988327054548,4.951950284711074,-157.13910883108542,-999.9672444489664,-0.0014305382816246,-0.0878202811347819,-0.0878202811347819,502.6483424799294,-0.0016872292244443,1000.0,-1000.0,135.9245529806385,-522.6971980580768,-3.2933533401600243,-0.1463671352245228,-0.0116587539412194,995.0480497152888,-0.0329347144620442,1000.0,-0.0057534516555506, Amensalism,Healthy
SRR13077860.bin.37.fbc2XSRR13077860.bin.10.fbc2 ,-0.1401245727643072,-0.1401245727643072,608.0043132601049,-0.0026921147505163,-1000.0,999.78979968028,1000.0,-13.173190502954071,-5.254819544971497,-0.2335409546071787,-0.0186025129260087,-2.69801048181796,-405.6004915016976,-999.78979968028,-0.0091801112992015,-0.0323310831740855,-0.0323310831740855,391.9956867398951,-0.0006211543357039,1000.0,-1000.0,0.0,1.0035183101531402,-1.2124497825154776,-0.0538851386234,-0.0042921764597849,-0.5565853425189289,-395.3824500053268,1000.0,-0.002118136284821, Competition,Healthy
SRR13077860.bin.37.fbc2XSRR13077860.bin.3.fbc2 ,-0.1714381032801384,-0.1714381032801384,989.6907236406392,-0.003293719563544,-1000.0,999.7428263764818,1000.0,-16.116993254095405,-6.42911002758126,-0.2857301721335261,-0.0227596021837825,-3.300932809343408,-406.8520290306451,-999.742826376482,-0.011231583711492,-0.1550262919230363,-0.1550262919230363,3.776297507516574,-0.0029784109879074,1000.0,-1000.0,-1000.0,839.4397939865826,-5.813649759716668,-0.2583771532049468,-0.0205808199267494,530.8855130255042,-500.3165455197997,1000.0,-0.0101563814689598, Neutralism,Healthy
SRR13077860.bin.44.fbc2XSRR13077860.bin.29.fbc2 ,0.0,0.0,0.0,0.0,0.0,0.0,0.0,0.0,0.0,0.0,0.0,0.0,0.0,0.0,0.0,-0.2169615486737939,-0.2169615486737939,1000.0,-0.0041683294654148,-1000.0,999.674536835342,-919.1283132315848,1000.0,-8.1362873333876,-0.3616025811229519,-0.0288031566059316,1000.0,-500.3616442644176,-999.674536835342,-0.0142140034770363, Amensalism,Healthy
SRR13077860.bin.13.fbc2XSRR13077860.bin.28.fbc2 ,-0.0002155134646661,-0.0002155134646661,4.90876384837793,-4.140508446995506e-06,-1000.0,999.9996767091004,354.50495672359955,1000.0,-0.0080819826529439,-0.0003591891077768,-2.8610913368738944e-05,3.203712876383065,-467.408277981735,-999.9996767091004,-1.4119133804254072e-05,-0.2552459123956799,-0.2552459123956799,995.091236151622,-0.0049038599883896,999.6171066121066,-1000.0,645.4950432764005,-1000.0,-9.57199142713736,-0.4254098539927999,-0.0338856725197723,64.05468094849411,-25.197876676029004,1000.0,-0.0167221625604086, Amensalism,Healthy
SRR13077860.bin.44.fbc2XSRR13077860.bin.46.fbc2 ,-0.0711177372185147,-0.0711177372185147,977.5800868136846,-0.0013663350090382,-1000.0,999.8933165624971,86.38249987622748,-166.68499570826566,-2.6669902941180226,-0.1185295620307442,-0.0094413749121713,978.0048120512324,-666.059746050131,-999.8933165624971,-0.0046592023807079,-0.0847541919785044,-0.0847541919785044,22.4199131863154,-0.0016283226124187,999.8728605704192,-1000.0,-215.10799478913668,-30.652136974255317,-3.178371756938532,-0.1412569866308786,-0.0112517092520647,-11.777165998550911,-333.940253949869,1000.0,-0.0055525801085423, Amensalism,Healthy
SRR13077860.bin.8.fbc2XSRR13077860.bin.2.fbc2 ,-0.08796018183682,-0.08796018183682,506.8022202637021,-0.0016899170382203,0.0,0.0,134.63797181902692,-523.3627988676362,-3.2985997643157816,-0.146600303061291,-0.0116773267337748,995.579684003258,-0.0329871805851098,0.0,-0.0057626171001174,-0.0909324326952401,-0.0909324326952401,129.65927759160968,-0.0017470208010763,-1000.0,1000.0,-1000.0,-114.71838882657288,-3.4100623122138813,-0.1515540544919531,-0.0120719137353262,4.420315996742033,-286.1435349644662,-1000.0,-0.0059573409316726, Neutralism,Healthy
SRR13077860.bin.44.fbc2XSRR13077860.bin.36.fbc2 ,-0.0735728837375973,-0.0735728837375973,918.5114444791568,-0.0014135040103155,-1000.0,999.8896336068736,94.186860430018,-79.62240505372665,-2.7590608828814998,-0.1226214728960712,-0.0097673127113466,914.1285925943296,-781.8705848076004,-999.8896336068736,-0.0048200486752421,-0.0916927253986159,-0.0916927253986159,-731.9381448196848,-0.0017616277693832,1000.0,-1000.0,-337.21373265806096,576.0779625593411,-3.4385740919764203,-0.1528212089976932,-0.0121728478867453,85.87140740567042,-218.1294151923996,1000.0,-0.0060071506937902, Amensalism,Healthy
SRR13077860.bin.4.fbc2XSRR13077860.bin.7.fbc2 ,-0.2175869953980509,-0.2175869953980509,993.1917423826144,-0.0041803457329478,-1000.0,1000.0,-103.93294018374866,997.9335717419744,-8.159742246440942,-0.362644992330047,-0.0288861890144289,390.3673717360807,-526.7498128767464,-1000.0,-0.014254978949225,-0.0874361096955453,-0.0874361096955453,6.8082576173857206,-0.0016798484091395,999.7560356155414,-1000.0,98.10953891672102,-38.24685577313733,-3.278946505244221,-0.1457268494925756,-0.011607752507075,609.6326282639193,-285.8599093730902,1000.0,-0.0057282830752001, Neutralism,Healthy
SRR13077860.bin.36.fbc2XSRR13077860.bin.10.fbc2 ,-0.0916927253986159,-0.0916927253986159,496.01286812497256,-0.0017616277693832,-1000.0,1000.0,-327.8789590194574,-989.7126453671953,-3.4385740919764203,-0.1528212089976932,-0.0121728478867453,1000.0,-261.6199862949645,-1000.0,-0.0060071506937902,-0.0411820635252979,-0.0411820635252979,503.9871318750274,-0.0007912019889317,1000.0,-1000.0,1000.0,-10.287354632804863,-1.544370898307534,-0.0686367725421632,-0.0054672057436846,0.0,-502.1213984648648,1000.0,-0.0026979987823096, Neutralism,Healthy
SRR13077860.bin.25.fbc2XSRR13077860.bin.2.fbc2 ,-0.0662204693231842,-0.0662204693231842,8.234264091501586,-0.0012722472492896,-1000.0,1000.0,8.165871737091948,191.46353461669375,-2.4833375732166587,-0.1103674488718979,-0.0087912284923277,794.6576711534667,-353.84741810217633,-1000.0,-0.0043383631199276,-0.0909324326952401,-0.0909324326952401,991.7657359084984,-0.0017470208010763,1000.0,-1000.0,991.834128262908,-976.8370762890696,-3.4100623122138813,-0.1515540544919531,-0.0120719137353262,-37.51645060299563,-357.57210639303776,1000.0,-0.0059573409316726, Neutralism,Healthy
SRR13077860.bin.2.fbc2XSRR13077860.bin.41.fbc2 ,-0.0909324326952401,-0.0909324326952401,60.5926561919141,-0.0017470208010763,0.0,0.0,0.0,-45.66399657248553,-3.4100623122138813,-0.1515540544919531,-0.0120719137353262,0.0,-357.3285305135938,0.0,-0.0059573409316726,-0.1064199408765489,-0.1064199408765489,708.8857675780519,-0.0020445713905701,-1000.0,1000.0,-1000.0,-65.68558385559311,-3.9908602342958375,-0.1773665681275815,-0.0141279883084735,1000.0,-159.56918413685617,-1000.0,-0.0069719884417054, Neutralism,Healthy
SRR13077860.bin.20.fbc2XSRR13077860.bin.41.fbc2 ,-0.1229963359743351,-0.1229963359743351,291.83607741656215,-0.0023630419975688,-0.6400455517991759,1000.0,-381.6850899631481,-294.1894862064676,-4.612492566347669,-0.2049938932905206,-0.0163286202033532,0.0212673779782335,-332.2321003000084,-1000.0,-0.0080579732117485,-0.1063940859160084,-0.1063940859160084,708.1639225834379,-0.0020440746574195,1000.0,-1000.0,-618.3149100368519,-65.40676761687723,-3.989890645958553,-0.1773234765267943,-0.0141245558824039,999.9787326220217,-159.45606756623442,1000.0,-0.0069702945816061, Neutralism,Healthy
SRR13077860.bin.20.fbc2XSRR13077860.bin.29.fbc2 ,-0.1117038572132287,-0.1117038572132287,0.0214608755452445,-0.0021460875544789,-0.5915772163574502,1000.0,-576.8262936916294,-2.3040099557181293,-4.189012680313226,-0.186173095355457,-0.0148294650017533,0.0193147879907655,-250.080191881206,-1000.0,-0.0073181585609063,-0.216959686199857,-0.216959686199857,999.9785391244548,-0.0041682936830511,-0.325460370768269,0.0,1000.0,84.77128315982009,-8.136217488647617,-0.3615994769997996,-0.0288029093494515,-3.8921800725108815,-500.3616411599366,0.0,-0.0142138814589998, Amensalism,Healthy
SRR13077860.bin.49.fbc2XSRR13077860.bin.28.fbc2 ,0.0,0.0,0.0,0.0,-1000.0,1000.0,0.0,0.0,0.0,0.0,0.0,0.0,0.0,-1000.0,0.0,-0.2552459123957078,-0.2552459123957078,1000.0,-0.004903859988417,999.6171066121065,-1000.0,303.662800910246,-1000.0,-9.571991427137393,-0.4254098539928463,-0.0338856725197729,-30.41050310040009,-0.425458892592701,1000.0,-0.016722162560427, Amensalism,Healthy
SRR13077860.bin.4.fbc2XSRR13077860.bin.36.fbc2 ,-0.2181811688399193,-0.2181811688399193,1000.0,-0.0041917611688404,-1000.0,999.3912305254444,1000.0,1000.0,-8.18202437836078,-0.3636352813998655,-0.0289650696769285,-34.59389232732133,-750.9143854767763,-999.3912305254444,-0.0142939055858732,-0.0916927253986159,-0.0916927253986159,-759.7150919324617,-0.0017616277693832,1000.0,-1000.0,-665.4053485238733,0.0,-3.4385740919764203,-0.1528212089976932,-0.0121728478867453,1000.0,-249.0856145232237,1000.0,-0.0060071506937902, Neutralism,Healthy
SRR13077860.bin.13.fbc2XSRR13077860.bin.2.fbc2 ,-0.0430920920990729,-0.0430920920990729,981.5113138027936,-0.0008278980230898,-1000.0,999.9353577223616,-1000.0,-662.4264053737729,-1.6159989881043657,-0.0718201534983791,-0.0057207753392276,634.0743393809094,-112.13216549481216,-999.9353577223612,-0.002823132258527,-0.0909324326952401,-0.0909324326952401,18.48868619720633,-0.0017470208010763,1000.0,-1000.0,0.0,-3.5600265777766253,-3.4100623122138813,-0.1515540544919531,-0.0120719137353262,-31.397629627036626,-286.1435349644662,1000.0,-0.0059573409316726, Neutralism,Healthy
SRR13077860.bin.13.fbc2XSRR13077860.bin.52.fbc2 ,0.0,0.0,0.0,0.0,-1000.0,1000.0,0.0,0.0,0.0,0.0,0.0,0.0,0.0,-1000.0,0.0,-0.147591740466737,-0.147591740466737,1000.0,-0.0028355761857028,0.0,-0.2214017885810335,-675.238904595255,1000.0,-5.534846224193984,-0.2459862341112284,-0.0195938314433306,1000.0,-1000.0,0.2214017885810335,-0.0096693147933137, Amensalism,Healthy
SRR13077860.bin.12.fbc2XSRR13077860.bin.20.fbc2 ,-0.1676079291870564,-0.1676079291870564,638.5777429950253,-0.0032201331256374,1000.0,-1000.0,-942.547394725696,-223.70983388121655,-6.285474451837445,-0.2793465486450941,-0.0222511198978736,-15.966225069968232,-317.87485190697,1000.0,-0.0109806539583132,-0.0881217949189476,-0.0881217949189476,361.42225700497465,-0.0016930219965161,-0.2458775845547052,1000.0,455.399823558613,-381.3486221097481,-3.3046604256684304,-0.1468696581981703,-0.0116987819959604,0.0152371979686449,-344.7223631892042,-1000.0,-0.005773205008154, Amensalism,Healthy
SRR13077860.bin.37.fbc2XSRR13077860.bin.25.fbc2 ,-0.1714379158831889,-0.1714379158831889,989.698837450854,-0.0032937159631956,-1000.0,999.7428266575952,1000.0,-16.139010596595654,-6.429102999998349,-0.2857298598053148,-0.0227595773055782,-3.296877930498681,-406.84982110324586,-999.7428266575954,-0.0112315714344504,-0.0665555367341994,-0.0665555367341994,8.275928452670769,-0.0012786846634753,1000.0,-1000.0,0.0,189.5356611891932,-2.495902955187262,-0.1109258945568854,-0.0088357110246306,810.265162237698,-365.0649464173893,1000.0,-0.0043603147024668, Neutralism,Healthy
SRR13077860.bin.10.fbc2XSRR13077860.bin.24.fbc2 ,-0.0411519028766633,-0.0411519028766633,501.3917802833414,-0.0007906225336,1000.0,-1000.0,554.9784715463209,-13.193829779347652,-1.5432398421132802,-0.0685865047944389,-0.0054632017075846,-2.3606802921078724,-500.2334589748498,1000.0,-0.0026960228397001,-0.0345811638956092,-0.0345811638956092,498.6082197166586,-0.0006643835522481,-1000.0,999.903511576704,139.27693692028197,-106.48778436403234,-1.2968301871809444,-0.0576352731593488,-0.0045908903462077,495.8751118785112,-499.76654102515016,-999.903511576704,-0.0022655479132254, Amensalism,Healthy
SRR13077860.bin.19.fbc2XSRR13077860.bin.49.fbc2 ,-0.0683794717967885,-0.0683794717967885,9.6413478761516,-0.0013137266435023,-1000.0,999.8974242236716,398.719925639864,-13.67216994432522,-2.564302447345426,-0.1139657863279808,-0.0090778511068947,7.249800482433216,-126.03721017529938,-999.8974242236716,-0.0044798078545227,-0.0813589490937829,-0.0813589490937829,479.7919621383112,-0.0015630922016498,0.0,-0.2270078804398281,319.765460682366,-986.3278300556748,-3.051046561088924,-0.135598248489714,-0.0108009671131412,945.3981513400596,-2.9312902520624675,0.2270078804398281,-0.0053301444074804, Neutralism,Healthy
SRR13077860.bin.4.fbc2XSRR13077860.bin.8.fbc2 ,-0.1538966831860762,-0.1538966831860762,502.2893807251664,-0.0029567086106681,0.0,24.476358272855578,220.94499848559732,1000.0,-5.771288238453508,-0.2564944719769073,-0.0204308564998427,14.176424833804733,-506.4895577653612,-24.47635827285569,-0.0100823763624475,-0.0870303183961596,-0.0870303183961596,497.7106192748336,-0.0016720522265813,1000.0,-1000.0,779.0550015144026,-517.2978750836992,-3.26372890272728,-0.1450505306602281,-0.0115538808860264,985.8235751661952,-0.0326384594637829,1000.0,-0.005701698092821, Amensalism,Healthy
SRR13077860.bin.4.fbc2XSRR13077860.bin.29.fbc2 ,-0.0971907931085525,-0.0971907931085525,71.56734203941596,-0.0018672582730232,1000.0,-994.3467000474344,763.8702450136705,535.1286283942588,-3.6447574407762886,-0.1619846551809587,-0.0129027546662428,-20.1631963365287,-499.64870850308967,994.3467000474344,-0.0063673507108887,-0.2107506041284068,-0.2107506041284068,928.432657960584,-0.0040490029612101,-1000.0,999.6838538487924,236.12975498632957,464.8713716057412,-7.903370349979696,-0.351251006880716,-0.0279786104616732,1000.0,-500.35129149691033,-999.6838538487924,-0.0138071000975514, Amensalism,Healthy
SRR13077860.bin.4.fbc2XSRR13077860.bin.41.fbc2 ,-0.1302204219457507,-0.1302204219457507,322.4511400064744,-0.002501833274664,-973.8299983421476,1000.0,354.2465238031625,1000.0,-4.883403423793652,-0.2170340365761376,-0.0172876679278033,5.165471977813127,-506.855973869194,-1000.0,-0.0085312514665929,-0.1047501822162075,-0.1047501822162075,677.5488599935256,-0.0020124914931329,1000.0,-1000.0,-1000.0,-64.3961623153034,-3.928242520138838,-0.1745836370270126,-0.0139063162173442,994.834528022187,-149.4890449682331,1000.0,-0.0068625959914925, Amensalism,Healthy
SRR13077860.bin.42.fbc2XSRR13077860.bin.25.fbc2 ,-0.0983850510859838,-0.0983850510859838,988.005242107165,-0.0018902027105696,-1000.0,999.8524129723572,142.6070133795115,-237.1063659247816,-3.689543376873189,-0.1639750851433064,-0.0130613007301008,209.91769295767767,-500.0,-999.8524129723576,-0.0064455912430503,-0.0665770709199478,-0.0665770709199478,11.994757892834969,-0.0012790983846571,1000.0,-1000.0,11.880282264818788,194.2837939954095,-2.4967105099073024,-0.1109617848665038,-0.0088385698377351,790.0823070423223,-356.0280630457015,1000.0,-0.0043617254915488, Amensalism,Healthy
SRR13077860.bin.12.fbc2XSRR13077860.bin.29.fbc2 ,-0.1587591389030649,-0.1587591389030649,209.8808143567394,-0.0030501275485903,1000.0,-1000.0,-1000.0,-50.47704882169512,-5.953635465880325,-0.2645985648384794,-0.0210763813606718,0.0,-286.46371294628216,1000.0,-0.0104009349406624,-0.1924761008421001,-0.1924761008421001,790.1191856432606,-0.0036979077971182,-1000.0,999.7112673591978,1000.0,1000.0,-7.218057166507037,-0.3207935014035001,-0.0255525428783585,1000.0,-500.3208304804815,-999.711267359198,-0.0126098655882742, Amensalism,Healthy
SRR13077860.bin.44.fbc2XSRR13077860.bin.52.fbc2 ,0.0,0.0,0.0,0.0,-1000.0,1000.0,0.0,0.0,0.0,0.0,0.0,0.0,0.0,-1000.0,0.0,-0.1475917404667667,-0.1475917404667667,1000.0,-0.0028355761857207,0.0,-0.2214017885810786,721.7131419352097,603.047953469531,-5.5348462241939655,-0.2459862341112778,-0.0195938314433306,1000.0,-1000.0,0.2214017885810786,-0.0096693147933078, Amensalism,Healthy
SRR13077860.bin.39.fbc2XSRR13077860.bin.37.fbc2 ,-0.0854717022493787,-0.0854717022493787,10.770025642173664,-0.0016421076320511,-1000.0,999.8717842360876,0.0,944.8931398398796,-3.2052791502727587,-0.1424528370823736,-0.011346963737651,946.3784261930888,-454.33017852682633,-999.8717842360876,-0.0055995870253582,-0.1714003034362576,-0.1714003034362576,989.2299743578264,-0.003292993341688,999.742883079879,-1000.0,1000.0,-16.113439669347144,-6.4276924934931685,-0.2856671723938007,-0.0227545839912863,-3.3002049971330507,-406.8505182484869,1000.0,-0.0112291072952075, Neutralism,Healthy
SRR13077860.bin.19.fbc2XSRR13077860.bin.28.fbc2 ,-0.0682542106487744,-0.0682542106487744,4.886433677856985,-0.0013113200892576,-1000.0,999.8976121274264,401.2319540436874,-13.647124537306468,-2.559605021934772,-0.1137570177479574,-0.0090612218172054,10.394688356354663,-126.8248522694837,-999.8976121274264,-0.0044716015045196,-0.2540847881442687,-0.2540847881442687,995.113566322143,-0.0048815521257665,999.618848410023,-1000.0,187.84691340947347,-986.3528754626936,-9.528448040778583,-0.4234746469071524,-0.0337315251888412,32.34184615973368,-16.077026117207424,1000.0,-0.016646092748715, Neutralism,Healthy
SRR13077860.bin.42.fbc2XSRR13077860.bin.19.fbc2 ,-0.1264581431513534,-0.1264581431513534,990.3765614637252,-0.0024295512613434,-1000.0,999.8103006375168,-197.3418284336424,-452.4641002905064,-4.742313993494577,-0.2107635719188465,-0.0167881992156253,992.7636664251554,-508.3312471167061,-999.8103006375168,-0.0082847698010937,-0.0682524531250692,-0.0682524531250692,9.623438536274762,-0.0013112863232436,999.8976147638808,-1000.0,404.480725853527,-13.646773128285872,-2.559539112937614,-0.113754088541782,-0.0090609884936156,7.23633357484448,-126.03528349971498,1000.0,-0.004471486362263, Neutralism,Healthy
SRR13077860.bin.20.fbc2XSRR13077860.bin.7.fbc2 ,-0.1256973100536242,-0.1256973100536242,989.7438731811758,-0.0024149339106998,-851.3237656908178,1000.0,-890.1453786775674,-958.2270930232344,-4.713781948377232,-0.2094955167560783,-0.0166871933231504,386.8706441611319,-287.83699329867136,-1000.0,-0.0082349246356443,-0.0877346947330579,-0.0877346947330579,10.256126818824328,-0.0016855849132753,999.7552025030532,-1000.0,95.05885615836904,-41.772906976765626,-3.2901437596603955,-0.1462244912218011,-0.0116473917503299,613.1293558388682,-285.86040666243434,1000.0,-0.0057478445540937, Neutralism,Healthy
SRR13077860.bin.15.fbc2XSRR13077860.bin.7.fbc2 ,-0.1215096620444455,-0.1215096620444455,989.743873181176,-0.0023344795781667,-1000.0,999.8177238345356,904.9411438416308,-79.09965015685532,-4.55674072304214,-0.2025161034073335,-0.0161312538851916,653.7625174818872,-218.68714313463136,-999.8177238345356,-0.0079605753616078,-0.0877346947330579,-0.0877346947330579,10.256126818823986,-0.0016855849132753,999.7552025030532,-1000.0,95.05885615836928,639.4991187450446,-3.2901437596603955,-0.1462244912218011,-0.0116473917503299,15.278394491157542,-327.5709388494838,1000.0,-0.0057478445540937, Neutralism,Healthy
SRR13077860.bin.39.fbc2XSRR13077860.bin.10.fbc2 ,-0.0875348380877767,-0.0875348380877767,496.01286812497256,-0.0016817452082023,-1000.0,999.8686893341423,263.5743697565531,325.5543664926204,-3.2826489242771686,-0.1458913968128854,-0.0116208593888131,968.5988056697732,-497.5074012099956,-999.8686893341423,-0.0057347511600482,-0.0411820635252979,-0.0411820635252979,503.9871318750274,-0.0007912019889317,1000.0,-1000.0,46.478986776922056,-2.79816099814002,-1.544370898307534,-0.0686367725421632,-0.0054672057436846,3.0672052784755124,-502.4925987900044,1000.0,-0.0026979987823096, Neutralism,Healthy
SRR13077860.bin.37.fbc2XSRR13077860.bin.29.fbc2 ,-0.1352740583231479,-0.1352740583231479,552.3365466632417,-0.0025989252319504,999.7970759178892,-1000.0,993.1106863460892,-12.706795190323303,-5.07292012800508,-0.2254567638718754,-0.0179585733527574,-2.607215803442614,-405.4095733930262,1000.0,-0.0088623350409307,-0.147229543868093,-0.147229543868093,447.6634533367583,-0.0028286175574976,-1000.0,999.77914154111,6.889313653910904,1000.0,-5.521263469020937,-0.2453825731136021,-0.0195457473223541,1000.0,-500.2454108592892,-999.77914154111,-0.0096455858711124, Competition,Healthy
SRR13077860.bin.42.fbc2XSRR13077860.bin.49.fbc2 ,-0.1241744605582653,-0.1241744605582653,27.122569059957183,-0.0023856764756828,-1000.0,999.8137263807804,-46.02872003293487,384.4121536555617,-4.656673483141503,-0.2069574342638134,-0.0164850244468652,1000.0,-508.18079477299136,-999.8137263807802,-0.008135156782032,-0.0824867215692393,-0.0824867215692393,972.8774309400428,-0.0015847593000444,0.0,-0.2301545931508144,597.1406897128415,-1000.0,-3.0933392206085277,-0.1374778692820655,-0.0109506867636355,0.0,-488.3487545402415,0.2301545931508144,-0.0054040292133095, Neutralism,Healthy
SRR13077860.bin.42.fbc2XSRR13077860.bin.28.fbc2 ,-0.123738177989594,-0.123738177989594,4.908626089018753,-0.0023772944858819,-1000.0,999.8143808465434,-38.26252302904595,401.0222581530004,-4.640312425805632,-0.2062302966493234,-0.0164271048973887,1000.0,-507.03749924435226,-999.8143808465431,-0.0081065741968586,-0.2552387491842864,-0.2552387491842864,995.0913739109812,-0.0049037223666346,999.6171173576116,-1000.0,168.46141131161403,-1000.0,-9.571722799139366,-0.4253979153070304,-0.0338847215535906,0.0,-0.4254469525307058,1000.0,-0.0167216932702558, Neutralism,Healthy
SRR13077860.bin.18.fbc2XSRR13077860.bin.15.fbc2 ,-0.0193246254279984,-0.0193246254279984,213.58318378241304,-0.000371270421283,1000.0,-1000.0,-401.7986465060397,-425.7019433659168,-0.7246938734234618,-0.0322077090467018,-0.0025654786111317,420.7554549464626,-0.0394586203743756,1000.0,-0.0012660321366411,-0.1114085117502554,-0.1114085117502554,786.416816217587,-0.0021404132901352,-1000.0,999.832876530308,342.71834919332105,9.580017586128292,-4.177936913363851,-0.1856808529170166,-0.0147902558346686,579.2445450535374,-571.0348496960073,-999.8328765303082,-0.0072988093193089, Amensalism,Healthy
SRR13077860.bin.10.fbc2XSRR13077860.bin.20.fbc2 ,-0.0411820635252979,-0.0411820635252979,503.9871318750274,-0.0007912019889317,1000.0,-1000.0,554.794126057885,-13.657392472553852,-1.544370898307534,-0.0686367725421632,-0.0054672057436846,-2.4762209088330565,-501.5023432376565,1000.0,-0.0026979987823096,-0.1256973100536242,-0.1256973100536242,496.01286812497256,-0.0024149339106998,-0.4656271167121986,1000.0,-62.85556757509119,-115.7246785046906,-4.713781948377232,-0.2094955167560783,-0.0166871933231504,60.23821346176396,-383.36907843923245,-1000.0,-0.0082349246356443, Neutralism,Healthy
SRR13077860.bin.21.fbc2XSRR13077860.bin.8.fbc2 ,-0.0781290905068772,-0.0781290905068772,25.091864364065717,-0.0015010392028216,-1000.0,1000.0,1000.0,-135.5105649465611,-2.929923451165564,-0.1302151508448332,-0.0103721808915224,18.224720087360424,-345.8044992651809,-1000.0,-0.0051185436816467,-0.0872978481511381,-0.0872978481511381,509.5222909477311,-0.0016771920874134,1000.0,-1000.0,0.0,-513.6659187872577,-3.273761551231246,-0.1454964135851923,-0.0115893973242009,981.7752799126396,-0.0327387895467836,1000.0,-0.0057192250181969, Neutralism,Healthy
SRR13077860.bin.21.fbc2XSRR13077860.bin.28.fbc2 ,-0.0772407706873536,-0.0772407706873536,4.730569044053027,-0.0014839725396313,1000.0,-1000.0,1000.0,-108.90408043404204,-2.896610519263959,-0.1287346178121424,-0.0102542502487494,99.58450438791397,-342.34714408925754,1000.0,-0.0050603463600964,-0.2459801386042954,-0.2459801386042954,995.269430955947,-0.0047258432008447,-1000.0,999.6310061628774,0.0,-891.095919565958,-9.224515119039095,-0.4099668976739394,-0.0326555765178682,44.717546391946144,-500.4111956169062,-999.6310061628776,-0.0161151253148545, Amensalism,Healthy
SRR13077860.bin.18.fbc2XSRR13077860.bin.13.fbc2 ,-0.0454149128688641,-0.0454149128688641,501.5666152674944,-0.000872524742931,-1000.0,999.9318732680728,-944.3033631719236,-1000.0,-1.7031072214449523,-0.0756915214482205,-0.0060291459735708,992.2367750850304,-1.7833133313337155,-999.9318732680728,-0.0029753093733688,-0.021883127599267,-0.021883127599267,498.4333847325056,-0.0004204251220016,999.9671732064752,-1000.0,0.0,1000.0,-0.8206404083559846,-0.0364718793322254,-0.0029051375929611,-80.3353149947327,-248.97085540266312,1000.0,-0.0014336496659552, Amensalism,Healthy
SRR13077860.bin.46.fbc2XSRR13077860.bin.2.fbc2 ,-0.08475722165781,-0.08475722165781,22.65902568902402,-0.0016283808195112,-1000.0,999.872856025609,-215.02035975517924,-30.76047266533385,-3.178485373112608,-0.1412620360963501,-0.0112521114631363,-11.920573632316746,-333.9402756452537,-999.8728560256092,-0.0055527785947333,-0.0909324326952401,-0.0909324326952401,58.13801043878766,-0.0017470208010763,1000.0,-1000.0,98.609065048184,-43.20935081935852,-3.4100623122138813,-0.1515540544919531,-0.0120719137353262,0.0,-500.1640227915236,1000.0,-0.0059573409316726, Neutralism,Healthy
SRR13077860.bin.52.fbc2XSRR13077860.bin.7.fbc2 ,-0.1383748607000825,-0.1383748607000825,989.7438731811758,-0.0026584987646174,-1000.0,999.792424416456,491.8697570096842,779.0337009475388,-5.189203493684431,-0.230624767833433,-0.0183702264637304,841.8889765661352,-738.8628420541007,-999.792424416456,-0.0090654807875125,-0.0877346947330579,-0.0877346947330579,10.256126818824214,-0.0016855849132753,999.7552025030532,-1000.0,380.7241140437832,220.9662990524612,-3.2901437596603955,-0.1462244912218011,-0.0116473917503299,158.11102343386483,-261.1371579458993,1000.0,-0.0057478445540937, Neutralism,Healthy
SRR13077860.bin.25.fbc2XSRR13077860.bin.24.fbc2 ,-0.0216900334671663,-0.0216900334671663,3.907752271637605,-0.0004167153404068,1000.0,-1000.0,3.870457446729233,63.29539488091268,-0.8133991743626439,-0.0361500557786484,-0.0028795030020773,257.39960386941993,-115.98979192107332,1000.0,-0.001420999310767,-0.0586538832812948,-0.0586538832812948,764.3770423927749,-0.0011268757594962,-1000.0,999.8363438334496,740.9495170927942,-99.2928272748743,-2.1995826012148427,-0.0977564721354156,-0.0077867114980563,742.6003961305801,-876.6775530026655,-999.8363438334496,-0.0038426463398764, Competition,Healthy
SRR13077860.bin.18.fbc2XSRR13077860.bin.37.fbc2 ,-0.0405504237346576,-0.0405504237346576,447.6590117188962,-0.0007790667384597,-907.2005992673776,1000.0,-799.1600712513014,-987.300946647218,-1.5206837387215728,-0.0675840395578006,-0.0053833511624361,885.9502938519136,-23.282649396114834,-1000.0,-0.0026566175779407,-0.1352746435430845,-0.1352746435430845,552.3409882811038,-0.0025989364753513,999.7970750400032,-1000.0,993.1140000492404,-12.69905335278213,-5.0729420743705305,-0.2254577392384362,-0.0179586510448643,-2.6072270827272632,-405.4105110645387,1000.0,-0.0088623733810209, Competition,Healthy
SRR13077860.bin.46.fbc2XSRR13077860.bin.21.fbc2 ,-0.08475722165781,-0.08475722165781,22.659025689023903,-0.0016283808195112,-1000.0,999.872856025609,-215.02035975517924,-30.7604726653334,-3.178485373112608,-0.1412620360963501,-0.0112521114631363,-11.920573632316746,-333.9402756452537,-999.8728560256092,-0.0055527785947333,-0.0862418438908889,-0.0862418438908889,790.7081554211932,-0.0016569038211855,1000.0,-1000.0,1000.0,-808.8138034749385,-3.234160275620411,-0.1437364064848907,-0.0114492054041193,938.6236484058118,-511.3492772836574,1000.0,-0.0056500420300835, Neutralism,Healthy
SRR13077860.bin.37.fbc2XSRR13077860.bin.24.fbc2 ,-0.1400982254093605,-0.1400982254093605,607.6938884651374,-0.0026916085573702,-1000.0,999.7898392038431,1000.0,-13.151872313292984,-5.2538314913233535,-0.2334970423489721,-0.0185990151311443,-2.700194788635031,-405.6034374132988,-999.7898392038431,-0.0091783851805757,-0.0341168853334465,-0.0341168853334465,392.30611153486257,-0.000655463695125,0.0,-0.0951929924490286,0.0,4.319606879833486,-1.279419250506976,-0.0568614755557064,-0.0045292541335584,384.7247979198489,-594.3965625867012,0.0951929924490286,-0.0022351312005639, Competition,Healthy
SRR13077860.bin.42.fbc2XSRR13077860.bin.20.fbc2 ,-0.1265256685901477,-0.1265256685901477,598.125335300274,-0.0024308485800474,-1000.0,999.8101993428718,-188.88399839892327,-70.09077194607073,-4.744846268804508,-0.2108761143169886,-0.016797163688011,999.9782655948034,-508.3356957912146,-999.8101993428718,-0.0082891936579017,-0.1256973100536242,-0.1256973100536242,401.87466469972605,-0.0024149339106998,999.2962470088672,0.1898006571282167,-237.14841533524827,-404.59488845633234,-4.713781948377232,-0.2094955167560783,-0.0166871933231504,0.0217344051966392,-360.02416570816126,-0.1898006571282167,-0.0082349246356443, Neutralism,Healthy
SRR13077860.bin.12.fbc2XSRR13077860.bin.42.fbc2 ,-0.1700165393949646,-0.1700165393949646,925.209138762256,-0.0032664080575841,-1000.0,1000.0,233.8270280716606,-331.99663835481783,-6.375799879753231,-0.2833608989915319,-0.0225708796775734,-24.78752951360491,-341.68634467640675,-1000.0,-0.0111384514761994,-0.1250090150175538,-0.1250090150175538,74.79086123774391,-0.0024017101828803,999.8124744689228,-1000.0,-73.18861497104626,347.257788717656,-4.687970157217364,-0.2083483583625138,-0.016595817363509,1000.0,-508.23577643932833,1000.0,-0.0081898317234845, Neutralism,Healthy
SRR13077860.bin.21.fbc2XSRR13077860.bin.25.fbc2 ,-0.0820579502330929,-0.0820579502330929,217.13016374986591,-0.0015765216182899,-1000.0,1000.0,979.2588486227228,-282.8146927482302,-3.077259842430294,-0.1367632503885261,-0.0108937643825584,209.91769295767767,-302.8721382112599,-1000.0,-0.00537593871843,-0.0665770709199478,-0.0665770709199478,11.994757892834969,-0.0012790983846571,1000.0,-1000.0,11.880282264818788,194.28379399540995,-2.4967105099073024,-0.1109617848665038,-0.0088385698377351,790.0823070423223,-356.02806304570163,1000.0,-0.0043617254915488, Neutralism,Healthy
SRR13077860.bin.39.fbc2XSRR13077860.bin.29.fbc2 ,-0.0872102974032031,-0.0872102974032031,10.98910065642292,-0.0016755100365344,999.869176176345,-1000.0,98.63326300603262,888.6954420969123,-3.270478305671986,-0.1453504956720053,-0.011577774352645,-6.944947213808973,-449.7615494918782,1000.0,-0.0057134892247177,-0.2160078637549531,-0.2160078637549531,989.010899343577,-0.0041500069885387,-1000.0,999.6759674543324,-284.25450810240955,111.3045579030877,-8.100523141197073,-0.3600131062582932,-0.0286765482910595,681.6431951356203,-500.3600546063282,-999.6759674543324,-0.0141515238310603, Neutralism,Healthy
SRR13077860.bin.18.fbc2XSRR13077860.bin.10.fbc2 ,-0.0453809771502164,-0.0453809771502164,501.05697535901527,-0.0008718727598306,-1000.0,999.9319241749108,-944.4696827303233,-1000.0,-1.7018345961353134,-0.0756349619169896,-0.0060246407705335,990.0288967905612,-0.2655630296923164,-999.9319241749108,-0.0029730861110692,-0.0411519028766633,-0.0411519028766633,498.94302464098473,-0.0007906225336,1000.0,-1000.0,551.1770302048167,0.8635574623822322,-1.5432398421132802,-0.0685865047944389,-0.0054632017075846,-2.790802669091136,-504.0662566824998,1000.0,-0.0026960228397001, Neutralism,Healthy
SRR13077860.bin.12.fbc2XSRR13077860.bin.24.fbc2 ,-0.1650497870066374,-0.1650497870066374,263.6072799952583,-0.0031709853411712,1000.0,-1000.0,-150.92440877645265,-81.28778113725434,-6.189541416942916,-0.2750829783443578,-0.0219115087072623,-38.71684313949606,-286.49340813755293,1000.0,-0.0108130600133335,-0.0497544795034627,-0.0497544795034627,736.3927200047417,-0.0009558977810684,-1000.0,999.8611749652588,94.25812235638205,-157.97221108193412,-1.865845555759165,-0.0829241325058092,-0.0066052536670895,725.3364846778259,-713.5065918624471,-999.8611749652586,-0.00325961143335, Amensalism,Healthy
SRR13077860.bin.19.fbc2XSRR13077860.bin.2.fbc2 ,-0.0683794717967885,-0.0683794717967885,9.6413478761516,-0.0013137266435023,-1000.0,999.8974242236716,400.93535483974847,-13.672169944325333,-2.564302447345426,-0.1139657863279808,-0.0090778511068947,7.249800482433216,-126.03721017529938,-999.8974242236716,-0.0044798078545227,-0.0909324326952401,-0.0909324326952401,990.3586521238484,-0.0017470208010763,1000.0,-1000.0,599.0646451602515,-975.4177633588116,-3.4100623122138813,-0.1515540544919531,-0.0120719137353262,320.7602129817324,-357.3285305135938,1000.0,-0.0059573409316726, Neutralism,Healthy
SRR13077860.bin.15.fbc2XSRR13077860.bin.29.fbc2 ,-0.074648705873642,-0.074648705873642,71.56734203941505,-0.00143417302354,-1000.0,999.8880197703244,685.5317965833301,498.5909330079403,-2.799405349777089,-0.1244145097894033,-0.0099101355924631,343.0554662541192,-499.64870850308967,-999.8880197703244,-0.0048905300101296,-0.2107506041284068,-0.2107506041284068,928.432657960585,-0.0040490029612101,0.0,-0.3161461512074766,314.4682034166699,501.4090669920597,-7.903370349979809,-0.351251006880716,-0.0279786104616732,656.9445337458808,-500.35129149691033,0.3161461512074766,-0.0138071000975514, Amensalism,Healthy
SRR13077860.bin.44.fbc2XSRR13077860.bin.15.fbc2 ,-0.0601119069873448,-0.0601119069873448,704.6844879151226,-0.0011548877423592,0.0,-0.090173634919779,68.61476542370838,-20.237136404795592,-2.2542600308514693,-0.1001865116455746,-0.0079802742993706,700.9059069516961,-690.2228180719796,0.090173634919779,-0.0039381672013405,-0.0837465598317521,-0.0837465598317521,295.3155120848773,-0.0016089636854985,-1000.0,999.8743721154336,931.3852345762916,674.9863856837019,-3.140584486694252,-0.1395775997195869,-0.0111179390670486,299.0940930483039,-309.77718192802035,-999.874372115434,-0.0054865661676331, Competition,Healthy
SRR13077860.bin.18.fbc2XSRR13077860.bin.28.fbc2 ,0.0,0.0,0.0,0.0,-1000.0,1000.0,0.0,0.0,0.0,0.0,0.0,0.0,0.0,-1000.0,0.0,-0.2552459123957078,-0.2552459123957078,995.122915087147,-0.004903859988417,999.6171066121065,-1000.0,-117.57333581334684,-1000.0,-9.571991427137393,-0.4254098539928463,-0.0338856725197729,145.65678221140024,-500.4254588925927,1000.0,-0.016722162560427, Amensalism,Healthy
SRR13077860.bin.52.fbc2XSRR13077860.bin.28.fbc2 ,-0.0544730017306847,-0.0544730017306847,28.7003671139164,-0.0010465514261568,-1000.0,999.9182852646468,-661.2497301999646,1000.0,-2.0427951252301,-0.0907883362178836,-0.0072316703545993,22.16762043095048,-235.79791023249695,-999.9182852646468,-0.0035687403631072,-0.2532183583066398,-0.2532183583066398,971.2996328860836,-0.0048649060192929,999.62014813801,-1000.0,437.78299099134256,-1000.0,-9.495956006330516,-0.4220305971778089,-0.0336165005936663,6.155661485097539,-0.4220792462378995,1000.0,-0.0165893295259138, Amensalism,Healthy
SRR13077860.bin.12.fbc2XSRR13077860.bin.8.fbc2 ,-0.1667858405163542,-0.1667858405163542,493.19777973629766,-0.0032043389147702,-1000.0,1000.0,-31.50343923207845,-168.9192870912142,-6.25464525800362,-0.2779764008605525,-0.0221419819014272,-15.887913424402882,-305.78526802874103,-1000.0,-0.0109267956995608,-0.08796018183682,-0.08796018183682,506.8022202637024,-0.0016899170382203,0.0,0.0,634.6379718190283,-523.3627988676374,-3.298599764315668,-0.146600303061291,-0.0116773267337748,995.579684003258,-0.0329871805851098,0.0,-0.0057626171001174, Neutralism,Healthy
SRR13077860.bin.21.fbc2XSRR13077860.bin.7.fbc2 ,-0.0862418438908889,-0.0862418438908889,704.296085537278,-0.0016569038211855,1000.0,-1000.0,904.9467231276932,-722.4017335910238,-3.234160275620411,-0.1437364064848907,-0.0114492054041193,834.9291645451142,-455.1814318591128,1000.0,-0.0056500420300835,-0.0877346947330579,-0.0877346947330579,10.261706104887026,-0.0016855849132753,-1000.0,999.7552025030532,95.05327687230692,631.5972723811328,-3.2901437596603955,-0.1462244912218011,-0.0116473917503299,165.0708354548858,-398.5162361493931,-999.7552025030532,-0.0057478445540937, Neutralism,Healthy
SRR13077860.bin.21.fbc2XSRR13077860.bin.36.fbc2 ,-0.0862418438908889,-0.0862418438908889,613.8519046087977,-0.0016569038211855,-1000.0,1000.0,1000.0,-817.3778865459503,-3.234160275620411,-0.1437364064848907,-0.0114492054041193,679.9935081647391,-357.3692893130624,-1000.0,-0.0056500420300835,-0.0916927253986159,-0.0916927253986159,386.14809539120233,-0.0017616277693832,1000.0,-1000.0,0.0,-182.62211345404967,-3.4385740919764203,-0.1528212089976932,-0.0121728478867453,320.00649183526093,-388.3882483563808,1000.0,-0.0060071506937902, Neutralism,Healthy
SRR13077860.bin.15.fbc2XSRR13077860.bin.10.fbc2 ,-0.097583477993453,-0.097583477993453,501.05697535901527,-0.001874802651173,-1000.0,999.8536154089966,267.8310292857477,403.4375378068021,-3.6594835388997353,-0.1626391299890883,-0.0129548863195623,490.650961767954,-496.4543346544531,-999.8536154089966,-0.0063930770404567,-0.0411519028766633,-0.0411519028766633,498.94302464098473,-0.0007906225336,1000.0,-1000.0,303.6090384853537,0.8635574623823459,-1.5432398421132802,-0.0685865047944389,-0.0054632017075846,-0.7084373212798027,-503.5456653455469,1000.0,-0.0026960228397001, Amensalism,Healthy
SRR13077860.bin.37.fbc2XSRR13077860.bin.52.fbc2 ,-0.1371872116211534,-0.1371872116211534,574.28861824922,-0.0026356812991252,-1000.0,999.794206004162,995.8443245377003,-12.878597748011089,-5.144665398265602,-0.2286453527019603,-0.018212557777133,-2.6440891225024643,-405.4870070764841,-999.7942060041618,-0.0089876732300808,-0.097312055513612,-0.097312055513612,425.71138175078,-0.0018695880021368,0.0,-0.14597743121044,4.155675462299541,324.8323377928207,-3.6493049091013754,-0.1621867591893533,-0.0129188530951296,414.0411049591321,-594.5129929235159,0.14597743121044,-0.0063752950874231, Competition,Healthy
SRR13077860.bin.39.fbc2XSRR13077860.bin.36.fbc2 ,-0.0875348380877767,-0.0875348380877767,654.6117039766559,-0.0016817452082023,-1000.0,999.8686893341423,315.76498481311,-214.04406244910035,-3.2826489242771686,-0.1458913968128854,-0.0116208593888131,642.4275272732184,-589.6846246902917,-999.8686893341423,-0.0057347511600482,-0.0916927253986159,-0.0916927253986159,-403.9016520418206,-0.0017616277693832,1000.0,-1000.0,-1000.0,-785.9559375508996,-3.4385740919764203,-0.1528212089976932,-0.0121728478867453,357.5724727267816,-410.3153753097083,1000.0,-0.0060071506937902, Neutralism,Healthy
SRR13077860.bin.24.fbc2XSRR13077860.bin.28.fbc2 ,-0.0024959262806305,-0.0024959262806305,28.7003671139164,-4.795247411948367e-05,-1000.0,999.993035862176,702.9626183053952,0.3160142031800887,-0.0935998729116818,-0.0041598771344979,-0.0003313515965146,28.150907678940484,-488.7036666391929,-999.993035862176,-0.0001635179369259,-0.2532183583066398,-0.2532183583066398,971.2996328860836,-0.0048649060192929,999.62014813801,-1000.0,297.03738169460485,-1000.0,-9.495956006330516,-0.4220305971778089,-0.0336165005936663,-34.75668861739291,-0.4220792462378995,1000.0,-0.0165893295259138, Amensalism,Healthy
SRR13077860.bin.4.fbc2XSRR13077860.bin.49.fbc2 ,-0.1554315041025802,-0.1554315041025802,513.9474499879602,-0.0029861960442758,-968.7634039325858,1000.0,401.2732306673252,946.3224690189676,-5.828845644627677,-0.25905250683752,-0.0206346146657097,41.49532179926223,-608.9509118589824,-1000.0,-0.0101829285108578,-0.082483319679909,-0.082483319679909,486.0525500120398,-0.0015846939419361,-0.2301451011934432,0.0,598.7267693326748,-1000.0,-3.0932116461646046,-0.1374721994665151,-0.0109502351390347,958.5046782007378,-2.9305586599599565,0.0,-0.0054038063420875, Amensalism,Healthy
SRR13077860.bin.2.fbc2XSRR13077860.bin.3.fbc2 ,-0.0909324326952401,-0.0909324326952401,41.59926286228642,-0.0017470208010763,-1000.0,1000.0,0.0,-26.670603242856373,-3.4100623122138813,-0.1515540544919531,-0.0120719137353262,0.0,-357.3285305135938,-1000.0,-0.0059573409316726,-0.1550262919230363,-0.1550262919230363,3.776297507516574,-0.0029784109879074,0.0,0.0,-1000.0,839.4397939866212,-5.813649759716668,-0.2583771532049468,-0.0205808199267494,530.885513025502,-500.3165455197997,0.0,-0.0101563814689598, Neutralism,Healthy
SRR13077860.bin.19.fbc2XSRR13077860.bin.10.fbc2 ,-0.0683794717967885,-0.0683794717967885,9.6413478761516,-0.0013137266435023,-1000.0,999.8974242236716,400.9353548397482,-13.672169944325333,-2.564302447345426,-0.1139657863279808,-0.0090778511068947,7.249800482433216,-126.03721017529938,-999.8974242236716,-0.0044798078545227,-0.0411820635252979,-0.0411820635252979,503.9871318750274,-0.0007912019889317,1000.0,-1000.0,599.0646451602518,-2.79816099814002,-1.544370898307534,-0.0686367725421632,-0.0054672057436846,3.0672052784755124,-602.7879144041779,1000.0,-0.0026979987823096, Neutralism,Healthy
SRR13077860.bin.52.fbc2XSRR13077860.bin.36.fbc2 ,-0.1408855448772783,-0.1408855448772783,1000.0,-0.0027067347718912,-1000.0,999.7886581490102,-555.881819088863,796.2687248775087,-5.283356803311335,-0.2348092414621305,-0.0187035372738364,909.0279530404002,-769.1189859227768,-999.7886581490102,-0.0092299655722172,-0.0916927253986159,-0.0916927253986159,0.0,-0.0017616277693832,1000.0,-1000.0,293.77781350495115,203.7312751224913,-3.4385740919764203,-0.1528212089976932,-0.0121728478867453,90.97204695959977,-230.8810140772232,1000.0,-0.0060071506937902, Neutralism,Healthy
SRR13077860.bin.15.fbc2XSRR13077860.bin.36.fbc2 ,-0.1220118035566883,-0.1220118035566883,1000.0,-0.0023441268695023,-1000.0,999.8169705740306,500.8833705679999,-457.5836829291238,-4.5755715603546605,-0.2033530059278518,-0.0161979166681476,657.1857580239869,-611.1530775318008,-999.8169705740306,-0.0079934726248893,-0.0916927253986159,-0.0916927253986159,0.0,-0.0017616277693832,1000.0,-1000.0,499.1166294320001,459.07296895635136,-3.4385740919764203,-0.1528212089976932,-0.0121728478867453,342.81424197601314,-231.1131729955066,1000.0,-0.0060071506937902, Neutralism,Healthy
SRR13077860.bin.46.fbc2XSRR13077860.bin.49.fbc2 ,-0.0844037022756083,-0.0844037022756083,22.818189511882792,-0.0016215889005479,0.0,-0.126613661357851,-215.76684044532624,-25.044326862309163,-3.165228022723227,-0.140672837125976,-0.0112051793030332,-14.405345431598109,-333.937744110277,0.126613661357851,-0.0055296181510584,-0.0804208971525213,-0.0804208971525213,973.9193406926352,-0.0015450700701649,-1000.0,999.7756094737088,1000.0,-974.9556731376908,-3.0158686220715936,-0.1340348285874597,-0.0106764341849157,934.4979051953223,-502.8974930786453,-999.7756094737088,-0.0052686889392816, Neutralism,Healthy
SRR13077860.bin.46.fbc2XSRR13077860.bin.20.fbc2 ,-0.08475722165781,-0.08475722165781,22.659025689024133,-0.0016283808195112,-1000.0,999.872856025609,-215.02035975517916,-30.760472665333737,-3.178485373112608,-0.1412620360963501,-0.0112521114631363,-11.920573632316746,-333.9402756452537,-999.8728560256092,-0.0055527785947333,-0.1256973100536242,-0.1256973100536242,977.340974310976,-0.0024149339106998,179.13497256570008,0.1271439743908331,-784.9796402448209,-969.2395273346664,-4.713781948377232,-0.2094955167560783,-0.0166871933231504,313.1316270282184,-292.0616555634124,-0.1271439743908331,-0.0082349246356443, Neutralism,Healthy
SRR13077860.bin.4.fbc2XSRR13077860.bin.42.fbc2 ,-0.2181811688399193,-0.2181811688399193,1000.0,-0.0041917611688404,-1000.0,999.3912305254444,969.2735982054646,601.8675261950648,-8.18202437836078,-0.3636352813998655,-0.0289650696769285,0.0,-497.0808365631901,-999.3912305254444,-0.0142939055858732,-0.1235185026692988,-0.1235185026692988,0.0,-0.0023730740185783,999.814710380626,-1000.0,-42.4964506877426,398.1324738049352,-4.632074369169118,-0.2058641711154223,-0.0163979414686537,1000.0,-502.1250937163612,1000.0,-0.0080921824035158, Neutralism,Healthy
SRR13077860.bin.46.fbc2XSRR13077860.bin.36.fbc2 ,-0.08475722165781,-0.08475722165781,22.65902568902402,-0.0016283808195112,-1000.0,999.872856025609,0.0,-30.760472665333623,-3.178485373112608,-0.1412620360963501,-0.0112521114631363,-11.920573632316746,-333.9402756452537,-999.8728560256092,-0.0055527785947333,-0.0916927253986159,-0.0916927253986159,-359.55343324651847,-0.0017616277693832,1000.0,-1000.0,-1000.0,-969.2395273346664,-3.4385740919764203,-0.1528212089976932,-0.0121728478867453,1000.0,-249.1491539202558,1000.0,-0.0060071506937902, Neutralism,Healthy
SRR13077860.bin.13.fbc2XSRR13077860.bin.36.fbc2 ,-0.0439038159754545,-0.0439038159754545,1000.0,-0.0008434931023657,-1000.0,999.9341400585712,295.4465017892992,1000.0,-1.6464394911998852,-0.0731730266257955,-0.0058285373370381,0.0,-621.0096936284929,-999.9341400585712,-0.0028763114788716,-0.0916927253986159,-0.0916927253986159,0.0,-0.0017616277693832,1000.0,-1000.0,13.37914502077183,-1000.0,-3.4385740919764203,-0.1528212089976932,-0.0121728478867453,1000.0,-246.07545541901072,1000.0,-0.0060071506937902, Neutralism,Healthy
SRR13077860.bin.4.fbc2XSRR13077860.bin.2.fbc2 ,-0.217298708941712,-0.217298708941712,989.8884502400526,-0.0041748070882476,-970.7506335708111,1000.0,1000.0,-32.332649330158006,-8.148931199705203,-0.3621645149029291,-0.0288479169795436,501.7258443762346,-612.4859145139956,-1000.0,-0.0142360921707904,-0.0901845074549783,-0.0901845074549783,10.111549759947366,-0.0017326514400792,1000.0,-1000.0,-778.1109403271795,3.4081696614634893,-3.3820143253916517,-0.1503075124250017,-0.0119726214508091,-28.982809551906712,-285.89843190933505,1000.0,-0.0059083414106453, Neutralism,Healthy
SRR13077860.bin.8.fbc2XSRR13077860.bin.20.fbc2 ,-0.0531750530757335,-0.0531750530757335,504.1212964767135,-0.0010216148525614,1000.0,-1000.0,0.0,-909.5790221728088,-1.9941206791580728,-0.0886250884595938,-0.0070593586311815,997.3232056279156,-0.0199419219219407,1000.0,-0.0034837066472164,-0.1160458034426028,-0.1160458034426028,495.8787035232865,-0.0022295063101864,0.0,999.5278396735416,-488.5495525052685,-90.42097782719122,-4.351840251942576,-0.1934096724043001,-0.015405888603027,0.0200655567912235,-380.4334449838443,-999.5278396735416,-0.0076026165176017, Amensalism,Healthy
SRR13077860.bin.39.fbc2XSRR13077860.bin.8.fbc2 ,-0.0875348380877767,-0.0875348380877767,60.71899049216927,-0.0016817452082023,-1000.0,999.8686893341423,142.87501314612064,791.2746093091782,-3.2826489242771686,-0.1458913968128854,-0.0116208593888131,4.427853026732237,-454.1518201033807,-999.8686893341423,-0.0057347511600482,-0.08796018183682,-0.08796018183682,506.8172943236828,-0.0016899170382203,1000.0,-1000.0,133.80808735992375,-523.3477248076559,-3.298599764315668,-0.146600303061291,-0.0116773267337748,995.5721469732678,-0.0329871805851098,1000.0,-0.0057626171001174, Neutralism,Healthy
SRR13077860.bin.46.fbc2XSRR13077860.bin.37.fbc2 ,-0.0847541360229797,-0.0847541360229797,22.41912813902593,-0.001628321537396,-1000.0,999.872860654358,-215.1059821765632,-30.65376726331874,-3.178369658544512,-0.1412568933715192,-0.011251701823653,-11.778148538696996,-333.9402535491736,-999.872860654358,-0.0055525764425965,-0.1704446117569205,-0.1704446117569205,977.5808718609742,-0.003274632310422,999.7443167092032,-1000.0,1000.0,-16.02359455291821,-6.391853045661151,-0.2840743529282008,-0.0226277092649525,-3.281803755171154,-406.8123212140711,1000.0,-0.0111664961784754, Neutralism,Healthy
SRR13077860.bin.46.fbc2XSRR13077860.bin.24.fbc2 ,-0.08475722165781,-0.08475722165781,22.65902568902402,-0.0016283808195112,-1000.0,999.872856025609,784.9796402448205,-30.760472665333964,-3.178485373112608,-0.1412620360963501,-0.0112521114631363,-11.920573632316746,-333.9402756452537,-999.8728560256092,-0.0055527785947333,-0.0470614712303358,-0.0470614712303358,724.2872811447646,-0.000904158909293,0.0,-0.1313109984010907,-1000.0,-190.65076635765035,-1.764854899876127,-0.0784357853838173,-0.0062477380633936,717.9021309477823,-666.0597243547463,0.1313109984010907,-0.003083181880811, Amensalism,Healthy
SRR13077860.bin.39.fbc2XSRR13077860.bin.7.fbc2 ,-0.0875348380877767,-0.0875348380877767,852.6959513122074,-0.0016817452082023,-1000.0,999.8686893341423,243.04472914278995,1000.0,-3.2826489242771686,-0.1458913968128854,-0.0116208593888131,543.9667334699761,-773.9368577767136,-999.8686893341423,-0.0057347511600482,-0.0877346947330579,-0.0877346947330579,10.256126818824557,-0.0016855849132753,999.7552025030532,-1000.0,531.5423816510181,0.0,-3.2901437596603955,-0.1462244912218011,-0.0116473917503299,233.5201572374824,-226.0631422232864,1000.0,-0.0057478445540937, Neutralism,Healthy
SRR13077860.bin.21.fbc2XSRR13077860.bin.49.fbc2 ,-0.0766943240665796,-0.0766943240665796,50.04897216064069,-0.0014734740454969,1000.0,-1000.0,958.2860091686975,-93.49363718629456,-2.876118193567322,-0.1278238734441856,-0.0101817056541904,39.92150017450081,-333.58078037856194,1000.0,-0.0050245464950648,-0.0747747379501788,-0.0747747379501788,861.8481105599974,-0.0014365943890197,-1000.0,999.7913633968778,41.71399083130245,-906.5063628137054,-2.8041316858227674,-0.124624563250336,-0.0099268672283869,161.62477867726852,-356.3261967554537,-999.791363396878,-0.0048987868666472, Amensalism,Healthy
SRR13077860.bin.37.fbc2XSRR13077860.bin.12.fbc2 ,-0.1506575500543476,-0.1506575500543476,736.3927200047419,-0.0028944774265937,-1000.0,999.7739992025312,1000.0,-14.163401667697826,-5.649817323297839,-0.2510959167573219,-0.0200008390178254,-2.900816332161412,-406.0214729800858,-999.7739992025312,-0.0098701680246904,-0.1650497870066374,-0.1650497870066374,263.60727999525807,-0.0031709853411712,1000.0,-1000.0,-150.92440877645356,-81.28778113725434,-6.189541416942916,-0.2750829783443578,-0.0219115087072623,-38.71684313949606,-286.49340813755293,1000.0,-0.0108130600133335, Amensalism,Healthy
SRR13077860.bin.18.fbc2XSRR13077860.bin.7.fbc2 ,-0.0453128005146936,-0.0453128005146936,502.68730895815656,-0.0008705629301175,-1000.0,999.9320264464131,-940.307330284314,-1000.0,-1.6992779002637235,-0.075521334191194,-0.0060155898473794,984.7236787782851,-0.0755300398204781,-999.9320264464131,-0.0029686195919111,-0.0877346947330579,-0.0877346947330579,10.264419896597587,-0.0016855849132753,999.7552025030532,-1000.0,95.069222505585,802.2738570663068,-3.2901437596603955,-0.1462244912218011,-0.0116473917503299,15.276321221714852,-408.9655644531665,1000.0,-0.0057478445540937, Neutralism,Healthy
SRR13077860.bin.39.fbc2XSRR13077860.bin.12.fbc2 ,-0.0875348380877767,-0.0875348380877767,14.751352415350652,-0.0016817452082023,-1000.0,999.8686893341423,102.47888486905936,987.432595546946,-3.2826489242771686,-0.1458913968128854,-0.0116208593888131,990.1470416264488,-501.4313880034341,-999.8686893341423,-0.0057347511600482,-0.170119618810645,-0.170119618810645,985.2486475846496,-0.0032683884497828,1000.0,-1000.0,325.938038459278,-337.1998215435523,-6.379665466765687,-0.2835326980177797,-0.0225845641879232,-16.20548703108784,-412.2152963260162,1000.0,-0.0111452046137401, Neutralism,Healthy
SRR13077860.bin.21.fbc2XSRR13077860.bin.19.fbc2 ,-0.0862418438908889,-0.0862418438908889,632.5134636147163,-0.0016569038211855,1000.0,-1000.0,825.9858390128791,-650.6191116684624,-3.234160275620411,-0.1437364064848907,-0.0114492054041193,748.7900182380401,-408.52272760944754,1000.0,-0.0056500420300835,-0.0670185730883758,-0.0670185730883758,11.330954403590797,-0.001287580654889,-1000.0,999.899465702464,174.01416098712093,-13.400064326525126,-2.513267307751448,-0.1116976218140735,-0.0088971823254269,7.105513844157485,-77.33783655141269,-999.899465702464,-0.004390650033315, Neutralism,Healthy
SRR13077860.bin.18.fbc2XSRR13077860.bin.36.fbc2 ,-0.0437010558800921,-0.0437010558800921,520.3763736907176,-0.0008395976153678,-1000.0,999.934444218192,-871.7117538869986,-1000.0,-1.6388357733728751,-0.0728350931335626,-0.0058016195222307,914.1284451102958,-0.0728434891096867,-999.9344442181916,-0.0028630278684431,-0.0916927253986159,-0.0916927253986159,-523.018715654591,-0.0017616277693832,1000.0,-1000.0,-128.28824611300138,576.0761295434927,-3.4385740919764203,-0.1528212089976932,-0.0121728478867453,85.87155488970416,-218.1297839024843,1000.0,-0.0060071506937902, Neutralism,Healthy
SRR13077860.bin.46.fbc2XSRR13077860.bin.13.fbc2 ,-0.0847541919785044,-0.0847541919785044,22.4199131863154,-0.0016283226124187,-1000.0,999.8728605704192,284.89200521086264,-30.65213697425486,-3.178371756938532,-0.1412569866308786,-0.0112517092520647,-11.7771659985508,-333.940253949869,-999.8728605704192,-0.0055525801085423,-0.0429194962326846,-0.0429194962326846,977.5800868136846,-0.0008245820602041,999.9356166327408,-1000.0,-650.3000925636186,1000.0,-1.6095264607406534,-0.0715324937211789,-0.0056978620358449,970.0527339304648,-666.059746050131,1000.0,-0.002811824825244, Neutralism,Healthy
SRR13077860.bin.46.fbc2XSRR13077860.bin.4.fbc2 ,-0.0847541360229797,-0.0847541360229797,22.41912813902593,-0.001628321537396,-1000.0,999.872860654358,-215.10598217656295,-30.65376726331874,-3.178369658544512,-0.1412568933715192,-0.011251701823653,-11.778148538696996,-333.9402535491736,-999.872860654358,-0.0055525764425965,-0.2158646173253373,-0.2158646173253373,977.5808718609742,-0.0041472548957699,0.0,-0.6023058285142042,-200.65953688966465,1000.0,-8.095151248720413,-0.3597743622088956,-0.0286575313298271,491.6645282843929,-530.8041927460918,0.6023058285142042,-0.0141421391946323, Neutralism,Healthy
SRR13077860.bin.15.fbc2XSRR13077860.bin.41.fbc2 ,-0.0798409295437068,-0.0798409295437068,409.7888478657415,-0.0015339275608994,-1000.0,999.8802309360468,1000.0,-28.89922230543641,-2.994119223906523,-0.1330682159062917,-0.0105994394456274,159.45637093671053,-612.4310396224993,-999.8802309360466,-0.0052306929826499,-0.0898436431624531,-0.0898436431624531,590.2111521342586,-0.0017261026544019,1000.0,-1000.0,-430.2492596616662,-55.23222686283168,-3.369231554237672,-0.1497394052707932,-0.0119273693420609,840.5436290632895,-130.1643139806888,1000.0,-0.0058860100515403, Competition,Healthy
SRR13077860.bin.52.fbc2XSRR13077860.bin.41.fbc2 ,-0.0752154377634042,-0.0752154377634042,322.4511400064744,-0.001445061244226,-997.292171987455,1000.0,522.098258455002,1000.0,-2.820658394496263,-0.1253590629389691,-0.0099853731977646,5.165471977813127,-850.5109550317668,-1000.0,-0.0049276588429165,-0.1047501822162075,-0.1047501822162075,677.5488599935256,-0.0020124914931329,1000.0,-1000.0,-536.3040396460219,-64.39616231530363,-3.928242520138838,-0.1745836370270126,-0.0139063162173442,994.834528022187,-149.4890449682332,1000.0,-0.0068625959914925, Amensalism,Healthy
SRR13077860.bin.46.fbc2XSRR13077860.bin.28.fbc2 ,-0.0846164603129864,-0.0846164603129864,22.30434473061905,-0.0016256764708941,-1000.0,999.873067181148,-216.2435088943024,-27.86344296362506,-3.173206673943469,-0.1410274338550152,-0.0112334244142857,-13.803075052170923,-333.93926766015966,-999.873067181148,-0.0055435567659287,-0.2513888743541201,-0.2513888743541201,977.695655269381,-0.0048297574323896,999.6228925396816,-1000.0,200.22683418053543,-972.1365570363748,-9.427348424939623,-0.4189814572569048,-0.0333736238575284,15.549926998771184,-0.4190297548312856,1000.0,-0.0164694728443919, Neutralism,Healthy
SRR13077860.bin.52.fbc2XSRR13077860.bin.25.fbc2 ,-0.122288813633304,-0.122288813633304,993.4220739724452,-0.0023494488690403,-1000.0,999.8165550323056,993.3529199689922,807.017336406001,-4.585959730935997,-0.2038146893887642,-0.0162346916849855,201.1598876734388,-644.8437314618554,-999.8165550323056,-0.0080116206434013,-0.0665477881420884,-0.0665477881420884,6.577926027554668,-0.0012785357952225,1000.0,-1000.0,6.6470800310078175,192.98266359399892,-2.49561237479611,-0.1109129802367761,-0.008834682345082,798.8401123265612,-355.15626853814456,1000.0,-0.0043598070617463, Amensalism,Healthy
SRR13077860.bin.44.fbc2XSRR13077860.bin.12.fbc2 ,-0.0625642576263771,-0.0625642576263771,736.3927200047422,-0.001202003028311,-1000.0,999.9061476035454,76.04068990397855,-23.210395706119694,-2.3462257711548773,-0.1042737627105907,-0.0083058409260274,735.6555916475977,-713.5065918624471,-999.9061476035454,-0.0040988303267113,-0.1650497870066374,-0.1650497870066374,263.60727999525784,-0.0031709853411712,1000.0,-1000.0,-158.56822749055243,-81.28778113725457,-6.189541416942916,-0.2750829783443578,-0.0219115087072623,-31.07302442539685,-286.49340813755293,1000.0,-0.0108130600133335, Amensalism,Healthy
SRR13077860.bin.25.fbc2XSRR13077860.bin.7.fbc2 ,-0.0666198616594329,-0.0666198616594329,8.283927013057223,-0.0012799204929478,1000.0,-1000.0,8.215122167127902,192.61829943779003,-2.498315207857104,-0.1110331027657594,-0.0088442506064438,799.4504518012307,-355.98156104108443,1000.0,-0.0043645288810694,-0.0877346947330579,-0.0877346947330579,10.272072452103544,-0.0016855849132753,-1000.0,999.7552025030532,95.06156995007971,428.3594559296521,-3.2901437596603955,-0.1462244912218011,-0.0116473917503299,200.54954819876932,-314.6449773733667,-999.7552025030532,-0.0057478445540937, Neutralism,Healthy
SRR13077860.bin.52.fbc2XSRR13077860.bin.49.fbc2 ,-0.0910672606838716,-0.0910672606838716,365.1281873701169,-0.0017496111562422,-996.7214911348212,1000.0,-716.0884382892423,1000.0,-3.415118504260363,-0.1517787678064905,-0.0120898130898012,339.0542221993319,-848.2494826163964,-1000.0,-0.0059661740428964,-0.0824867215692393,-0.0824867215692393,634.8718126298832,-0.0015847593000444,-0.2301545931508144,0.0,255.51634863926483,-1000.0,-3.0933392206085277,-0.1374778692820655,-0.0109506867635218,660.9457778006681,-151.75051738360355,0.0,-0.0054040292133095, Amensalism,Healthy
SRR13077860.bin.15.fbc2XSRR13077860.bin.42.fbc2 ,-0.1155212663492193,-0.1155212663492193,1000.0,-0.0022194287482761,-1000.0,999.8267070033326,248.13723965400868,423.9936829025728,-4.332169556676945,-0.1925354439154034,-0.0153362526507407,428.1684047120866,-496.9169298548724,-999.8267070033324,-0.0075682520316604,-0.1144973786549599,-0.1144973786549599,0.0,-0.0021997575149725,999.8282429332298,-1000.0,0.6397337860303196,576.0063170974272,-4.293772686225225,-0.1908289644250089,-0.0152003244285197,571.8315952879134,-503.0830701451277,1000.0,-0.0075011731261156, Neutralism,Healthy
SRR13077860.bin.12.fbc2XSRR13077860.bin.2.fbc2 ,-0.170119618810645,-0.170119618810645,981.5113138027936,-0.0032683884497828,0.0,0.0,318.45608238932346,-337.19982154355216,-6.379665466765687,-0.2835326980177797,-0.0225845641879232,-16.20548703108784,-406.6092956532325,0.0,-0.0111452046137401,-0.0909324326952401,-0.0909324326952401,18.48868619720633,-0.0017470208010763,-1000.0,1000.0,-1000.0,-3.5600265777766253,-3.4100623122138813,-0.1515540544919531,-0.0120719137353262,-31.397629627036395,-357.57210639303776,-1000.0,-0.0059573409316726, Neutralism,Healthy
SRR13077860.bin.8.fbc2XSRR13077860.bin.3.fbc2 ,-0.0730617444713743,-0.0730617444713743,431.290439582285,-0.0014036838515494,0.0,0.0,-137.98117541213537,-463.3564244856916,-2.739892620288856,-0.1217695741189572,-0.0096994554139655,846.0452166937839,-0.0273999087816037,0.0,-0.0047865619336562,-0.1425205471408617,-0.1425205471408617,3.471669097300037,-0.0027381469191141,-1000.0,1000.0,-370.2457623341553,1000.0,-5.344671115864344,-0.2375342452348832,-0.0189205952111706,153.95478330621586,-500.2910102545655,-1000.0,-0.0093370809942143, Amensalism,Healthy
SRR13077860.bin.46.fbc2XSRR13077860.bin.15.fbc2 ,-0.0847541919785044,-0.0847541919785044,22.4199131863154,-0.0016283226124187,999.8728605704192,-1000.0,-215.10799478913717,-30.652136974255317,-3.178371756938532,-0.1412569866308786,-0.0112517092520647,-11.777165998550911,-333.94025394986886,1000.0,-0.0055525801085423,-0.120914121233568,-0.120914121233568,977.5800868136846,-0.0023230378719745,-1000.0,999.8186172029604,1000.0,434.5271118213368,-4.534407313341035,-0.2015235353892421,-0.0160521916949392,649.7025475366818,87.9729271362553,-999.8186172029604,-0.0079215591432557, Neutralism,Healthy
SRR13077860.bin.13.fbc2XSRR13077860.bin.19.fbc2 ,-0.043732093329595,-0.043732093329595,996.0886624069076,-0.0008401939160194,-1000.0,999.9343976590362,-69.70690705555091,1000.0,-1.6399997105231705,-0.072886822215878,-0.0058057399597828,181.4007665725353,-797.5773424667535,-999.934397659036,-0.0028650612537148,-0.0682286256268298,-0.0682286256268298,3.911337593092412,-0.0013108285422731,999.897650507417,-1000.0,401.7304747081607,-13.642008926454082,-2.5586455565769484,-0.1137143760447543,-0.0090578252272734,11.042144366364369,-126.98135994361814,1000.0,-0.0044699253292037, Neutralism,Healthy
SRR13077860.bin.37.fbc2XSRR13077860.bin.15.fbc2 ,-0.1628243884865696,-0.1628243884865696,884.6965621571619,-0.0031282303262969,999.7557477761184,-1000.0,1000.0,-15.307213044415562,-6.106086620914198,-0.2713739808109494,-0.0216160715550586,-3.1350811507657,-406.5077565340532,1000.0,-0.0106672654128487,-0.0775316738946685,-0.0775316738946685,115.3034378428381,-0.0014895614581291,-1000.0,999.8836950413506,0.0,667.8149732113557,-2.9075196969286026,-0.1292194564910005,-0.0102928696755952,644.9070610609565,-570.8600027857192,-999.8836950413508,-0.0050794045721431, Amensalism,Healthy
SRR13077860.bin.44.fbc2XSRR13077860.bin.42.fbc2 ,-0.0520334696557256,-0.0520334696557256,615.0371910734918,-0.0009996824140898,-1000.0,999.9219447971044,64.48816614165071,-22.22193745172956,-1.9513100946210216,-0.0867224494261336,-0.00690780548166,611.9374758119852,-589.5188317499774,-999.9219447971044,-0.0034089170321749,-0.1063160199076946,-0.1063160199076946,384.96280892650816,-0.0020425748301704,999.8405157572644,-1000.0,146.27686232901715,16.01172949560737,-3.986963088152265,-0.1771933665127107,-0.0141141920761356,388.0625241880148,-410.4811682500226,1000.0,-0.0069651801707095, Competition,Healthy
SRR13077860.bin.44.fbc2XSRR13077860.bin.19.fbc2 ,-0.084905071825915,-0.084905071825915,995.1921435547991,-0.0016312213607534,-1000.0,999.8726342361542,96.45709241387658,-28.72351085899868,-3.184029910645222,-0.1415084530431158,-0.0112717396026482,990.1342154815912,-974.523784568775,-999.8726342361545,-0.005562464840068,-0.0653480800174293,-0.0653480800174293,4.807856445200628,-0.0012554866477785,999.9019716025404,-1000.0,-74.22797508660574,-13.066056698850844,-2.450622052421295,-0.1089134666957534,-0.0086754127362382,9.865784518408873,-25.476215431225,1000.0,-0.0042812094690134, Neutralism,Healthy
SRR13077860.bin.15.fbc2XSRR13077860.bin.2.fbc2 ,-0.1211065946985172,-0.1211065946985172,981.5113138027936,-0.0023267357290706,-1000.0,999.8183284742736,1000.0,411.6898455003925,-4.541625271657949,-0.201844324497415,-0.0160777438878767,651.0146935199607,65.07483481307077,-999.8183284742736,-0.0079341688361864,-0.0909324326952401,-0.0909324326952401,18.48868619720633,-0.0017470208010763,1000.0,-1000.0,-998.7658884917738,-3.5600265777768527,-3.4100623122138813,-0.1515540544919531,-0.0120719137353262,-31.39762962703651,-428.979027242396,1000.0,-0.0059573409316726, Neutralism,Healthy
SRR13077860.bin.37.fbc2XSRR13077860.bin.36.fbc2 ,-0.1714381032801384,-0.1714381032801384,989.6907236406392,-0.003293719563544,-1000.0,999.7428263764818,1000.0,-16.11699325409745,-6.42911002758126,-0.2857301721335261,-0.0227596021837825,-3.300932809343408,-406.852029030645,-999.742826376482,-0.011231583711492,-0.0916927253986159,-0.0916927253986159,10.30927635936098,-0.0017616277693832,1000.0,-1000.0,0.0,-773.6266621182064,-3.4385740919764203,-0.1528212089976932,-0.0121728478867453,1000.0,-241.90365655201413,1000.0,-0.0060071506937902, Neutralism,Healthy
SRR13077860.bin.4.fbc2XSRR13077860.bin.21.fbc2 ,-0.2181628866397886,-0.2181628866397886,999.790515833899,-0.0041914099258519,-1000.0,999.3912815364706,0.0,974.6522154439622,-8.181338776539178,-0.3636048110663523,-0.0289626425875439,509.8554323170101,-500.3729935693002,-999.3912815364708,-0.014292707847062,-0.0774918612660258,-0.0774918612660258,0.2094841661011059,-0.00148879656615,1000.0,-1000.0,1000.0,-119.69659182717396,-2.906026681287017,-0.1291531021100809,-0.0102875842718503,115.97243116763023,-343.3270619841999,1000.0,-0.0050767962903819, Amensalism,Healthy
SRR13077860.bin.8.fbc2XSRR13077860.bin.29.fbc2 ,-0.0877704610713863,-0.0877704610713863,501.9433611059813,-0.0016862720666495,1000.0,-1000.0,386.2678944346135,-521.6971952312595,-3.291485035140568,-0.1462841017856817,-0.0116521399808107,994.2074362355396,-0.0329160307418305,1000.0,-0.0057501877474805,-0.1538876836693816,-0.1538876836693816,498.0566388940188,-0.0029565357093588,-1000.0,999.7691536918172,-877.298283690097,1000.0,-5.770950747063921,-0.2564794727821891,-0.0204296617513364,-49.49277734073087,-500.2565090381393,-999.7691536918176,-0.010081786768751, Amensalism,Healthy
SRR13077860.bin.19.fbc2XSRR13077860.bin.36.fbc2 ,-0.0683794717967885,-0.0683794717967885,9.6413478761516,-0.0013137266435023,-1000.0,999.8974242236716,398.719925639864,-13.672169944325333,-2.564302447345426,-0.1139657863279808,-0.0090778511068947,7.249800482433102,-126.03721017529938,-999.8974242236716,-0.0044798078545227,-0.0916927253986159,-0.0916927253986159,-0.8198317319678381,-0.0017616277693832,1000.0,-1000.0,-1000.0,-953.426199805731,-3.4385740919764203,-0.1528212089976932,-0.0121728478867453,992.7501995175668,-229.23515411443907,1000.0,-0.0060071506937902, Neutralism,Healthy
SRR13077860.bin.12.fbc2XSRR13077860.bin.28.fbc2 ,-0.1587591389030649,-0.1587591389030649,209.8808143567392,-0.0030501275485903,-1000.0,1000.0,-1000.0,-50.47704882169478,-5.953635465880439,-0.2645985648384794,-0.0210763813606718,4.1087353168522895,-286.46371294628216,-1000.0,-0.0104009349406624,-0.2136339233828721,-0.2136339233828721,790.1191856432608,-0.0041043981437951,999.679528592935,-1000.0,220.9797695758016,-949.5229511783052,-8.011497868755555,-0.3560565389714156,-0.0283613911733482,55.14687118856455,-534.7121229367713,1000.0,-0.0139959976702357, Amensalism,Healthy
SRR13077860.bin.13.fbc2XSRR13077860.bin.3.fbc2 ,-0.0437380221046623,-0.0437380221046623,996.2237024924834,-0.0008403078213632,-1000.0,999.934388765304,-162.87024685954543,142.46351191787335,-1.6402220458529655,-0.0728967035076948,-0.0058065270459337,270.579774818782,-499.6834544802003,-999.934388765304,-0.0028654496710487,-0.1550262919230363,-0.1550262919230363,3.776297507516688,-0.0029784109879074,1000.0,-1000.0,-837.1297531404546,857.5364880821267,-5.813649759716668,-0.2583771532049468,-0.0205808199267494,458.4987366434816,-500.3165455197997,1000.0,-0.0101563814689598, Neutralism,Healthy
SRR13077860.bin.21.fbc2XSRR13077860.bin.15.fbc2 ,-0.0775262651982302,-0.0775262651982302,0.8084181729049078,-0.0014894575446078,1000.0,-1000.0,1000.0,-120.29695010120508,-2.9073168650978687,-0.1292104419969746,-0.0102921516333935,115.97229502980213,-343.2110423597285,1000.0,-0.0050790502272093,-0.1219722232813182,-0.1219722232813182,999.191581827095,-0.0023433664415506,-1000.0,999.8170299482458,0.0,-3.7167250228733337,-4.574087258204031,-0.2032870388021592,-0.0161926621109387,656.9159281054071,-516.6498805322909,-999.8170299482458,-0.0079908795655683, Amensalism,Healthy
SRR13077860.bin.13.fbc2XSRR13077860.bin.29.fbc2 ,0.0,0.0,0.0,0.0,1000.0,-1000.0,0.0,402.55136610516433,0.0,0.0,0.0,0.0,-100.63784152629104,1000.0,0.0,-0.2169615486737939,-0.2169615486737939,1000.0,-0.0041683294654148,-1000.0,999.674536835342,1000.0,597.4486338948357,-8.1362873333876,-0.3616025811229519,-0.0288031566059316,1000.0,-500.3616442644176,-999.674536835342,-0.0142140034770363, Amensalism,Healthy
SRR13077860.bin.18.fbc2XSRR13077860.bin.2.fbc2 ,-0.045254144443902,-0.045254144443902,499.79107349804485,-0.0008694360124081,-1000.0,999.932114436154,-940.960536888622,-996.4600080719036,-1.6970782356283962,-0.0754235740732838,-0.0060078028454881,986.81840175989,-0.8239239352438972,-999.932114436154,-0.0029647768021732,-0.0909320784368219,-0.0909320784368219,18.488614168220693,-0.0017470139949864,1000.0,-1000.0,-59.03946311137793,-3.539991928096356,-3.4100490271525814,-0.1515534640614078,-0.0120718667050141,-31.41447954781813,-428.9751298132476,1000.0,-0.0059573177227321, Neutralism,Healthy
SRR13077860.bin.36.fbc2XSRR13077860.bin.29.fbc2 ,-0.0916927253986159,-0.0916927253986159,0.0,-0.0017616277693832,1000.0,-1000.0,-55.71006570214308,-1000.0,-3.4385740919764203,-0.1528212089976932,-0.0121728478867453,992.3748332256592,-249.1491539202558,1000.0,-0.0060071506937902,-0.2169615486737939,-0.2169615486737939,1000.0,-0.0041683294654148,-1000.0,999.674536835342,1000.0,0.0,-8.1362873333876,-0.3616025811229519,-0.0288031566059316,7.625166774340869,-500.3616442644176,-999.674536835342,-0.0142140034770363, Neutralism,Healthy
SRR13077860.bin.13.fbc2XSRR13077860.bin.7.fbc2 ,-0.0434535328710126,-0.0434535328710126,989.7438731811762,-0.0008348421300752,-1000.0,999.9348155264828,-522.2718850521551,1000.0,-1.6295533989786009,-0.0724225547849073,-0.0057687591189505,423.52850130400793,-272.8433648456984,-999.9348155264828,-0.0028468116636304,-0.0877346947330579,-0.0877346947330579,10.25612681882376,-0.0016855849132753,999.7552025030532,-1000.0,95.05885615836952,0.0,-3.2901437596603955,-0.1462244912218011,-0.0116473917503299,576.4714986959921,-288.4179315793791,1000.0,-0.0057478445540937, Neutralism,Healthy
SRR13077860.bin.52.fbc2XSRR13077860.bin.24.fbc2 ,-0.147591740466737,-0.147591740466737,1000.0,-0.0028355761857028,-1000.0,999.778598211419,-675.2389045952538,1000.0,-5.534846224193984,-0.2459862341112284,-0.0195938314433306,999.9999999999966,-1000.0,-999.778598211419,-0.0096693147933137,0.0,0.0,0.0,0.0,0.0,0.0,-324.76109540474624,0.0,0.0,0.0,0.0,3.410605131648481e-12,0.0,0.0,0.0, Amensalism,Healthy
SRR13077860.bin.18.fbc2XSRR13077860.bin.4.fbc2 ,-0.0009159373912552,-0.0009159373912552,10.111549759947366,-1.7597260125512548e-05,-1000.0,1000.0,-19.12638971299839,-20.24066633679422,-0.0343486200225697,-0.0015265623187588,-0.0001215970677321,20.04751394071104,-0.0018702368097365,-1000.0,-6.0006657122357865e-05,-0.217298708941712,-0.217298708941712,989.8884502400526,-0.0041748070882476,29.24936642918874,0.0,120.8826900945046,954.7998437586808,-8.148931199705203,-0.3621645149029291,-0.0288479169795436,484.1535177429673,-507.8354344984333,0.0,-0.0142360921707904, Amensalism,Healthy
SRR13077860.bin.28.fbc2XSRR13077860.bin.2.fbc2 ,-0.2543954619001169,-0.2543954619001169,985.11193108762,-0.0048875208818799,-1000.0,999.6183823695457,62.943682620478285,-1000.0,-9.54009863490171,-0.423992436500157,-0.0337727692935914,126.83097850329,-78.99411993606748,-999.6183823695454,-0.0166664462070684,-0.0906109633521055,-0.0906109633521055,14.88806891238005,-0.0017408446369699,1000.0,-1000.0,-1000.0,0.0,-3.3980068721582484,-0.1510182722535091,-0.012029236441208,-31.288661983330485,-428.9775862771306,1000.0,-0.0059362802119267, Neutralism,Healthy
SRR13077860.bin.18.fbc2XSRR13077860.bin.46.fbc2 ,-0.0440228487390186,-0.0440228487390186,486.1925266746016,-0.000845779994961,-1000.0,999.9339614979916,-915.3584471387292,-969.3478630257448,-1.6509033456113684,-0.0733714145649173,-0.0058443397653036,959.968308073592,-0.801506231514395,-999.9339614979916,-0.0028841097828262,-0.0847541919785044,-0.0847541919785044,22.419913186315284,-0.0016283226124187,999.8728605704192,-1000.0,-84.64155286127084,-30.652136974255317,-3.178371756938532,-0.1412569866308786,-0.0112517092520647,-11.777165998550911,-333.94025394986886,1000.0,-0.0055525801085423, Neutralism,Healthy
SRR13077860.bin.25.fbc2XSRR13077860.bin.10.fbc2 ,-0.033325694255609,-0.033325694255609,4.143923628727066,-0.0006402630980346,-1000.0,1000.0,4.109504925330043,96.35472658164916,-1.2497487490569483,-0.0555428237594242,-0.0044242180077844,399.9143898773853,-178.07501199178807,-1000.0,-0.0021832971644926,-0.0411519028766633,-0.0411519028766633,499.44849334542505,-0.0007906225336,1000.0,-1000.0,550.0568386445668,-0.4325337757105671,-1.5432398421132802,-0.0685865047944389,-0.0054632017075846,-1.7842136841454703,-502.9138294649965,1000.0,-0.0026960228397001, Amensalism,Healthy
SRR13077860.bin.44.fbc2XSRR13077860.bin.39.fbc2 ,-0.0693655544125704,-0.0693655544125704,910.0618616434432,-0.0013326715545645,-1000.0,999.8959450050232,80.93927342470806,-119.14542131645568,-2.6012815874059925,-0.1156092573542082,-0.0092087604416519,913.7910764544448,-693.0823428875614,-999.8959450050236,-0.0045444100009035,-0.0875348380877767,-0.0875348380877767,89.93813835655692,-0.0016817452082023,999.8686893341423,-1000.0,127.26392236352105,963.7277934520772,-3.2826489242771686,-0.1458913968128854,-0.0116208593888131,65.33550931286209,-306.91765711243863,1000.0,-0.0057347511600482, Amensalism,Healthy
SRR13077860.bin.21.fbc2XSRR13077860.bin.2.fbc2 ,-0.0862418438908889,-0.0862418438908889,632.5130165136854,-0.0016569038211855,-1000.0,1000.0,825.9868384151805,-650.6186645674309,-3.234160275620411,-0.1437364064848907,-0.0114492054041193,748.789150336039,-408.5221884582044,-1000.0,-0.0056500420300835,-0.0909324326952401,-0.0909324326952401,364.3099950519989,-0.0017470208010763,1000.0,-1000.0,-1000.0,-349.3813354325692,-3.410062312213995,-0.1515540544919531,-0.0120719137353262,-37.51645060299563,-357.57210639303776,1000.0,-0.0059573409316726, Neutralism,Healthy
SRR13077860.bin.15.fbc2XSRR13077860.bin.8.fbc2 ,-0.0939888202562997,-0.0939888202562997,607.841113112016,-0.0018057410231904,-1000.0,999.8590077409106,379.46356042968864,927.4979119560462,-3.524680075365495,-0.1566480337604616,-0.0124776704701616,229.019535997415,-496.0523735687458,-999.8590077409106,-0.0061575768889952,-0.0683197250020839,-0.0683197250020839,392.158886887984,-0.0013125787704666,1000.0,-1000.0,615.841383433421,-402.788267903198,-2.5620618794092707,-0.1138662083367307,-0.0090699193037835,770.980464002585,-0.0256215375992496,1000.0,-0.0044758936072639, Competition,Healthy
SRR13077860.bin.13.fbc2XSRR13077860.bin.37.fbc2 ,-0.0004526165721472,-0.0004526165721472,10.309276359361434,-8.69580344442511e-06,-1000.0,999.9993210316628,0.0,1000.0,-0.0169735997237694,-0.0007543609535787,-6.00880022147976e-05,102.94334327101616,-249.422882955756,-999.9993210316628,-2.965268993193604e-05,-0.1714381032801384,-0.1714381032801384,989.6907236406388,-0.003293719563544,999.7428263764818,-1000.0,1000.0,-16.116993254093245,-6.42911002758126,-0.2857301721335261,-0.0227596021837825,-3.300932809343408,-406.8520290306453,1000.0,-0.011231583711492, Amensalism,Healthy
SRR13077860.bin.44.fbc2XSRR13077860.bin.24.fbc2 ,-0.0804292103688339,-0.0804292103688339,942.7233468945178,-0.0015452297861884,-1000.0,999.879348458298,89.91398188534072,-27.2155012545436,-3.0161803764700608,-0.1340486839480945,-0.0106775378222891,941.7880965664536,-923.1661757230772,-999.8793484582978,-0.0052692335707433,-0.0049810618514811,-0.0049810618514811,57.27665310548218,-9.56976340376059e-05,0.0,-0.0138981673908347,102.47030296607682,-0.7957276042421881,-0.1867950828017228,-0.0083017697525065,-0.0006612706512214,56.88297696347127,-76.83382427692277,0.0138981673908347,-0.0003263289320329, Amensalism,Healthy
SRR13077860.bin.12.fbc2XSRR13077860.bin.49.fbc2 ,-0.1620316914801378,-0.1620316914801378,532.3277734975816,-0.0031130007969295,1000.0,-1000.0,-1000.0,-37.8960062463774,-6.076359645548109,-0.2700528191335252,-0.0215108355067741,9.900899034630129,-357.90773255652243,1000.0,-0.0106153327175206,-0.0793608042533833,-0.0793608042533833,467.6722265024184,-0.0015247032517891,-1000.0,999.7785673467488,576.0810138622053,-962.1039937536226,-2.976114018182102,-0.1322680070890101,-0.0105356994695284,922.1795323774054,-2.8592988785495663,-999.7785673467488,-0.0051992380884939, Neutralism,Healthy
SRR13077860.bin.44.fbc2XSRR13077860.bin.25.fbc2 ,-0.0851556661453969,-0.0851556661453969,999.8260717116171,-0.0016360358529254,-1000.0,999.8722583206028,101.09266949497714,-27.111633578402348,-3.193427462425916,-0.1419261102423661,-0.0113050077437719,992.1382465299616,-981.674412073399,-999.8722583206026,-0.0055788822585327,-0.0006652127954112,-0.0006652127954112,0.1739282883826263,-1.2780265024048276e-05,1000.0,-1000.0,0.182248705806387,1.9763626441208544,-0.0249461827422692,-0.0011086879923141,-8.831163142986043e-05,7.861753470038252,-3.5998860911113297,1000.0,-4.358070384569146e-05, Amensalism,Healthy
SRR13077860.bin.46.fbc2XSRR13077860.bin.12.fbc2 ,-0.08475722165781,-0.08475722165781,22.659025689024133,-0.0016283808195112,-1000.0,999.872856025609,784.9796402448208,-30.760472665333737,-3.178485373112608,-0.1412620360963501,-0.0112521114631363,-11.92057363231686,-333.9402756452537,-999.8728560256092,-0.0055527785947333,-0.170119618810645,-0.170119618810645,977.340974310976,-0.0032683884497828,1000.0,-1000.0,215.02035975517924,-337.19982154355216,-6.379665466765687,-0.2835326980177797,-0.0225845641879232,-16.20548703108784,-400.353786415506,1000.0,-0.0111452046137401, Neutralism,Healthy
SRR13077860.bin.36.fbc2XSRR13077860.bin.2.fbc2 ,-0.0916927253986159,-0.0916927253986159,240.92377643187683,-0.0017616277693832,0.0,0.0,647.1728088039058,-255.8524360513068,-3.4385740919764203,-0.1528212089976932,-0.0121728478867453,681.3786122366412,-258.54726373993776,0.0,-0.0060071506937902,-0.0909324326952401,-0.0909324326952401,759.0762235681232,-0.0017470208010763,-1000.0,1000.0,352.8271911960942,-744.1475639486932,-3.4100623122138813,-0.1515540544919531,-0.0120719137353262,318.6213877633588,-285.8999590850224,-1000.0,-0.0059573409316726, Neutralism,Healthy
SRR13077860.bin.13.fbc2XSRR13077860.bin.42.fbc2 ,-0.0436392483986765,-0.0436392483986765,993.9739275291656,-0.0008384101518004,-1000.0,999.9345369353514,-961.1738120971792,599.4613173998032,-1.6365179275070432,-0.0727320806644229,-0.0057934141485702,0.0,-294.5493599939026,-999.9345369353512,-0.0028589786174961,-0.1237976269625278,-0.1237976269625278,6.026072470834379,-0.0023784366371728,999.814291667373,-1000.0,-38.826187902820834,400.5386826001968,-4.642541825108765,-0.2063293782708797,-0.0164349971626052,1000.0,-508.1559684254739,1000.0,-0.0081104689326139, Neutralism,Healthy
SRR13077860.bin.49.fbc2XSRR13077860.bin.3.fbc2 ,-0.0824867215692393,-0.0824867215692393,996.2237024924834,-0.0015847593000444,-1000.0,999.7698454068492,109.55454115729026,-1000.0,-3.0933392206085277,-0.1374778692820655,-0.0109506867636355,916.6770847953392,-23.884863886268025,-999.7698454068492,-0.0054040292133095,-0.1550262919230363,-0.1550262919230363,3.776297507516574,-0.0029784109879074,1000.0,-1000.0,-1000.0,951.3304434418294,-5.813649759716668,-0.2583771532049468,-0.0205808199267494,83.32291520466083,-500.3165455197997,1000.0,-0.0101563814689598, Neutralism,Healthy
SRR13077860.bin.52.fbc2XSRR13077860.bin.20.fbc2 ,-0.1416251049803349,-0.1416251049803349,999.9785811041808,-0.0027209434193764,-1000.0,999.604837387199,-416.0119248510275,1000.0,-5.311091088648709,-0.2360418416337779,-0.018801719028147,999.9807229937628,-749.8501266312303,-999.6048373871992,-0.0092784170601589,-0.1114853527379864,-0.1114853527379864,0.0214188958191243,-0.0021418895819351,999.2937707632196,0.3951626128008456,-583.9880751489725,-20.46315501095773,-4.180818531603563,-0.185808921230091,-0.0148004570108923,0.0192770062371891,-250.1498733687697,-0.3951626128008456,-0.0073038434742329, Amensalism,Healthy
SRR13077860.bin.2.fbc2XSRR13077860.bin.7.fbc2 ,-0.0909324326952401,-0.0909324326952401,989.7279275478968,-0.0017470208010763,-1000.0,1000.0,-1000.0,-974.7992679284667,-3.4100623122135403,-0.1515540544919531,-0.0120719137353262,766.445361787207,-286.1435349644662,-1000.0,-0.0059573409316726,-0.0877346947330579,-0.0877346947330579,10.272072452103089,-0.0016855849132753,999.7552025030532,-1000.0,95.06156995007927,802.2580180560735,-3.2901437596603955,-0.1462244912218011,-0.0116473917503299,15.29162633272665,-408.9652975035558,1000.0,-0.0057478445540937, Neutralism,Healthy
SRR13077860.bin.52.fbc2XSRR13077860.bin.2.fbc2 ,-0.139607454341899,-0.139607454341899,981.5113138027936,-0.0026821797183629,-1000.0,999.7905754075888,134.60716017074174,1000.0,-5.235427057703987,-0.232679090569718,-0.0185338618540527,983.9299023093536,-714.1000409149775,-999.7905754075888,-0.0091462328397255,-0.0909324326952401,-0.0909324326952401,18.48868619720622,-0.0017470208010763,1000.0,-1000.0,-1000.0,-3.560026577776398,-3.4100623122138813,-0.1515540544919531,-0.0120719137353262,-33.10266078314339,-285.8999590850225,1000.0,-0.0059573409316726, Neutralism,Healthy
SRR13077860.bin.49.fbc2XSRR13077860.bin.41.fbc2 ,-0.0281404979978106,-0.0281404979978106,324.5477811657279,-0.0005406435734585,-1000.0,999.9214823338286,203.75169025182183,-341.16592429800016,-1.0552984103130711,-0.0469008299962752,-0.0037358470924573,9.562707115371154,-159.72302043740524,-999.9214823338286,-0.0018435945854662,-0.1043987380328417,-0.1043987380328417,675.4522188342721,-0.0020057394434616,1000.0,-1000.0,-1000.0,-64.18010868948215,-3.915062991902005,-0.1739978967214028,-0.0138596595544413,990.4372928846288,-148.8109161468858,1000.0,-0.0068395715022688, Amensalism,Healthy
SRR13077860.bin.4.fbc2XSRR13077860.bin.20.fbc2 ,-0.2181792958381265,-0.2181792958381265,999.9785384569986,-0.0041917251842278,-1000.0,999.3912357514972,-224.65453264175824,987.3819220501708,-8.18195413881358,-0.363632159730173,-0.0289648210228961,511.8639027546865,-504.0124031808288,-999.3912357514972,-0.0142937828780986,-0.111707331322691,-0.111707331322691,0.0214615430014646,-0.002146154300135,999.0795497624867,0.6087642485026663,-576.8546006294987,-2.5839912389214987,-4.189142963087988,-0.1861788855378563,-0.0148299262140199,0.0193153887013295,-250.15017178176709,-0.6087642485026663,-0.007318386163547, Amensalism,Healthy
SRR13077860.bin.44.fbc2XSRR13077860.bin.49.fbc2 ,-0.031021356017618,-0.031021356017618,363.640353309976,-0.0005959914700497,-1000.0,999.953464986016,35.28131381840808,-10.238436145926356,-1.1633336301900954,-0.0517022600292875,-0.0041183010582699,361.7971304904647,-356.5896376375705,-999.9534649860162,-0.0020323309129253,-0.0816421865375787,-0.0816421865375787,636.359646690024,-0.0015685338431694,0.0,-0.2277981700451619,592.6415947639332,-989.7615638540736,-3.061668264520563,-0.1360703108960024,-0.010838568856343,638.2028695095353,-158.18475797586075,0.2277981700451619,-0.005348700405193, Amensalism,Healthy
SRR13077860.bin.8.fbc2XSRR13077860.bin.42.fbc2 ,-0.0875926448935615,-0.0875926448935615,507.02176635154206,-0.0016828558096904,-1000.0,1000.0,-113.59461356978376,-517.933201478776,-3.284816740578435,-0.1459877414893071,-0.0116285336448527,986.7790977023592,-0.0328493454048839,-1000.0,-0.0057385383109931,-0.0896281530987153,-0.0896281530987153,492.97823364845794,-0.0017219625955249,999.8655491605392,-1000.0,612.5206855794611,-24.50159847479813,-3.361150449143452,-0.1493802551644876,-0.0118987615352352,13.220902297640803,-500.0,1000.0,-0.0058718924508411, Amensalism,Healthy
SRR13077860.bin.42.fbc2XSRR13077860.bin.24.fbc2 ,-0.1147884091249125,-0.1147884091249125,558.7961850981205,-0.0022053488785331,-1000.0,999.8278063595684,-220.72450562756185,25.499632638006688,-4.30468663637248,-0.1913140152081496,-0.0152389607502527,578.3687000368336,-412.54820679522834,-999.8278063595684,-0.0075202396756139,-0.0380451425610317,-0.0380451425610317,441.20381490187947,-0.0007309345352268,0.0,-0.1061536225577128,-214.23483430215103,1.0898427096483374,-1.426733047436073,-0.0634085709349392,-0.0050507576387417,421.6312999631664,-587.4517932047717,0.1061536225577128,-0.0024924867652771, Amensalism,Healthy
SRR13077860.bin.44.fbc2XSRR13077860.bin.10.fbc2 ,-0.0853158146912846,-0.0853158146912846,1000.0,-0.0016391126741837,-1000.0,999.8720180823998,96.22509482687884,-28.44013200375366,-3.1994332021222363,-0.1421930244855502,-0.0113262685786139,995.2164654768932,-980.3304826325837,-999.8720180823996,-0.0055893742189709,0.0,0.0,0.0,0.0,1000.0,-1000.0,500.0,0.0,0.0,0.0,0.0,0.0,0.0,1000.0,0.0, Amensalism,Healthy
SRR13077860.bin.42.fbc2XSRR13077860.bin.10.fbc2 ,-0.126183968743021,-0.126183968743021,496.4084691194517,-0.0024242837414476,-1000.0,999.8107119254668,-177.91589663926254,6.281666999514414,-4.732032163469853,-0.2103066145717775,-0.0167518006535374,1000.0,-498.6670046470575,-999.8107119254668,-0.0082668075583569,-0.0411820635252979,-0.0411820635252979,503.5915308805484,-0.0007912019889317,1000.0,-1000.0,60.34620601694837,-12.470589489116492,-1.544370898307534,-0.0686367725421632,-0.0054672057436846,-2.362410458731347,-501.3329953529425,1000.0,-0.0026979987823096, Neutralism,Healthy
SRR13077860.bin.18.fbc2XSRR13077860.bin.52.fbc2 ,-0.0120293083206206,-0.0120293083206206,132.9523055064351,-0.0002311106305796,0.0,-0.0180451180341378,-250.23860050588812,-264.97521347870884,-0.4511117731096874,-0.0200488472011102,-0.0015969744571293,261.91483225700745,-0.0200511583074103,0.0180451180341378,-0.0007880872501573,-0.1362031962141827,-0.1362031962141827,867.0476944935649,-0.0026167761039914,-1000.0,999.795682121798,-511.2197246929147,1000.0,-5.107763780716823,-0.2270053270235621,-0.018081922878764,738.0851677429926,-999.9799488416926,-999.7956821217982,-0.0089232065147371, Amensalism,Healthy
SRR13077860.bin.39.fbc2XSRR13077860.bin.41.fbc2 ,-0.0875348380877767,-0.0875348380877767,49.33243446294432,-0.0016817452082023,-1000.0,999.8686893341423,90.98892972437102,967.4056836160668,-3.2826489242771686,-0.1458913968128854,-0.0116208593888131,0.0,-481.26705250080624,-999.8686893341423,-0.0057347511600482,-0.1064199408765489,-0.1064199408765489,708.8857675780519,-0.0020445713905701,1000.0,-1000.0,-517.3158448329656,-65.68558385559265,-3.9908602342958375,-0.1773665681275815,-0.0141279883084735,1000.0,-159.5691841368564,1000.0,-0.0069719884417054, Neutralism,Healthy
SRR13077861.bin.23.fbc2XSRR13077861.bin.6.fbc2 ,-0.0432125743637925,-0.0432125743637925,986.2884119135516,-0.0008302127639581,0.0,883.2747018538826,-1000.0,-1000.0,-1.6205172003424195,-0.0720209572729118,-0.0057367701989505,476.8345634564307,-893.4124301066508,-883.2747018538824,-0.0028310255250971,-0.0876914369985115,-0.0876914369985115,13.711588086448614,-0.0016847538328192,1000.0,-1000.0,173.45455141480377,154.09346339714943,-3.288521548907056,-0.1461523949975571,-0.0116416489847779,391.2150163742035,-106.58756989334915,1000.0,-0.0057450105699672, Neutralism,Healthy
SRR13077861.bin.30.fbc2XSRR13077861.bin.8.fbc2 ,-0.125292502488719,-0.125292502488719,34.52507722565724,-0.0024071566280099,-1000.0,999.8120492104836,-1000.0,347.7140698417054,-4.698601236942977,-0.208820837481312,-0.0166334522996294,26.25081331874549,-407.39570309035696,-999.8120492104836,-0.0082084041015377,-0.0905929936926668,-0.0905929936926668,965.4749227743428,-0.0017404993984655,1000.0,-1000.0,363.0967121935325,-524.9515405975842,-3.3973329909437098,-0.1509883228211492,-0.0120268508437675,2.894607144676684,-480.5710400295972,1000.0,-0.0059351029489107, Amensalism,Healthy
SRR13077861.bin.2.fbc2XSRR13077861.bin.4.fbc2 ,-0.0891264773383682,-0.0891264773383682,1.7102180935874003,-0.0017123242523666,0.0,0.0,436.573219652435,-30.999263301745373,-3.342337078021956,-0.1485441288972424,-0.0118321605841629,5.051382229496426,-499.9001674109514,0.0,-0.0058390257007658,-0.2662031895481505,-0.2662031895481505,998.2897819064126,-0.0051143744390174,-1000.0,1000.0,-912.3433320840368,644.8100002995884,-9.9829008986502,-0.4436719825803266,-0.0353403273732055,994.9486177705036,-500.0998325890486,-1000.0,-0.017440016836872, Competition,Healthy
SRR13077861.bin.23.fbc2XSRR13077861.bin.4.fbc2 ,-0.0244002563883896,-0.0244002563883896,556.593624992574,-0.0004687849450419,0.0,6.326610281602143,317.0940680686658,-565.2171502450033,-0.9150353977382792,-0.0406670939806872,-0.0032393039700764,268.9272523346872,-134.55515672084994,-6.326610281602143,-0.0015985566625431,-0.2853059415980397,-0.2853059415980397,443.4063750074261,-0.0054813821632251,1000.0,-1000.0,-1000.0,1000.0,-10.699274285947013,-0.4755099026634752,-0.0378763507482062,731.0727476653128,-865.4448432791501,1000.0,-0.0186915131766909, Amensalism,Healthy
SRR13077861.bin.2.fbc2XSRR13077861.bin.37.fbc2 ,-0.1340791866838344,-0.1340791866838344,2.57280056261709,-0.0025759690045106,-1000.0,1000.0,0.0,-47.90916596997715,-5.028111178939184,-0.2234653111397619,-0.0177999458210251,8.873955623576535,-752.9908536906751,-1000.0,-0.0087840543053516,-0.1100960456511757,-0.1100960456511757,997.427199437383,-0.0021151978030502,0.0,0.0,1000.0,-952.0908340300228,-4.128718047797065,-0.1834934094185882,-0.0146160168194455,-11.639348305711678,-247.00914630932493,0.0,-0.0072128245085423, Amensalism,Healthy
SRR13077861.bin.7.fbc2XSRR13077861.bin.25.fbc2 ,-0.0846152172981646,-0.0846152172981646,585.7731349034802,-0.001625652589837,1000.0,-1000.0,689.1504418943409,-597.743308272275,-3.1731600595755936,-0.1410253621636457,-0.0112332593954533,1.5890542023490752,-286.13387482645794,1000.0,-0.0055434753311374,-0.0730793918379504,-0.0730793918379504,414.22686509651976,-0.0014040228979865,-1000.0,999.8903738921284,310.84955810565907,331.9634260602133,-2.740554415182032,-0.121798986396584,-0.0097017982247962,998.410945797651,-417.501752683361,-999.8903738921288,-0.0047877180819568, Amensalism,Healthy
SRR13077861.bin.28.fbc2XSRR13077861.bin.6.fbc2 ,-0.0841815420562852,-0.0841815420562852,9.8151311271763,-0.0016173206927305,-1000.0,1000.0,1000.0,-27.49403935953376,-3.1568967797488767,-0.1403025700938087,-0.0111756859867,12.6935738032588,-500.1710801828764,-1000.0,-0.005515063562143,-0.0876914369985115,-0.0876914369985115,990.1848688728236,-0.0016847538328192,0.0,0.0,0.0,-186.34544588925556,-3.288521548907056,-0.1461523949975571,-0.0116416489847779,73.19783062421448,-499.8289198171236,0.0,-0.0057450105699672, Neutralism,Healthy
SRR13077861.bin.33.fbc2XSRR13077861.bin.21.fbc2 ,-0.0670123823455242,-0.0670123823455242,267.80960606336794,-0.0012874617165152,-1000.0,999.8994749891732,-239.5494612180489,-286.610473882989,-2.513035148352742,-0.111687303909207,-0.0088963604612217,1000.0,-499.99425792074425,-999.8994749891732,-0.0043902444533614,-0.0594951975824642,-0.0594951975824642,732.1903939366321,-0.0011430393387854,0.0,-0.0892485115703038,1000.0,68.92984999973123,-2.2311327765041824,-0.0991586626373646,-0.0078984018308574,0.0,-469.8121038843012,0.0892485115703038,-0.003897764145222, Amensalism,Healthy
SRR13077861.bin.5.fbc2XSRR13077861.bin.6.fbc2 ,-0.0927495216130864,-0.0927495216130864,15.894286239522444,-0.0017819312510027,0.0,0.0,703.4080767926075,-11.096142327623625,-3.4782050667095064,-0.1545825360218486,-0.0123131449441871,-13.905086685208516,-289.7631028063083,0.0,-0.0060763855658478,-0.0876914369985115,-0.0876914369985115,984.1057137604776,-0.0016847538328192,-1000.0,1000.0,296.5919232073925,-141.3362793588559,-3.288521548907056,-0.1461523949975571,-0.0116416489847779,46.60358690113185,-710.2368971936917,-1000.0,-0.0057450105699672, Neutralism,Healthy
SRR13077861.bin.17.fbc2XSRR13077861.bin.16.fbc2 ,-0.1055956612281079,-0.1055956612281079,259.63966733349844,-0.0020287350860144,-956.0393056084562,1000.0,458.0693534551515,-7.920425224091332,-3.959948876484418,-0.1759927687135132,-0.0140185594444801,-23.15954946453121,-296.8570221227701,-1000.0,-0.0069179866434296,-0.1475578972949733,-0.1475578972949733,740.3603326665016,-0.0028349259806645,1000.0,-1000.0,67.35355433574978,-621.8354872723673,-5.533577069490548,-0.2459298288249556,-0.0195893385265435,1000.0,-2.0745988326698352,1000.0,-0.0096670975941606, Competition,Healthy
SRR13077861.bin.22.fbc2XSRR13077861.bin.4.fbc2 ,-0.1297331761841178,-0.1297331761841178,0.0415993604325422,-0.0024924721649313,-1.1689910625011637,1000.0,991.4030433037564,-30.91283617599231,-4.865131192874742,-0.2162219603069388,-0.0172229826596321,973.9515090415994,-76.63191693004183,-1000.0,-0.0084993300823725,-0.2892297433447766,-0.2892297433447766,999.9584006395676,-0.0055567674033909,1000.0,-1000.0,8.596956696243637,1000.0,-10.84642099763505,-0.4820495722411806,-0.0383972627571438,26.048490958400635,-923.3680830699582,1000.0,-0.018948576845446, Amensalism,Healthy
SRR13077861.bin.22.fbc2XSRR13077861.bin.30.fbc2 ,-0.131346456897063,-0.131346456897063,11.581503780366688,-0.0025234669913061,1000.0,-0.5951367945654056,1000.0,-31.297248890227365,-4.925630924323286,-0.2189107614950671,-0.0174371569098639,1000.0,-300.4232891064356,0.5951367945654056,-0.0086050224402924,-0.1772363994336956,-0.1772363994336956,988.4184962196332,-0.0034051181447694,-1000.0,999.7341283752588,-685.689352307437,-465.6892304917385,-6.646552260259455,-0.2953939990560457,-0.023529366380103,0.0,-699.5767108935644,-999.7341283752588,-0.0116114528735806, Amensalism,Healthy
SRR13077861.bin.5.fbc2XSRR13077861.bin.7.fbc2 ,-0.0927495216130864,-0.0927495216130864,196.49709759242887,-0.0017819312510027,-1000.0,1000.0,0.0236340554113212,-139.10991708385473,-3.4782050667095064,-0.1545825360218486,-0.0123131449441871,-2.9763775878107026,-285.997991443581,-1000.0,-0.0060763855658478,-0.0852395173940294,-0.0852395173940294,803.5029024075711,-0.0016376468279304,0.0,0.0,702.5571073282538,-765.7037550324641,-3.1965719728503927,-0.1420658623233066,-0.0113161395810266,113.50872705234792,-357.3512026174094,0.0,-0.00558437568327, Neutralism,Healthy
SRR13077861.bin.30.fbc2XSRR13077861.bin.33.fbc2 ,-0.1584075997320724,-0.1584075997320724,668.0204340547373,-0.0030433736740178,-1000.0,999.7623733835336,-547.5280656235079,-494.2426839082702,-5.940452375503128,-0.2640126662200828,-0.0210297120873974,4.2717912799926125,-500.006028844083,-999.7623733835336,-0.0103779042283349,-0.0703590436141894,-0.0703590436141894,331.9795659452627,-0.0013517587630076,999.8944546757848,-1000.0,-250.65842788374343,-351.71936674929634,-2.6385384822634705,-0.1172650726903157,-0.009340653052277,995.7282087200074,-499.993971155917,1000.0,-0.0046094973818071, Amensalism,Healthy
SRR13077861.bin.21.fbc2XSRR13077861.bin.6.fbc2 ,-0.0796808312127268,-0.0796808312127268,986.2884119135516,-0.0015308517043877,-1000.0,996.7895590396528,1000.0,-610.0197035470685,-2.988115367320688,-0.1328013853545826,-0.0105781852772679,408.4274436703317,-119.20300269386962,-996.7895590396528,-0.0052202043119677,-0.0876914369985115,-0.0876914369985115,13.7115880864485,-0.0016847538328192,1000.0,-1000.0,0.0,205.19032279896555,-3.288521548907056,-0.1461523949975571,-0.0116416489847779,591.5725563296683,-43.72397005402934,1000.0,-0.0057450105699672, Neutralism,Healthy
SRR13077861.bin.2.fbc2XSRR13077861.bin.30.fbc2 ,-0.1347843457265298,-0.1347843457265298,2.603655489995276,-0.0025895167286762,1000.0,-1000.0,660.0273788308964,-48.16690797401941,-5.054555388167046,-0.2246405762109589,-0.0178935605949845,8.932175423159606,-755.6666378388717,1000.0,-0.0088302520447314,-0.1406473584659124,-0.1406473584659124,997.3963445100048,-0.0027021586640785,-1000.0,999.7890154515078,-364.9091443973124,-951.8330920259806,-5.27442456119843,-0.234412264109892,-0.0186719163688167,551.0689818268688,-244.33336216112832,-999.7890154515078,-0.0092143610445418, Amensalism,Healthy
SRR13077861.bin.23.fbc2XSRR13077861.bin.8.fbc2 ,0.0,0.0,0.0,0.0,0.0,973.842761662891,-1000.0,-456.2763586970136,0.0,0.0,0.0,0.0,-502.2438918986617,-973.8427616628912,0.0,-0.0938325704331646,-0.0938325704331646,1000.0,-0.001802739105301,1000.0,-1000.0,376.0809355360109,-543.7236413029864,-3.518820541895934,-0.1563876173886456,-0.0124569272179542,2.998117378708116,-497.7561081013383,1000.0,-0.00614734034923, Amensalism,Healthy
SRR13077861.bin.7.fbc2XSRR13077861.bin.8.fbc2 ,-0.0834999790247366,-0.0834999790247366,571.9761121994959,-0.0016042263021063,-1000.0,1000.0,104.36120684554272,-596.0533993308978,-3.1313374458744647,-0.1391666317078943,-0.0110852037475979,601.9839191667945,-285.91442211248113,-1000.0,-0.0054704116902257,-0.0401625815991337,-0.0401625815991337,428.0238878005041,-0.0007716154005947,0.0,0.0,160.9716241557744,-232.72670683955064,-1.506139248814634,-0.0669376359985562,-0.0053318624178473,1.2832658565168913,-213.0515045659829,0.0,-0.0026312085159361, Amensalism,Healthy
SRR13077861.bin.22.fbc2XSRR13077861.bin.2.fbc2 ,-0.1476692980655798,-0.1476692980655798,993.368200380016,-0.0028370662452061,-0.7888577122836296,1000.0,1000.0,-35.18665736545245,-5.537754716100835,-0.2461154967759284,-0.0196041277547465,1000.0,-72.24017391841517,-1000.0,-0.0096743958963543,-0.1350549594870926,-0.1350549594870926,6.631799619984236,-0.0025947158402459,1000.0,-1000.0,-1000.0,-497.621948578285,-5.064703690136071,-0.2250915991451165,-0.0179294864564099,0.0,-869.3727773818773,1000.0,-0.0088479810153785, Neutralism,Healthy
SRR13077861.bin.23.fbc2XSRR13077861.bin.16.fbc2 ,0.0,0.0,0.0,0.0,0.0,1000.0,-500.0,-120.56501928050976,0.0,0.0,0.0,0.0,-689.7174903597449,-1000.0,0.0,-0.1702581583895153,-0.1702581583895153,1000.0,-0.0032710501131987,1000.0,-1000.0,93.90885573768628,-879.4349807194902,-6.384860847361097,-0.283763597315783,-0.0226029562818439,700.6335427102529,-2.3937544728032663,1000.0,-0.0111542808858757, Amensalism,Healthy
SRR13077861.bin.16.fbc2XSRR13077861.bin.21.fbc2 ,-0.1702581583895153,-0.1702581583895153,1000.0,-0.0032710501131987,-1000.0,1000.0,-213.1349565194412,-1000.0,-6.384860847361097,-0.283763597315783,-0.0226029562818439,821.1985619907634,-2.3937544728032663,-1000.0,-0.0111542808858757,0.0,0.0,0.0,0.0,0.0,0.0,0.0,937.5,0.0,0.0,0.0,89.28571428571422,-410.7142857142856,0.0,0.0, Amensalism,Healthy
SRR13077861.bin.7.fbc2XSRR13077861.bin.30.fbc2 ,-0.0846152172981646,-0.0846152172981646,585.3395755791737,-0.001625652589837,1000.0,-1000.0,86.05241340211023,-606.9975435413971,-3.1731600595755936,-0.1410253621636457,-0.0112332593954533,611.4328115021035,-285.91709516430456,1000.0,-0.0055434753311374,-0.1556698746328493,-0.1556698746328493,414.6604244208263,-0.0029907756893408,-1000.0,999.7664802341724,-1000.0,-8.193122095597232,-5.837784791393233,-0.2594497910546351,-0.0206662600137406,28.33173771729207,-613.6593805661329,-999.7664802341724,-0.0101985451008204, Amensalism,Healthy
SRR13077861.bin.33.fbc2XSRR13077861.bin.16.fbc2 ,-0.0497058869857482,-0.0497058869857482,81.25550864188108,-0.000954964207267,-1000.0,999.9254363947002,-36.81576151415743,-95.20089870811876,-1.8640232849980976,-0.0828431449763229,-0.0065988026718741,295.65953115939647,-499.9957408596358,-999.9254363947005,-0.0032564279466669,-0.163154000228701,-0.163154000228701,918.7444913581188,-0.0031345629246288,1000.0,-1000.0,86.0601529782748,-798.817954511967,-6.118447409538476,-0.2719233337145397,-0.0216598298094368,704.3404688406035,-1.8319639556902985,1000.0,-0.0106888595730652, Amensalism,Healthy
SRR13077861.bin.5.fbc2XSRR13077861.bin.22.fbc2 ,-0.0927495216130864,-0.0927495216130864,4.965577142124744,-0.0017819312510027,-1000.0,1000.0,693.4558276546709,-0.167433230225356,-3.4782050667095064,-0.1545825360218486,-0.0123131449441871,-2.9763775878107026,-290.25133278603926,-1000.0,-0.0060763855658478,-0.1476985965359745,-0.1476985965359745,995.0344228578753,-0.0028376291361382,1000.0,-0.6708987550198344,306.5441723453291,-35.193638608367905,-5.538853439701825,-0.2461643275599954,-0.0196080173307109,1000.0,-449.2574229424206,0.6708987550198344,-0.0096763153542269, Neutralism,Healthy
SRR13077861.bin.33.fbc2XSRR13077861.bin.28.fbc2 ,-0.0703680076874206,-0.0703680076874206,332.33147850406885,-0.0013519309834464,-1000.0,999.894441228814,-250.48078417205704,-352.00889480474393,-2.63887464448078,-0.1172800128123299,-0.0093418430955125,996.459422344824,-499.8291802488645,-999.894441228814,-0.00461008465345,-0.0840533942767933,-0.0840533942767933,9.800189760832268,-0.0016148586796589,1000.0,-1000.0,1000.0,-24.407628102293643,-3.152091102607642,-0.1400889904613222,-0.0111586734765296,3.5405776551758663,-500.17081975113547,1000.0,-0.0055066680977233, Neutralism,Healthy
SRR13077861.bin.25.fbc2XSRR13077861.bin.17.fbc2 ,-0.0560594376281642,-0.0560594376281642,147.72504570181036,-0.0010770305019605,-1000.0,999.9159054584052,0.0,880.9364313259648,-2.1022881477355213,-0.0934323960469782,-0.0074422807687142,980.9950200152908,-369.28958045576735,-999.9159054584052,-0.0036726740117956,-0.1552763092872737,-0.1552763092872737,852.2749542981896,-0.002983214395499,16.9223437116558,0.0840945415948226,1000.0,119.0635686740352,-5.823025675065082,-0.2587938488121608,-0.0206140114730715,19.004979984709397,-513.644250975975,-0.0840945415948226,-0.010172761088711, Amensalism,Healthy
SRR13077861.bin.25.fbc2XSRR13077861.bin.14.fbc2 ,-0.1057119546738931,-0.1057119546738931,999.986255407748,-0.0020309693501303,-1000.0,999.8414219131424,430.54077509744434,285.79612350388857,-3.964310003587229,-0.1761865911232689,-0.0140339982093564,817.4990107859289,-533.6998691572995,-999.8414219131424,-0.006925605483957,-0.0715406026715754,-0.0715406026715754,0.01374459225201,-0.0013744592251896,1000.0,-1000.0,-1000.0,599.0209282217756,-2.6828481954426024,-0.119234337785997,-0.009497513246174,182.50098921407107,-140.48920394898096,1000.0,-0.0046869059578966, Neutralism,Healthy
SRR13077861.bin.25.fbc2XSRR13077861.bin.6.fbc2 ,-0.1054463089072896,-0.1054463089072896,986.2884119135516,-0.0020258656850273,-1000.0,999.8418204073104,710.0625988735987,174.44723927370092,-3.954348006637474,-0.175743848178854,-0.0139987318837029,944.5146322903712,-614.0668723867037,-999.8418204073106,-0.006908201986107,-0.0876914369985115,-0.0876914369985115,13.7115880864485,-0.0016847538328192,1000.0,-1000.0,60.6863695255488,825.5527607262991,-3.288521548907056,-0.1461523949975571,-0.0116416489847779,55.48536770962892,-385.9331276132963,1000.0,-0.0057450105699672, Neutralism,Healthy
SRR13077861.bin.23.fbc2XSRR13077861.bin.17.fbc2 ,0.0,0.0,0.0,0.0,1000.0,0.0,-500.0,-1000.0,0.0,0.0,0.0,0.0,-250.0,0.0,0.0,-0.1676601078332851,-0.1676601078332851,1000.0,-0.0032211355971867,-836.6887527050026,1000.0,1000.0,1000.0,-6.2874312062070885,-0.279433513055551,-0.0222580469765034,18.70566053164862,-594.2554790427453,-1000.0,-0.0109840723863499, Amensalism,Healthy
SRR13077861.bin.5.fbc2XSRR13077861.bin.2.fbc2 ,-0.0927495216130864,-0.0927495216130864,219.65417823470105,-0.0017819312510027,0.0,0.0,539.7317858039944,-69.63867515704226,-3.4782050667095064,-0.1545825360218486,-0.0123131449441871,66.49486433900529,-285.9979914435811,0.0,-0.0060763855658478,-0.1273528415201781,-0.1273528415201781,4.96039929406038,-0.0024467404711003,-1000.0,1000.0,460.2682141960056,-48.01146461963162,-4.775866127730865,-0.2122547358668498,-0.0169069766552638,3.4390894713517355,-714.0020085564189,-1000.0,-0.0083433850063556, Neutralism,Healthy
SRR13077861.bin.33.fbc2XSRR13077861.bin.4.fbc2 ,-0.0470870823448876,-0.0470870823448876,132.4337946832784,-0.0009046509576364,-1000.0,999.929364853228,-77.66301872044187,-145.60103008094143,-1.7658153437354258,-0.078478470574737,-0.0062511381172498,396.9433774798608,-424.4104126580113,-999.929364853228,-0.0030848597655221,-0.2983882585947413,-0.2983882585947413,867.5662053167216,-0.0057327235081174,1000.0,-1000.0,-922.336981279558,762.859940162793,-11.18987499709749,-0.4973137643246446,-0.0396131194406734,603.0566225201392,-575.5895873419887,1000.0,-0.0195485871624896, Amensalism,Healthy
SRR13077861.bin.25.fbc2XSRR13077861.bin.28.fbc2 ,-0.1047762345104956,-0.1047762345104956,995.7663615492386,-0.0020129920175122,-1000.0,999.842825583274,245.48309040296067,249.822845205764,-3.929219508704591,-0.1746270575174549,-0.0139097748408403,998.0265166180552,-499.8398429754019,-999.842825583274,-0.0068643027796042,-0.0788067038223516,-0.0788067038223516,4.233638450761418,-0.0015140577103238,1000.0,-1000.0,754.5169095970393,-15.828966152103249,-2.955334666512613,-0.131344506370624,-0.0104621387783936,1.9734833819446749,-500.1601570245981,1000.0,-0.0051629367922032, Neutralism,Healthy
SRR13077861.bin.2.fbc2XSRR13077861.bin.17.fbc2 ,-0.1350549594870926,-0.1350549594870926,2.591524339805801,-0.0025947158402459,1000.0,-1000.0,2.23092597101504,-47.39984300455603,-5.064703690136071,-0.2250915991451165,-0.0179294864564099,8.08055056035721,-757.8273198084897,1000.0,-0.0088479810153785,-0.1674428602082116,-0.1674428602082116,997.4084756601942,-0.0032169617714998,-832.5686983211015,1000.0,997.769074028985,1000.0,-6.279284190704175,-0.2790714336803148,-0.0222292058413131,12.721518218342226,-242.17268019151027,-1000.0,-0.010969839640893, Neutralism,Healthy
SRR13077861.bin.14.fbc2XSRR13077861.bin.4.fbc2 ,-0.0758395414011374,-0.0758395414011374,0.0145705170799601,-0.0014570517080301,-1000.0,1000.0,-16.5701766653159,334.04378736920444,-2.844062940386493,-0.1263992356686003,-0.010068227302213,547.8546077781302,-338.37546695987123,-1000.0,-0.0049685463242212,-0.2452260727832254,-0.2452260727832254,999.9854294829202,-0.0047113558651972,0.0,0.0,284.1379567418435,665.9562126307956,-9.196236853943104,-0.4087101213053756,-0.0325554690284661,452.14539222186977,-661.6245330401288,0.0,-0.0160657235003327, Amensalism,Healthy
SRR13077861.bin.17.fbc2XSRR13077861.bin.21.fbc2 ,-0.1676601078332851,-0.1676601078332851,1000.0,-0.0032211355971867,-758.6846601387208,1000.0,1000.0,1000.0,-6.2874312062070885,-0.279433513055551,-0.0222580469765034,20.52068991227111,-608.4018586983161,-1000.0,-0.0109840723863499,0.0,0.0,0.0,0.0,0.0,0.0,0.0,-1000.0,0.0,0.0,0.0,979.4793100877288,-391.5981413016839,0.0,0.0, Amensalism,Healthy
SRR13077861.bin.14.fbc2XSRR13077861.bin.6.fbc2 ,-0.0002552573325829,-0.0002552573325829,0.0538541478811112,-4.904079446532705e-06,-1000.0,1000.0,-0.014403382331011,-0.0700702710551013,-0.0095724196943365,-0.0004254288875245,-3.388718857877393e-05,3.009498515688392,-0.8436022884948216,-1000.0,-1.6722910686439718e-05,-0.0876914369985115,-0.0876914369985115,999.9461458521188,-0.0016847538328192,0.0,0.0,0.0,-679.2750662816585,-3.288521548907056,-0.1461523949975571,-0.0116416489847779,307.6527643167117,-87.47931638249156,0.0,-0.0057450105699672, Amensalism,Healthy
SRR13077861.bin.22.fbc2XSRR13077861.bin.8.fbc2 ,-0.1307627750203437,-0.1307627750203437,0.0419295046126535,-0.0025122531224042,0.0,999.3733446564054,432.56057203532646,-31.17188600741701,-4.9037422371850425,-0.2179379583672016,-0.0173596690757449,997.0020083308682,-502.2647625656924,-999.3733446564054,-0.0085667831473301,-0.0938286360800475,-0.0938286360800475,999.9580704953872,-0.0018026635174237,1000.0,-1000.0,376.0651666486899,-543.7008432400595,-3.518672999493788,-0.1563810601332989,-0.0124564049051514,2.997991669131693,-497.7352374343076,1000.0,-0.0061470825943388, Amensalism,Healthy
SRR13077861.bin.23.fbc2XSRR13077861.bin.25.fbc2 ,0.0,0.0,0.0,0.0,-0.1373096923521188,1000.0,-500.06865484617606,-999.862690307648,0.0,0.0,0.0,0.0,-249.965672576912,-1000.0,0.0,-0.1064329037517382,-0.1064329037517382,1000.0,-0.0020448204371632,-0.159659579729805,0.0,984.918055469619,124.225701390528,-3.9913463558133344,-0.1773881729195636,-0.0141297092204695,1000.0,-611.5659982461661,0.0,-0.0069728376905686, Amensalism,Healthy
SRR13077861.bin.8.fbc2XSRR13077861.bin.16.fbc2 ,-0.0837010268788844,-0.0837010268788844,947.4024918012794,-0.0016080888930218,-1000.0,1000.0,1000.0,-928.0327716294912,-3.1388769528490457,-0.1395017114648453,-0.011111894250348,4.295108947781273,-471.6996375544526,-1000.0,-0.0054835831250557,-0.0870876459864575,-0.0870876459864575,52.59750819872056,-0.0016731536212546,1000.0,-1000.0,0.0,58.2559515676528,-3.26587874794086,-0.1451460766440959,-0.0115614915229116,742.6037147981237,-0.9778579024076636,1000.0,-0.0057054538484635, Competition,Healthy
SRR13077861.bin.7.fbc2XSRR13077861.bin.28.fbc2 ,-0.0852395173940294,-0.0852395173940294,990.1848688728236,-0.0016376468279304,0.0,0.0,0.0,-972.5059606404676,-3.1965719728503927,-0.1420658623233066,-0.0113161395810266,987.3064261967412,-244.96105681528047,0.0,-0.00558437568327,-0.0841815420562852,-0.0841815420562852,9.815131127176189,-0.0016173206927305,-1000.0,1000.0,1000.0,-27.494039359532398,-3.1568967797488767,-0.1403025700938087,-0.0111756859867,12.6935738032588,-500.1710801828763,-1000.0,-0.005515063562143, Neutralism,Healthy
SRR13077861.bin.22.fbc2XSRR13077861.bin.7.fbc2 ,-0.1378410454772165,-0.1378410454772165,405.97912437226296,-0.0026482429486804,-0.6216499329295857,1000.0,312.9671257611167,-32.84478020577433,-5.16918485875874,-0.2297350757953609,-0.0182993587751525,996.4357767159,-254.13700534130191,-1000.0,-0.0090305084548845,-0.0849564413298367,-0.0849564413298367,594.020875627737,-0.0016322082868782,1000.0,-1000.0,687.0328742388833,-603.0041031162965,-3.185956321323488,-0.1415940688830232,-0.0112785592619957,3.564223284099853,-286.1945938680103,1000.0,-0.0055658302580923, Neutralism,Healthy
SRR13077861.bin.5.fbc2XSRR13077861.bin.16.fbc2 ,-0.0924676575777994,-0.0924676575777994,0.196000471928869,-0.0017765159957434,-1000.0,1000.0,476.0323658573791,-119.7365289728864,-3.4676348675459394,-0.1541127626295519,-0.0122757255304577,-0.1659875031213005,-286.6686881505914,-1000.0,-0.0060579195454693,-0.1702410220946149,-0.1702410220946149,999.803999528071,-0.0032707208855526,1000.0,-1000.0,-392.9807999414047,-880.2634710271136,-6.384218218197702,-0.283735036824396,-0.0226006813194317,701.665435036145,-0.3476122157198915,1000.0,-0.0111531582198267, Neutralism,Healthy
SRR13077861.bin.25.fbc2XSRR13077861.bin.4.fbc2 ,-0.0872011470265761,-0.0872011470265761,853.7750090142881,-0.0016753342367792,-1000.0,999.869189902789,543.8539852706094,228.91417626782092,-3.2701351568779278,-0.1453352450441798,-0.0115765595763832,362.4338761747954,-401.45305216566703,-999.869189902789,-0.0057128897475422,-0.2685277456849917,-0.2685277456849917,146.22499098571188,-0.0051590344992291,1000.0,-1000.0,-1000.0,771.085823732179,-10.070074210084158,-0.4475462428082437,-0.035648928389719,637.5661238252046,-598.546947834333,1000.0,-0.0175923076424169, Competition,Healthy
SRR13077861.bin.33.fbc2XSRR13077861.bin.14.fbc2 ,-0.0668201600727798,-0.0668201600727798,290.2101132501127,-0.0012837686853117,-1000.0,999.8997633410472,-212.48620607862009,-308.8954242350725,-2.5058266100086257,-0.1113669334547466,-0.0088708416158169,870.1223011307954,-499.9942743916633,-999.8997633410472,-0.0043776512170552,-0.070526923872535,-0.070526923872535,14.87975820377028,-0.0013549841281701,1000.0,-1000.0,-787.5137939213799,612.6895355052766,-2.644834169347177,-0.1175448731208916,-0.0093629403257864,129.87769886920455,-63.03637968750854,1000.0,-0.004620495877134, Neutralism,Healthy
SRR13077861.bin.7.fbc2XSRR13077861.bin.4.fbc2 ,-0.0852395173940294,-0.0852395173940294,600.7926590581267,-0.0016376468279304,-1000.0,1000.0,688.3914798672531,-609.8610163527736,-3.1965719728503927,-0.1420658623233066,-0.0113161395810266,10.376725095121287,-286.2157081871876,-1000.0,-0.00558437568327,-0.283940344045277,-0.283940344045277,399.2073409418733,-0.0054551458990772,0.0,0.0,-1000.0,553.3879441082422,-10.64806293472202,-0.4732339067421662,-0.0376950581623987,989.6232749048786,-713.7842918128124,0.0,-0.018602047515742, Neutralism,Healthy
SRR13077861.bin.30.fbc2XSRR13077861.bin.4.fbc2 ,-0.156618915816125,-0.156618915816125,588.5571580229182,-0.0030090089494478,-1000.0,999.765056581231,0.0,-437.5884226687783,-5.873374838596419,-0.2610315263601706,-0.020792251840362,209.1345241504448,-471.1875930806643,-999.7650565812312,-0.0102607205174081,-0.2433371361246372,-0.2433371361246372,411.4428419770818,-0.0046750650552667,1000.0,-1000.0,-1000.0,1000.0,-9.12539973325272,-0.4055618935410621,-0.0323046995316644,790.8654758495552,-528.8124069193357,1000.0,-0.0159419718382878, Competition,Healthy
SRR13077861.bin.2.fbc2XSRR13077861.bin.33.fbc2 ,-0.1350549594870926,-0.1350549594870926,6.631799619984349,-0.0025947158402459,-1000.0,1000.0,669.2727454403246,-51.44011828473424,-5.064703690136071,-0.2250915991451165,-0.0179294864564099,0.0,-757.8273198084898,-1000.0,-0.0088479810153785,-0.0486755674492087,-0.0486755674492087,333.4566946465727,-0.0009351694034194,999.9269819729792,-1000.0,-276.8382237866236,-347.06812739630254,-1.8253852136616613,-0.0811259457486812,-0.0064620205778282,1000.0,-242.17268019151012,1000.0,-0.0031889276657466, Amensalism,Healthy
SRR13077861.bin.5.fbc2XSRR13077861.bin.33.fbc2 ,-0.0927495216130864,-0.0927495216130864,20.208573449188293,-0.0017819312510027,-1000.0,1000.0,497.79026029588977,-15.410429537289588,-3.4782050667095064,-0.1545825360218486,-0.0123131449441871,-9.590799475543122,-291.9202464111411,-1000.0,-0.0060763855658478,-0.0704817637900987,-0.0704817637900987,333.51195935448163,-0.0013541164993284,999.894270583732,-1000.0,-251.5289461420283,-353.22118593747814,-2.643140618537928,-0.1174696063169449,-0.0093569450103814,1000.0,-499.993960640413,1000.0,-0.0046175372626748, Neutralism,Healthy
SRR13077861.bin.2.fbc2XSRR13077861.bin.6.fbc2 ,-0.1350549594870926,-0.1350549594870926,2.5915243398056877,-0.0025947158402459,0.0,0.0,-338.8078051200323,-47.39984300455683,-5.064703690136071,-0.2250915991451165,-0.0179294864564099,8.08055056035721,-757.8273198084898,0.0,-0.0088479810153785,0.0,0.0,796.5152247913024,0.0,-1000.0,1000.0,0.0,-952.6001569954432,0.0,0.0,0.0,78.04246610207065,-242.17268019151012,-1000.0,0.0, Amensalism,Healthy
SRR13077861.bin.22.fbc2XSRR13077861.bin.6.fbc2 ,-0.1475552145203664,-0.1475552145203664,986.2884119135516,-0.0028348744384629,-0.6563856138348001,1000.0,0.0,-35.15947352516184,-5.533476462608178,-0.2459253575339062,-0.0195889823695551,1000.0,-435.3235704951635,-1000.0,-0.0096669218351053,-0.0876914369985115,-0.0876914369985115,13.7115880864485,-0.0016847538328192,1000.0,-1000.0,119.54124490082904,936.523496145559,-3.288521548907056,-0.1461523949975571,-0.0116416489847779,0.0,-469.16117917773977,1000.0,-0.0057450105699672, Neutralism,Healthy
SRR13077861.bin.25.fbc2XSRR13077861.bin.30.fbc2 ,-0.0798132006447076,-0.0798132006447076,532.7114417312214,-0.0015333948250599,-1000.0,999.8802725320588,823.4053185425678,293.0518998007735,-2.9930793608923523,-0.1330220010745506,-0.0105957582412656,995.3332963451412,-360.0131530926968,-999.8802725320588,-0.0052288763534988,-0.1595125080075377,-0.1595125080075377,467.2885582687786,-0.0030646014987496,0.0,-0.2392840850188804,-208.49178687570463,-48.62225230476406,-5.981887603366317,-0.2658541800126386,-0.0211763963560542,4.666703654858679,-639.9868469073032,0.2392840850188804,-0.010450291110601, Competition,Healthy
SRR13077861.bin.23.fbc2XSRR13077861.bin.21.fbc2 ,0.0,0.0,0.0,0.0,-388.8481831426807,1000.0,-694.4240915713403,0.0,0.0,0.0,0.0,388.8481831426816,-458.363862642989,-1000.0,0.0,-0.0808626200596336,-0.0808626200596336,1000.0,-0.0015535565813706,-0.1213016978722407,0.0,1000.0,-768.229430073876,-3.0324336978462725,-0.1347710334326848,-0.0107350759772089,611.1518168573184,-541.636137357011,0.0,-0.0052976279424683, Amensalism,Healthy
SRR13077861.bin.7.fbc2XSRR13077861.bin.21.fbc2 ,-0.0846152172981646,-0.0846152172981646,585.3395755791739,-0.001625652589837,1000.0,-1000.0,680.6031430128742,-614.5463247425074,-3.1731600595755936,-0.1410253621636457,-0.0112332593954533,57.50509991602212,-285.91709516430456,1000.0,-0.0055434753311374,-0.0336938371286805,-0.0336938371286805,414.6604244208261,-0.0006473359678693,-1000.0,999.9494560076272,319.39685698712583,-385.4536752574926,-1.2635544958058065,-0.0561563952145434,-0.0044730915381023,132.3020875924417,-19.225958364300823,-999.9494560076272,-0.0022074156505595, Amensalism,Healthy
SRR13077861.bin.14.fbc2XSRR13077861.bin.28.fbc2 ,-0.0761858563882924,-0.0761858563882924,20.326166928621205,-0.0014637052139505,-1000.0,1000.0,-1000.0,479.0863457096398,-2.857050118348752,-0.1269764273138207,-0.0101142030287064,394.38550773904353,-377.85045429672857,-1000.0,-0.0049912347797089,-0.0841808027545312,-0.0841808027545312,9.815044928424529,-0.0016173064890381,0.0,0.0,1000.0,-27.493797900520462,-3.156869055151219,-0.1403013379241429,-0.0111755878392614,12.693462325357928,-500.1652238595546,0.0,-0.0055150151275711, Neutralism,Healthy
SRR13077861.bin.17.fbc2XSRR13077861.bin.4.fbc2 ,-0.1676601078332851,-0.1676601078332851,1000.0,-0.0032211355971867,-875.2995047668661,1000.0,1000.0,872.9234430412025,-6.2874312062070885,-0.279433513055551,-0.0222580469765034,20.52068991227065,-231.4903870862984,-1000.0,-0.0109840723863499,-0.2645552807967988,-0.2645552807967988,0.0,-0.0050827143285232,1000.0,-1000.0,-1000.0,127.07655695879772,-9.92110257916977,-0.4409254679947025,-0.0351215560096989,979.4793100877292,-768.5096129137016,1000.0,-0.017332055860038, Amensalism,Healthy
SRR13077861.bin.30.fbc2XSRR13077861.bin.37.fbc2 ,-0.125292502488719,-0.125292502488719,34.52507722565724,-0.0024071566280099,-1000.0,999.8120492104836,-317.2942225600326,352.52838309775643,-4.698601236942977,-0.208820837481312,-0.0166334522996294,21.4365000626932,-407.39570309035696,-999.8120492104836,-0.0082084041015377,-0.1304267404728989,-0.1304267404728989,965.4749227743428,-0.0025057971272417,1000.0,-1000.0,964.2465809778088,-1000.0,-4.891140586574352,-0.2173779007880512,-0.0173150581492791,978.5634999373068,-592.604296909643,1000.0,-0.008544768203933, Amensalism,Healthy
SRR13077861.bin.17.fbc2XSRR13077861.bin.6.fbc2 ,-0.166481619790602,-0.166481619790602,986.2884119135516,-0.0031984941361997,-885.5480692880159,1000.0,1000.0,798.411564705696,-6.243236659327181,-0.2774693663177459,-0.0221015944813416,21.06939592136075,-372.8005521690143,-1000.0,-0.0109068650045855,-0.0876914369985115,-0.0876914369985115,13.7115880864485,-0.0016847538328192,1000.0,-1000.0,0.0,201.588435294304,-3.288521548907056,-0.1461523949975571,-0.0116416489847779,595.6392035123504,-43.60778013452409,1000.0,-0.0057450105699672, Neutralism,Healthy
SRR13077861.bin.37.fbc2XSRR13077861.bin.16.fbc2 ,-0.1318430078332539,-0.1318430078332539,981.3881035611809,-0.0025330068748417,-1000.0,1000.0,186.8858406702916,-954.5013838816598,-4.944252109124818,-0.2197383463887945,-0.0175030775048981,0.0,-500.2666749637788,-1000.0,-0.0086375534430089,-0.0844555288657602,-0.0844555288657602,18.61189643881937,-0.0016225846084125,1000.0,-1000.0,-500.0,89.70307491754147,-3.16717157462108,-0.1407592147763807,-0.0112120596438671,1000.0,-0.1724482921778189,1000.0,-0.0055330135145368, Amensalism,Healthy
SRR13077861.bin.37.fbc2XSRR13077861.bin.8.fbc2 ,-0.0459851693043447,-0.0459851693043447,16.689385863131065,-0.000883480678226,-1000.0,1000.0,-1000.0,-21.54043102077321,-1.724492440350332,-0.0766419488405745,-0.0061048514869526,997.051919359088,-500.0930128458091,-1000.0,-0.0030126691128771,-0.0922665624586898,-0.0922665624586898,983.3106141368688,-0.0017726524968111,0.0,0.0,369.8043756870816,-534.6492276503737,-3.46009358808908,-0.1537776040978542,-0.0122490287528762,2.94808064091194,-489.44886434750464,0.0,-0.0060447450141509, Amensalism,Healthy
SRR13077861.bin.8.fbc2XSRR13077861.bin.21.fbc2 ,-0.0938325704331646,-0.0938325704331646,1000.0,-0.001802739105301,1000.0,-1000.0,376.0809355360104,-543.7236413029851,-3.518820541895934,-0.1563876173886456,-0.0124569272179542,2.998117378708116,-497.7561081013383,1000.0,-0.00614734034923,0.0,0.0,0.0,0.0,-1000.0,1000.0,0.0,-456.27635869701487,0.0,0.0,0.0,305.9805571945342,-25.947459282009163,-1000.0,0.0, Amensalism,Healthy
SRR13077861.bin.23.fbc2XSRR13077861.bin.28.fbc2 ,-0.0431142860041973,-0.0431142860041973,995.4895518622486,-0.000828324418876,-1000.0,999.9353244293716,0.0,-983.1360821823524,-1.616831282999442,-0.071857143340253,-0.0057237217346255,997.8974835597088,-245.49611619791176,-999.9353244293716,-0.0028245862685025,-0.0839593542604006,-0.0839593542604006,4.510448137751382,-0.0016130519550188,1000.0,-1000.0,1000.0,-16.86391781764769,-3.1485645026217526,-0.1399322571006678,-0.0111461890094233,2.102516440291083,-500.1706286358052,1000.0,-0.0055005071667437, Neutralism,Healthy
SRR13077861.bin.25.fbc2XSRR13077861.bin.16.fbc2 ,-0.0477653402064106,-0.0477653402064106,0.0,-0.0009176818483638,-1000.0,999.9283474012808,701.0506789222277,902.0323416419026,-1.7912507302435188,-0.0796089003440556,-0.006341181572111,531.7961299424842,-669.202616489963,-999.928347401281,-0.0031292951028945,-0.1693806210037109,-0.1693806210037109,1000.0,-0.0032541906052756,1000.0,-1000.0,84.85445306690349,-670.7714903974858,-6.3519522681217495,-0.282301035006185,-0.0224864570823228,468.2038700575158,-94.6799908396498,1000.0,-0.0110967899639717, Amensalism,Healthy
SRR13077861.bin.22.fbc2XSRR13077861.bin.23.fbc2 ,-0.1320449618120847,-0.1320449618120847,41.47658014977242,-0.0025368868743953,-0.368432080767775,1000.0,1000.0,-31.463688721895775,-4.951825596729918,-0.2200749363533987,-0.0175298883020786,1000.0,-646.3203746708625,-1000.0,-0.0086507842416949,-0.0283314666424985,-0.0283314666424985,958.5234198502276,-0.000544312519537,1000.0,-992.6540875104037,0.0,-968.5363112781042,-1.062459936281357,-0.0472191110708308,-0.0037611995101087,0.0,-156.23380646183602,992.6540875104037,-0.0018561056916723, Competition,Healthy
SRR13077861.bin.28.fbc2XSRR13077861.bin.16.fbc2 ,-0.0839593542604006,-0.0839593542604006,4.510448137751382,-0.0016130519550188,-1000.0,1000.0,1000.0,-16.863917817647916,-3.1485645026217526,-0.1399322571006678,-0.0111461890094233,2.102516440291083,-500.17062863580526,-1000.0,-0.0055005071667437,-0.1698638105171994,-0.1698638105171994,995.4895518622486,-0.0032634737851822,1000.0,-1000.0,-393.21071186842266,-875.7402056994752,-6.370072385451522,-0.2831063508618854,-0.022550603855393,702.1004489296511,-0.3468419938859597,1000.0,-0.011128445607369, Neutralism,Healthy
SRR13077861.bin.4.fbc2XSRR13077861.bin.6.fbc2 ,-0.2468188004329476,-0.2468188004329476,986.2884119135516,-0.004741955820009,0.0,0.0,-26.13816958009272,523.4486679362335,-9.255965823804445,-0.4113646673881703,-0.0327669147164897,770.0139179591047,-777.5349150089294,0.0,-0.0161700693463444,-0.0876914369985115,-0.0876914369985115,13.7115880864485,-0.0016847538328192,-1000.0,1000.0,82.75171294363054,476.5513320637665,-3.288521548907056,-0.1461523949975571,-0.0116416489847779,229.98608204089533,-222.46508499107065,-1000.0,-0.0057450105699672, Amensalism,Healthy
SRR13077861.bin.17.fbc2XSRR13077861.bin.14.fbc2 ,-0.167658886386107,-0.167658886386107,999.98542948292,-0.0032211121304044,0.0,251.84078525787072,1000.0,1000.0,-6.287385400645121,-0.2794314773101405,-0.022257884820874,20.52054041374004,-744.4206575997458,-251.84078525787083,-0.0109839923645722,-0.0758395414011374,-0.0758395414011374,0.0145705170800738,-0.0014570517080301,1000.0,-1000.0,-1000.0,0.0,-2.844062940386493,-0.1263992356686003,-0.010068227302213,889.1292765175667,-255.57934240025415,1000.0,-0.0049685463242212, Neutralism,Healthy
SRR13077861.bin.25.fbc2XSRR13077861.bin.8.fbc2 ,-0.0494925448261938,-0.0494925448261938,0.0,-0.000950865414552,-1000.0,999.9257564284336,623.9190644639893,479.125139521354,-1.856022728580342,-0.0824875747102851,-0.0065704800143748,997.0018826212918,-192.42051318841027,-999.9257564284336,-0.0032424510635564,-0.0938325704331646,-0.0938325704331646,1000.0,-0.001802739105301,1000.0,-1000.0,376.08093553601066,-543.7236413029857,-3.518820541895934,-0.1563876173886456,-0.0124569272179542,2.998117378708116,-497.7561081013383,1000.0,-0.00614734034923, Amensalism,Healthy
SRR13077861.bin.30.fbc2XSRR13077861.bin.6.fbc2 ,-0.1826159853542321,-0.1826159853542321,986.2884119135506,-0.0035084723410818,-1000.0,999.726058479607,796.5864571430866,-749.6395907824033,-6.848292416762547,-0.3043599755903869,-0.0242435438769916,494.0492566724456,-845.9600229917226,-999.726058479607,-0.0119638906832051,-0.0876914369985115,-0.0876914369985115,13.711588086449524,-0.0016847538328192,1000.0,-1000.0,203.4135428569134,219.03928618489567,-3.288521548907056,-0.1461523949975571,-0.0116416489847779,505.9507433275544,-154.03997700827745,1000.0,-0.0057450105699672, Neutralism,Healthy
SRR13077861.bin.2.fbc2XSRR13077861.bin.28.fbc2 ,-0.1347843457265298,-0.1347843457265298,3.929643426071266,-0.0025895167286762,-1000.0,1000.0,457.88375433371925,-49.492895910095626,-5.054555388167046,-0.2246405762109589,-0.0178935605949845,6.280199551007627,-755.6666378388718,-1000.0,-0.0088302520447314,-0.0421291640503795,-0.0421291640503795,11.511994402748996,-0.0008093979644172,0.0,0.0,542.1162456662807,-26.137924889331657,-1.5798881687754829,-0.0702152734172614,-0.0055929399344449,17.90940306805271,-244.3333621611282,0.0,-0.002760047058814, Amensalism,Healthy
SRR13077861.bin.23.fbc2XSRR13077861.bin.14.fbc2 ,-0.0435327505350642,-0.0435327505350642,997.8300492040936,-0.000836364083284,-1000.0,999.934696692377,546.564002551243,-1000.0,-1.632524145088837,-0.0725545842250312,-0.0057792758154846,484.60148968068665,-621.1056395706503,-999.934696692377,-0.0028520015240474,-0.0758970234717253,-0.0758970234717253,2.169950795906629,-0.0014581560704982,1000.0,-1000.0,-1000.0,495.2282092485255,-2.8462185787747103,-0.126495039119618,-0.0100758584474078,385.1832456241984,-378.8943604293497,1000.0,-0.0049723122006071, Neutralism,Healthy
SRR13077861.bin.14.fbc2XSRR13077861.bin.8.fbc2 ,-0.0739775071282338,-0.0739775071282338,0.0142127775462768,-0.0014212777546163,0.0,0.0,-1000.0,498.1012155581534,-2.774234687585136,-0.1232958452137609,-0.0098210292844669,365.85630821397353,-373.15378882613527,0.0,-0.0048465571433098,-0.0887946039483722,-0.0887946039483722,999.9857872224538,-0.0017059482026979,-1000.0,1000.0,1000.0,-943.9326638099944,-3.329891475215277,-0.1479910065805825,-0.0117881020803451,2.8371453963594604,-497.86282109616434,-1000.0,-0.0058172833710159, Neutralism,Healthy
SRR13077861.bin.5.fbc2XSRR13077861.bin.28.fbc2 ,-0.0927495216130864,-0.0927495216130864,199.402008394942,-0.0017819312510027,-1000.0,1000.0,0.0,-964.0548034938342,-3.4782050667095064,-0.1545825360218486,-0.0123131449441871,1.337909621854692,-288.15513504841374,-1000.0,-0.0060763855658478,-0.0841815420562852,-0.0841815420562852,9.8151311271763,-0.0016173206927305,0.0,0.0,1000.0,-27.49403935953308,-3.1568967797488767,-0.1403025700938087,-0.0111756859867,12.6935738032588,-500.1710801828763,0.0,-0.005515063562143, Neutralism,Healthy
SRR13077861.bin.25.fbc2XSRR13077861.bin.21.fbc2 ,-0.0495036761635674,-0.0495036761635674,0.0,-0.0009510792730225,0.0,-0.0742602696417407,742.2558351614043,476.3840471583849,-1.8564401654946323,-0.082506126939279,-0.0065719577769414,1000.0,-479.2122763481264,0.0742602696417407,-0.003243180321192,-0.0808626200596336,-0.0808626200596336,1000.0,-0.0015535565813706,-1000.0,999.8786983021278,114.79028199867751,93.68568384987611,-3.0324336978462725,-0.1347710334326848,-0.0107350759772089,0.0,-27.270802098350032,-999.8786983021278,-0.0052976279424683, Amensalism,Healthy
SRR13077861.bin.22.fbc2XSRR13077861.bin.33.fbc2 ,-0.147250824115531,-0.147250824115531,996.3130614634616,-0.0028290263999224,-0.4108595040596583,1000.0,954.7643405017408,-35.0869433444127,-5.522061500785412,-0.2454180401925896,-0.0195485724234458,990.9031915741152,-503.8496433687426,-1000.0,-0.0096469800237173,-0.042140604166093,-0.042140604166093,3.686938536538492,-0.0008096177554079,999.9367850456622,-1000.0,45.23565949825934,-14.981871312468227,-1.5803171852029436,-0.0702343402767837,-0.0055944586895293,9.096808425884774,-496.1503566312574,1000.0,-0.0027607965457718, Amensalism,Healthy
SRR13077861.bin.33.fbc2XSRR13077861.bin.6.fbc2 ,-0.0704817637900987,-0.0704817637900987,333.51195935448163,-0.0013541164993284,-1000.0,999.894270583732,-251.52894614202955,-353.22118593747825,-2.643140618537928,-0.1174696063169449,-0.0093569450103814,1000.0,-499.993960640413,-999.8942705837322,-0.0046175372626748,-0.0876914369985115,-0.0876914369985115,666.4880406455184,-0.0016847538328192,1000.0,-1000.0,141.86552948041185,319.742971704949,-3.288521548907056,-0.1461523949975571,-0.0116416489847779,-17.997964059230753,-500.006039359587,1000.0,-0.0057450105699672, Neutralism,Healthy
SRR13077861.bin.17.fbc2XSRR13077861.bin.33.fbc2 ,-0.1452096141176753,-0.1452096141176753,732.1903939366316,-0.0027898100695438,-820.333606233949,1000.0,737.3448101703525,1000.0,-5.445513968964633,-0.2420160235293451,-0.0192775875802908,0.0,-245.1896464523819,-1000.0,-0.0095132523370011,-0.0670123823455242,-0.0670123823455242,267.8096060633684,-0.0012874617165152,999.8994749891732,-1000.0,-239.54946121804733,-286.61047388299005,-2.513035148352742,-0.111687303909207,-0.0088963604612217,1000.0,-499.99425792074425,1000.0,-0.0043902444533614, Amensalism,Healthy
SRR13077861.bin.30.fbc2XSRR13077861.bin.14.fbc2 ,-0.1822499697283319,-0.1822499697283319,999.7486579698284,-0.0035014403406421,-1000.0,999.7266075382058,-87.8996565510239,-741.1220752336797,-6.834566444030997,-0.303749949547182,-0.0241949527535325,494.06118369536966,-651.1189084240311,-999.7266075382058,-0.0119399115613987,-0.0758485196572564,-0.0758485196572564,0.2513420301714859,-0.0014572242008625,1000.0,-1000.0,-912.100343448976,375.827212502636,-2.8443996344764173,-0.1264141994287229,-0.0100694192282162,505.9388163046304,-348.88109157596887,1000.0,-0.0049691345251403, Neutralism,Healthy
SRR13077861.bin.25.fbc2XSRR13077861.bin.2.fbc2 ,-0.0971511786980272,-0.0971511786980272,993.3682003800157,-0.0018664971892121,-1000.0,999.854263899467,282.4852706788306,-132.81020097454984,-3.6432718585211887,-0.1619186311634166,-0.0128974955773628,1000.0,-242.17268019151012,-999.854263899467,-0.0063647554152339,-0.1350549594870926,-0.1350549594870926,6.631799619984349,-0.0025947158402459,1000.0,-1000.0,-330.72725455967566,-51.44011828473492,-5.064703690136071,-0.2250915991451165,-0.0179294864564099,0.0,-757.8273198084898,1000.0,-0.0088479810153785, Neutralism,Healthy
SRR13077861.bin.4.fbc2XSRR13077861.bin.8.fbc2 ,-0.2662416891836301,-0.2662416891836301,40.91677515524816,-0.0051151141053651,-1000.0,1000.0,-1000.0,1000.0,-9.984344675661871,-0.4437361486393456,-0.0353454384679707,997.290015825782,-523.1478972428561,-1000.0,-0.0174425390993064,-0.0848148183609964,-0.0848148183609964,959.0832248447518,-0.0016294873844344,0.0,0.0,1000.0,-934.270730149718,-3.1806453103445165,-0.1413580306017365,-0.0112597578265649,2.709984174217766,-476.852102757144,0.0,-0.0055565519810443, Amensalism,Healthy
SRR13077861.bin.28.fbc2XSRR13077861.bin.8.fbc2 ,-0.0839593542604006,-0.0839593542604006,4.5104481377516095,-0.0016130519550188,-1000.0,1000.0,1000.0,-16.86391781764769,-3.1485645026217526,-0.1399322571006678,-0.0111461890094233,2.102516440291083,-500.17062863580526,-1000.0,-0.0055005071667437,-0.0892153208255877,-0.0892153208255877,995.4895518622484,-0.001714031139727,0.0,0.0,0.0,-516.9684564257204,-3.345668802672776,-0.1486922013759795,-0.011843955175891,2.850588048258487,-495.6112999460496,0.0,-0.0058448461866191, Neutralism,Healthy
SRR13077861.bin.37.fbc2XSRR13077861.bin.6.fbc2 ,-0.1322791335122701,-0.1322791335122701,986.2884119135516,-0.0025413858503497,0.0,0.0,-1000.0,-1000.0,-4.960607282929914,-0.2204652225203744,-0.0175609762261501,1000.0,-500.2675571023279,0.0,-0.0086661257497553,-0.0876914369985115,-0.0876914369985115,13.7115880864485,-0.0016847538328192,-1000.0,1000.0,148.9807313693345,954.5214602047872,-3.288521548907056,-0.1461523949975571,-0.0116416489847779,0.0,-492.8799044416073,-1000.0,-0.0057450105699672, Neutralism,Healthy
SRR13077861.bin.7.fbc2XSRR13077861.bin.6.fbc2 ,-0.0852395173940294,-0.0852395173940294,983.3754056497314,-0.0016376468279304,-1000.0,1000.0,139.18684686612596,-658.9899562313217,-3.1965719728503927,-0.1420658623233066,-0.0113161395810266,592.662871196153,-359.2419584737761,-1000.0,-0.00558437568327,-0.0876914369985115,-0.0876914369985115,16.62459435026858,-0.0016847538328192,0.0,0.0,860.813153133874,541.358318873301,-3.288521548907056,-0.1461523949975571,-0.0116416489847779,407.337128803847,-640.7580415262239,0.0,-0.0057450105699672, Neutralism,Healthy
SRR13077861.bin.8.fbc2XSRR13077861.bin.6.fbc2 ,-0.0874891023910322,-0.0874891023910322,986.5087159496704,-0.0016808665204735,-1000.0,1000.0,1000.0,-939.8561639444608,-3.280933787324216,-0.1458151706517583,-0.0116147876565264,2.795432301548203,-491.15560282436377,-1000.0,-0.0057317548348692,-0.0862824989980026,-0.0862824989980026,13.491284050329568,-0.0016576848991007,0.0,0.0,0.0,198.3495146346213,-3.2356848850923825,-0.1438041649965953,-0.0114546026527477,586.0690705870345,-42.90713408905822,0.0,-0.005652705505895, Neutralism,Healthy
SRR13077861.bin.23.fbc2XSRR13077861.bin.30.fbc2 ,-0.0118843816698017,-0.0118843816698017,271.09432659625327,-0.000228326256888,184.99297458626503,0.2605698353272601,-893.3125358258374,-457.7946169624814,-0.445676870562238,-0.0198073027830787,-0.0015777344349316,131.5850006382816,-111.07942176254583,-0.2605698353272601,-0.0007785925358803,-0.1737020994977456,-0.1737020994977456,728.9056734037467,-0.0033372161286706,-1000.0,999.7394301646729,-106.68746417416264,-542.2053830375186,-6.514012278051951,-0.2895034991628336,-0.0230601634491449,494.33972547604,-782.3620639793819,-999.7394301646729,-0.0113799069987408, Amensalism,Healthy
SRR13077861.bin.37.fbc2XSRR13077861.bin.28.fbc2 ,-0.0900828889937201,-0.0900828889937201,995.6016572217048,-0.0017306991161376,-1000.0,1000.0,-830.3124368837199,-983.555228021312,-3.378203525715435,-0.1501381483228669,-0.0119591308923645,-9.43787726497544,-16.751937666514777,-1000.0,-0.0059016839859395,-0.0818725785561582,-0.0818725785561582,4.398342778295273,-0.0015729602027931,0.0,0.0,1000.0,-16.444771978687868,-3.070308208666688,-0.1364542975935592,-0.0108691550013872,2.050259246747828,-483.5966580666827,0.0,-0.0053637942916111, Amensalism,Healthy
SRR13077861.bin.22.fbc2XSRR13077861.bin.14.fbc2 ,-0.139001709795707,-0.139001709795707,994.5629711919228,-0.0026705419749077,0.0,999.415768088154,1000.0,-33.121343433371976,-5.2127109971474965,-0.2316695163261783,-0.0184534450468163,874.3335781617477,-794.5459860630623,-999.415768088154,-0.0091065481345822,-0.0703852695583009,-0.0703852695583009,5.437028808077344,-0.0013522626236408,1000.0,-1000.0,-1000.0,623.4754183223674,-2.6395219828810923,-0.1173087825972061,-0.0093441347290763,125.66642183825228,-74.83941649636938,1000.0,-0.004611215546447, Neutralism,Healthy
SRR13077861.bin.33.fbc2XSRR13077861.bin.8.fbc2 ,-0.0434828518763197,-0.0434828518763197,14.174758095465222,-0.0008354054155006,-1000.0,999.9347715451584,36.08281817484044,-26.374225148162736,-1.630652892660919,-0.072471419793942,-0.0057726514210116,42.39418913212262,-499.9962740918469,-999.9347715451584,-0.0028487324668731,-0.0925025164458475,-0.0925025164458475,985.8252419045348,-0.0017771857146726,1000.0,-1000.0,370.75007925047134,-536.0164902167304,-3.468942111933188,-0.1541708607430791,-0.0122803532880197,249.54803061934808,-490.7005356784616,1000.0,-0.0060602032868928, Amensalism,Healthy
SRR13077861.bin.33.fbc2XSRR13077861.bin.37.fbc2 ,-0.0669892130312064,-0.0669892130312064,267.7170117587136,-0.001287016580818,-1000.0,999.8995097453704,-239.55307445801304,-286.511379239126,-2.512166274582455,-0.111648688385344,-0.0088932845734461,1000.0,-499.7781681785723,-999.8995097453704,-0.0043887265405828,-0.1096727422617505,-0.1096727422617505,732.2829882412864,-0.0021070651731633,1000.0,-1000.0,-760.446925541987,-709.9174466313252,-4.112843723399692,-0.1827879037695083,-0.0145598203464487,-11.594596693070343,-500.2218318214277,1000.0,-0.0071850922404337, Amensalism,Healthy
SRR13077861.bin.22.fbc2XSRR13077861.bin.28.fbc2 ,-0.1038377678464712,-0.1038377678464712,994.6860261613596,-0.0019949619182852,0.0,999.4760081451764,0.0,-24.742475292234644,-3.894026017149031,-0.1730629464108233,-0.0137851868553298,998.701009260598,-453.830914913772,-999.4760081451764,-0.0068028201413881,-0.0839593542604006,-0.0839593542604006,5.313973838640209,-0.0016130519550188,1000.0,-1000.0,1000.0,-17.667443518537766,-3.1485645026217526,-0.1399322571006678,-0.0111461890094233,1.298990739402143,-500.17062863580526,1000.0,-0.0055005071667437, Amensalism,Healthy
SRR13077861.bin.30.fbc2XSRR13077861.bin.28.fbc2 ,-0.1768629111260224,-0.1768629111260224,990.1848688728236,-0.0033979425768393,-1000.0,999.734688643598,-1000.0,-917.1939601296922,-6.632546054069167,-0.2947715185434845,-0.0234797832061985,494.2367269424203,-499.8289198171237,-999.734688643598,-0.0115869841871472,-0.0841815420562852,-0.0841815420562852,9.8151311271763,-0.0016173206927305,1000.0,-1000.0,1000.0,-27.49403935953296,-3.1568967797488767,-0.1403025700938087,-0.0111756859867,12.6935738032588,-500.17108018287627,1000.0,-0.005515063562143, Neutralism,Healthy
SRR13077861.bin.4.fbc2XSRR13077861.bin.21.fbc2 ,-0.2703435260973492,-0.2703435260973492,0.0,-0.0051939198096988,1000.0,-1000.0,-1000.0,1000.0,-10.13816789424061,-0.450572543495582,-0.0358899858853192,1000.0,-908.0449785145256,1000.0,-0.0177112665512595,-0.0804169311197711,-0.0804169311197711,1000.0,-0.0015449938736082,-1000.0,789.9741839869052,1000.0,-153.84186550119898,-3.015719891652793,-0.134028218532876,-0.010675907666382,0.0,-91.9550214854745,-789.9741839869052,-0.0052684291089235, Amensalism,Healthy
SRR13077861.bin.5.fbc2XSRR13077861.bin.30.fbc2 ,-0.092638134649178,-0.092638134649178,194.29191757014317,-0.0017797912516925,1000.0,-1000.0,498.3903523425152,-404.4316484305059,-3.474027937863866,-0.1543968910820012,-0.012298357548957,-3.977370701747532,-285.9976507289416,1000.0,-0.0060690881681466,-0.1759952189191835,-0.1759952189191835,805.7080824298569,-0.0033812722174388,-1000.0,999.7359902652602,-896.8516064116806,-595.5683515694941,-6.600006679442231,-0.2933253648653817,-0.0233645910227551,494.2650016501375,-714.0023492710584,-999.73599026526,-0.0115301382616053, Neutralism,Healthy
SRR13077861.bin.28.fbc2XSRR13077861.bin.21.fbc2 ,-0.0839593542604006,-0.0839593542604006,4.510448137751382,-0.0016130519550188,1000.0,-1000.0,1000.0,-16.863917817647803,-3.1485645026217526,-0.1399322571006678,-0.0111461890094233,2.102516440291083,-500.17062863580526,1000.0,-0.0055005071667437,-0.0805890750690423,-0.0805890750690423,995.4895518622486,-0.0015483011541164,-1000.0,995.9634102211436,0.0,-983.1360821823522,-3.022175471652304,-0.1343151251151084,-0.0106987609746056,583.3604627523582,-0.1343306081265609,-995.9634102211434,-0.0052797069353118, Neutralism,Healthy
SRR13077861.bin.25.fbc2XSRR13077861.bin.33.fbc2 ,-0.1025937544425232,-0.1025937544425232,945.3049330058344,-0.0019710615647454,-1000.0,999.8460995130284,522.1980922742159,316.9257121207015,-3.847374199982141,-0.1709895907375767,-0.0136200354120319,804.6201956401655,-500.0040480085132,-999.8460995130284,-0.0067213199356501,-0.0472418930746698,-0.0472418930746698,54.6950669941657,-0.0009076252272279,999.929132622262,-1000.0,-7.951766161402133,-67.94916356793635,-1.7716209096894318,-0.078736488457821,-0.0062716903198634,195.37980435983445,-499.9959519914868,1000.0,-0.0030950020246791, Amensalism,Healthy
SRR13077861.bin.2.fbc2XSRR13077861.bin.14.fbc2 ,-0.1350549594870926,-0.1350549594870926,6.002758334296686,-0.0025947158402459,0.0,0.0,668.0146628689486,-50.81107699904578,-5.064703690136071,-0.2250915991451165,-0.0179294864564099,1.258082571375439,-757.8273198084901,0.0,-0.0088479810153785,0.0,0.0,0.0,0.0,-1000.0,1000.0,-1000.0,0.0,0.0,0.0,0.0,0.0,0.0,-1000.0,0.0, Amensalism,Healthy
SRR13077861.bin.7.fbc2XSRR13077861.bin.37.fbc2 ,-0.0834999790247366,-0.0834999790247366,572.1730548299415,-0.0016042263021063,-1000.0,1000.0,674.591826440455,-589.0127002924669,-3.1313374458744647,-0.1391666317078943,-0.0110852037475979,36.973294563493255,-290.7457314874474,-1000.0,-0.0054704116902257,-0.0825756929475574,-0.0825756929475574,427.8269451700585,-0.0015864686445183,0.0,0.0,54.30650864842482,-410.9872997075331,-3.096675741309696,-0.1376261549125956,-0.0109624983336971,-8.729898027835247,-500.1606065136873,0.0,-0.0054098580778827, Amensalism,Healthy
SRR13077861.bin.23.fbc2XSRR13077861.bin.7.fbc2 ,-0.0181516517267255,-0.0181516517267255,414.05686372198943,-0.0003487349034685,0.0,798.5374182886892,632.8047844191533,-420.47201053632057,-0.6807061201736815,-0.0302527528779137,-0.0024097581831483,200.05830047471045,-695.4704720869818,-798.5374182886892,-0.0011891860209516,-0.0846152172981646,-0.0846152172981646,585.9431362780106,-0.001625652589837,1000.0,-1000.0,116.40850211637576,-579.5279894636794,-3.1731600595755936,-0.1410253621636457,-0.0112332593954533,583.9136310034828,-304.5295279130182,1000.0,-0.0055434753311374, Amensalism,Healthy
SRR13077861.bin.5.fbc2XSRR13077861.bin.25.fbc2 ,-0.0927312894958731,-0.0927312894958731,4.473166776119228,-0.001781580970146,1000.0,-1000.0,599.8527429904698,-131.4025978105111,-3.477521343050512,-0.1545521491598265,-0.0123107245036635,-2.975792510238989,-286.4198935830891,1000.0,-0.0060751911081524,-0.1061782498222783,-0.1061782498222783,995.5268332238808,-0.0020399279504772,-1000.0,999.8407224256268,400.1472570095302,125.80096440274885,-3.9817965643727575,-0.1769637497037592,-0.0140959021377966,1000.0,-500.0,-999.8407224256268,-0.0069561543110694, Neutralism,Healthy
SRR13077861.bin.7.fbc2XSRR13077861.bin.16.fbc2 ,-0.0834999790247366,-0.0834999790247366,571.9761121994959,-0.0016042263021063,-1000.0,1000.0,684.5276777144809,-600.2786586921799,-3.131337445874351,-0.1391666317078943,-0.0110852037475979,21.257928921920325,-285.91442211248113,-1000.0,-0.0054704116902257,-0.1200458569621787,-0.1200458569621787,428.0238878005041,-0.002306356521899,1000.0,-1000.0,35.429219829260774,-312.23157225017326,-4.501846485690066,-0.2000764282703357,-0.0159369235659596,978.7420710780798,-1.6877917026880596,1000.0,-0.0078646757394835, Amensalism,Healthy
SRR13077861.bin.5.fbc2XSRR13077861.bin.14.fbc2 ,-0.0927495216130864,-0.0927495216130864,215.6882638778652,-0.0017819312510027,-1000.0,1000.0,507.9283863639298,-15.410429537292202,-3.4782050667095064,-0.1545825360218486,-0.0123131449441871,-9.590799475543122,-291.92024641114085,-1000.0,-0.0060763855658478,-0.0761858563882924,-0.0761858563882924,20.326166928621436,-0.0014637052139505,0.0,0.0,-1000.0,479.08634570963886,-2.857050118348752,-0.1269764273138207,-0.0101142030287064,398.2355940227735,-377.8504542967282,0.0,-0.0049912347797089, Neutralism,Healthy
SRR13077861.bin.17.fbc2XSRR13077861.bin.8.fbc2 ,-0.1055956612281079,-0.1055956612281079,259.63966733349844,-0.0020287350860144,-478.019652804227,1000.0,697.0791798572664,-7.920425224091105,-3.959948876484418,-0.1759927687135132,-0.0140185594444801,-23.15954946453121,-416.3619353238274,-1000.0,-0.0069179866434296,-0.0694699130608569,-0.0694699130608569,740.3603326665016,-0.0013346765236974,1000.0,-1000.0,278.4354065429693,-402.5514159537199,-2.605195146991832,-0.1157831884347615,-0.0092226147791052,187.41198248147748,-368.51887778069,1000.0,-0.0045512469459936, Competition,Healthy
SRR13077861.bin.7.fbc2XSRR13077861.bin.14.fbc2 ,-0.0852395173940294,-0.0852395173940294,983.9656130791344,-0.0016376468279304,0.0,0.0,1000.0,-1000.0,-3.1965719728503927,-0.1420658623233066,-0.0113161395810266,600.4404208846488,-272.7915142813881,0.0,-0.00558437568327,-0.0759996211110092,-0.0759996211110092,16.03438692086536,-0.0014601272067693,-1000.0,1000.0,-1000.0,479.1374688496808,-2.850066098660932,-0.1266660351850532,-0.0100894789985659,399.5595791153512,-376.171841598491,-1000.0,-0.0049790337750437, Neutralism,Healthy
SRR13077861.bin.23.fbc2XSRR13077861.bin.2.fbc2 ,-0.0421779584761452,-0.0421779584761452,997.4084756601942,-0.0008103354174409,-0.0632709893912988,0.0,465.0820563135376,-952.600156995444,-1.5817180113022005,-0.070296597460242,-0.0055994177342881,500.15221212806273,-242.17268019151004,0.0,-0.0027632437734155,-0.1350549594870926,-0.1350549594870926,2.591524339805801,-0.0025947158402459,1000.0,-1000.0,-338.8078051200325,-47.39984300455592,-5.064703690136071,-0.2250915991451165,-0.0179294864564099,8.08055056035721,-757.82731980849,1000.0,-0.0088479810153785, Neutralism,Healthy
SRR13077861.bin.2.fbc2XSRR13077861.bin.8.fbc2 ,-0.1324715853421594,-0.1324715853421594,2.541952839428177,-0.0025450832919204,-1000.0,1000.0,4.218350524212269,-46.07521442178415,-4.967824429913776,-0.2207859755703793,-0.0175865255469034,7.508033887286956,-743.0178962236331,-1000.0,-0.0086787340253522,-0.0672609160308184,-0.0672609160308184,997.4580471605718,-0.0012922366191787,0.0,0.0,995.7816494757876,-953.9247855782158,-2.522355424170541,-0.1121015267181064,-0.0089293550388447,19.427871285053698,-256.9821037763669,0.0,-0.0044065268715485, Amensalism,Healthy
SRR13077861.bin.22.fbc2XSRR13077861.bin.21.fbc2 ,-0.1314630654061375,-0.1314630654061375,6.436668256870689,-0.0025257073084503,-0.3668084724099572,1000.0,0.0,-31.325034379226395,-4.930003866633342,-0.2191051090102291,-0.0174526375016057,1000.0,-442.37708433504497,-1000.0,-0.0086126619219157,-0.0804722556648585,-0.0804722556648585,993.5633317431292,-0.0015460567850595,-0.2245338269010517,0.0,1000.0,-468.9482694467101,-3.017794620553218,-0.1341204261079838,-0.0106832523850926,0.0,-189.69754331754268,0.0,-0.0052720536372135, Amensalism,Healthy
SRR13077861.bin.7.fbc2XSRR13077861.bin.33.fbc2 ,-0.0852395173940294,-0.0852395173940294,652.7260642872616,-0.0016376468279304,-1000.0,1000.0,740.2820770083056,-650.3199130368525,-3.1965719728503927,-0.1420658623233066,-0.0113161395810266,10.375677001151644,-321.6650904511622,-1000.0,-0.00558437568327,-0.0701892453839718,-0.0701892453839718,330.0526590077384,-0.0013484965492125,999.8947093894412,-1000.0,-248.4098975011564,-349.68008696314746,-2.632170869207357,-0.1169820756398394,-0.0093181111546982,989.6243229988484,-499.99398570539074,1000.0,-0.0045983732326249, Neutralism,Healthy
SRR13077861.bin.22.fbc2XSRR13077861.bin.25.fbc2 ,-0.1314606883448732,-0.1314606883448732,6.463674256774311,-0.0025256616396518,1000.0,-0.475291380331555,182.9202169421824,-31.32446797279636,-4.929914724324476,-0.2191011472415311,-0.0174523219301363,1000.0,-253.77751437791235,0.475291380331555,-0.008612506191298,-0.0840935305722041,-0.0840935305722041,993.5363257432256,-0.0016156297900806,-1000.0,999.8738516259928,817.0797830578176,140.52982589969997,-3.153596256097672,-0.1401558842870827,-0.011164001849238,0.0,-599.9005970893791,-999.8738516259926,-0.0055092975841262, Competition,Healthy
SRR13077861.bin.5.fbc2XSRR13077861.bin.17.fbc2 ,-0.0927312894958731,-0.0927312894958731,127.31777575216712,-0.001781580970146,1000.0,-1000.0,166.45618129725904,-997.208699002323,-3.477521343050512,-0.1545521491598265,-0.0123107245036635,-2.975792510238989,-285.99793567449456,1000.0,-0.0060751911081524,-0.1569870518275138,-0.1569870518275138,872.6822242478329,-0.0030160816874058,-857.1455292476105,1000.0,833.543818702741,1000.0,-5.8871803280225095,-0.261645086379076,-0.0208411244597073,19.214365614005946,-535.7724916026348,-1000.0,-0.0102848385539573, Neutralism,Healthy
SRR13077861.bin.22.fbc2XSRR13077861.bin.37.fbc2 ,-0.0876733505203901,-0.0876733505203901,6.303741945625234,-0.0016844063500229,-0.6155513691019223,1000.0,64.09069829834289,-20.890816068447293,-3.287843286865609,-0.1461222508673927,-0.0116392478788611,1000.0,-499.7311093598257,-1000.0,-0.005743825653667,-0.1329384291515225,-0.1329384291515225,993.6962580543748,-0.0025540524333109,1000.0,-1000.0,198.05489836948595,-979.1091839315528,-4.98533156606527,-0.221564048585833,-0.0176485023139321,-13.92780129662765,-500.2688906401743,1000.0,-0.0087093187974005, Amensalism,Healthy
SRR13077861.bin.2.fbc2XSRR13077861.bin.16.fbc2 ,-0.1350549594870926,-0.1350549594870926,2.5915243398056877,-0.0025947158402459,-1000.0,1000.0,661.1921948799677,-47.39984300455592,-5.064703690136071,-0.2250915991451165,-0.0179294864564099,8.080550560357324,-757.8273198084902,-1000.0,-0.0088479810153785,-0.0870493086474653,-0.0870493086474653,997.4084756601942,-0.0016724170729958,1000.0,-1000.0,-401.6900261336971,-952.600156995444,-3.2644410572188463,-0.1450821810791467,-0.0115564019741896,-12.78880287091522,-17.95509764876749,1000.0,-0.0057029422188179, Amensalism,Healthy
SRR13077861.bin.17.fbc2XSRR13077861.bin.28.fbc2 ,-0.1660228217276653,-0.1660228217276653,996.5313257425792,-0.003189679572074,-838.7887213103337,1000.0,923.876163533288,1000.0,-6.226031247164201,-0.2767047028794422,-0.0220406858431942,52.444977992337726,-499.868781296554,-1000.0,-0.0108768073408782,-0.0645673427336532,-0.0645673427336532,3.468674257420844,-0.0012404868921294,1000.0,-1000.0,76.12383646671196,-12.968874893770362,-2.4213435792919427,-0.1076122378894979,-0.0085717644243459,1.6169002346356365,-500.13121870344605,1000.0,-0.0042300603020066, Amensalism,Healthy
SRR13077861.bin.16.fbc2XSRR13077861.bin.6.fbc2 ,-0.0865085542020551,-0.0865085542020551,986.2884119135516,-0.0016620279385506,-1000.0,1000.0,-393.00046656982624,-978.1608489661508,-3.244162194115233,-0.1441809236702056,-0.0114846130554724,-10.215762462258567,-1.2162720454389273,-1000.0,-0.0056675152704883,-0.0876914369985115,-0.0876914369985115,13.7115880864485,-0.0016847538328192,1000.0,-1000.0,429.2386467762431,-21.83915103384913,-3.288521548907056,-0.1461523949975571,-0.0116416489847779,976.3606112386362,-146.51331035856902,1000.0,-0.0057450105699672, Amensalism,Healthy
SRR13077861.bin.23.fbc2XSRR13077861.bin.37.fbc2 ,0.0,0.0,6.303741945625234,0.0,-1000.0,1000.0,-1000.0,-3.420761612986894,0.0,0.0,0.0,4.202494630416823,-499.7311093598257,-1000.0,0.0,-0.1329384291515225,-0.1329384291515225,993.6962580543748,-0.0025540524333109,1000.0,-1000.0,1000.0,-996.5792383870132,-4.98533156606527,-0.221564048585833,-0.0176485023138184,-13.92780129662765,-500.2688906401743,1000.0,-0.0087093187974005, Amensalism,Healthy
SRR13077861.bin.25.fbc2XSRR13077861.bin.37.fbc2 ,-0.0498625433234565,-0.0498625433234565,6.303741945625461,-0.0009579739351011,-1000.0,999.925201395145,744.9575824633794,474.1641318226666,-1.8698980631965012,-0.0831042388724654,-0.0066195998917919,1000.0,-234.64578729924145,-999.9252013951452,-0.0032666911188243,-0.1329384291515225,-0.1329384291515225,993.6962580543744,-0.0025540524333109,1000.0,-1000.0,255.04241753662063,-1000.0,-4.98533156606527,-0.221564048585833,-0.0176485023139321,0.0,-500.2688906401743,1000.0,-0.0087093187974005, Amensalism,Healthy
SRR13077861.bin.5.fbc2XSRR13077861.bin.8.fbc2 ,-0.0924669249382077,-0.0924669249382077,0.1880757204148722,-0.0017765019200624,-1000.0,1000.0,474.0207247841524,-141.68091984823025,-3.4676073927863627,-0.1541115415635658,-0.0122756282675027,-0.1580629894058347,-285.99712702623026,-1000.0,-0.0060578715473411,-0.0938149228048814,-0.0938149228048814,999.8119242795852,-0.0018024000538616,0.0,0.0,376.0102038431253,-543.6213800874408,-3.518158737187491,-0.1563582046749161,-0.0124545843723353,253.08856589195784,-497.6624922627163,0.0,-0.0061461841837626, Neutralism,Healthy
SRR13077861.bin.17.fbc2XSRR13077861.bin.30.fbc2 ,-0.1647658687479634,-0.1647658687479634,965.4749227743428,-0.0031655306195261,-600.144828337516,1000.0,1000.0,1000.0,-6.178894182234444,-0.2746097812466814,-0.0218738165810918,23.104867669919145,-376.7225364342133,-1000.0,-0.0107944594127502,-0.125292502488719,-0.125292502488719,34.52507722565724,-0.0024071566280099,-0.1879507895163215,0.0,-962.4219268627244,-12.67209092318285,-4.698601236942977,-0.208820837481312,-0.0166334522996294,386.6369740836317,-407.39570309035696,0.0,-0.0082084041015377, Amensalism,Healthy
SRR13077861.bin.23.fbc2XSRR13077861.bin.33.fbc2 ,-0.0342734458810127,-0.0342734458810127,795.421064125718,-0.0006584715827102,0.0893832195715731,398.45164009610994,-359.79548329748366,-778.7040095078266,-1.28529043647427,-0.05712240980165,-0.0045500386366938,386.4414493960524,-500.00510565009336,-398.45164009610994,-0.0022453880970942,-0.0595849971657571,-0.0595849971657571,204.578935874282,-0.0011447645948692,999.9106167804284,-1000.0,-135.71046450218455,-221.29599049217336,-2.234500355768205,-0.0993083286095952,-0.0079103233508703,613.5585506039477,-499.9948943499066,1000.0,-0.0039036472686575, Competition,Healthy
SRR13077861.bin.30.fbc2XSRR13077861.bin.21.fbc2 ,-0.125292502488719,-0.125292502488719,34.52507722565724,-0.0024071566280099,-1000.0,999.8120492104836,-1000.0,347.7140698417052,-4.698601236942977,-0.208820837481312,-0.0166334522996294,26.25081331874549,-407.39570309035696,-999.8120492104836,-0.0082084041015377,-0.0784510719711306,-0.0784510719711306,965.4749227743428,-0.0015072252059553,0.0,-3.1608924129697016,0.0,328.22658167633494,-2.941998096305497,-0.130751786618589,-0.0104149261733255,973.7491866812544,-592.604296909643,3.1608924129697016,-0.0051396379524248, Amensalism,Healthy
SRR13077861.bin.4.fbc2XSRR13077861.bin.16.fbc2 ,-0.2094173999814756,-0.2094173999814756,0.0,-0.0040233890485978,-1000.0,1000.0,-345.5942345016874,1000.0,-7.853373785703184,-0.349028999969164,-0.027801618326066,748.1140390116161,-815.7863650364704,-1000.0,-0.0137197566558597,-0.1685566600926904,-0.1685566600926904,1000.0,-0.0032383604244614,1000.0,-1000.0,64.98346442249431,-472.9263902279488,-6.321052863298405,-0.2809277668211507,-0.0223770705329116,251.88596098838389,-184.2136349635296,1000.0,-0.0110428090473533, Amensalism,Healthy
SRR13077861.bin.22.fbc2XSRR13077861.bin.17.fbc2 ,-0.1319228586480676,-0.1319228586480676,224.4654715469276,-0.0025345409923147,-138.96893566825543,1000.0,259.19745565142193,-31.434593965917543,-4.947246599058644,-0.2198714310801506,-0.0175136782565914,1000.0,-216.79440759573487,-1000.0,-0.0086427847836603,-0.148385082218283,-0.148385082218283,775.5345284530724,-0.0028508181021607,138.18681996696796,0.0,740.8025443485781,1000.0,-5.564597378180451,-0.2473084703638051,-0.0196991530859804,0.0,-234.82572406212896,0.0,-0.009721289728418, Competition,Healthy
SRR13077861.bin.14.fbc2XSRR13077861.bin.37.fbc2 ,-0.0760015280754942,-0.0760015280754942,6.303717400302617,-0.0014601638439444,0.0,0.0,-1000.0,489.713933855006,-2.85013761184166,-0.1266692134590812,-0.0100897321614183,395.13957304028895,-378.0783246282658,0.0,-0.0049791587077834,-0.1329379115197753,-0.1329379115197753,993.6962825996976,-0.0025540424883274,-1000.0,1000.0,1000.0,-1000.0,-4.985312154329563,-0.22156318586633,-0.0176484335946724,-13.927747064969369,-500.2630489378002,-1000.0,-0.0087092848852989, Neutralism,Healthy
SRR13077861.bin.7.fbc2XSRR13077861.bin.17.fbc2 ,-0.0834999790247366,-0.0834999790247366,571.9761121994959,-0.0016042263021063,1000.0,-1000.0,104.36120684554362,-600.2786586921799,-3.1313374458744647,-0.1391666317078943,-0.0110852037475979,597.7586598055127,-285.91442211248113,1000.0,-0.0054704116902257,-0.1197113195086103,-0.1197113195086103,428.0238878005041,-0.0022999292892791,-212.7889282814965,1000.0,895.6387931544564,-399.7213413078201,-4.489300977683001,-0.1995188658476081,-0.0158925113890973,18.91298169227525,-597.0274096897438,-1000.0,-0.0078427588765634, Amensalism,Healthy
SRR13077861.bin.14.fbc2XSRR13077861.bin.16.fbc2 ,0.0,0.0,0.0,0.0,-1000.0,1000.0,0.0,0.0,0.0,0.0,0.0,0.0,0.0,-1000.0,0.0,-0.1702581583895153,-0.1702581583895153,1000.0,-0.0032710501131987,1000.0,-1000.0,287.347065425231,-1000.0,-6.384860847361097,-0.283763597315783,-0.0226029562818439,821.1985619907628,-1.9117325281295048,1000.0,-0.0111542808858757, Amensalism,Healthy
SRR13077861.bin.30.fbc2XSRR13077861.bin.16.fbc2 ,-0.125292502488719,-0.125292502488719,34.52507722565724,-0.0024071566280099,-1000.0,999.8120492104836,-40.93932052688604,76.17348106461213,-4.698601236942977,-0.208820837481312,-0.0166334522996294,297.7914020958374,-407.3957030903566,-999.8120492104836,-0.0082084041015377,-0.1672396355444334,-0.1672396355444334,965.4749227743428,-0.0032130573591757,1000.0,-1000.0,90.85119257593988,-845.1811916282857,-6.271663051069936,-0.278732725907389,-0.022202226351851,702.2085979041626,-1.877839242988898,1000.0,-0.0109565255947927, Amensalism,Healthy
SRR13077861.bin.14.fbc2XSRR13077861.bin.21.fbc2 ,-0.0758395414011374,-0.0758395414011374,0.0145705170799601,-0.0014570517080301,1000.0,-1000.0,-14.298050231868617,65.20897215692275,-2.844062940386493,-0.1263992356686003,-0.010068227302213,816.6598302702232,-271.1889576969428,1000.0,-0.0049685463242212,-0.0804191017241464,-0.0804191017241464,999.9854294829202,-0.001545035575873,-1000.0,453.3162877567152,1000.0,934.7910278430772,-3.015801291610956,-0.1340318362068728,-0.0106761958293191,183.3401697297768,-353.946927986083,-453.31628775671527,-0.0052685713137634, Neutralism,Healthy
SRR13077861.bin.5.fbc2XSRR13077861.bin.37.fbc2 ,-0.0927495216130864,-0.0927495216130864,4.96557714212463,-0.0017819312510027,-1000.0,1000.0,487.4408331123691,-34.75201549114024,-3.4782050667095064,-0.1545825360218486,-0.0123131449441871,-2.9763775878107026,-289.19262108417433,-1000.0,-0.0060763855658478,-0.1329384291515225,-0.1329384291515225,995.0344228578754,-0.0025540524333109,0.0,0.0,512.5591668876309,-965.2479845088598,-4.98533156606527,-0.221564048585833,-0.0176485023139321,-13.92780129662765,-710.8073789158257,0.0,-0.0087093187974005, Neutralism,Healthy
SRR13077861.bin.22.fbc2XSRR13077861.bin.16.fbc2 ,-0.1279156448880485,-0.1279156448880485,0.0,-0.0024575532158905,-0.3569104535464475,1000.0,0.0,-30.47975460924738,-4.796971848729299,-0.2131927414801566,-0.0169816927219699,948.3064985500076,-418.0651696237968,-1000.0,-0.0083802564662391,-0.1654923731475719,-0.1654923731475719,1000.0,-0.0031794884370128,1000.0,-1000.0,97.42811496621266,-377.5296656873613,-6.206138864897071,-0.2758206219125441,-0.0219702650998669,51.693501449992254,-202.70864142227845,1000.0,-0.010842055570265, Amensalism,Healthy
SRR13077861.bin.17.fbc2XSRR13077861.bin.37.fbc2 ,-0.1055956612281079,-0.1055956612281079,259.63966733349844,-0.0020287350860144,-478.0196528042276,1000.0,687.4094642803395,-7.920425224091446,-3.959948876484418,-0.1759927687135132,-0.0140185594444801,-18.324691676067918,-416.3619353238273,-1000.0,-0.0069179866434296,-0.1103916230073309,-0.1103916230073309,740.3603326665016,-0.0021208765226674,1000.0,-1000.0,312.59053571966047,-992.0795747759086,-4.139802510981781,-0.1839860383454379,-0.0146552567719027,1000.0,-583.6380646761727,1000.0,-0.0072321889424529, Competition,Healthy
SRR13077861.bin.37.fbc2XSRR13077861.bin.4.fbc2 ,-0.1305930185205852,-0.1305930185205852,993.8074739267776,-0.0025089917103287,-1000.0,1000.0,0.0,-967.1756643316336,-4.897376189065085,-0.2176550308676041,-0.0173371327181257,-13.682075411078472,-473.7998957239614,-1000.0,-0.0085556617320889,-0.2652922299444071,-0.2652922299444071,6.192526073222211,-0.0050968728135103,0.0,0.0,-1000.0,1000.0,-9.948738950919504,-0.4421537165740119,-0.0352193911414815,1000.0,-526.2001042760386,0.0,-0.0173803362941953, Amensalism,Healthy
SRR13077861.bin.5.fbc2XSRR13077861.bin.21.fbc2 ,-0.0927312894958731,-0.0927312894958731,4.473166776119911,-0.001781580970146,1000.0,-1000.0,486.9038421651012,0.0291733883864253,-3.477521343050512,-0.1545521491598265,-0.0123107245036635,-2.9757925102387617,-290.4433151504022,1000.0,-0.0060751911081524,-0.0805913360704835,-0.0805913360704835,995.5268332238802,-0.0015483445930613,-1000.0,763.6626474915265,513.0961578348988,999.9708266116136,-3.022260261595193,-0.1343188934507679,-0.0106990611383253,648.1272579948613,-709.5566848495978,-763.6626474915264,-0.0052798550624402, Neutralism,Healthy
SRR13077861.bin.4.fbc2XSRR13077861.bin.28.fbc2 ,-0.3006091895920235,-0.3006091895920235,995.4914685216696,-0.0057753926914756,-1000.0,1000.0,-1000.0,206.08434013656665,-11.27316225629761,-0.5010153159867059,-0.0399079634981944,997.8983769981924,-500.1127356653379,-1000.0,-0.0196940890780297,-0.0839236767661759,-0.0839236767661759,4.508531478330269,-0.0016123665084251,0.0,0.0,1000.0,-16.856751703335135,-3.147226558889201,-0.1398727946102553,-0.0111414525736108,2.101623001807752,-499.8872643346621,0.0,-0.0054981697938956, Neutralism,Healthy
SRR13077861.bin.37.fbc2XSRR13077861.bin.21.fbc2 ,-0.1329384291515225,-0.1329384291515225,993.6962580543744,-0.0025540524333109,1000.0,-1000.0,-1000.0,-966.5861493123566,-4.98533156606527,-0.221564048585833,-0.0176485023139321,882.3850927032663,-500.2688906401742,1000.0,-0.0087093187974005,-0.0005122197391074,-0.0005122197391074,6.303741945625461,-9.840917186920706e-06,-1000.0,999.9992316211868,0.4864919109800212,1000.0,-0.0192087814672277,-0.0008536995651411,-6.800073765589332e-05,117.61490729673368,-499.7311093598258,-999.9992316211868,-3.3557527558514266e-05, Amensalism,Healthy
SRR13077861.bin.5.fbc2XSRR13077861.bin.23.fbc2 ,-0.0927495216130864,-0.0927495216130864,4.965577142124857,-0.0017819312510027,1000.0,-1000.0,486.4508645070771,-0.1674332302258108,-3.4782050667095064,-0.1545825360218486,-0.0123131449441871,-2.9763775878107026,-290.43220744492464,1000.0,-0.0060763855658478,-0.0434525430104031,-0.0434525430104031,995.0344228578753,-0.000834823112541,-0.0651829886311361,0.0,-441.0078618105392,-999.8325667697742,-1.6295162781613044,-0.0724209050173385,-0.0057686277079938,483.5243958662222,-709.5677925550754,0.0,-0.0028467468139297, Neutralism,Healthy
SRR13077861.bin.7.fbc2XSRR13077861.bin.2.fbc2 ,-0.0850252125483166,-0.0850252125483166,997.4084756601942,-0.0016335295398448,-1000.0,1000.0,-75.51176009772746,-952.6001569954442,-3.188535314687101,-0.1417086875806035,-0.0112876891201949,991.9194494396428,-242.17268019151004,-1000.0,-0.0055703357307947,-0.1350549594870926,-0.1350549594870926,2.591524339805801,-0.0025947158402459,0.0,0.0,-338.8078051200322,-47.399843004555805,-5.064703690136071,-0.2250915991451165,-0.0179294864564099,8.080550560357096,-757.82731980849,0.0,-0.0088479810153785, Neutralism,Healthy
SRR13077861.bin.2.fbc2XSRR13077861.bin.21.fbc2 ,-0.1350549594870926,-0.1350549594870926,2.591524339805801,-0.0025947158402459,1000.0,-1000.0,0.0,-47.39984300455546,-5.064703690136071,-0.2250915991451165,-0.0179294864564099,8.08055056035721,-757.8273198084901,1000.0,-0.0088479810153785,-0.0802606292940026,-0.0802606292940026,997.4084756601942,-0.0015419909566389,-1000.0,983.2718044448584,1000.0,-952.6001569954444,-3.009858408026844,-0.1337677154899665,-0.0106551575105413,76.02498986422142,-5.158915375064225,-983.2718044448584,-0.0052581891621912, Neutralism,Healthy
SRR13077861.bin.5.fbc2XSRR13077861.bin.4.fbc2 ,-0.092638134649178,-0.092638134649178,194.2919175701429,-0.0017797912516925,0.0,0.0,498.39035234251605,-139.13923012406258,-3.474027937863866,-0.1543968910820012,-0.012298357548957,-3.977370701747759,-285.9976507289416,0.0,-0.0060690881681466,-0.2987909802385502,-0.2987909802385502,805.7080824298571,-0.0057404607154012,-1000.0,1000.0,-1000.0,84.5326826769192,-11.204977484283177,-0.4979849670642124,-0.0396665835436351,1000.0,-714.0023492710584,-1000.0,-0.0195749710396739, Neutralism,Healthy
SRR13077862.bin.13.fbc2XSRR13077862.bin.26.fbc2 ,-0.0848318046158738,-0.0848318046158738,988.0289875660346,-0.001629813729437,1000.0,-1000.0,596.1133962056347,-1000.0,-3.181282312851181,-0.1413863410265321,-0.0112620128702474,3.5916531117799195,-254.95429946386596,1000.0,-0.0055576648172745,-0.0681352266818748,-0.0681352266818748,11.971012433965484,-0.0013090341341239,0.0,88.12619382276966,143.05305337317236,927.0609583946788,-2.555142997448911,-0.1135587111365339,-0.0090454258669296,-1.81350970875269,-522.1706726034687,-88.12619382276955,-0.0044638063974389, Neutralism,Healthy
SRR13077862.bin.13.fbc2XSRR13077862.bin.9.fbc2 ,-0.0854401960978066,-0.0854401960978066,996.476203370582,-0.0016415023266063,1000.0,-1000.0,0.0,0.0,-3.204097636295728,-0.1424003268297156,-0.0113427810765642,5.865674063654524,-499.86229965850913,1000.0,-0.0055975229336127,-0.0821373226518744,-0.0821373226518744,-2.153607460953367,-0.0015780465447505,-1000.0,999.8767861257896,-1000.0,-1000.0,-3.0802363920035987,-0.1368955377530483,-0.0109043016238956,-0.0327918071989188,-500.13770034149087,-999.8767861257896,-0.0053811387174391, Neutralism,Healthy
SRR13077862.bin.14.fbc2XSRR13077862.bin.17.fbc2 ,-0.2344382523474451,-0.2344382523474451,995.4371463969932,-0.0045040970671834,-1000.0,1000.0,0.0,358.6046362915158,-8.79168218836935,-0.3907304205791888,-0.0311233107343014,-15.670609475213157,-539.1338778569873,-1000.0,-0.0153589709991592,-0.0800481745502565,-0.0800481745502565,4.562853603006602,-0.0015379092133116,1000.0,-1000.0,1000.0,-18.410280297052395,-3.001891130639251,-0.1334136242503518,-0.0106269526636424,1.9811243274423305,-460.8661221430127,1000.0,-0.0052442704171653, Neutralism,Healthy
SRR13077862.bin.9.fbc2XSRR13077862.bin.17.fbc2 ,-0.0821373226518744,-0.0821373226518744,0.0259746461259737,-0.0015780465447505,-1000.0,999.8767861257896,-1000.0,-995.331915368402,-3.0802363920035987,-0.1368955377530483,-0.0109043016238956,3.771168291136746,-429.7529255455616,-999.8767861257896,-0.0053811387174391,-0.0835983814820338,-0.0835983814820338,11.375539339639316,-0.0016061168391843,1000.0,-1000.0,1000.0,0.614748890453825,-3.1350276420035925,-0.1393306358033896,-0.0110982673591024,16.694561673901603,-500.17069809767366,1000.0,-0.0054768584217299, Neutralism,Healthy
SRR13077862.bin.9.fbc2XSRR13077862.bin.16.fbc2 ,-0.0821373226518744,-0.0821373226518744,0.0,-0.0015780465447505,999.8767861257896,-1000.0,1000.0,-9.70214576614751,-3.0802363920035987,-0.1368955377530483,-0.0109043016238956,8.617563715450046,-500.13770034149087,1000.0,-0.0053811387174391,-0.1681553690428927,-0.1681553690428927,1000.0,-0.0032306507021075,-1000.0,999.747750793182,0.0,-990.2978542338524,-6.306004024897334,-0.2802589484048212,-0.0223237963513156,32.729766290200814,-0.2802912549118446,-999.747750793182,-0.0110165188940527, Neutralism,Healthy
SRR13077862.bin.23.fbc2XSRR13077862.bin.17.fbc2 ,-0.1026811641157792,-0.1026811641157792,988.6244606603608,-0.0019727409052165,-1000.0,999.8459683901216,-1000.0,-389.9182737495416,-3.850652155093144,-0.1711352735263744,-0.0136316396549318,955.0102990266118,-358.19716778978204,-999.8459683901216,-0.0067270464867306,-0.0835983814820338,-0.0835983814820338,11.375539339639316,-0.0016061168391843,1000.0,-1000.0,1000.0,0.10410607058418,-3.1350276420035925,-0.1393306358033896,-0.0110982673591024,44.98970097338815,-503.6240782198816,1000.0,-0.0054768584217299, Neutralism,Healthy
SRR13077862.bin.13.fbc2XSRR13077862.bin.6.fbc2 ,-0.0264153955288293,-0.0264153955288293,307.657919323171,-0.0005075003944057,1000.0,-1000.0,-1000.0,0.0,-0.9906052448546916,-0.0440256592147534,-0.0035068277253458,1.1183887691635164,-155.29386571254554,1000.0,-0.0017305763449257,-0.1543785270233684,-0.1543785270233684,692.342080676829,-0.0029659659370508,-1000.0,1000.0,1000.0,-1000.0,-5.789357891501709,-0.2572975450389094,-0.0204948246249614,998.8816112308364,-535.6845001275514,-1000.0,-0.0101139438453401, Amensalism,Healthy
SRR13077862.bin.9.fbc2XSRR13077862.bin.27.fbc2 ,-0.0821373226518744,-0.0821373226518744,-2.153607460953367,-0.0015780465447505,-1000.0,999.8767861257896,-535.1168831987668,-1000.0,-3.0802363920035987,-0.1368955377530483,-0.0109043016238956,260.5902601394825,-305.20034609788456,-999.8767861257896,-0.0053811387174391,-0.090439579098188,-0.090439579098188,529.2173665852429,-0.0017375519519191,1000.0,-1000.0,303.291478302373,0.0,-3.39157978153969,-0.1507326318303512,-0.012006483987875,739.4097398605174,-694.7996539021154,1000.0,-0.0059250521560443, Neutralism,Healthy
SRR13077862.bin.23.fbc2XSRR13077862.bin.5.fbc2 ,-0.1026433066858771,-0.1026433066858771,986.0478307253566,-0.0019720135770739,-1000.0,999.8460251799032,0.0,-550.0399502549005,-3.84923246146559,-0.1710721778097195,-0.0136266138174505,990.5099015783658,-713.6977312203903,-999.8460251799032,-0.0067245662977484,-0.0865331484108082,-0.0865331484108082,13.952169274643325,-0.0016625004498109,1000.0,-1000.0,696.946235177996,-26.730762856784736,-3.245084502930581,-0.1442219140180896,-0.0114878781079141,9.490098421634116,-286.3022687796097,1000.0,-0.0056691265336894, Neutralism,Healthy
SRR13077862.bin.16.fbc2XSRR13077862.bin.14.fbc2 ,-0.0909503619379847,-0.0909503619379847,0.0,-0.001747365262986,-1000.0,999.8635657202668,-1000.0,-1000.0,-3.4107346777644807,-0.1515839365633837,-0.0120742939672027,39.73050134462028,-0.151601410216017,-999.8635657202668,-0.0059585155468084,-0.2351087315493032,-0.2351087315493032,1000.0,-0.0045169785120151,1000.0,-1000.0,1000.0,355.6263086286688,-8.816825866915565,-0.3918478859154675,-0.0312123215178417,-15.715426469142812,-999.848398589784,1000.0,-0.0154028967258454, Amensalism,Healthy
SRR13077862.bin.27.fbc2XSRR13077862.bin.14.fbc2 ,-0.0901121593846028,-0.0901121593846028,0.0,-0.001731261467512,0.0,0.0,0.0,199.50437731129276,-3.3793011963047093,-0.1501869323077471,-0.0119630167405375,247.4577818087428,-288.63689373822626,0.0,-0.0059036016042455,-0.2351087315493032,-0.2351087315493032,1000.0,-0.0045169785120151,-1000.0,1000.0,1000.0,800.4956226887073,-8.816825866915565,-0.3918478859154675,-0.0312123215178417,-15.715426469142926,-711.3631062617737,-1000.0,-0.0154028967258454, Neutralism,Healthy
SRR13077862.bin.9.fbc2XSRR13077862.bin.26.fbc2 ,-0.0821373226518744,-0.0821373226518744,-2.153607460953367,-0.0015780465447505,-1000.0,999.8767861257896,684.4703440857675,-1000.0,-3.0802363920035987,-0.1368955377530483,-0.0109043016238956,3.771168291136746,-286.5844138159788,-999.8767861257896,-0.0053811387174391,-0.0685698597548025,-0.0685698597548025,36.19862178753624,-0.0013173844333778,464.0326987686785,0.123213874210478,315.52965591423253,565.038544980278,-2.5714421969476007,-0.1142830995912618,-0.0091031264342973,0.8872518289250593,-616.1789897782965,-0.123213874210478,-0.0044922809177023, Neutralism,Healthy
SRR13077862.bin.26.fbc2XSRR13077862.bin.6.fbc2 ,-0.0682413500014718,-0.0682413500014718,33.32586321183089,-0.0013110730067182,55.65149584586948,0.2353976331626199,98.64721056078224,956.0957311224628,-2.5591227340688647,-0.1137355833357105,-0.0090595144766894,-1.8163343220937804,-499.738433675036,-0.2353976331626199,-0.0044707589530617,-0.1569217060209666,-0.1569217060209666,966.6741367881692,-0.0030148262444527,-1000.0,999.7646023668374,257.70149064919497,-133.0091836559825,-5.884729791229688,-0.2615361767016111,-0.0208324493487452,1000.0,-500.26156632496406,-999.7646023668374,-0.0102805574933881, Neutralism,Healthy
SRR13077862.bin.13.fbc2XSRR13077862.bin.23.fbc2 ,-0.0853753400267578,-0.0853753400267578,994.3594993845396,-0.0016402562924895,1000.0,-1000.0,980.9070767769274,-833.3331370269104,-3.2016654650997225,-0.1422922333779297,-0.0113341709815131,19.41602976955528,-705.4642810028345,1000.0,-0.0055932739575155,-0.0880644669823595,-0.0880644669823595,5.640500615460269,-0.001691920595249,-1000.0,999.8678948399236,19.092923223072603,-166.66686297308956,-3.3025105674699944,-0.1467741116372281,-0.0116911713131457,980.5839702304448,-291.49620945493393,-999.8678948399236,-0.0057694492297741, Amensalism,Healthy
SRR13077862.bin.23.fbc2XSRR13077862.bin.16.fbc2 ,-0.0879978183528464,-0.0879978183528464,3.365782709655491,-0.0016906401220921,999.86799481927,-1000.0,1000.0,31.954127920278097,-3.3000111734405664,-0.1466630305881153,-0.0116823232433489,47.66721617026656,-481.48277716566326,1000.0,-0.0057650828161968,-0.1681282119220668,-0.1681282119220668,996.6342172903446,-0.0032301289514862,-1000.0,999.747791531472,-819.6900395656111,-1000.0,-6.304985604171407,-0.2802136865368538,-0.0223201910544048,28.571966019716,-0.2802459878263335,-999.747791531472,-0.0110147397243736, Amensalism,Healthy
SRR13077862.bin.13.fbc2XSRR13077862.bin.5.fbc2 ,-0.0852690831600284,-0.0852690831600284,993.121934477047,-0.0016382148542106,-1000.0,1000.0,0.0,-977.4770159445634,-3.1976807203192266,-0.1421151386000474,-0.0113200646424047,174.30483766992666,-553.4749869946381,-1000.0,-0.005586312652781,-0.0860448367493518,-0.0860448367493518,6.878065522953079,-0.0016531188616681,1000.0,-1000.0,1000.0,-22.52298405543661,-3.2267722996393786,-0.1434080612489197,-0.0114230513340771,6.75846788370859,-446.5250130053618,1000.0,-0.0056371353182385, Neutralism,Healthy
SRR13077862.bin.5.fbc2XSRR13077862.bin.6.fbc2 ,-0.0864746925032022,-0.0864746925032022,13.942744138341482,-0.0016613773775588,1000.0,-1000.0,700.2391038004719,-26.712705372072943,-3.242892344625375,-0.1441244875053371,-0.0114801176790706,4.754963814006828,-286.30187157825526,1000.0,-0.0056652968575008,-0.1584306894015981,-0.1584306894015981,986.0572558616586,-0.0030438172796039,-1000.0,999.7623387468112,-877.0669826462665,-973.287294627927,-5.9413182625107765,-0.2640511490027393,-0.0210327774018423,995.2450361859932,-658.3000150110859,-999.7623387468112,-0.0103794169233424, Neutralism,Healthy
SRR13077862.bin.5.fbc2XSRR13077862.bin.26.fbc2 ,-0.0865331484108082,-0.0865331484108082,13.984205658310316,-0.0016625004498109,-1000.0,1000.0,945.0567037390356,-26.762799240452186,-3.245084502930581,-0.1442219140180896,-0.0114878781079141,11.6381736902772,-236.1265696217952,-1000.0,-0.0056691265336894,-0.0685698597548025,-0.0685698597548025,74.20982622996735,-0.0013173844333778,1000.0,-1000.0,54.943296260964416,953.1720487383054,-2.5714421969476007,-0.1142830995912618,-0.0091031264342973,0.8872518289249456,-500.1400116175742,1000.0,-0.0044922809177023, Neutralism,Healthy
SRR13077862.bin.9.fbc2XSRR13077862.bin.6.fbc2 ,-0.0821373226518744,-0.0821373226518744,-2.153607460953367,-0.0015780465447505,-1000.0,999.8767861257896,787.897444576738,-511.1002476633586,-3.0802363920035987,-0.1368955377530483,-0.0109043016238956,0.0,-336.36319220509733,-999.8767861257896,-0.0053811387174391,-0.1587409309807981,-0.1587409309807981,1000.0,-0.003049777732599,0.0,-0.2381266453598982,212.10255542326195,-87.11099198679312,-5.952952649555073,-0.2645682183012923,-0.0210739641321424,1000.0,-663.6368077949027,0.2381266453598982,-0.0103997420681025, Neutralism,Healthy
SRR13077862.bin.26.fbc2XSRR13077862.bin.14.fbc2 ,0.0,0.0,0.0,0.0,-1000.0,1000.0,0.0,0.0,0.0,0.0,0.0,0.0,0.0,-1000.0,0.0,-0.2351087315493032,-0.2351087315493032,1000.0,-0.0045169785120151,1000.0,-1000.0,1000.0,355.6263086286674,-8.816825866915565,-0.3918478859154675,-0.0312123215178417,-15.715426469142926,-1000.0,1000.0,-0.0154028967258454, Amensalism,Healthy
SRR13077862.bin.5.fbc2XSRR13077862.bin.14.fbc2 ,-0.0860775398401756,-0.0860775398401756,8.673025407516775,-0.0016537471631181,0.0,0.0,943.5533739001604,-443.1516360530286,-3.227998700099078,-0.1434625664002169,-0.011427392897076,5.99623232087356,-421.8672330621228,0.0,-0.0056392778262761,-0.2338342915478506,-0.2338342915478506,991.3269745924832,-0.0044924935936023,-1000.0,1000.0,56.446626099839705,840.090415383276,-8.769033020192182,-0.3897238192464556,-0.0310431307318594,-15.630238785982328,-496.1329978017107,-1000.0,-0.0153194031541943, Neutralism,Healthy
SRR13077862.bin.13.fbc2XSRR13077862.bin.16.fbc2 ,-0.0428375014055291,-0.0428375014055291,499.607359440452,-0.0008230067512613,1000.0,-1000.0,0.0,0.0,-1.6064515680800469,-0.0713958356759576,-0.0056869766515319,2.940897053405024,-230.23802689096067,1000.0,-0.0028064530220035,-0.1410400342209641,-0.1410400342209641,500.392640559548,-0.0027097028669231,-1000.0,999.788426400154,-1000.0,-1000.0,-5.289150316944529,-0.2350667237016068,-0.0187240468101208,152.88719183134322,-0.2350938207302988,-999.7884264001542,-0.0092400867760034, Competition,Healthy
SRR13077862.bin.16.fbc2XSRR13077862.bin.17.fbc2 ,-0.1678465400171944,-0.1678465400171944,988.6244606603605,-0.0032247173874111,-1000.0,999.7482140663874,-324.8560250327366,-1000.0,-6.294422610100696,-0.2797442333619528,-0.0222827971473407,26.408699552362577,-0.2797764805358156,-999.7482140663872,-0.010996286291288,-0.0835983814820338,-0.0835983814820338,11.375539339639433,-0.0016061168391843,1000.0,-1000.0,1000.0,59.87474797319328,-3.1350276420035925,-0.1393306358033896,-0.0110982673591024,-0.4369360555290313,-500.17069809767366,1000.0,-0.0054768584217299, Neutralism,Healthy
SRR13077862.bin.23.fbc2XSRR13077862.bin.26.fbc2 ,-0.1023562993550513,-0.1023562993550513,966.513708087634,-0.0019664995072616,-1000.0,999.8464557184698,-1000.0,-47.71342333949213,-3.838469383286679,-0.1705938322584188,-0.0135885115954579,1000.0,-356.0519864897419,-999.84645571847,-0.0067057633199283,-0.0685698597548025,-0.0685698597548025,33.48629191236614,-0.0013173844333778,575.0784632892057,0.1535442815301166,385.6646215595738,416.5612482974034,-2.5714421969476007,-0.1142830995912618,-0.0091031264342973,-1.8250780462450396,-643.9480135102581,-0.1535442815301166,-0.0044922809177023, Neutralism,Healthy
SRR13077862.bin.9.fbc2XSRR13077862.bin.23.fbc2 ,-0.0821373226518744,-0.0821373226518744,-2.153607460953367,-0.0015780465447505,-1000.0,999.8767861257896,-1000.0,-1000.0,-3.0802363920035987,-0.1368955377530483,-0.0109043016238956,40.70472813948072,-289.22252523371765,-999.8767861257896,-0.0053811387174391,-0.1028483005285352,-0.1028483005285352,1000.0,-0.0019759519793751,999.8457176694474,-1000.0,0.0,0.0,-3.856919947177289,-0.1714138342141495,-0.0136538281777802,730.647908526154,-710.7774747662824,1000.0,-0.0067379962498534, Neutralism,Healthy
SRR13077862.bin.5.fbc2XSRR13077862.bin.17.fbc2 ,-0.0655391531313398,-0.0655391531313398,293.809875961349,-0.0012591576009981,-1000.0,1000.0,0.0,-14.573017889714038,-2.4577874960931467,-0.1092319218855664,-0.0087007790227744,127.2722979662567,-267.93630248017246,-1000.0,-0.0042937274193945,-0.0835983814820338,-0.0835983814820338,352.48574712178333,-0.0016061168391843,1000.0,-1000.0,1000.0,-323.0493027969944,-3.1350276420035925,-0.1393306358033896,-0.0110982673591024,-0.4369360555293724,-500.17069809767366,1000.0,-0.0054768584217299, Amensalism,Healthy
SRR13077862.bin.26.fbc2XSRR13077862.bin.27.fbc2 ,-0.0685698597548025,-0.0685698597548025,68.8365971679043,-0.0013173844333778,-1000.0,999.8971386234456,58.92178736923438,955.8843786134756,-2.5714421969476007,-0.1142830995912618,-0.0091031264342973,-1.825078046245153,-500.1142962734356,-999.8971386234456,-0.0044922809177023,-0.090439579098188,-0.090439579098188,354.35691331130033,-0.0017375519519191,1000.0,-1000.0,506.2745873120466,44.11562138652425,-3.39157978153969,-0.1507326318303512,-0.012006483987875,203.76688060498213,-499.8857037265644,1000.0,-0.0059250521560443, Neutralism,Healthy
SRR13077862.bin.13.fbc2XSRR13077862.bin.27.fbc2 ,-0.0854401960978066,-0.0854401960978066,995.1148726611136,-0.0016415023266063,-1000.0,1000.0,0.0,-1000.0,-3.204097636295728,-0.1424003268297156,-0.0113427810765642,840.3167418680582,-114.00363312854392,-1000.0,-0.0055975229336127,-0.0903322640713213,-0.0903322640713213,4.885127338886264,-0.0017354901839325,1000.0,-1000.0,0.0,1000.0,-3.387555354634856,-0.1505537734522022,-0.0119922371707161,159.68325813194178,-476.0814715657226,1000.0,-0.0059180215270089, Neutralism,Healthy
SRR13077862.bin.27.fbc2XSRR13077862.bin.17.fbc2 ,-0.090439579098188,-0.090439579098188,57.37531205564278,-0.0017375519519191,-1000.0,1000.0,-342.65820529169446,-86.49709801516724,-3.39157978153969,-0.1507326318303512,-0.012006483987875,1000.0,-499.8293019023264,-1000.0,-0.0059250521560443,-0.0835983814820338,-0.0835983814820338,942.6246879443572,-0.0016061168391843,1000.0,-1000.0,1000.0,-913.5029019848328,-3.1350276420035925,-0.1393306358033896,-0.0110982673591024,-0.4369360555290313,-500.17069809767366,1000.0,-0.0054768584217299, Neutralism,Healthy
SRR13077862.bin.26.fbc2XSRR13077862.bin.17.fbc2 ,-0.0652974718917676,-0.0652974718917676,122.2606806200588,-0.0012545143495117,-1000.0,999.9020475195908,0.0,860.7759132009141,-2.4487241942292712,-0.1088291198195747,-0.0086686941550624,16.881072112796005,-499.8293038214324,-999.9020475195906,-0.0042778939317713,-0.0835974416112321,-0.0835974416112321,168.947500909057,-0.0016060987821902,1000.0,-1000.0,1000.0,-139.52544089347293,-3.134992395855079,-0.1393290693521294,-0.0110981425847285,-0.4481738346669317,-500.1706961785676,1000.0,-0.0054767968471196, Neutralism,Healthy
SRR13077862.bin.23.fbc2XSRR13077862.bin.27.fbc2 ,-0.1027415302187364,-0.1027415302187364,992.7330625347032,-0.001973900676603,-1000.0,999.8458778351684,1000.0,-304.7040002490137,-3.852915947739461,-0.1712358836979319,-0.0136396536755682,310.67347366095873,-569.8411780304472,-999.8458778351684,-0.0067310013073438,-0.090439579098188,-0.090439579098188,7.266937465296792,-0.0017375519519191,1000.0,-1000.0,0.0,329.8020391331745,-3.39157978153969,-0.1507326318303512,-0.012006483987875,327.67717130463734,-430.1588219695528,1000.0,-0.0059250521560443, Neutralism,Healthy
SRR13077862.bin.6.fbc2XSRR13077862.bin.14.fbc2 ,-0.0915967585129919,-0.0915967585129919,4.110169167158574,-0.0017597840252392,-1000.0,1000.0,-810.7859127570791,-6.604944588360127,-3.434975232359648,-0.1526612641883957,-0.0121601076143633,1000.0,-331.57138459832936,-1000.0,-0.0060008635259691,-0.2345047711371535,-0.2345047711371535,995.8898308328414,-0.0045053750458237,1000.0,-1000.0,-189.21408724292087,358.3091539694576,-8.794176713271554,-0.3908412852285892,-0.0311321415668999,-15.675055805816555,-519.558120303151,1000.0,-0.0153633289063463, Amensalism,Healthy
SRR13077862.bin.5.fbc2XSRR13077862.bin.27.fbc2 ,-0.0865331484108082,-0.0865331484108082,13.984205658310316,-0.0016625004498109,0.0,0.0,1000.0,-26.76279924045241,-3.245084502930581,-0.1442219140180896,-0.0114878781079141,9.538152997134716,-225.137910369602,0.0,-0.0056691265336894,-0.090439579098188,-0.090439579098188,11.107882932645794,-0.0017375519519191,-1000.0,1000.0,-805.1440610868336,15.446420401375915,-3.39157978153969,-0.1507326318303512,-0.012006483987875,990.4618470028654,-528.7860748801918,-1000.0,-0.0059250521560443, Neutralism,Healthy
SRR13077862.bin.9.fbc2XSRR13077862.bin.5.fbc2 ,-0.0821373226518744,-0.0821373226518744,-2.153607460953367,-0.0015780465447505,-1000.0,999.8767861257896,305.82179205003763,-973.2372007595476,-3.0802363920035987,-0.1368955377530483,-0.0109043016238956,775.0373699850509,-713.6977312203902,-999.8767861257896,-0.0053811387174391,-0.0865331484108082,-0.0865331484108082,13.984205658310316,-0.0016625004498109,1000.0,-1000.0,694.1782079499624,-26.76279924045241,-3.245084502930581,-0.1442219140180896,-0.0114878781079141,9.538152997134716,-286.3022687796098,1000.0,-0.0056691265336894, Neutralism,Healthy
SRR13077862.bin.23.fbc2XSRR13077862.bin.6.fbc2 ,-0.089350663621758,-0.089350663621758,81.33184640057857,-0.0017166313856478,-1000.0,999.8659654214104,1000.0,-142.6007284559497,-3.3507443005410096,-0.14891777270293,-0.0118619228746865,0.0,-371.36053518175993,-999.8659654214104,-0.005853713024976,-0.1576650398960737,-0.1576650398960737,918.6681535994214,-0.0030291073946955,0.0,-0.2365127053811875,0.0,-52.63231450154569,-5.912605597011407,-0.262775066493532,-0.0209311320976439,1000.0,-628.6394648182401,0.2365127053811875,-0.0103292562160959, Amensalism,Healthy
SRR13077862.bin.13.fbc2XSRR13077862.bin.14.fbc2 ,0.0,0.0,0.0,0.0,-1000.0,1000.0,0.0,-1000.0,0.0,0.0,0.0,0.0,-250.0,-1000.0,0.0,-0.2351087315493032,-0.2351087315493032,1000.0,-0.0045169785120151,1000.0,-1000.0,1000.0,856.6594686543795,-8.816825866915565,-0.3918478859154675,-0.0312123215178417,-15.715426469142926,-750.0,1000.0,-0.0154028967258454, Amensalism,Healthy
SRR13077862.bin.16.fbc2XSRR13077862.bin.6.fbc2 ,-0.128937288919019,-0.128937288919019,360.1746973191389,-0.0024771813433517,0.0,-0.1934183192853424,-1000.0,-1000.0,-4.83528457943919,-0.214895481531812,-0.0171173230822887,156.2437377176136,-0.2149202533452126,0.1934183192853424,-0.0084471883807282,-0.1495878508807209,-0.1495878508807209,639.8253026808611,-0.002873926049574,-1000.0,999.7756038540488,457.6956722169096,44.4648377931785,-5.609702473960056,-0.2493130848012015,-0.0198588290026009,843.7562622823864,-534.521039291996,-999.7756038540488,-0.0098000878290349, Amensalism,Healthy
SRR13077862.bin.5.fbc2XSRR13077862.bin.16.fbc2 ,-0.0865331484108082,-0.0865331484108082,13.952169274643095,-0.0016625004498109,1000.0,-1000.0,1000.0,-25.370776530518697,-3.245084502930581,-0.1442219140180896,-0.0114878781079141,8.156809081756933,-437.8264814919726,1000.0,-0.0056691265336894,-0.1674084627527463,-0.1674084627527463,986.047830725357,-0.0032163009174155,-1000.0,999.7488712243662,-350.17467796107564,-974.6292234694812,-6.277994249777066,-0.2790141045878727,-0.0222246393394698,31.649798929626517,-0.279046267596982,-999.7488712243664,-0.0109675861284586, Neutralism,Healthy
SRR13077862.bin.16.fbc2XSRR13077862.bin.27.fbc2 ,-0.1679977695323486,-0.1679977695323486,992.7330625347032,-0.0032276228536147,-1000.0,999.7479872075874,-322.2955573261969,-1000.0,-6.300093876717938,-0.2799962825538387,-0.0223028739186474,27.676730062644538,-0.2800285587823055,-999.7479872075872,-0.0110061939309389,-0.090439579098188,-0.090439579098188,7.266937465296678,-0.0017375519519191,1000.0,-1000.0,546.7545085698878,486.7634140174714,-3.39157978153969,-0.1507326318303512,-0.012006483987875,488.4028353060253,-453.7058538601324,1000.0,-0.0059250521560443, Neutralism,Healthy
SRR13077862.bin.9.fbc2XSRR13077862.bin.14.fbc2 ,-0.0821373226518744,-0.0821373226518744,0.0,-0.0015780465447505,-1000.0,999.8767861257896,944.3357662551234,-1000.0,-3.0802363920035987,-0.1368955377530483,-0.0109043016238956,157.7123110738089,-499.5279305757116,-999.8767861257896,-0.0053811387174391,-0.2351087315493032,-0.2351087315493032,1000.0,-0.0045169785120151,1000.0,-1000.0,55.66423374487658,856.6594686543795,-8.816825866915565,-0.3918478859154675,-0.0312123215178417,-15.715426469142926,-500.4720694242884,1000.0,-0.0154028967258454, Neutralism,Healthy
SRR13077862.bin.13.fbc2XSRR13077862.bin.17.fbc2 ,-0.0849175226748002,-0.0849175226748002,989.027338683504,-0.0016314605701381,-1000.0,1000.0,-829.2015602631601,3.5875118739544405,-3.1844968306355668,-0.1415292044579246,-0.0112733925395787,3.595282287586315,-46.53081760376119,-1000.0,-0.0055632805441518,-0.0806376470795839,-0.0806376470795839,10.972661316495987,-0.0015492343338792,1000.0,-1000.0,1000.0,-21.50571765874497,-3.0239969733733005,-0.1343960784660112,-0.0107052092472486,2.9127221135714763,-464.8753759828234,1000.0,-0.0052828890785576, Neutralism,Healthy
SRR13077862.bin.6.fbc2XSRR13077862.bin.17.fbc2 ,-0.1571007164317279,-0.1571007164317279,988.6244606603608,-0.0030182654453483,-1000.0,999.7643338340253,0.0,-146.2987926243394,-5.891442870791025,-0.2618345273863269,-0.0208562142275923,1000.0,-499.8293019023264,-999.7643338340253,-0.0102922851687026,-0.0835983814820338,-0.0835983814820338,11.375539339639316,-0.0016061168391843,1000.0,-1000.0,1000.0,37.29885151600024,-3.1350276420035925,-0.1393306358033896,-0.0110982673591024,0.0,-500.17069809767366,1000.0,-0.0054768584217299, Neutralism,Healthy
SRR13077862.bin.23.fbc2XSRR13077862.bin.14.fbc2 ,-0.0877046234097633,-0.0877046234097633,0.0202200860886705,-0.0016850071740464,-1000.0,999.8684346398496,98.52010258527412,4.875905259572733,-3.2890160532599566,-0.1461743723496056,-0.0116433995727902,982.0688360815752,-499.53804658455874,-999.8684346398496,-0.0057458744635141,-0.2351057603500521,-0.2351057603500521,999.9797799139114,-0.0045169214284896,1000.0,-1000.0,901.479897414726,448.626599357096,-8.816714443804358,-0.3918429339166778,-0.0312119270704442,-15.71522786459525,-500.46195341544126,1000.0,-0.0154027020710145, Amensalism,Healthy
SRR13077862.bin.16.fbc2XSRR13077862.bin.26.fbc2 ,-0.1676590534694924,-0.1676590534694924,984.3811846631556,-0.0032211153404659,-1000.0,999.7484953142192,-327.0855201281289,-1000.0,-6.287391666450162,-0.2794317557825252,-0.0222579070024266,24.36424046139018,-0.279463966935964,-999.7484953142192,-0.0109840033109094,-0.068299610704912,-0.068299610704912,15.618815336844364,-0.0013121923286689,1000.0,-929.6804922778744,118.09184429515358,956.0582480775004,-2.5613075720119696,-0.1138326845082247,-0.0090672489908456,-1.817885008229723,-517.7193367312176,929.6804922778744,-0.0044745758406179, Neutralism,Healthy
SRR13077862.bin.27.fbc2XSRR13077862.bin.6.fbc2 ,-0.0900974190676606,-0.0900974190676606,0.0,-0.001730978272235,1000.0,-1000.0,312.3220277044797,355.9832798470011,-3.3787484188433154,-0.1501623651128056,-0.0119610598608232,12.696734281433123,-288.6130474587932,1000.0,-0.0059026359082281,-0.1584050157440515,-0.1584050157440515,1000.0,-0.0030433240297043,-1000.0,999.7623772597638,0.0,-1000.0,-5.940355473224827,-0.264008359573495,-0.0210293690449816,987.3032657185668,-665.4066546639357,-999.7623772597638,-0.0103777349411302, Neutralism,Healthy
SRR13077867.bin.3.fbc2XSRR13077867.bin.2.fbc2 ,-0.2244503477925263,-0.2244503477925263,469.6360292229383,-0.0043122064897715,-1000.0,1000.0,175.50109377707895,92.42118066466082,-8.41712521357465,-0.3740839129874302,-0.0297973468442478,9.218893766217434,-500.4583013057326,-1000.0,-0.014704624130104,-0.0444588785816222,-0.0444588785816222,530.3639707770617,-0.0008541571293108,1000.0,-1000.0,0.0,-5.9706693744425365,-1.6672549254528803,-0.0740981309693324,-0.0059022257636343,6.951972063258722,-76.25673266548961,1000.0,-0.0029126758109896, Amensalism,Healthy
SRR13077867.bin.3.fbc2XSRR13077867.bin.20.fbc2 ,-0.2411226489869022,-0.2411226489869022,1000.0,-0.0046325196731231,1000.0,-1000.0,-36.7744670015403,-189.61471663945588,-9.0423541255891,-0.4018710816447992,-0.0320107109413356,9.903678508415735,-500.4923441908612,1000.0,-0.0157968920854045,0.0,0.0,0.0,0.0,-1000.0,1000.0,0.0,0.0,0.0,0.0,0.0,0.0,0.0,-1000.0,0.0, Amensalism,Healthy
SRR13077867.bin.3.fbc2XSRR13077867.bin.17.fbc2 ,-0.2272121817313745,-0.2272121817313745,504.8170075804319,-0.0043652676605461,0.0,0.0,-823.2324967567716,53.22346781634246,-8.520696904648503,-0.378686969552291,-0.0301639995343521,9.332331120773688,-500.4639406469628,0.0,-0.0148855627224975,-0.1090119404963161,-0.1090119404964298,495.1829924195681,-0.0020943696540598,-1000.0,1000.0,-176.76750324322836,52.63073601943506,-4.0880629589448745,-0.1816865674938981,-0.0144720943098946,192.38014785090013,-499.5360593530372,-1000.0,-0.0071418005204577, Amensalism,Healthy
SRR13077867.bin.20.fbc2XSRR13077867.bin.17.fbc2 ,-0.0894185364558097,-0.0894185364558097,988.844291092722,-0.001717935378565,-1000.0,999.7505042449668,64.58982570747912,-993.1444293698496,-3.353289603538542,-0.1490308940930163,-0.0118709334660707,87.13991109516269,-19.227330614074845,-999.7505042449668,-0.0058581596409794,-0.0872099350227699,-0.0872099350227699,11.155708907277926,-0.0016755030743524,1000.0,-1000.0,0.0,81.51013699000646,-3.270464716024776,-0.1453498917046545,-0.011577726244127,912.8600889048372,-509.8393434010255,1000.0,-0.0057134654837227, Amensalism,Healthy
SRR13077867.bin.2.fbc2XSRR13077867.bin.17.fbc2 ,-0.0820531482999058,-0.0820531482999058,978.8378595111462,-0.0015764293621032,-1000.0,1000.0,-500.0,-6.416942422246507,-3.077079764861537,-0.1367552471665476,-0.0108931268924834,21.23310048602832,-194.2267016175199,-1000.0,-0.0053756241248947,-0.0880729675313887,-0.0880729675313887,21.162140488853765,-0.0016920839102567,1000.0,-1000.0,0.0,103.26796565015547,-3.302829347043144,-0.1467882792189812,-0.0116922998201971,878.0598968600398,-518.5883962570833,1000.0,-0.0057700061341847, Amensalism,Healthy
SRR13077867.bin.2.fbc2XSRR13077867.bin.20.fbc2 ,0.0,0.0,0.0,0.0,0.0,0.0,-500.0,0.0,0.0,0.0,0.0,0.0,0.0,0.0,0.0,-0.0904273172847069,-0.0904273172847069,1000.0,-0.0017373163743741,-1000.0,999.7476895429536,114.43579174024173,-910.6643992950662,-3.391119950576808,-0.1507121954745116,-0.0120048561467456,3.5754926508042217,-4.226960231438284,-999.7476895429536,-0.0059242488365498, Amensalism,Healthy
SRR13077889.bin.4.fbc2XSRR13077889.bin.15.fbc2 ,-0.0858619357229599,-0.0858619357229599,204.8247614738575,-0.001649604913041,-1000.0,1000.0,-51.4292125861042,-45.37167380263759,-3.219913317880696,-0.1431032262048575,-0.0113987699489825,2.9984499768837622,-251.28340135553583,-1000.0,-0.0056251527533959,-0.131638489675538,-0.131638489675538,0.0503792260199134,-0.0025290776114843,1000.0,-1000.0,398.12662277582285,1000.0,-4.936582462102479,-0.2193974827926013,-0.0174759262951056,53.20983290959634,-691.1544936899022,1000.0,-0.0086241546549672, Neutralism,Healthy
SRR13077889.bin.9.fbc2XSRR13077889.bin.15.fbc2 ,-0.0892731156525314,-0.0892731156525314,834.6655700832969,-0.0017151415111129,-1000.0,999.8660817508136,718.1262212948557,-747.4142830942229,-3.3478361697514174,-0.1487885260875145,-0.0118516278416791,963.478126711085,-400.4509741635028,-999.8660817508136,-0.0058486325527837,-0.1240526045796741,-0.1240526045796741,0.0474760400235254,-0.0023833353425288,1000.0,-1000.0,281.87377870514433,1000.0,-4.652103755181088,-0.2067543409660857,-0.01646884721697,36.521873288915,-599.5490258364972,1000.0,-0.0081271735181189, Neutralism,Healthy
SRR13077889.bin.7.fbc2XSRR13077889.bin.9.fbc2 ,-0.1318649406880467,-0.1318649406880467,723.8581680866189,-0.002533428255333,1000.0,-1000.0,28.27251671241197,-404.7415277492946,-4.945074614355008,-0.2197749011467067,-0.017505989244114,604.2701692133724,-481.56426797850986,1000.0,-0.008638990350505,-0.0883906215595971,-0.0883906215595971,276.1418319133811,-0.0016981867735239,-1000.0,999.8674055767268,-395.2364849010396,-47.35877801076117,-3.3147417087565145,-0.1473177025992527,-0.0117344706047788,40.26073844620692,-404.23280633806667,-999.8674055767268,-0.0057908168976155, Amensalism,Healthy
SRR13077889.bin.7.fbc2XSRR13077889.bin.1.fbc2 ,-0.1567150669102372,-0.1567150669102372,1000.0,-0.0030108562326654,1000.0,-1000.0,602.7238593460755,-713.5921608401584,-5.8769806062266925,-0.2611917781837287,-0.0208050165677183,947.0471605455086,-514.4013872480191,1000.0,-0.0102670197533892,0.0,0.0,0.0,0.0,-1000.0,1000.0,-500.0,0.0,0.0,0.0,0.0,0.0,0.0,-1000.0,0.0, Amensalism,Healthy
SRR13077889.bin.1.fbc2XSRR13077889.bin.15.fbc2 ,-0.0269290258070213,-0.0269290258070213,352.7909409707768,-0.0005173684112378,-1000.0,999.9596038744472,-134.2396845189336,-25.98776962715397,-1.0098669230264932,-0.0448817096784068,-0.0035750157219354,0.0,-331.68252797715786,-999.9596038744472,-0.0017642262824892,-0.1300698996807341,-0.1300698996807341,0.0497789126154657,-0.0024989413963112,1000.0,-1000.0,423.4257901351393,1000.0,-4.877758679803264,-0.2167831661345189,-0.0172676850488642,38.29340311666056,-668.3174720228421,1000.0,-0.0085213901616043, Amensalism,Healthy
SRR13077889.bin.12.fbc2XSRR13077889.bin.7.fbc2 ,-0.2206590294133548,-0.2206590294133548,497.6857049854991,-0.0042393665593181,-1000.0,999.6689902590472,-1000.0,1000.0,-8.274946768161271,-0.3677650490222959,-0.0292940229250007,666.3072252451514,-500.0,-999.6689902590472,-0.0144562399673304,-0.111928109055384,-0.111928109055384,502.3142950145009,-0.0021503959472966,1000.0,-1000.0,392.3509005645931,-156.95594241578067,-4.19742236135221,-0.1865468484255643,-0.0148592359955728,333.69277475484864,-455.2196083045634,1000.0,-0.0073328501802052, Competition,Healthy
SRR13077889.bin.4.fbc2XSRR13077889.bin.1.fbc2 ,-0.0858619357229599,-0.0858619357229599,213.63637332516464,-0.001649604913041,1000.0,-1000.0,466.3707856900569,-45.28581186691474,-3.219913317880696,-0.1431032262048575,-0.0113987699489825,2.9529936579716605,-241.50274479460177,1000.0,-0.0056251527533959,-0.0614686380948796,-0.0614686380948796,786.3636266748354,-0.0011809536617874,-1000.0,999.9077911380896,-358.6728972853871,-43.65239056431108,-2.305138881008247,-0.1024477301581328,-0.0081603898028106,732.0680238227596,-758.4972552053982,-999.9077911380896,-0.004027051986668, Amensalism,Healthy
SRR13077889.bin.7.fbc2XSRR13077889.bin.15.fbc2 ,-0.1567111378989238,-0.1567111378989238,999.956339682762,-0.0030107807473314,-1000.0,1000.0,613.7397659776275,-713.543328989775,-5.876833264149013,-0.2611852298314261,-0.020804494964068,941.4761720213492,-514.39619542672,-1000.0,-0.0102667623484649,-0.1140823048315269,-0.1140823048315269,0.04366031723805,-0.0021917829939184,1000.0,-1000.0,47.33052293725768,1000.0,-4.278206979245056,-0.1901371747190978,-0.0151452204877386,33.58655383077462,-485.60380457328,1000.0,-0.007473980009081, Amensalism,Healthy
SRR13077889.bin.7.fbc2XSRR13077889.bin.4.fbc2 ,-0.1383570001390808,-0.1383570001390808,795.9998213587853,-0.0026581556222708,-1000.0,1000.0,13.261843195841038,-485.4283079120301,-5.188533703773032,-0.2305950002316876,-0.0183678553498793,697.2499887077838,-490.1429177846022,-1000.0,-0.009064310671988,-0.0858619357229599,-0.0858619357229599,204.0001786412147,-0.001649604913041,1000.0,-1000.0,447.0983963221579,-45.28581186691463,-3.219913317880696,-0.1431032262048575,-0.0113987699489825,2.9529936579716605,-250.17532001015627,1000.0,-0.0056251527533959, Amensalism,Healthy
SRR13077889.bin.9.fbc2XSRR13077889.bin.4.fbc2 ,-0.0892731156525314,-0.0892731156525314,628.5944337951987,-0.0017151415111129,-1000.0,999.8660817508136,218.09587925277128,-62.31318357072109,-3.3478361697514174,-0.1487885260875145,-0.0118516278416791,570.972795011875,-500.0,-999.8660817508136,-0.0058486325527837,-0.0858619357229599,-0.0858619357229599,371.4055662048013,-0.001649604913041,1000.0,-1000.0,781.9041207472287,-45.28581186691463,-3.219913317880696,-0.1431032262048575,-0.0113987699489825,2.998449976883876,-101.28340135553584,1000.0,-0.0056251527533959, Neutralism,Healthy
SRR13077889.bin.12.fbc2XSRR13077889.bin.1.fbc2 ,-0.2664259631618506,-0.2664259631618506,1000.0,-0.0051186544314987,0.0,-0.3996645380149175,-1000.0,1000.0,-9.99125514456398,-0.4440432719364935,-0.0353699021219426,1000.0,-500.0,0.3996645380149175,-0.0174546116115834,0.0,0.0,0.0,0.0,-1000.0,1000.0,0.0,0.0,0.0,0.0,0.0,0.0,0.0,-1000.0,0.0, Amensalism,Healthy
SRR13077889.bin.9.fbc2XSRR13077889.bin.1.fbc2 ,-0.0892731156525314,-0.0892731156525314,331.34830287119075,-0.0017151415111129,0.0,-0.1339182491863084,-0.3077878613053144,-85.47433447664059,-3.3478361697514174,-0.1487885260875145,-0.0118516278416791,69.53027608101183,-400.4509741635028,0.1339182491863084,-0.0058486325527837,-0.0486768817393112,-0.0486768817393112,625.5010496492123,-0.0009351946539482,-1000.0,999.9269800014176,-507.00839549660657,-37.3496259783019,-1.825434500929532,-0.0811281362321096,-0.0064621950589298,0.0,-599.5490258364972,-999.9269800014176,-0.0031890137699974, Amensalism,Healthy
SRR13077889.bin.12.fbc2XSRR13077889.bin.9.fbc2 ,-0.2417672030370568,-0.2417672030370568,723.8581680866191,-0.0046449030362509,0.0,-0.3626740290708312,-1000.0,1000.0,-9.066525583557675,-0.4029453383951704,-0.0320962799805784,882.7927970489229,-500.0,0.3626740290708312,-0.0158391193535862,-0.0883906215595971,-0.0883906215595971,276.1418319133809,-0.0016981867735239,-1000.0,999.8674055767268,0.0,-41.09712184838361,-3.3147417087565145,-0.1473177025992527,-0.0117344706047788,33.99908228382924,-404.23280633806667,-999.8674055767268,-0.0057908168976155, Neutralism,Healthy
SRR13077889.bin.12.fbc2XSRR13077889.bin.15.fbc2 ,-0.2529154722770954,-0.2529154722770954,999.9750650218712,-0.0048590868833571,-1000.0,999.6206024961498,-1000.0,744.2683164694758,-9.4845974601717,-0.4215257871285303,-0.0335762903638396,965.7540845649778,-450.9090581362044,-999.62060249615,-0.0165694862721466,-0.065153896164702,-0.065153896164702,0.0249349781288401,-0.0012517559301841,1000.0,-1000.0,848.2373534241167,255.73168353052412,-2.4433399527541724,-0.1085898269412837,-0.0086496334773755,34.24591543502197,-549.0909418637956,1000.0,-0.004268487721788, Amensalism,Healthy
SRR13077889.bin.12.fbc2XSRR13077889.bin.4.fbc2 ,-0.2483971233924649,-0.2483971233924649,795.9998213587851,-0.0047722790277475,-1000.0,999.6273804535164,-1000.0,1000.0,-9.315154602565713,-0.413995205654146,-0.0329764480815129,938.1103505077648,-500.0,-999.627380453516,-0.01627347148451,-0.0858619357229599,-0.0858619357229599,204.0001786412149,-0.001649604913041,1000.0,-1000.0,0.0,-45.28581186691463,-3.219913317880696,-0.1431032262048575,-0.0113987699489825,2.9529936579716605,-250.17532001015627,1000.0,-0.0056251527533959, Neutralism,Healthy
SRR13077900.bin.4.fbc2XSRR13077900.bin.2.fbc2 ,-0.0586834497424888,-0.0586834497424888,678.9883233140199,-0.0011274437990778,-1000.0,999.9119691881674,1000.0,0.0,-2.200691374750704,-0.0978057495707389,-0.0077906366516344,0.0,-500.66862208921975,-999.9119691881672,-0.0038445833548621,-0.1316220323235484,-0.1316220323235484,321.0116766859801,-0.002528761427925,0.0,0.0,-1000.0,1000.0,-4.935965294011453,-0.2193700538725806,-0.0174737414669152,1000.0,-425.7332315979105,0.0,-0.0086230764692345, Amensalism,Healthy
SRR13077900.bin.5.fbc2XSRR13077900.bin.2.fbc2 ,-0.0359584396627497,-0.0359584396627497,558.7112655325259,-0.000690844181804,1000.0,-1000.0,406.6645566055645,-105.92313358288597,-1.34847948378399,-0.0599307327712494,-0.0047737332962469,183.0636793130652,-501.3555734666106,1000.0,-0.0023557786599894,-0.1209356932683931,-0.1209356932683931,441.2887344674741,-0.0023234523201836,-1000.0,1000.0,-257.8169031237054,1000.0,-4.535216287441358,-0.2015594887806173,-0.0160550555328882,816.9363206869348,-498.6444265333894,-1000.0,-0.0079229724119613, Competition,Healthy
SRR13077900.bin.4.fbc2XSRR13077900.bin.5.fbc2 ,-0.0510107261559369,-0.0510107261559369,328.88055342038524,-0.0009800331633869,-1000.0,999.9234790106002,618.3210678315791,676.645265851427,-1.9129561326715248,-0.0850178769265994,-0.006772029159265,-255.30529318996537,-499.9956290520912,-999.9234790106004,-0.0033419130872971,-0.0431742016116913,-0.0431742016116913,671.1194465796148,-0.0008294755352835,1000.0,-1000.0,381.67893216842094,-336.20901600194225,-1.6190781815942046,-0.0719570026861902,-0.005731675948823,327.1216304170541,-500.00437094790885,1000.0,-0.0028285115753305, Amensalism,Healthy
SRR13077911.bin.30.fbc2XSRR13077911.bin.23.fbc2 ,-0.0865370074704969,-0.0865370074704969,13.009729304651955,-0.0016625745911369,999.758544292124,-1000.0,-1000.0,-52.54870186135236,-3.24522922174674,-0.1442283457841995,-0.0114883904250291,-1.138198565116454,-485.418126818206,1000.0,-0.0056693793559361,-0.1050092419617385,-0.1050092419617385,409.4404712474818,-0.0020174686255813,-1000.0,999.8424760497144,299.5388939923721,-309.0450897637088,-3.937957534338125,-0.1750154032695263,-0.0139407082027673,1000.0,-514.581873181794,-999.8424760497144,-0.0068795680132325, Neutralism,Healthy
SRR13077911.bin.19.fbc2XSRR13077911.bin.32.fbc2 ,-0.1748407563121645,-0.1748407563121645,985.7215809456396,-0.0033590923402471,-1000.0,999.73772207007,1000.0,560.891314183292,-6.5567131117850295,-0.2914012605202742,-0.0232113280713974,168.64706533095932,-662.5007342207558,-999.73772207007,-0.011454504880362,-0.0866186671956938,-0.0866186671956938,14.278419054360256,-0.0016641434619941,1000.0,-1000.0,-215.27866311420644,-11.147037547082276,-3.248291547727831,-0.1443644453261185,-0.0114992313222046,-1.7856520855222016,-337.4992657792442,1000.0,-0.0056747292053387, Neutralism,Healthy
SRR13077911.bin.40.fbc2XSRR13077911.bin.2.fbc2 ,-0.1593248175685175,-0.1593248175685175,284.9919663494927,-0.0030609955344971,-1000.0,1000.0,-1000.0,138.34322190355215,-5.97484901357484,-0.2655413626142717,-0.0211514791431,248.62424779464072,-330.1195161905887,-1000.0,-0.0104379947724737,-0.2239654767620322,-0.2239654767620322,715.0080336505073,-0.0043028910040447,1000.0,-1000.0,0.0,861.6567780964479,-8.398942037581378,-0.3732757946033871,-0.0297329768382041,469.9311861754909,-669.8804838094113,1000.0,-0.0146728583239337, Competition,Healthy
SRR13077911.bin.40.fbc2XSRR13077911.bin.23.fbc2 ,-0.2140403411357283,-0.2140403411357283,967.2021169980908,-0.0041122063619241,1000.0,-1000.0,-1000.0,356.5229293027644,-8.026738963940943,-0.3567339018928805,-0.0284153459605249,774.2623279095205,-488.9655584382296,1000.0,-0.0140226236940179,-0.079479276213874,-0.079479276213874,32.79788300190921,-0.0015269793700554,-1000.0,999.8807734507824,634.9120477824833,209.59417133345323,-2.9805568418871644,-0.1324654603565704,-0.0105514274474671,225.73767209047944,-511.0344415617704,-999.8807734507824,-0.0052069996520458, Amensalism,Healthy
SRR13077911.bin.19.fbc2XSRR13077911.bin.16.fbc2 ,-0.1756470243162766,-0.1756470243162766,998.6324910675256,-0.0033745825996902,-1000.0,999.7365125906126,1000.0,759.5461195137764,-6.5869490139045865,-0.2927450405271656,-0.0233183657642257,149.085713471703,-506.9509191910641,-999.7365125906124,-0.0115073266650824,-0.0875260872511489,-0.0875260872511489,1.3675089324743794,-0.0016815770845823,1000.0,-627.9349743030186,-903.4596137931984,240.4538804862236,-3.2823207586596936,-0.1458768120853619,-0.0116196976542823,0.0,-493.0490808089359,627.9349743030186,-0.0057341778583577, Neutralism,Healthy
SRR13077911.bin.16.fbc2XSRR13077911.bin.23.fbc2 ,-0.0875269872775561,-0.0875269872775561,2.151398212932918,-0.001681594376123,1000.0,-1000.0,900.2772310120372,-15.027450430678073,-3.282354510598566,-0.1458783121291844,-0.0116198171390351,0.0,-400.0328247222221,1000.0,-0.0057342368226045,-0.10501195809411,-0.10501195809411,408.1319134708874,-0.0020175208087493,-1000.0,999.8424719752549,-337.83182676038564,-307.8373978007504,-3.938059392174864,-0.17501993015685,-0.0139410687883128,1000.0,-599.9671752777779,-999.8424719752549,-0.0068797459578036, Neutralism,Healthy
SRR13077911.bin.19.fbc2XSRR13077911.bin.13.fbc2 ,-0.1759558592065104,-0.1759558592065104,999.9783199888784,-0.0033805160270503,-1000.0,999.73604930861,1000.0,577.9499961146569,-6.5985306486255695,-0.2932597653441462,-0.0233593657467281,415.9992293833657,-470.4693757414433,-999.73604930861,-0.0115275596521087,-0.0838368929329362,-0.0838368929329362,0.0216800111215889,-0.001610699191815,117.18098962081672,0.2639506913899367,-1000.0,422.05000388534313,-3.143972073439727,-0.1397281548881892,-0.0111299314153257,584.0007706166343,-529.5306242585567,-0.2639506913899367,-0.0054924842439731, Neutralism,Healthy
SRR13077911.bin.41.fbc2XSRR13077911.bin.24.fbc2 ,-0.1692968470587175,-0.1692968470587175,624.1821200943682,-0.0032525811154755,999.7460384665064,-1000.0,-1000.0,-1000.0,-6.348810656664,-0.2821614117646049,-0.0224753355076927,169.68348137592898,0.0,1000.0,-0.011091301603642,-0.0701819791886464,-0.0701819791886464,375.8178799056318,-0.0013483569488244,-1000.0,1000.0,953.7689184518596,1000.0,-2.631898379205154,-0.116969965314297,-0.0093171465166506,148.3485355044304,-347.4503662729421,-1000.0,-0.0045978971955946, Amensalism,Healthy
SRR13077911.bin.2.fbc2XSRR13077911.bin.9.fbc2 ,-0.2480393588874676,-0.2480393588874676,814.7176045094757,-0.004765405550188,-1000.0,1000.0,1000.0,112.34372759774124,-9.30173805558411,-0.4133989314790369,-0.0329289523517672,908.7015117989145,-527.7655126617279,-1000.0,-0.0162500329261092,-0.0615422828034297,-0.0615422828034297,185.28239549052432,-0.001182368545642,1000.0,-1000.0,-844.3240892807909,735.7035739968574,-2.307900635397914,-0.1025704713390496,-0.0081701666507569,91.29848820108556,-472.23448733827206,1000.0,-0.0040318767407825, Amensalism,Healthy
SRR13077911.bin.19.fbc2XSRR13077911.bin.2.fbc2 ,-0.1223499967826455,-0.1223499967826455,916.4125473427324,-0.0023506243378506,-1000.0,999.8164632517044,-1000.0,308.2741566870218,-4.588254163688248,-0.2039166613044472,-0.0162428141742339,513.0683961640184,-89.94091651577742,-999.8164632517044,-0.0080156289918704,-0.1565295149442818,-0.1565295149442818,83.58745265726748,-0.0030072913533558,1000.0,-1000.0,0.0,484.3969414528256,-5.870022211435639,-0.2608825249071742,-0.0207803832519175,486.9316038359816,-738.2002696718529,1000.0,-0.0102548635151151, Competition,Healthy
SRR13077911.bin.40.fbc2XSRR13077911.bin.41.fbc2 ,-0.1227767088691962,-0.1227767088691962,375.8178799056318,-0.0023588224566992,-1000.0,1000.0,0.0,1000.0,-4.6042563178313,-0.2046278481153649,-0.0162994631755282,370.6396749076457,-730.6264412194856,-1000.0,-0.0080435845771944,-0.1692968470587175,-0.1692968470587175,624.1821200943682,-0.0032525811154755,999.7460384665064,-1000.0,-1000.0,-1000.0,-6.348810656664,-0.2821614117646049,-0.0224753355076927,169.6834813759283,0.0,1000.0,-0.011091301603642, Amensalism,Healthy
SRR13077911.bin.23.fbc2XSRR13077911.bin.24.fbc2 ,-0.0766237795340885,-0.0766237795340885,0.0,-0.0014721187230861,-1000.0,999.8850569701052,-601.4667810026508,336.7110612706342,-2.873472699058538,-0.1277062992235187,-0.0101723403761297,859.1281376250931,-501.57255679545074,-999.8850569701052,-0.0050199248455555,-0.1414994126457713,-0.1414994126457713,1000.0,-0.0027185285811128,0.0,0.0,1000.0,663.2889387293658,-5.306377493290142,-0.2358323544096947,-0.018785032495316,140.87186237490687,-498.42744320454926,0.0,-0.0092701824614778, Amensalism,Healthy
SRR13077911.bin.13.fbc2XSRR13077911.bin.2.fbc2 ,-0.0838368929329362,-0.0838368929329362,0.0216800111215889,-0.001610699191815,-1000.0,999.8742366071046,-1000.0,-27.37550412413896,-3.143972073439727,-0.1397281548881892,-0.0111299314153257,886.7672744635797,-421.5125009845013,-999.8742366071046,-0.0054924842439731,-0.2643649572426056,-0.2643649572426056,999.9783199888784,-0.0050790577760153,1000.0,-1000.0,441.5307894815219,1000.0,-9.913965244776591,-0.4406082620710094,-0.035096289232456,113.23272553642028,-578.4874990154987,1000.0,-0.0173195870162317, Neutralism,Healthy
SRR13077911.bin.40.fbc2XSRR13077911.bin.32.fbc2 ,-0.1961702245685046,-0.1961702245685046,985.72158094564,-0.0037688803951141,-1000.0,1000.0,-829.7835661960048,1000.0,-7.35659070974225,-0.3269503742809547,-0.0260429635305854,940.9434752818328,-662.5007342207557,-1000.0,-0.0128518821475154,-0.0866186671956938,-0.0866186671956938,14.278419054360027,-0.0016641434619941,0.0,0.0,-170.2164338039952,-11.147037547082505,-3.248291547727831,-0.1443644453261185,-0.0114992313222046,-1.7856520855223152,-337.4992657792443,0.0,-0.0056747292053387, Amensalism,Healthy
SRR13077911.bin.13.fbc2XSRR13077911.bin.9.fbc2 ,-0.0852855043267482,-0.0852855043267482,352.5503336998986,-0.0016385303424613,-1000.0,999.872063550858,-1000.0,-839.3834375816351,-3.1982965314230114,-0.142142507211247,-0.0113222446666441,1000.0,-398.1817015780407,-999.872063550858,-0.0055873884679158,-0.086717465277502,-0.086717465277502,647.4496663001014,-0.0016660415999467,1000.0,-1000.0,1000.0,1000.0,-3.2519965801922126,-0.144529108795723,-0.0115123474556639,-141.00573704019644,-601.8182984219593,1000.0,-0.0056812018558503, Amensalism,Healthy
SRR13077911.bin.20.fbc2XSRR13077911.bin.32.fbc2 ,-0.0873407398661356,-0.0873407398661356,2.611170976947051,-0.0016780161357701,-1000.0,1000.0,-1000.0,-107.71292884550768,-3.2753700358665583,-0.1455678997768927,-0.0115950914980658,242.82722619864128,-386.1591356695613,-1000.0,-0.0057220350229272,-0.0869360126393985,-0.0869360126393985,36.3129748343822,-0.0016702403964927,0.0,0.0,1000.0,-36.83382816710446,-3.26019233720092,-0.1448933543990733,-0.0115413611400754,-9.784212568199337,-500.1791833897399,0.0,-0.0056955197521801, Neutralism,Healthy
SRR13077911.bin.20.fbc2XSRR13077911.bin.23.fbc2 ,-0.0873407398661356,-0.0873407398661356,2.611170976946937,-0.0016780161357701,1000.0,-1000.0,-1000.0,308.9537378211592,-3.2753700358665583,-0.1455678997768927,-0.0115950914980658,228.93833730975237,-334.0758023362277,1000.0,-0.0057220350229272,-0.0790328429734472,-0.0790328429734472,453.2055336961919,-0.0015184023626488,-1000.0,999.881443143528,459.88689566441167,-214.9652481738882,-2.9638151236334807,-0.1317214049556696,-0.0104921603256116,771.0616626902477,-510.9747187190963,-999.881443143528,-0.005177752056511, Amensalism,Healthy
SRR13077911.bin.11.fbc2XSRR13077911.bin.24.fbc2 ,-0.0284309150067656,-0.0284309150067656,1.1479043384101717,-0.0005462231509909,999.957350896374,-1000.0,-1000.0,-207.85834177794288,-1.0661893550284276,-0.0473848583446852,-0.0037744019730325,206.38314940361147,-0.0473903205761416,1000.0,-0.0018626209447347,-0.1414298337333548,-0.1414298337333548,998.8520956615898,-0.0027171918104613,-1000.0,1000.0,1000.0,667.7436095694866,-5.30376821054972,-0.2357163895555913,-0.0187757954100789,141.68824993092994,-500.2887831456134,-1000.0,-0.0092656240735777, Neutralism,Healthy
SRR13077911.bin.30.fbc2XSRR13077911.bin.20.fbc2 ,-0.0901526799286784,-0.0901526799286784,12.468886391922297,-0.0017320399601885,-1000.0,999.7484558365796,0.0,-26.507330075383493,-3.38082075952434,-0.1502544665478353,-0.0119683961249847,-7.176569011915376,-657.1146178396289,-999.7484558365794,-0.0059062562643248,0.0,0.0,0.0,0.0,1000.0,-1000.0,-1000.0,0.0,0.0,0.0,0.0,0.0,0.0,1000.0,0.0, Amensalism,Healthy
SRR13077911.bin.20.fbc2XSRR13077911.bin.35.fbc2 ,-0.0873407398661356,-0.0873407398661356,2.611170976947392,-0.0016780161357701,-1000.0,1000.0,-918.1271416375204,100.63860047529806,-3.2753700358665583,-0.1455678997768927,-0.0115950914980658,235.8821752212812,-360.11519450446053,-1000.0,-0.0057220350229272,-0.0892513587012899,-0.0892513587012899,997.3888290230524,-0.0017147235100765,1000.0,-1000.0,-81.87285836247952,-594.3166070379656,-3.347020261093121,-0.1487522645022636,-0.0118487394548765,472.1798156416967,-525.8068783947851,1000.0,-0.005847207169495, Neutralism,Healthy
SRR13077911.bin.16.fbc2XSRR13077911.bin.13.fbc2 ,-0.0875269872775561,-0.0875269872775561,2.1513982129336,-0.001681594376123,-1000.0,999.868701111112,-97.7378233943498,985.1038484582124,-3.282354510598566,-0.1458783121291844,-0.0116198171390351,-0.888554468346797,-400.0,-999.8687011111118,-0.0057342368226045,-0.0852915668041305,-0.0852915668041305,997.8486017870664,-0.0016386468165592,1000.0,-1000.0,1000.0,-470.428034398539,-3.198523880729226,-0.1421526113401796,-0.011323049502721,311.195018203427,-500.1723282924679,1000.0,-0.0055877856445931, Neutralism,Healthy
SRR13077911.bin.23.fbc2XSRR13077911.bin.11.fbc2 ,-0.10501195809411,-0.10501195809411,408.1319134708861,-0.0020175208087493,-1000.0,999.8424719752549,0.0,-307.8373978007505,-3.938059392174864,-0.17501993015685,-0.0139410687883128,1000.0,-688.9718560523702,-999.8424719752549,-0.0068797459578036,-0.0287739531740953,-0.0287739531740953,591.868086529114,-0.0005528137016881,0.0,-0.0431636938296833,-1000.0,-584.5364252149127,-1.079053648782747,-0.0479565886234922,-0.0038199426787741,0.0,-7.000195140012011,0.0431636938296833,-0.0018850947228656, Neutralism,Healthy
SRR13077911.bin.16.fbc2XSRR13077911.bin.24.fbc2 ,-0.0874932949122921,-0.0874932949122921,0.9837406528625934,-0.0016809470685075,999.8687516528962,-1000.0,0.0,337.4200823267738,-3.2810910112986,-0.1458221581871157,-0.0116153442429549,2.3668575197157224,-499.9891420087196,1000.0,-0.005732029503406,-0.1412896115365356,-0.1412896115365356,999.0162593471372,-0.0027144978200794,-1000.0,1000.0,1000.0,662.5799176732262,-5.298509729999296,-0.235482685894226,-0.0187571799369834,140.6172163234628,-497.7798682328528,-1000.0,-0.0092564375665915, Neutralism,Healthy
SRR13077911.bin.41.fbc2XSRR13077911.bin.2.fbc2 ,-0.1692968470587175,-0.1692968470587175,624.1821200943689,-0.0032525811154755,-1000.0,999.7460384665064,-330.19987682277065,-1000.0,-6.348810656664,-0.2821614117646049,-0.0224753355076927,169.68348137592852,0.0,-999.7460384665064,-0.011091301603642,-0.1954432416789586,-0.1954432416789586,375.8178799056311,-0.003754913384796,1000.0,-1000.0,540.0575832386237,986.6131580297996,-7.329328083195151,-0.3257387361314841,-0.0259464514889486,830.3165186240715,-1000.0,1000.0,-0.0128042546422193, Amensalism,Healthy
SRR13077911.bin.13.fbc2XSRR13077911.bin.32.fbc2 ,-0.0852915668041305,-0.0852915668041305,963.6870251656172,-0.0016386468165592,-1000.0,1000.0,-795.1550688207806,-963.1661718328957,-3.198523880729226,-0.1421526113401796,-0.011323049502721,1000.0,-440.3104790636561,-1000.0,-0.0055877856445931,-0.0869360126393985,-0.0869360126393985,36.31297483438266,-0.0016702403964927,1000.0,-1000.0,-204.84493117921943,-36.83382816710446,-3.26019233720092,-0.1448933543990733,-0.0115413611400754,-0.5085993356811969,-341.32507940058326,1000.0,-0.0056955197521801, Neutralism,Healthy
SRR13077911.bin.30.fbc2XSRR13077911.bin.13.fbc2 ,-0.0901526799286784,-0.0901526799286784,7.436808015936322,-0.0017320399601885,-1000.0,999.7484558365796,0.0,0.0,-3.38082075952434,-0.1502544665478353,-0.0119683961249847,-0.1013416580715329,-494.6311870751505,-999.7484558365794,-0.0059062562643248,-0.0852915668041305,-0.0852915668041305,992.5631919840636,-0.0016386468165592,999.87205445656,-1000.0,-1000.0,-1000.0,-3.198523880729226,-0.1421526113401796,-0.011323049502721,906.0641613674102,-500.14034190660783,1000.0,-0.0055877856445931, Neutralism,Healthy
SRR13077911.bin.40.fbc2XSRR13077911.bin.22.fbc2 ,-0.1780071467603647,-0.1780071467603647,496.72799068207337,-0.0034199259704337,-1000.0,1000.0,0.0,319.46741213938003,-6.675456099440567,-0.2966785779339034,-0.0236316884555662,489.2203981955104,-626.687303476205,-1000.0,-0.0116619475591051,-0.0455075359087686,-0.0455075359087686,503.2720093179266,-0.000874304244121,999.9317343246156,-1000.0,-928.5099823650648,-1000.0,-1.70658068331295,-0.0758458931812811,-0.0060414423271595,501.7080888581343,-0.0741235138202682,1000.0,-0.0029813774725653, Competition,Healthy
SRR13077911.bin.22.fbc2XSRR13077911.bin.13.fbc2 ,-0.0560435858674281,-0.0560435858674281,802.1812036650181,-0.0010767259532258,-1000.0,999.9159292375692,-1000.0,-1000.0,-2.1016936899560505,-0.0934059764457515,-0.0074401763370133,787.8663871872134,-2.5713253922592685,-999.9159292375692,-0.0036716355006092,-0.0852915668041305,-0.0852915668041305,133.68786356341434,-0.0016386468165592,999.6056464126324,0.0840707624308834,0.0,0.0,-3.198523880729226,-0.1421526113401796,-0.011323049502721,212.13361281278665,-680.1612984372916,-0.0840707624308834,-0.0055877856445931, Neutralism,Healthy
SRR13077911.bin.30.fbc2XSRR13077911.bin.16.fbc2 ,-0.0901526799286784,-0.0901526799286784,12.468886391922297,-0.0017320399601885,-1000.0,999.7484558365796,311.2616894995758,-33.088358569696084,-3.38082075952434,-0.1502544665478353,-0.0119683961249847,-7.176569011915376,-600.0,-999.7484558365794,-0.0059062562643248,-0.0872091664357412,-0.0872091664357412,1.0679702099745327,-0.0016754883081375,999.8691778729049,-1000.0,-108.4542062712312,-19.32163063950702,-3.270435893195213,-0.1453486107261596,-0.0115776242088259,10.838080424544842,-400.0,1000.0,-0.0057134151305717, Neutralism,Healthy
SRR13077911.bin.16.fbc2XSRR13077911.bin.41.fbc2 ,-0.0875269872775561,-0.0875269872775561,15.59875422157927,-0.001681594376123,-987.2467535371048,1000.0,92.37167911478036,930.2622633086544,-3.282354510598566,-0.1458783121291844,-0.0116198171390351,27.937266898606595,-403.2211363379458,-1000.0,-0.0057342368226045,-0.1801137935070755,-0.1801137935070755,984.4012457784206,-0.0034603994910185,999.729812007742,-1000.0,-1000.0,-590.2787054772394,-6.754457578486836,-0.300189655845088,-0.0239113604828844,364.96843236146015,0.0,1000.0,-0.0117999622643765, Neutralism,Healthy
SRR13077911.bin.11.fbc2XSRR13077911.bin.9.fbc2 ,-0.0288188913729072,-0.0288188913729072,135.45261296978583,-0.0005536770677281,-1000.0,999.9567688945554,-1000.0,-345.56104536355906,-1.0807388787247874,-0.04803148562155,-0.0038259085376921,215.66793705101463,-0.6931067952536978,-999.9567688945552,-0.0018880388007573,-0.1060042502795113,-0.1060042502795113,864.5473870302142,-0.0020365850198231,1000.0,-1000.0,1000.0,640.1158875934984,-3.975271397656343,-0.1766737504657385,-0.0140728024866803,433.4850746507216,-999.3068932047464,1000.0,-0.0069447549174128, Neutralism,Healthy
SRR13077911.bin.20.fbc2XSRR13077911.bin.2.fbc2 ,0.0,0.0,0.0,0.0,-1000.0,1000.0,0.0,0.0,0.0,0.0,0.0,0.0,0.0,-1000.0,0.0,-0.2643668677347932,-0.2643668677347932,1000.0,-0.0050790944809477,1000.0,-1000.0,-1000.0,1000.0,-9.914036890253328,-0.4406114462246933,-0.0350965428635845,1000.0,-981.2088414638162,1000.0,-0.0173197121800967, Amensalism,Healthy
SRR13077911.bin.30.fbc2XSRR13077911.bin.32.fbc2 ,-0.0901526799286784,-0.0901526799286784,12.468886391922297,-0.0017320399601885,-1000.0,999.7484558365796,-666.6767009515028,131.01658179714127,-3.38082075952434,-0.1502544665478353,-0.0119683961249847,-0.1013416580716466,-496.51101813328415,-999.7484558365794,-0.0059062562643248,-0.0869360126393985,-0.0869360126393985,36.31297483438311,-0.0016702403964927,1000.0,-1000.0,119.4828737530479,-36.83382816710434,-3.26019233720092,-0.1448933543990733,-0.0115413611400754,-0.5085993356835843,-503.4889818667159,1000.0,-0.0056955197521801, Neutralism,Healthy
SRR13077911.bin.30.fbc2XSRR13077911.bin.40.fbc2 ,-0.0901526799286784,-0.0901526799286784,7.436808015936322,-0.0017320399601885,-1000.0,999.7484558365796,-564.4080834201204,359.3349967453812,-3.38082075952434,-0.1502544665478353,-0.0119683961249847,-0.1013416580716466,-404.7974378888052,-999.7484558365794,-0.0059062562643248,-0.2224812118639647,-0.2224812118639647,992.5631919840636,-0.0042743748676912,1000.0,-1000.0,-435.5919165798796,640.6650032546188,-8.343280535517579,-0.3708020197733503,-0.0295359303357827,941.7793014371229,-595.2025621111948,1000.0,-0.0145756182988634, Neutralism,Healthy
SRR13077911.bin.35.fbc2XSRR13077911.bin.9.fbc2 ,-0.0605888043969571,-0.0605888043969571,677.0832124991089,-0.0011640500364364,-1000.0,1000.0,-203.9055278811173,-797.3789243749168,-2.272144187638787,-0.1009813406616331,-0.0080435857518068,-1.558837606305815,-33.24104475179888,-1000.0,-0.0039694106242222,-0.0939323347371328,-0.0939323347371328,322.91678750089113,-0.0018046558067226,1000.0,-1000.0,680.9709228617435,1000.0,-3.522561808710634,-0.1565538912285546,-0.0124701716240451,163.26023429405564,-892.9047256506154,1000.0,-0.0061538763006865, Competition,Healthy
SRR13077911.bin.41.fbc2XSRR13077911.bin.9.fbc2 ,-0.161807467071867,-0.161807467071867,679.1220873644586,-0.0031086929312778,-1000.0,999.7572732559274,5.795708799167642,-1000.0,-6.06795099330634,-0.269679111786445,-0.0214810681550261,162.17699740060812,0.0,-999.7572732559275,-0.0106006428956106,-0.0935727712629841,-0.0935727712629841,320.8779126355414,-0.0017977477667727,1000.0,-1000.0,676.2227398372142,1000.0,-3.5090777984911483,-0.155954618771716,-0.0124224370687215,159.67624385021895,-889.2874284123714,1000.0,-0.0061303198848463, Competition,Healthy
SRR13077911.bin.19.fbc2XSRR13077911.bin.22.fbc2 ,-0.1741899334238041,-0.1741899334238041,978.3299802561316,-0.0033465885384202,-1000.0,999.7386983669217,0.0,327.8258860415731,-6.532306565760223,-0.2903165557062266,-0.0231249268003921,277.92452506544896,-355.8153944195733,-999.7386983669217,-0.0114118669159779,-0.0019594755586922,-0.0019594755586922,21.67001974386835,-3.7646024225068686e-05,1000.0,-1000.0,-19.762894071901428,-43.06120479812239,-0.0734824039826662,-0.0032657925978583,-0.0002601340271439,21.602680041651524,-0.0039264803222067,1000.0,-0.000128372942413, Amensalism,Healthy
SRR13077911.bin.19.fbc2XSRR13077911.bin.41.fbc2 ,-0.1741899334238041,-0.1741899334238041,978.3299802561314,-0.0033465885384202,-1000.0,999.7386983669217,-536.510574020669,1000.0,-6.532306565760223,-0.2903165557062266,-0.0231249268003921,999.5275570228848,-1000.0,-999.7386983669217,-0.0114118669159779,-0.0755055789696825,-0.0755055789696825,21.670019743868465,-0.0014506355229286,999.8867343783676,-1000.0,-463.48942597933103,-1000.0,-2.831538996318386,-0.1258426316162513,-0.010023891463561,0.472442977115179,0.0,1000.0,-0.0049466671332538, Amensalism,Healthy
SRR13077911.bin.22.fbc2XSRR13077911.bin.35.fbc2 ,-0.0452203107606692,-0.0452203107606692,500.09556008682193,-0.0008687859896099,-1000.0,999.932165189929,-922.6496031567048,-993.6884047348284,-1.6958094367524836,-0.0753671846010775,-0.0060033111883512,498.5415104599988,-0.0736556762013833,-999.9321651899292,-0.0029625602246596,-0.0447339584972041,-0.0447339584972041,499.90443991317807,-0.0008594420460212,999.932894765044,-1000.0,63.58793049877477,-6.311595265171718,-1.6775707129572766,-0.0745565974953024,-0.0059387445382981,487.63687157803633,-503.4069509118373,1000.0,-0.0029306973769962, Competition,Healthy
SRR13077911.bin.41.fbc2XSRR13077911.bin.13.fbc2 ,-0.1801137935070755,-0.1801137935070755,890.055153577287,-0.0034603994910185,-0.2701879922580019,0.0,-120.0952708536862,-1000.0,-6.754457578486836,-0.300189655845088,-0.0239113604828844,113.078255463819,0.0,0.0,-0.0117999622643765,-0.0852915668041305,-0.0852915668041305,109.944846422713,-0.0016386468165592,1000.0,-1000.0,-879.9047291463138,1000.0,-3.198523880729226,-0.1421526113401796,-0.011323049502721,886.921744536181,-500.1723282924679,1000.0,-0.0055877856445931, Neutralism,Healthy
SRR13077911.bin.16.fbc2XSRR13077911.bin.35.fbc2 ,-0.0874932949122921,-0.0874932949122921,0.9837406528627072,-0.0016809470683938,-405.5084491290549,1000.0,1000.0,-203.21783218261223,-3.2810910112986,-0.1458221581871157,-0.0116153442429549,-2.0546552206947126,-648.6556998045122,-1000.0,-0.005732029503406,-0.0893969893354551,-0.0893969893354551,999.0162593471372,-0.0017175214089775,1000.0,-1000.0,-156.34186556123416,-796.7821678173877,-3.3524815637564416,-0.1489949822257585,-0.0118680729358402,338.4557514646399,-351.3443001954878,1000.0,-0.0058567480044757, Neutralism,Healthy
SRR13077911.bin.2.fbc2XSRR13077911.bin.23.fbc2 ,-0.2643668677347932,-0.2643668677347932,1000.0,-0.0050790944809477,1000.0,-1000.0,1000.0,303.6600665425444,-9.914036890253328,-0.4406114462246933,-0.0350965428635845,809.5770906566722,-519.3522887349181,1000.0,-0.0173197121800967,-0.0736002182613901,-0.0736002182613901,0.0,-0.0014140291692683,-1000.0,999.889592602462,-621.9833347209048,204.7821493127701,-2.760085956406897,-0.1226670304356503,-0.0097709415597364,190.42290934332777,-480.64771126508185,-999.889592602462,-0.0048218394672403, Amensalism,Healthy
SRR13077911.bin.16.fbc2XSRR13077911.bin.20.fbc2 ,-0.0872091664357412,-0.0872091664357412,1.0679702099745327,-0.0016754883081375,0.0,663.5659685279938,426.7109410313056,-346.5843898225901,-3.270435893195213,-0.1453486107261596,-0.0115776242088259,7.521328449553152,-665.9241976637722,-663.565968527994,-0.0057134151305717,-0.0873407398661356,-0.0873407398661356,2.611170976947051,-0.0016780161357701,1000.0,-1000.0,-18.26490340835528,308.9537378211594,-3.2753700358665583,-0.1455678997768927,-0.0115950914980658,228.93833730975237,-334.0758023362277,1000.0,-0.0057220350229272, Neutralism,Healthy
SRR13077911.bin.30.fbc2XSRR13077911.bin.22.fbc2 ,-0.0901526799286784,-0.0901526799286784,8.521220914621495,-0.0017320399601885,-1000.0,999.7484558365796,158.16136319927955,0.0,-3.38082075952434,-0.1502544665478353,-0.0119683961249847,-4.313316433299747,-519.8941178857748,-999.7484558365794,-0.0059062562643248,-0.0560435858674281,-0.0560435858674281,802.1812036650185,-0.0010767259532258,999.9159292375692,-1000.0,-1000.0,-1000.0,-2.1016936899560505,-0.0934059764457515,-0.0074401763370133,787.8663871872136,-2.5713253922592685,1000.0,-0.0036716355006092, Neutralism,Healthy
SRR13077911.bin.22.fbc2XSRR13077911.bin.9.fbc2 ,-0.0517584234937658,-0.0517584234937658,669.3654331437754,-0.0009943981458491,-1000.0,999.9223573927684,-765.2813880889601,-1000.0,-1.9409955729157675,-0.08626403915639,-0.0068712911881902,662.4413773575027,-0.6337116643359195,-999.9223573927684,-0.003390897677491,-0.0943696574357773,-0.0943696574357773,330.63456685622464,-0.0018130577797137,1000.0,-1000.0,713.7751721868781,984.409830415319,-3.538961872018149,-0.1572827623929242,-0.0125282292580095,165.71954051417833,-898.9119103690599,1000.0,-0.0061825270289546, Amensalism,Healthy
SRR13077911.bin.30.fbc2XSRR13077911.bin.24.fbc2 ,-0.0026618563849751,-0.0026618563849751,0.2195798828889792,-5.114037242037739e-05,999.992572883712,-1000.0,-7.099424248221112,-11.26442518046042,-0.0998224271561412,-0.0044364273082919,-0.0003533799734896,-0.0633184293161548,-509.51220637621975,1000.0,-0.0001743886699614,-0.1397317501345014,-0.1397317501345014,999.7804201171112,-0.0026845677259643,-1000.0,1000.0,1000.0,639.9560147010288,-5.240088281270005,-0.2328862502242827,-0.0185503629861614,132.99973112828502,-490.48779362378025,-1000.0,-0.0091543759453998, Amensalism,Healthy
SRR13077911.bin.11.fbc2XSRR13077911.bin.35.fbc2 ,-0.0284309150067656,-0.0284309150067656,1.1479043384101717,-0.0005462231509909,999.957350896374,-1000.0,-788.4489357278879,-0.6864395791817515,-1.0661893550284276,-0.0473848583446852,-0.0037744019730325,-1.413703614057681,-0.0473903205761416,1000.0,-0.0018626209447347,-0.0893822991448587,-0.0893822991448587,998.8520956615898,-0.001717239176628,-936.3410224739188,1000.0,-211.5510642721121,-999.3135604208182,-3.351930666086787,-0.1489704985747266,-0.0118661227106713,296.5258985055716,-251.11594450595803,-1000.0,-0.0058557855924163, Neutralism,Healthy
SRR13077911.bin.20.fbc2XSRR13077911.bin.13.fbc2 ,-0.0873407398661356,-0.0873407398661356,2.611170976947051,-0.0016780161357701,-1000.0,1000.0,-18.264903408355394,308.9537378211587,-3.2753700358665583,-0.1455678997768927,-0.0115950914980658,228.93833730975257,-334.075802336228,-1000.0,-0.0057220350229272,-0.0852915668041305,-0.0852915668041305,997.388829023053,-0.0016386468165592,663.0074774852164,0.0,-981.7350965916446,-648.8983817518091,-3.198523880729226,-0.1421526113401796,-0.011323049502721,771.0616626902474,-665.924197663772,0.0,-0.0055877856445931, Neutralism,Healthy
SRR13077911.bin.2.fbc2XSRR13077911.bin.35.fbc2 ,-0.2376782533387995,-0.2376782533387995,697.1411588974347,-0.0045663449249104,1000.0,-1000.0,1000.0,927.2885113875792,-8.913185649176512,-0.3961304222314084,-0.0315534434307664,976.6662227276228,-983.71981327378,1000.0,-0.0155712361937503,-0.0271013292675661,-0.0271013292675661,302.8588411025653,-0.0005206787562883,-1000.0,999.9593454027048,-88.34748782055215,-350.19450019515216,-1.0163284848641752,-0.0451688821125344,-0.0035978902062652,23.333777272377237,-16.28018672622011,-999.9593454027048,-0.0017755145590854, Competition,Healthy
SRR13077911.bin.23.fbc2XSRR13077911.bin.9.fbc2 ,-0.1044340889886825,-0.1044340889886825,373.3636373232098,-0.0020064186164745,-1000.0,999.8433388344238,-1000.0,-288.2207177406051,-3.916388690100348,-0.1740568149812134,-0.0138643526399846,1000.0,-500.0,-999.843338834424,-0.00684188748221,-0.0795427203996723,-0.0795427203996723,626.6363626767902,-0.0015281982786063,1000.0,-1000.0,720.2682420147644,1000.0,-2.982936065891522,-0.1325712006660069,-0.0105598501049826,-213.55361333607345,-500.0,1000.0,-0.005211156129917, Amensalism,Healthy
SRR13077911.bin.41.fbc2XSRR13077911.bin.35.fbc2 ,-0.1692968470587175,-0.1692968470587175,624.1821200943689,-0.0032525811154755,-1000.0,999.7460384665064,-330.1998768227709,-1000.0,-6.348810656664,-0.2821614117646049,-0.0224753355076927,169.68348137592852,0.0,-999.7460384665064,-0.011091301603642,-0.0336300702692824,-0.0336300702692824,375.8178799056311,-0.0006461108600888,999.9495516640418,-1000.0,-669.8001231772291,0.0,-1.261163171194994,-0.0560501171154328,-0.0044646260433864,489.5173051874237,-470.3470638073108,1000.0,-0.0022032380329619, Amensalism,Healthy
SRR13077911.bin.20.fbc2XSRR13077911.bin.11.fbc2 ,-0.0873407398661356,-0.0873407398661356,2.611170976947051,-0.0016780161357701,1000.0,-1000.0,-18.264903408355167,308.9537378211587,-3.2753700358665583,-0.1455678997768927,-0.0115950914980658,228.93833730975257,-334.0758023362277,1000.0,-0.0057220350229272,-0.0288188913729072,-0.0288188913729072,9.778335662791164,-0.0005536770677281,-1000.0,999.9567688945554,-799.6443071657521,-11.50310694502366,-1.0807388787247874,-0.04803148562155,-0.0038259085376921,3.726793809192827,-0.7759196929064274,-999.9567688945552,-0.0018880388007573, Neutralism,Healthy
SRR13077911.bin.20.fbc2XSRR13077911.bin.9.fbc2 ,-0.0873407398661356,-0.0873407398661356,2.611170976946937,-0.0016780161357701,-1000.0,1000.0,-1000.0,308.9537378211594,-3.2753700358665583,-0.1455678997768927,-0.0115950914980658,228.93833730975237,-334.0758023362277,-1000.0,-0.0057220350229272,-0.0900977222250958,-0.0900977222250958,603.927427863543,-0.0017309840965253,0.0,0.0,1000.0,691.0462621788406,-3.378759787566537,-0.1501628703751976,-0.0119611001071007,17.463763500746722,-665.9241976637722,0.0,-0.005902655769205, Amensalism,Healthy
SRR13077911.bin.40.fbc2XSRR13077911.bin.24.fbc2 ,-0.1342678917446846,-0.1342678917446846,4.267268342743819,-0.002579594461963,1000.0,-1000.0,-1000.0,327.3192397391849,-5.035187818123063,-0.2237798195745881,-0.0178249977320774,-14.759046530295109,-150.72398468236804,1000.0,-0.0087964171152634,-0.1411120707044801,-0.1411120707044801,995.7327316572562,-0.0027110868530826,-1000.0,1000.0,1000.0,672.6807602608151,-5.29185176119438,-0.2351867845073911,-0.0187336101549817,142.3965290948463,-500.2881343107487,-1000.0,-0.0092448061691357, Amensalism,Healthy
SRR13077911.bin.24.fbc2XSRR13077911.bin.9.fbc2 ,-0.0900166487490423,-0.0900166487490423,633.0025580472047,-0.0017294264889642,-1000.0,1000.0,667.3780627844321,417.1222154822624,-3.375719446546213,-0.1500277479150327,-0.01195033703857,82.25008844106355,-315.9505200991807,-1000.0,-0.0058973443273089,-0.0838118895517254,-0.0838118895517254,366.99744195279527,-0.0016102188194508,1000.0,-1000.0,154.1500247355873,582.8777845177376,-3.143034420225149,-0.1396864825861712,-0.0111266120422897,185.10642785447703,-684.0494799008193,1000.0,-0.0054908461743252, Competition,Healthy
SRR13077911.bin.41.fbc2XSRR13077911.bin.32.fbc2 ,-0.1801107024446082,-0.1801107024446082,963.6870251656184,-0.0034603401046524,-1000.0,999.7298166446326,-146.97666335973418,-963.1661718328957,-6.754341660376667,-0.3001845040743092,-0.023910950122854,202.59571519116184,-3.9137371617659937,-999.7298166446326,-0.0117997597567409,-0.0869360126393985,-0.0869360126393985,36.31297483438175,-0.0016702403964927,1000.0,-1000.0,-199.87341888293557,-36.83382816710446,-3.26019233720092,-0.1448933543990733,-0.0115413611400754,-6.474414091222343,-340.8279281709547,1000.0,-0.0056955197521801, Neutralism,Healthy
SRR13077911.bin.19.fbc2XSRR13077911.bin.35.fbc2 ,-0.1741899334238041,-0.1741899334238041,978.3299802561316,-0.0033465885384202,-1000.0,999.7386983669217,-997.4708531632838,1000.0,-6.532306565760223,-0.2903165557062266,-0.0231249268003921,295.53828986075905,-351.6308703099854,-999.7386983669217,-0.0114118669159779,-0.0019391421368482,-0.0019391421368482,21.67001974386835,-3.725537249010813e-05,1000.0,-988.0220871725348,-2.5291468367162224,-33.41511208785698,-0.072719879178976,-0.0032319035615273,-0.0002574346237906,-0.148006280967138,-3.1729996369410856,988.0220871725348,-0.0001270408200753, Amensalism,Healthy
SRR13077911.bin.22.fbc2XSRR13077911.bin.24.fbc2 ,0.0,0.0,0.0,0.0,1000.0,-1000.0,0.0,0.0,0.0,0.0,0.0,0.0,0.0,1000.0,0.0,-0.1415467683260658,-0.1415467683260658,1000.0,-0.0027194383924324,-1000.0,1000.0,1000.0,665.9267723263526,-5.308153381339025,-0.2359112805434051,-0.0187913192917221,141.42760810652703,-500.2890219123476,-1000.0,-0.0092732849182084, Amensalism,Healthy
SRR13077911.bin.32.fbc2XSRR13077911.bin.23.fbc2 ,-0.0869360126393985,-0.0869360126393985,36.3129748343822,-0.0016702403964927,1000.0,-1000.0,795.7048395822342,-36.83382816710434,-3.26019233720092,-0.1448933543990733,-0.0115413611400754,-7.128196289635525,-338.29109746335416,1000.0,-0.0056955197521801,-0.10501195809411,-0.10501195809411,408.1319134708874,-0.0020175208087493,-1000.0,999.8424719752549,161.4431025061715,-307.83739780075075,-3.938059392174864,-0.17501993015685,-0.0139410687883128,1000.0,-661.7089025366458,-999.8424719752549,-0.0068797459578036, Neutralism,Healthy
SRR13077911.bin.22.fbc2XSRR13077911.bin.23.fbc2 ,-0.0558582916153227,-0.0558582916153227,796.4588982550024,-0.0010731660253213,999.9162071967468,-1000.0,-989.832651743896,-1000.0,-2.094744959705281,-0.0930971526921666,-0.0074155772346102,782.4151415562774,-2.500676335488947,1000.0,-0.003659496146156,-0.0797310516149991,-0.0797310516149991,69.13384257604457,-0.0015318165535518,-1000.0,999.8803957634948,431.5107302917641,187.57279878388889,-2.989998685471619,-0.1328850860248849,-0.0105848523853637,217.58485844372265,-511.0716738982322,-999.8803957634948,-0.0052234944478186, Amensalism,Healthy
SRR13077911.bin.13.fbc2XSRR13077911.bin.24.fbc2 ,-0.0838368929329362,-0.0838368929329362,0.0216800111215889,-0.001610699191815,1000.0,-861.6573598969085,0.0,-417.4576894206266,-3.143972073439727,-0.1397281548881892,-0.0111299314153257,858.5674692553553,-499.7109825971444,861.6573598969085,-0.0054924842439731,-0.1415445598290716,-0.1415445598290716,999.9783199888784,-0.0027193959621172,-1000.0,1000.0,1000.0,665.9610862062805,-5.308070560368492,-0.2359075997151194,-0.0187910260983699,141.4325307446445,-500.2890174028556,-1000.0,-0.0092731402309027, Neutralism,Healthy
SRR13077911.bin.30.fbc2XSRR13077911.bin.9.fbc2 ,-0.0901526799286784,-0.0901526799286784,12.468886391922297,-0.0017320399601885,-1000.0,999.7484558365792,-1000.0,299.8703241888925,-3.38082075952434,-0.1502544665478353,-0.0119683961249847,-0.1013416580716466,-168.40558643393092,-999.7484558365792,-0.0059062562643248,-0.0997280435448146,-0.0997280435448146,577.0683426783526,-0.0019160046790602,1000.0,-1000.0,743.3959086775108,700.1296758111075,-3.739907013188599,-0.1662134059080244,-0.0132395923322974,289.942236791132,-831.5944135660691,1000.0,-0.0065335759555864, Neutralism,Healthy
SRR13077911.bin.30.fbc2XSRR13077911.bin.41.fbc2 ,-0.0901526799286784,-0.0901526799286784,12.468886391922297,-0.0017320399601885,-1000.0,999.7484558365792,1000.0,-26.50733007538429,-3.38082075952434,-0.1502544665478353,-0.0119683961249847,-0.1013416580716466,-1000.0,-999.7484558365792,-0.0059062562643248,-0.1801137935070755,-0.1801137935070755,984.4012457784206,-0.0034603994910185,999.729812007742,-1000.0,-115.0143648392035,-973.4926699246156,-6.754457578486836,-0.300189655845088,-0.0239113604828844,188.52324513667645,0.0,1000.0,-0.0117999622643765, Neutralism,Healthy
SRR13077911.bin.35.fbc2XSRR13077911.bin.24.fbc2 ,0.0,0.0,0.0,0.0,1000.0,-1000.0,0.0,0.0,0.0,0.0,0.0,0.0,0.0,1000.0,0.0,-0.1415467683260658,-0.1415467683260658,1000.0,-0.0027194383924324,-1000.0,1000.0,1000.0,665.9267723263522,-5.308153381339025,-0.2359112805434051,-0.0187913192917221,141.42760810652658,-500.2890219123476,-1000.0,-0.0092732849182084, Amensalism,Healthy
SRR13077911.bin.20.fbc2XSRR13077911.bin.24.fbc2 ,-0.0024467281763236,-0.0024467281763236,0.0731482880987641,-4.70072656071352e-05,1000.0,-1000.0,-0.5116656199102181,8.654905106890169,-0.091754892011636,-0.0040778802938348,-0.0003248202054919,6.413386025748991,-9.358664465817128,1000.0,-0.0001602947758101,-0.1398691126903486,-0.1398691126903486,999.9268517119012,-0.002687206776045,-1000.0,1000.0,1000.0,641.9552958207275,-5.245239522260704,-0.2331151878172477,-0.0185685988220711,133.22174345702592,-491.2492039263933,-1000.0,-0.0091633751061408, Amensalism,Healthy
SRR13077911.bin.40.fbc2XSRR13077911.bin.13.fbc2 ,-0.2225613724473305,-0.2225613724473305,999.9453637330143,-0.0042759149365565,-1000.0,1000.0,-1000.0,444.6690604680728,-8.346286642095265,-0.370935620745513,-0.0295465722115295,930.27867099405,-476.74990896660574,-1000.0,-0.0145808699336384,-0.083838965111795,-0.083838965111795,0.0546362669855398,-0.0016107390031265,185.59494497438027,0.0,0.0,243.63563200372096,-3.14404978233722,-0.1397316085196962,-0.0111302065114387,69.72132900594988,-523.2500910333943,0.0,-0.0054926200006093, Neutralism,Healthy
SRR13077911.bin.13.fbc2XSRR13077911.bin.35.fbc2 ,-0.0838368929329362,-0.0838368929329362,0.0216800111215889,-0.001610699191815,-26.775626735644774,1000.0,-802.6227431515937,-75.62205183922833,-3.143972073439727,-0.1397281548881892,-0.0111299314153257,798.1900361905546,-743.4754824965938,-1000.0,-0.0054924842439731,-0.0894830793506571,-0.0894830793506571,999.9783199888784,-0.0017191753958059,1000.0,-1000.0,-197.37725684840632,-924.3779481607716,-3.3557100302948584,-0.1491384655843148,-0.0118795019848221,201.8099638094452,-256.5245175034062,1000.0,-0.0058623880996719, Neutralism,Healthy
SRR13077911.bin.40.fbc2XSRR13077911.bin.11.fbc2 ,-0.2226703145748843,-0.2226703145748843,995.5734278229836,-0.0042780079648991,1000.0,-1000.0,-149.9375031660869,1000.0,-8.350372086997481,-0.3711171909582162,-0.0295610350376591,941.179860722208,-985.9834262135882,1000.0,-0.0145880071604551,-0.0287003644565402,-0.0287003644565402,4.426572177016396,-0.0005513998935384,-1000.0,999.9569466963158,-850.0624968339131,-65.24572905870195,-1.0762939941159857,-0.0478339407609382,-0.003810173264128,58.820139277791895,-0.0478394547599236,-999.9569466963156,-0.001880273636857, Neutralism,Healthy
SRR13077911.bin.22.fbc2XSRR13077911.bin.11.fbc2 ,-0.0460397004267179,-0.0460397004267179,511.2521825645677,-0.0008845283463188,0.0,-0.0690639732816862,-467.0415160441413,-997.155946279544,-1.7265374150592834,-0.0767328340444919,-0.0061120908731027,506.8349399939248,-0.0727966829032311,0.0690639732816862,-0.0030162416610437,-0.019548719215777,-0.019548719215777,5.623131807117261,-0.0003755757774115,-1000.0,999.9706750432974,-532.9584839558587,-2.8440537204559178,-0.733097627260122,-0.0325811986930375,-0.0025952286221126,-1.4416479631390755,-0.0325849544507264,-999.9706750432974,-0.0012807134011154, Competition,Healthy
SRR13077911.bin.30.fbc2XSRR13077911.bin.2.fbc2 ,-0.0901526799286784,-0.0901526799286784,7.436808015936322,-0.0017320399601885,-1000.0,999.7484558365792,-216.04035798598647,-364.00285935548834,-3.38082075952434,-0.1502544665478353,-0.0119683961249847,-2.144490635929401,-335.6319019140228,-999.7484558365792,-0.0059062562643248,-0.1755892299428296,-0.1755892299428296,992.5631919840636,-0.0033734722371718,1000.0,-1000.0,-783.9596420140135,152.4677356518514,-6.584781663830313,-0.2926487165714206,-0.023310693158578,1000.0,-664.3680980859772,1000.0,-0.0115035403285901, Amensalism,Healthy
SRR13077911.bin.41.fbc2XSRR13077911.bin.22.fbc2 ,-0.1787587816849054,-0.1787587816849054,840.0064380017561,-0.0034343666029599,-1000.0,999.7318446556396,-854.0762307558218,-682.0932636109061,-6.7036432033482924,-0.2979313028082515,-0.0237314732265758,179.1670248430314,0.0,-999.7318446556396,-0.0117111901161024,-0.0144671522218686,-0.0144671522218686,159.99356199824388,-0.0002779472089287,0.0,-0.0217021180689016,-145.92376924417815,-317.9067363890939,-0.5425334954167056,-0.024111920369819,-0.0019206152132937,159.496381148899,-0.023564364368326,0.0217021180689016,-0.0009477999822138, Amensalism,Healthy
SRR13077911.bin.22.fbc2XSRR13077911.bin.2.fbc2 ,-0.0273855078994529,-0.0273855078994529,302.85884110256484,-0.0005261384802679,-1000.0,1000.0,-277.5791419645405,-601.8207060161857,-1.0269854838472838,-0.0456425131658306,-0.0036356168989186,301.917705634548,-0.0548762434950731,-1000.0,-0.0017941322178103,-0.2376782533387995,-0.2376782533387995,697.1411588974352,-0.0045663449249104,1000.0,-1000.0,-722.4208580354594,983.7202801699956,-8.913185649176512,-0.3961304222314084,-0.0315534434307664,698.0822943654521,-855.8926162809674,1000.0,-0.0155712361937503, Competition,Healthy
SRR13077911.bin.16.fbc2XSRR13077911.bin.2.fbc2 ,-0.0599341565530266,-0.0599341565530266,0.625318790733786,-0.0011514727483472,-1000.0,999.9100930078066,-604.7315806786952,301.5872161138341,-2.247594201739957,-0.0998902609217111,-0.0079566766912648,6.82520502454895,-400.0,-999.9100930078068,-0.0039265220719926,-0.2641109152144736,-0.2641109152144736,999.3746812092664,-0.0050741770454578,1000.0,-1000.0,786.2021211941005,467.86326141793097,-9.904438400279332,-0.4401848586907135,-0.0350625633839172,886.1604324161165,-600.0,1000.0,-0.0173029437248715, Amensalism,Healthy
SRR13077911.bin.40.fbc2XSRR13077911.bin.9.fbc2 ,-0.1864792535151309,-0.1864792535151309,665.6701518202162,-0.0035826945920689,-1000.0,1000.0,-1000.0,53.27455076982801,-6.993169055018257,-0.3107987558585137,-0.0247564196308758,623.1041215453795,-111.11512015415622,-1000.0,-0.0122169885588618,-0.0942009080189336,-0.0942009080189336,334.32984817978377,-0.0018098157160011,0.0,0.0,720.069194901808,946.725449230172,-3.5326335905762107,-0.1570015133650031,-0.0125058265977031,169.9190292539065,-888.8848798458438,0.0,-0.0061714715916423, Competition,Healthy
SRR13077911.bin.41.fbc2XSRR13077911.bin.23.fbc2 ,-0.1788022096654913,-0.1788022096654913,748.8829064840386,-0.0034352009541862,999.7317795094968,-1000.0,-202.9378161492981,-955.7238123924952,-6.705271798509898,-0.2980036827758567,-0.0237372385934122,179.1754098971942,0.0,1000.0,-0.0117140352538172,-0.0962800976726612,-0.0962800976726612,251.1170935159614,-0.0018497617228376,-1000.0,999.8555706046824,-797.0621838507019,-44.27618760750465,-3.6106053996182936,-0.1604668294544353,-0.0127818535046344,820.8245901028058,-513.3669701328274,-999.8555706046824,-0.0063076874747594, Neutralism,Healthy
SRR13077911.bin.40.fbc2XSRR13077911.bin.35.fbc2 ,-0.1342678917446846,-0.1342678917446846,4.267268342743478,-0.002579594461963,-1000.0,1000.0,-775.0512206282015,1000.0,-5.035187818123063,-0.2237798195745881,-0.0178249977320774,-14.759046530294654,-317.1655948977383,-1000.0,-0.0087964171152634,-0.0891031627965048,-0.0891031627965048,995.7327316572564,-0.0017118763265671,1000.0,-1000.0,-224.9487793717985,-1000.0,-3.341462758064836,-0.1485052713273944,-0.0118290654163502,132.77028735834574,-194.61413884097647,1000.0,-0.0058374982735358, Amensalism,Healthy
SRR13077911.bin.41.fbc2XSRR13077911.bin.11.fbc2 ,-0.1801137935070755,-0.1801137935070755,990.2216643372092,-0.0034603994910185,999.729812007742,-1000.0,-206.14240052214396,-992.1976296569648,-6.754457578486836,-0.300189655845088,-0.0239113604828844,358.08201795004265,-3.094295076018625,1000.0,-0.0117999622643765,-0.0288188913729072,-0.0288188913729072,9.778335662790823,-0.0005536770677281,-1000.0,999.9567688945554,-793.8575994778561,-7.802370343035136,-1.0807388787247874,-0.04803148562155,-0.0038259085376921,4.467278405499542,-4.965964770164078,-999.9567688945552,-0.0018880388007573, Neutralism,Healthy
SRR13077911.bin.19.fbc2XSRR13077911.bin.9.fbc2 ,-0.1742125554837912,-0.1742125554837912,978.846646276936,-0.0033470231601313,-1000.0,999.7386644316584,1000.0,326.0069897111907,-6.533154916916715,-0.2903542591396899,-0.0231279300363667,295.5333814155524,-500.2903877293713,-999.7386644316584,-0.0114133489760206,-0.0326855577516198,-0.0326855577516198,21.1533537230639,-0.0006279646062239,1000.0,-1000.0,0.0,673.9930102888093,-1.225742953741019,-0.0544759295861467,-0.0043392354286879,10.03321117275948,-356.18050051383807,1000.0,-0.0021413593070747, Amensalism,Healthy
SRR13077911.bin.19.fbc2XSRR13077911.bin.30.fbc2 ,-0.1308042800566227,-0.1308042800566227,992.5857529177504,-0.0025130505293873,-1000.0,999.8037810146624,0.0,356.5367964890984,-4.90529871990293,-0.2180071334277045,-0.0173651791583324,498.2297551476461,-191.657693268416,-999.8037810146624,-0.0085695023053631,-0.0898791850867155,-0.0898791850867155,7.414247082249631,-0.0017267854964302,999.7492189423606,-1000.0,732.9356458142522,635.0789539612599,-3.3705644139524797,-0.1497986418111168,-0.0119320877799964,-0.1010342193933411,-808.342306731584,1000.0,-0.0058883385427179, Amensalism,Healthy
SRR13077911.bin.19.fbc2XSRR13077911.bin.40.fbc2 ,-0.1741899334238041,-0.1741899334238041,978.3299802561314,-0.0033465885384202,-1000.0,999.7386983669217,1000.0,427.4800131413872,-6.532306565760223,-0.2903165557062266,-0.0231249268003921,277.9245250654485,-500.2903500215916,-999.7386983669217,-0.0114118669159779,-0.1358212265745351,-0.1358212265745351,21.670019743868693,-0.0026094375903085,1000.0,-1000.0,-1000.0,572.5199868586128,-5.0934395156111805,-0.2263687109574448,-0.0180312137489409,17.4730811427047,-387.3598121002617,1000.0,-0.008898182182861, Amensalism,Healthy
SRR13077911.bin.30.fbc2XSRR13077911.bin.11.fbc2 ,-0.0901526799286784,-0.0901526799286784,7.436808015936322,-0.0017320399601885,999.7484558365792,-1000.0,93.84540060686028,-8.769289323314183,-3.38082075952434,-0.1502544665478353,-0.0119683961249847,-2.144490635929401,-822.9702004716617,1000.0,-0.0059062562643248,-0.0288188913729072,-0.0288188913729072,992.5631919840636,-0.0005536770677281,-1000.0,999.9567688945554,-798.5437538734898,-991.2307106766858,-1.0807388787247874,-0.04803148562155,-0.0038259085376921,3.1277909649813864,-0.6931067952536978,-999.9567688945552,-0.0018880388007573, Neutralism,Healthy
SRR13077911.bin.30.fbc2XSRR13077911.bin.35.fbc2 ,-0.0901526799286784,-0.0901526799286784,7.436808015936322,-0.0017320399601885,-1000.0,999.7484558365796,-776.6460249163749,0.0,-3.38082075952434,-0.1502544665478353,-0.0119683961249847,-2.1444906359295146,-819.8727890500572,-999.7484558365794,-0.0059062562643248,-0.0888195364773309,-0.0888195364773309,992.5631919840636,-0.0017064272137758,999.866762163148,-1000.0,-223.35397508362507,-1000.0,-3.3308264713973585,-0.1480325607956274,-0.0117914120472732,152.52803020892793,-180.12721094994276,1000.0,-0.0058189167989439, Neutralism,Healthy
SRR13077911.bin.19.fbc2XSRR13077911.bin.11.fbc2 ,-0.1756868956933885,-0.1756868956933885,995.9021260666686,-0.0033753486204659,-1000.0,999.7364527797168,-211.44914198261813,1000.0,-6.588444232675897,-0.2928114928223522,-0.023323658967115,312.5751728080302,-500.2928452463085,-999.7364527797168,-0.0115099387957116,-0.0286816625088022,-0.0286816625088022,4.097873933331357,-0.0005510405861741,0.0,-0.0430252489661597,-788.5508580173819,-3.3155231238312126,-1.0755926513139684,-0.0478027708480794,-0.0038076904502304,-0.4535924816161696,-0.2528776179327678,0.0430252489661597,-0.0018790483987913, Neutralism,Healthy
SRR13077911.bin.13.fbc2XSRR13077911.bin.11.fbc2 ,-0.0852915668041305,-0.0852915668041305,876.823620853887,-0.0016386468165592,999.87205445656,-1000.0,-179.046088605107,1000.0,-3.198523880729226,-0.1421526113401796,-0.011323049502721,220.07888007353563,-789.1352052337456,1000.0,-0.0055877856445931,-0.0288188913729072,-0.0288188913729072,30.93654559050356,-0.0005536770677281,-1000.0,999.9567688945554,-820.953911394893,-25.05246713102997,-1.0807388787247874,-0.04803148562155,-0.0038259085376921,12.406394316792785,-1.671617508586678,-999.9567688945552,-0.0018880388007573, Neutralism,Healthy
SRR13077911.bin.16.fbc2XSRR13077911.bin.22.fbc2 ,-0.0875269872775561,-0.0875269872775561,109.43717556663864,-0.001681594376123,-1000.0,999.868701111112,0.0,0.0,-3.282354510598566,-0.1458783121292981,-0.0116198171390351,212.13361281278665,-500.0,-999.8687011111118,-0.0057342368226045,-0.0560435858674281,-0.0560435858674281,802.1812036650181,-0.0010767259532258,999.9159292375692,-1000.0,-1000.0,-1000.0,-2.1016936899560505,-0.0934059764457515,-0.0074401763370133,787.8663871872134,-2.5713253922592685,1000.0,-0.0036716355006092, Neutralism,Healthy
SRR13077911.bin.2.fbc2XSRR13077911.bin.24.fbc2 ,-0.2643668677347932,-0.2643668677347932,1000.0,-0.0050790944809477,1000.0,-1000.0,1000.0,-18.107750619168087,-9.914036890253328,-0.4406114462246933,-0.0350965428635845,916.63817670892,-673.0701760130354,1000.0,-0.0173197121800967,0.0,0.0,0.0,0.0,-1000.0,1000.0,0.0,0.0,0.0,0.0,0.0,0.0,0.0,-1000.0,0.0, Amensalism,Healthy
SRR13077911.bin.23.fbc2XSRR13077911.bin.35.fbc2 ,-0.0769553051202365,-0.0769553051202365,0.0,-0.0014784880906972,-1000.0,999.8845596498792,-273.5048530248349,697.9528472446714,-2.8859052588527447,-0.1282588418670229,-0.0102163527066068,873.0556931195172,-510.6840280594863,-999.8845596498792,-0.00504164438928,-0.0894850193868705,-0.0894850193868705,1000.0,-0.0017192126683767,999.8657638748564,-1000.0,-726.4951469751651,-1000.0,-3.355782783702921,-0.1491416989780418,-0.0118797595381465,126.94430688048284,-195.12571292571877,1000.0,-0.0058625151990554, Amensalism,Healthy
SRR13077911.bin.19.fbc2XSRR13077911.bin.20.fbc2 ,-0.1327547033989731,-0.1327547033989731,997.4455375851048,-0.0025505226396944,-1000.0,999.8008551922884,-982.1317678236146,0.1794667432108099,-4.978441656207451,-0.2212578389983264,-0.0176241114406821,489.8253683338187,-458.0614414427082,-999.8008551922884,-0.0086972822015241,-0.0854439020832842,-0.0854439020832842,2.554462414895056,-0.0016415735270811,1000.0,-1000.0,-17.86823217638539,302.24398102349096,-3.204236614668844,-0.1424065034722161,-0.0113432730719296,223.9663289571606,-326.82045271181266,1000.0,-0.005597765727316, Amensalism,Healthy
SRR13077911.bin.32.fbc2XSRR13077911.bin.11.fbc2 ,-0.0869360126393985,-0.0869360126393985,36.31297483438084,-0.0016702403964927,1000.0,-1000.0,794.0402056259677,-36.83382816710446,-3.26019233720092,-0.1448933543990733,-0.0115413611400754,-2.180894127899819,-339.93150040706746,1000.0,-0.0056955197521801,-0.0288188913729072,-0.0288188913729072,963.6870251656192,-0.0005536770677281,-1000.0,999.9567688945554,-1000.0,-956.3531100837912,-1.0807388787247874,-0.04803148562155,-0.0038259085376921,3.1277909649813864,-4.328528274585324,-999.9567688945552,-0.0018880388007573, Neutralism,Healthy
SRR13077911.bin.16.fbc2XSRR13077911.bin.11.fbc2 ,-0.0874874455305416,-0.0874874455305416,501.6619774904118,-0.0016808346883863,1000.0,-751.770991514353,-224.21267896142623,-507.7876278936136,-3.280871653303734,-0.1458124092175694,-0.0116145676967107,996.922899470428,-462.0900620145292,751.770991514353,-0.0057316462873586,-0.0283518390129984,-0.0283518390129984,498.3380225095882,-0.0005447039195587,-1000.0,999.9574695179608,-775.7873210385737,-492.21237210638645,-1.063223921702388,-0.047253065021664,-0.0037639040841668,3.077100529571794,-3.986026171980484,-999.9574695179608,-0.0018574403657112, Neutralism,Healthy
SRR13077911.bin.2.fbc2XSRR13077911.bin.11.fbc2 ,-0.2642657117767157,-0.2642657117767157,998.8520956615898,-0.0050771510427694,1000.0,-1000.0,0.0,981.8991780359972,-9.91024343493416,-0.440442852961155,-0.035083113705582,392.4074765114956,-955.013203678562,1000.0,-0.0173130850558891,-0.0284309150067656,-0.0284309150067656,1.1479043384101717,-0.0005462231509909,-1000.0,999.957350896374,-1000.0,-212.23880638342465,-1.0661893550284276,-0.0473848583446852,-0.0037744019730325,210.1378333511668,-0.0473903205761416,-999.957350896374,-0.0018626209447347, Neutralism,Healthy
SRR13077911.bin.19.fbc2XSRR13077911.bin.23.fbc2 ,-0.1755363385514101,-0.1755363385514101,993.6215276911244,-0.0033724560720429,-1000.0,999.7366786298926,616.5737571939007,603.8418440576836,-6.582798180762325,-0.292560564252426,-0.0233036714580521,310.7890640392684,-489.2478241633891,-999.7366786298924,-0.0115000752057312,-0.0774461624029072,-0.0774461624029072,6.378472308875644,-0.0014879185860081,0.0,-0.1161766831972954,383.42624280609925,264.4851914939336,-2.904312925632439,-0.1290769373382545,-0.0102815174294619,689.2109359607316,-510.7521758366109,0.1161766831972954,-0.0050738023783196, Amensalism,Healthy
SRR13077911.bin.13.fbc2XSRR13077911.bin.23.fbc2 ,-0.0852915668041305,-0.0852915668041305,591.8680865291117,-0.0016386468165592,1000.0,-675.272039240338,697.5584228037053,-387.31844020428207,-3.198523880729226,-0.1421526113401796,-0.011323049502721,0.0,-485.4177496485577,675.272039240338,-0.0055877856445931,-0.10501195809411,-0.10501195809411,408.1319134708883,-0.0020175208087493,-1000.0,999.8424719752549,302.4415771962947,-307.83739780075166,-3.938059392174864,-0.17501993015685,-0.0139410687883128,1000.0,-514.5822503514423,-999.8424719752549,-0.0068797459578036, Neutralism,Healthy
SRR13077911.bin.16.fbc2XSRR13077911.bin.32.fbc2 ,-0.0669582128831507,-0.0669582128831507,331.0605472311072,-0.0012864209968483,-642.4271713661592,1000.0,-1000.0,-150.03770002756983,-2.5110037362724142,-0.11159702147188,-0.0088891690878654,657.7273878687133,-489.4183180963176,-1000.0,-0.0043866955991234,-0.0867948068546411,-0.0867948068546411,26.508495827541083,-0.0016675275091984,1000.0,-1000.0,795.8491848729948,-25.404253552513296,-3.254896971062408,-0.1446580114244398,-0.0115226150886655,-4.839648414720614,-340.40969267521655,1000.0,-0.0056862688064711, Amensalism,Healthy
SRR13077911.bin.32.fbc2XSRR13077911.bin.35.fbc2 ,-0.0866186671956938,-0.0866186671956938,14.278419054360256,-0.0016641434619941,-1000.0,1000.0,1000.0,-11.147037547082164,-3.248291547727831,-0.1443644453261185,-0.0114992313222046,-1.7856520855223152,-500.1785293106004,-1000.0,-0.0056747292053387,-0.0882073147809023,-0.0882073147809023,985.7215809456396,-0.0016946650293903,1000.0,-605.3363259552523,0.0,-988.8529624529178,-3.307867510861797,-0.1470121913015418,-0.0117101353532689,359.34548065653576,-472.5953740606112,605.3363259552523,-0.0057788077502891, Neutralism,Healthy
SRR13077911.bin.20.fbc2XSRR13077911.bin.22.fbc2 ,-0.0873405346837898,-0.0873405346837898,2.6252601451668625,-0.001678012193679,-1000.0,1000.0,-18.241270445376244,308.92188489556975,-3.275362341311393,-0.1455675578062027,-0.0115950642586994,228.92967510819744,-334.07567823695103,-1000.0,-0.0057220215805955,-0.0554726679501982,-0.0554726679501982,784.5499676784107,-0.001065757309334,999.916785669288,-1000.0,-968.6729554581924,-1000.0,-2.080283664786066,-0.0924544465837016,-0.0073643830073706,771.0703248918026,-2.3536456106158994,1000.0,-0.0036342324248153, Neutralism,Healthy
SRR13077911.bin.20.fbc2XSRR13077911.bin.41.fbc2 ,-0.0873407398661356,-0.0873407398661356,2.6111709769471645,-0.0016780161357701,-1000.0,1000.0,-907.2967411082216,308.95373782115894,-3.2753700358665583,-0.1455678997768927,-0.0115950914980658,228.93833730975257,-334.0758023362277,-1000.0,-0.0057220350229272,-0.1801137935070755,-0.1801137935070755,917.4471655391952,-0.0034603994910185,999.729812007742,-1000.0,-92.70325889177832,-1000.0,-6.754457578486836,-0.300189655845088,-0.0239113604828844,97.86047104053593,0.0,1000.0,-0.0117999622643765, Neutralism,Healthy
SRR13077911.bin.32.fbc2XSRR13077911.bin.2.fbc2 ,-0.0863441103128934,-0.0863441103128934,13.704873878660464,-0.0016588685939495,-1000.0,1000.0,766.5614881030947,-14.809710705996965,-3.237995374504635,-0.1439068505213754,-0.011462781983937,-2.308278660875999,-333.6119592694132,-1000.0,-0.0056567419052271,-0.2471357006127164,-0.2471357006127164,986.2951261213396,-0.0047480442000278,1000.0,-1000.0,-1000.0,427.5908071196113,-9.267849915407623,-0.4118928343544894,-0.0328089854223208,1000.0,-666.3880407305868,1000.0,-0.0161908307221665, Neutralism,Healthy
SRR13077911.bin.16.fbc2XSRR13077911.bin.9.fbc2 ,-0.0875269872775561,-0.0875269872775561,103.85888409767176,-0.001681594376123,-1000.0,999.8687011111116,0.0,0.0,-3.282354510598566,-0.1458783121291844,-0.0116198171390351,202.52641730113052,-400.0,-999.8687011111116,-0.0057342368226045,-0.086601214581492,-0.086601214581492,647.6907314179823,-0.0016638081572182,1000.0,-1000.0,1000.0,1000.0,-3.247637056254007,-0.1443353576357822,-0.0114969143661483,-143.46128509691926,-600.0,1000.0,-0.0056735858159981, Amensalism,Healthy
SRR13077911.bin.32.fbc2XSRR13077911.bin.24.fbc2 ,-0.0866186671956938,-0.0866186671956938,14.278419054360144,-0.0016641434619941,1000.0,-1000.0,0.0,-11.147037547082505,-3.248291547727831,-0.1443644453261185,-0.0114992313222046,-1.7856520855223152,-445.1385973363474,1000.0,-0.0056747292053387,-0.1400922559063246,-0.1400922559063246,985.7215809456396,-0.0026914938695199,-1000.0,1000.0,1000.0,688.5258362404652,-5.253607628647956,-0.233487093177132,-0.0185982226380474,144.6696493353884,-500.286051968448,-1000.0,-0.0091779940948981, Neutralism,Healthy
SRR13077911.bin.19.fbc2XSRR13077911.bin.24.fbc2 ,-0.1589975715168066,-0.1589975715168066,979.9829236025076,-0.0030547083864576,-1000.0,999.7614883691828,400.135601643123,211.8585653484979,-5.962576940840791,-0.264995952528011,-0.0211080349506573,895.5967453540811,-825.6431110657268,-999.7614883691828,-0.0104165555978852,-0.0200671916581995,-0.0200671916581995,20.017076397492588,-0.0003855368233871,0.0,0.0,599.864398356877,788.1414346515021,-0.7525408917088043,-0.0334453194303705,-0.0026640594496711,104.40325464591888,-174.35688893427323,0.0,-0.0013146805678161, Amensalism,Healthy
SRR13077911.bin.40.fbc2XSRR13077911.bin.16.fbc2 ,-0.2225783552918301,-0.2225783552918301,998.9490576880607,-0.0042762412159618,-1000.0,1000.0,-855.4205882463377,812.8643137940862,-8.346923516709126,-0.3709639254863077,-0.0295488268023973,948.5145917897914,-590.5555183200239,-1000.0,-0.0145819825464741,-0.066897659671099,-0.066897659671099,1.050942311939366,-0.0012852576305704,1000.0,-962.3224261958904,-144.57941175366227,187.13568620591377,-2.508732926835364,-0.1114960994517559,-0.0088811302272233,2.108477995523458,-409.4444816799761,962.3224261958904,-0.0043827285202269, Amensalism,Healthy
SRR13077911.bin.32.fbc2XSRR13077911.bin.9.fbc2 ,-0.0869360126393985,-0.0869360126393985,36.31297483438266,-0.0016702403964927,-1000.0,1000.0,0.0,-36.83382816710434,-3.26019233720092,-0.1448933543990733,-0.0115413611400754,-9.784212568199337,-338.06976277347394,-1000.0,-0.0056955197521801,-0.0905606489033061,-0.0905606489033061,639.4801870116826,-0.0017398779808672,0.0,0.0,1000.0,1000.0,-3.3961200271610323,-0.1509344148387299,-0.0120225568476826,-59.826678237322426,-661.9302372265261,0.0,-0.0059329839147039, Amensalism,Healthy
SRR13077911.bin.40.fbc2XSRR13077911.bin.20.fbc2 ,-0.2152555642663856,-0.2152555642663856,997.3221993885584,-0.0041355535881848,0.0,0.0,-369.6649892571668,364.4202597659887,-8.072311115438197,-0.358759273777423,-0.0285766752945164,771.0621113540792,-665.9242472637244,0.0,-0.0141022377357558,-0.0873349051490777,-0.0873349051490777,2.6778006114416257,-0.0016779040374785,-1000.0,1000.0,-630.3350107428332,309.0221705487438,-3.275151227813012,-0.1455581752485386,-0.0115943168987087,228.9378886459208,-334.0757527362756,-1000.0,-0.0057216527676473, Neutralism,Healthy
SRR13077911.bin.22.fbc2XSRR13077911.bin.32.fbc2 ,-0.0556220144545704,-0.0556220144545704,799.5129459484974,-0.0010686265985668,-1000.0,999.9165616351852,-1000.0,-988.852962452918,-2.085884316511283,-0.0927033574243978,-0.0073842097959868,785.0605191381287,-2.6201192786072625,-999.9165616351852,-0.0036440167010596,-0.0866186671956938,-0.0866186671956938,14.278419054360256,-0.0016641434619941,1000.0,-1000.0,0.0,-11.14703754708205,-3.248291547727831,-0.1443644453261185,-0.0114992313222046,-1.7856520855222016,-337.4992657792443,1000.0,-0.0056747292053387, Neutralism,Healthy
SRR13077923.bin.14.fbc2XSRR13077923.bin.28.fbc2 ,-0.1383000042372941,-0.1383000042372941,173.41262109087302,-0.0026570606000859,0.0936693807756228,999.4398886012082,-715.2335340497854,-1000.0,-5.18639629723225,-0.2305000070622327,-0.018360288746976,562.78851440222,-249.93525531841067,-999.439888601208,-0.0090605766464477,-0.0624422549867631,-0.0624422549867631,826.587378909127,-0.0011996590775424,999.9063306192244,-1000.0,115.51037931904013,0.0,-2.341650543254559,-0.1040704249779764,-0.008289644225897,2.184939077953345,-68.0556468484491,1000.0,-0.0040908374544414, Amensalism,Healthy
SRR13077923.bin.23.fbc2XSRR13077923.bin.22.fbc2 ,-0.064662707119055,-0.064662707119055,3.9822289032853178,-0.0012423190609069,-1000.0,999.8195780027876,-1000.0,991.0733070706189,-2.424919844513056,-0.1077711785317205,-0.0085844247107615,984.5164868281628,-500.0045748399417,-999.8195780027876,-0.0042363079976439,-0.0691538192286316,-0.0691538192286316,996.0177710967146,-0.0013286036355566,1000.0,-1000.0,446.9355490100325,-631.208763039639,-2.593341294273614,-0.1152563653810148,-0.009180651121369,-9.893393827727778,-379.9406398805826,1000.0,-0.0045305383971481, Amensalism,Healthy
SRR13077923.bin.5.fbc2XSRR13077923.bin.16.fbc2 ,-0.091189637409343,-0.091189637409343,0.0,-0.001751962294179,1000.0,-1000.0,670.9232510348993,1000.0,-3.419707760775964,-0.1519827290155717,-0.0121060594524351,33.24344583068182,-0.186198552619885,1000.0,-0.0059741914229789,-0.194004311356025,-0.194004311356025,1000.0,-0.0037272682296816,-1000.0,999.7089748966248,-1000.0,-577.7919705249612,-7.275366675602982,-0.3233405189266705,-0.025755423467217,750.4791248006438,-313.59062663852296,-999.7089748966248,-0.0127099846632745, Neutralism,Healthy
SRR13077923.bin.24.fbc2XSRR13077923.bin.14.fbc2 ,-0.0240132138052331,-0.0240132138052331,627.4127355721014,-0.0004613489684288,-899.061675314754,1000.0,-255.14518103521823,0.0,-0.9005208918878225,-0.0400220230086461,-0.003187921371591,260.1804767245592,-288.37690443252586,-1000.0,-0.0015731999822037,-0.1331475871846805,-0.1331475871846805,248.83053779827836,-0.0025580708393135,898.6231649760844,0.0,-744.8548189647818,-1000.0,-4.99317521331966,-0.2219126453077251,-0.0176762694994749,739.8195232754408,-224.7057247868039,0.0,-0.0087230215619911, Amensalism,Healthy
SRR13077923.bin.11.fbc2XSRR13077923.bin.32.fbc2 ,-0.0850455003300112,-0.0850455003300112,331.40261230944293,-0.0016339193147132,-1000.0,1000.0,-1000.0,975.085547517058,-3.189296127937382,-0.1417425005499808,-0.0112903824646082,-6.8348478853108645,-321.90954445353736,-1000.0,-0.0055716648631687,-0.0873583856371169,-0.0873583856371169,668.5973876905571,-0.0016783551515118,1000.0,-676.3726364668476,937.7998517844562,-23.98656510268313,-3.276031770927375,-0.1455973093952707,-0.0115974340970979,22.837714217908683,-415.64052242496473,676.3726364668476,-0.0057231910667496, Amensalism,Healthy
SRR13077923.bin.31.fbc2XSRR13077923.bin.28.fbc2 ,0.0,0.0,0.0,0.0,-1000.0,1000.0,0.0,0.0,0.0,0.0,0.0,0.0,0.0,-1000.0,0.0,-0.083859329093002,-0.083859329093002,1000.0,-0.0016111302419403,999.8742029507092,-1000.0,91.94191034467804,-1000.0,-3.144813453150164,-0.1397655484882989,-0.0111329099718204,2.9343515096455803,-0.4889677757818162,1000.0,-0.0054939541249723, Amensalism,Healthy
SRR13077923.bin.29.fbc2XSRR13077923.bin.28.fbc2 ,-0.0772831617481415,-0.0772831617481415,27.58266480923794,-0.001484786969172,-1000.0,999.8840678334428,0.0,1000.0,-2.898200228838391,-0.128805269580198,-0.0102598779573099,375.5411621626572,-664.1857311704999,-999.8840678334428,-0.0050631235650371,-0.0815462653274607,-0.0815462653274607,972.417335190762,-0.0015666909764604,999.877672768554,-1000.0,86.90037192353293,-919.7941083867778,-3.05807111778438,-0.1359104422124346,-0.0108258346476759,6.63000120895515,-5.259410450973064,1000.0,-0.0053424162299506, Amensalism,Healthy
SRR13077923.bin.11.fbc2XSRR13077923.bin.27.fbc2 ,-0.1705809715058421,-0.1705809715058421,1000.0,-0.0032772520942216,-1000.0,1000.0,208.8749903904827,-37.1578119698404,-6.396966680333662,-0.2843016191764036,-0.0226458119713015,-13.709073235466237,-250.30378078631168,-1000.0,-0.0111754296414119,-0.000635622242612,-0.000635622242612,0.0,-1.2211762623337565e-05,1000.0,-1000.0,-499.08359349400143,9.072594867276848,-0.0238365057450664,-0.0010593704043913,-8.438327949988889e-05,0.1227784043364863,-1.6079119390229837,1000.0,-4.164211043189425e-05, Amensalism,Healthy
SRR13077923.bin.18.fbc2XSRR13077923.bin.1.fbc2 ,-0.0880452870449062,-0.0880452870449062,991.3552957488868,-0.001691552104603,-332.7087292461616,1000.0,870.9185678706119,-1000.0,-3.3017912995491088,-0.1467421450747679,-0.0116886250428933,643.5320094785907,-689.1273862305577,-1000.0,-0.005768192676669,-0.1165987365368437,-0.1165987365368437,8.644704251113012,-0.0022401294243081,-0.1749093054523882,0.0,129.08143212938808,615.4775918238206,-4.372575827250216,-0.1943312275614062,-0.0154792943221764,356.4679905214093,-310.8726137694423,0.0,-0.0076388413369841, Neutralism,Healthy
SRR13077923.bin.24.fbc2XSRR13077923.bin.15.fbc2 ,-0.0371942796102757,-0.0371942796102757,962.4912983462134,-0.0007145875044898,-0.0557949923529577,0.0,0.0,147.08621396324747,-1.3948247876999176,-0.0619904660171641,-0.0049377996562043,184.91003981761327,-480.2647956455885,0.0,-0.0024367433903762,-0.2629376626019848,-0.2629376626019848,37.5087016537866,-0.0050516361691279,-0.7816336717679633,1000.0,0.0,-966.037142806033,-9.860440187564109,-0.4382294376699747,-0.0349068059284718,815.0899601823867,-499.9031995200789,-1000.0,-0.0172260793366376, Amensalism,Healthy
SRR13077923.bin.32.fbc2XSRR13077923.bin.22.fbc2 ,-0.0873583856371169,-0.0873583856371169,668.5973876905573,-0.0016783551515118,-676.3726364668464,1000.0,937.7998517844574,-23.986565102683244,-3.276031770927375,-0.1455973093952707,-0.0115974340970979,22.837714217908683,-415.64052242496496,-1000.0,-0.0057231910667496,-0.023009384981492,-0.023009384981492,331.4026123094427,-0.0004420631120183,1000.0,-1000.0,-1000.0,39.979416980063206,-0.862876250276031,-0.0383489749691534,-0.0030546561041546,-3.29180528124914,-251.41674097872988,1000.0,-0.0015074352120336, Amensalism,Healthy
SRR13077923.bin.19.fbc2XSRR13077923.bin.28.fbc2 ,-0.0407459979427358,-0.0407459979427358,138.22703969790155,-0.0007828241679135,-0.2069225262135887,1000.0,892.645314287415,-351.74409964023755,-1.528017978181765,-0.0679099965711884,-0.0054093150006337,-0.6847206432381654,-820.2471489115112,-1000.0,-0.0026694304127659,-0.072267702281465,-0.072267702281465,861.7729603020985,-0.0013884284779805,999.8915915044354,-1000.0,107.35468571258502,-648.2559003597624,-2.710115199119059,-0.1204461704689947,-0.0095940407832131,5.875621054746944,-19.83202102056748,1000.0,-0.0047345411101105, Competition,Healthy
SRR13077923.bin.33.fbc2XSRR13077923.bin.22.fbc2 ,-0.0451005852227126,-0.0451005852227126,503.9687995104564,-0.0008664857871281,-1000.0,999.9323447897368,0.0,-23.16212689057033,-1.6913196025720936,-0.0751676420379681,-0.0059874167893667,1000.0,470.9935109572584,-999.9323447897368,-0.0029547165343046,-0.0344395983343019,-0.0344395983343019,496.0312004895436,-0.000661663752794,1000.0,-1000.0,222.5803427912656,-314.35105836045364,-1.2915213290433485,-0.0573993305572457,-0.0045720965320015,-4.927052668828992,-189.2159127916102,1000.0,-0.0022562733971653, Amensalism,Healthy
SRR13077923.bin.23.fbc2XSRR13077923.bin.24.fbc2 ,-0.0669420377536198,-0.0669420377536198,74.62167919893045,-0.001286110235469,-0.1867817894901691,0.0,-788.665039990354,849.7604881345696,-2.510397151824918,-0.1115700629227376,-0.008887021726764,27.770679650751617,-500.0047361009419,0.0,-0.0043856359027358,-0.0421230546370452,-0.0421230546370452,925.3783208010695,-0.0008092805885553,-846.3954519337378,1000.0,-211.334960009646,-151.750967759712,-1.579659059321216,-0.0702050910617799,-0.0055921288673062,456.4021791734733,-499.9952638990581,-1000.0,-0.0027596468071351, Amensalism,Healthy
SRR13077923.bin.15.fbc2XSRR13077923.bin.21.fbc2 ,-0.2629370043742938,-0.2629370043742938,613.9739798884316,-0.0050516235230588,-1000.0,999.6055692353208,-278.7729660264198,803.8855346149116,-9.860415503331524,-0.4382283406239367,-0.0349067185442208,238.60252070545585,-500.0,-999.6055692353208,-0.0172260362136285,-0.0342054543781387,-0.0342054543781387,386.0260201115684,-0.0006571653098035,999.9045598820492,-1000.0,-721.2270339735802,-774.0798639819739,-1.282740683273346,-0.0570090906302311,-0.0045410122911562,761.3974792945442,-0.0570156622833337,1000.0,-0.0022409337066164, Amensalism,Healthy
SRR13077923.bin.31.fbc2XSRR13077923.bin.27.fbc2 ,-0.034014899652675,-0.034014899652675,896.1295588558678,-0.0006535043161193,-1000.0,999.9050915681736,710.9590931525877,-10.642894505153777,-1.2755946797138904,-0.0566914994211629,-0.0045157148242651,0.0691799669017427,-0.0566980344643752,-999.9050915681736,-0.0022284497179043,-0.0808429636381333,-0.0808429636381333,103.8704411441322,-0.0015531789363194,1000.0,-1000.0,-333.90015563163604,177.56287096621895,-3.031696561271133,-0.1347382727302601,-0.0107324664503494,836.1645282999539,-106.30343727230934,1000.0,-0.0052963401730039, Competition,Healthy
SRR13077923.bin.24.fbc2XSRR13077923.bin.28.fbc2 ,0.0,0.0,0.0,0.0,-1000.0,1000.0,-1000.0,0.0,0.0,0.0,0.0,0.0,0.0,-1000.0,0.0,-0.083859329093002,-0.083859329093002,1000.0,-0.0016111302419403,999.8742029507092,-1000.0,79.52605296722345,-1000.0,-3.144813453150164,-0.1397655484882989,-0.0111329099718204,6.818061514354326,-0.4889677757818162,1000.0,-0.0054939541249723, Amensalism,Healthy
SRR13077923.bin.24.fbc2XSRR13077923.bin.22.fbc2 ,0.0,0.0,0.0,0.0,-1000.0,1000.0,-499.7245674998992,0.0,0.0,0.0,0.0,0.0,0.0,-1000.0,0.0,-0.0694303066023849,-0.0694303066023849,1000.0,-0.0013339155927951,1000.0,-1000.0,-500.2754325001008,-396.3162169232649,-2.603709862945493,-0.1157171776706036,-0.0092173567459212,-9.932949104747197,-500.1678065815672,1000.0,-0.0045486521712518, Amensalism,Healthy
SRR13077923.bin.11.fbc2XSRR13077923.bin.5.fbc2 ,-0.1705850288121837,-0.1705850288121837,1000.0,-0.0032773300443977,-1000.0,999.7441060701316,62.73877910463307,690.039171881743,-6.39711883361133,-0.2843083813537532,-0.0226463506069194,121.65393000892846,-534.4057457091963,-999.7441060701316,-0.0111756954514703,-0.091189637409343,-0.091189637409343,0.0,-0.001751962294179,1000.0,-1000.0,154.95318108524043,-61.14746101945218,-3.419707760775964,-0.1519827290155717,-0.0121060594524351,47.84710639074888,-0.186198552619885,1000.0,-0.0059741914229789, Neutralism,Healthy
SRR13077923.bin.18.fbc2XSRR13077923.bin.19.fbc2 ,-0.0880452870449062,-0.0880452870449062,467.11464533875096,-0.001691552104603,-1000.0,999.8679236116724,0.0,-470.9669691862666,-3.3017912995491088,-0.1467421450747679,-0.0116886250428933,601.5947189645362,-374.5031932613165,-999.8679236116722,-0.005768192676669,-0.0564219778652841,-0.0564219778652841,532.885354661249,-0.0010839957323014,999.9153616132236,-1000.0,785.4147064823114,-52.434588090404304,-2.115883789713507,-0.0940366297754735,-0.0074904105100586,43.80627293362613,-625.4968067386835,1000.0,-0.0036964254470603, Amensalism,Healthy
SRR13077923.bin.11.fbc2XSRR13077923.bin.22.fbc2 ,-0.1705850288121837,-0.1705850288121837,1000.0,-0.0032773300443977,-0.4759666423515227,1000.0,456.56392030193456,-1000.0,-6.39711883361133,-0.2843083813537532,-0.0226463506069194,200.2681242233093,-558.3206774746848,-1000.0,-0.0111756954514703,0.0,0.0,0.0,0.0,1000.0,-1000.0,0.0,0.0,0.0,0.0,0.0,0.0,0.0,1000.0,0.0, Amensalism,Healthy
SRR13077923.bin.11.fbc2XSRR13077923.bin.26.fbc2 ,-0.0996531398674278,-0.0996531398674278,587.5070245859888,-0.0019145656074215,-1000.0,1000.0,129.26422318372943,-26.372049940131543,-3.737098046136225,-0.1660885664456373,-0.0132296483474192,-7.499315193042207,-285.91615182347414,-1000.0,-0.0065286687213301,-0.130776492447012,-0.130776492447012,412.4929754140112,-0.0025125166656607,999.803822698746,-1000.0,870.7357768162706,-508.41175345335625,-4.904256655181143,-0.2179608207451338,-0.017361490159601,1000.0,-265.70119648946866,1000.0,-0.0085676818298452, Competition,Healthy
SRR13077923.bin.31.fbc2XSRR13077923.bin.5.fbc2 ,-0.0376210307346127,-0.0376210307346127,991.1338272381502,-0.0007227863733305,-1000.0,999.8950297349936,786.3322887214636,-11.771213949523826,-1.4108284057983838,-0.0627017178910591,-0.0049944538400268,0.076514165486401,-0.0627089457547072,-999.8950297349936,-0.0024647015331993,-0.0919981404887266,-0.0919981404887266,8.866172761849839,-0.001767495494505,1000.0,-1000.0,213.66771127853644,123.33904719543376,-3.4500274805781146,-0.153330234147802,-0.0122133938670003,-6.047291409925037,-0.1878494211554198,1000.0,-0.0060271596362326, Neutralism,Healthy
SRR13077923.bin.14.fbc2XSRR13077923.bin.1.fbc2 ,-0.0736794679115746,-0.0736794679115746,670.5847466460825,-0.0014155517370681,-362.3103036325093,1000.0,-1000.0,-1000.0,-2.7630579020311643,-0.1227991131860335,-0.0097814625028149,1000.0,-159.45005566177915,-1000.0,-0.0048270314232468,-0.1137693097532519,-0.1137693097532519,8.434928755508395,-0.0021857696398228,999.8293351065216,-1000.0,125.9490957750445,762.3179174497022,-4.266469333079158,-0.1896155162554578,-0.0151036682112817,0.0,-331.6396193681535,1000.0,-0.0074534744718448, Amensalism,Healthy
SRR13077923.bin.23.fbc2XSRR13077923.bin.15.fbc2 ,-0.0858845854065748,-0.0858845854065748,661.7390915177507,-0.0016500400654422,-0.2396353187050408,0.0,-96.88252595305369,-324.6608905034125,-3.220762704949607,-0.1431409756776247,-0.0114017768522671,318.5705761214442,-500.0,0.0,-0.0056266366232193,-0.2626848977644158,-0.2626848977644158,338.2609084822493,-0.0050467799762827,-0.7329438559526125,1000.0,170.20937952579243,-675.3391094965875,-9.850961239065327,-0.4378081629407688,-0.0348732496360071,681.4294238785558,-500.0,-1000.0,-0.0172095197190174, Neutralism,Healthy
SRR13077923.bin.29.fbc2XSRR13077923.bin.33.fbc2 ,-0.1286369538373719,-0.1286369538373719,710.3997924916087,-0.0024714112169021,0.0,-0.1929677878121083,-1000.0,1000.0,-4.824021696516752,-0.2143949230621729,-0.0170774515084985,425.3608402153027,-688.8331101972814,0.1929677878121083,-0.0084275122494545,-0.0259165623982653,-0.0259165623982653,289.6002075083913,-0.000497916664699,-1000.0,999.9611226668194,960.5061958793472,-8.251201113425623,-0.9718984753494624,-0.0431942706636618,-0.0034406041531838,574.6391597846973,249.9568007501696,-999.9611226668194,-0.0016978958266236, Competition,Healthy
SRR13077923.bin.27.fbc2XSRR13077923.bin.33.fbc2 ,-0.0862791346562517,-0.0862791346562517,480.40397135480407,-0.0016576202623355,1000.0,-1000.0,582.6987125128055,981.318133407838,-3.2355587187239507,-0.1437985577604195,-0.0114541560129737,0.0,-701.1904094275538,1000.0,-0.0056524850946289,-0.0455316736483837,-0.0455316736483837,519.5960286451959,-0.0008747679855787,-1000.0,999.9316981156876,-937.0077189855084,-1000.0,-1.7074858740552372,-0.0758861227474199,-0.0060446467801966,1000.0,-1.0731309206959168,-999.9316981156876,-0.0029829588307848, Amensalism,Healthy
SRR13077923.bin.26.fbc2XSRR13077923.bin.28.fbc2 ,-0.1761953721988902,-0.1761953721988902,500.040621411458,-0.0033851176215193,-1000.0,999.7356900161136,396.59629806300495,337.5259177496837,-6.607512638929052,-0.2936589536649308,-0.0233911627645966,808.390218260311,-208.3365823410171,-999.7356900161136,-0.0115432510892787,-0.0419262580621762,-0.0419262580621762,499.959378588542,-0.000805499674584,999.9371065854084,-1000.0,174.24148895908138,239.689932559402,-1.5722789798138592,-0.0698770967702557,-0.0055660027513795,3.408753797895088,-67.48531049332462,1000.0,-0.002746753890392, Amensalism,Healthy
SRR13077923.bin.32.fbc2XSRR13077923.bin.26.fbc2 ,-0.0873583856371169,-0.0873583856371169,668.5973876905566,-0.0016783551515118,-497.6968016173306,1000.0,1000.0,-123.63734974631598,-3.276031770927375,-0.1455973093952707,-0.0115974340970979,-3.5039691840567,-460.309481137344,-1000.0,-0.0057231910667496,-0.1613390555509113,-0.1613390555509113,331.4026123094434,-0.0030996936704923,1000.0,-934.8645517733876,0.0,62.05254036971519,-6.050385066310469,-0.2688984259181097,-0.0214188832633226,594.0962800455873,-444.6600045427133,934.8645517733876,-0.0105699554164857, Amensalism,Healthy
SRR13077923.bin.24.fbc2XSRR13077923.bin.21.fbc2 ,-0.0204426399556041,-0.0204426399556041,537.8220145556079,-0.0003927500471263,-1000.0,999.9693340763164,-136.24195594360071,89.66082598921275,-0.7666205995888049,-0.0340710665926735,-0.0027139028260307,88.40043217531047,-268.37191267179617,-999.9693340763164,-0.001339277660918,-0.0409532186228034,-0.0409532186228034,462.1779854443921,-0.0007868053529591,999.8857322585864,-1000.0,-863.7580440563993,-926.7838266572236,-1.5357889726487883,-0.068255364371339,-0.0054368249891467,911.5995678246896,-0.0682632324247833,1000.0,-0.0026830062536191, Amensalism,Healthy
SRR13077923.bin.18.fbc2XSRR13077923.bin.5.fbc2 ,-0.0880452870449062,-0.0880452870449062,978.517655489684,-0.001691552104603,-49.847350355737376,1000.0,0.0,-1000.0,-3.3017912995491088,-0.1467421450747679,-0.0116886250428933,186.53024137420016,-657.2471009373078,-1000.0,-0.005768192676669,-0.0922998974575648,-0.0922998974575648,21.482344510315897,-0.0017732929386511,1000.0,-1000.0,647.6437494207989,1000.0,-3.4613436857702027,-0.1538331624292368,-0.0122534542061885,6.2885755496025695,-0.1884655735213982,1000.0,-0.0060469289207958, Neutralism,Healthy
SRR13077923.bin.23.fbc2XSRR13077923.bin.27.fbc2 ,-0.0858847884109081,-0.0858847884109081,661.6824036103546,-0.0016500439655828,-1000.0,999.760364114872,-261.3894138312106,-324.64284464917614,-3.2207703178277143,-0.1431413140181803,-0.0114018038025278,318.60143967518525,-500.00607628690346,-999.760364114872,-0.0056266499227604,-0.0869493405652974,-0.0869493405652974,338.31759638964536,-0.0016704964565406,1000.0,-1000.0,-738.6105861687894,484.4333385170141,-3.260692148501789,-0.1449155676087912,-0.0115431305149513,681.3985603248148,-127.27756354108205,1000.0,-0.0056963929170024, Amensalism,Healthy
SRR13077923.bin.1.fbc2XSRR13077923.bin.21.fbc2 ,-0.1138965068012112,-0.1138965068012112,8.444359225280664,-0.0021882133871713,-1000.0,999.8291442987312,126.08991014052047,755.7167019542153,-4.271239356780143,-0.1898275113352383,-0.015120554505188,16.02503952947461,-330.70603740714387,-999.8291442987312,-0.0074618076502019,-0.0441945488651072,-0.0441945488651072,498.6515249129493,-0.0008490787486152,999.8766882933396,-1000.0,-932.3752792032286,-1000.0,-1.6573422817713208,-0.0736575814418074,-0.0058671341529361,983.9749604705252,-0.0736660722292299,1000.0,-0.0028953585327826, Neutralism,Healthy
SRR13077923.bin.32.fbc2XSRR13077923.bin.33.fbc2 ,-0.0873583856371169,-0.0873583856371169,668.5973876905568,-0.0016783551515118,-1000.0,1000.0,751.5484378751387,-21.286528036210143,-3.276031770927375,-0.1455973093952707,-0.0115974340970979,-6.204006250529687,-334.73368154167656,-1000.0,-0.0057231910667496,-0.0296574942219649,-0.0296574942219649,331.4026123094432,-0.0005697885537756,0.0,-0.0444890902756469,-1000.0,-149.4760809293664,-1.112187371692471,-0.0494291570365703,-0.0039372389063601,1000.0,84.41306922704666,0.0444890902756469,-0.001942978968259, Amensalism,Healthy
SRR13077923.bin.18.fbc2XSRR13077923.bin.29.fbc2 ,-0.0876554205968886,-0.0876554205968886,0.0260355965884855,-0.0016840618750393,-730.1749784784071,1000.0,1000.0,282.2442529854811,-3.287170895786744,-0.1460923676614811,-0.0116368675567173,208.47294218409684,-511.9641657323869,-1000.0,-0.0057426509939659,-0.1504154523779561,-0.1504154523779561,999.9739644034116,-0.0028898261743961,-0.2256376276977789,0.0,-1000.0,366.89044447447554,-5.640738404613671,-0.2506924206300027,-0.0199686988651137,706.120313759478,-488.0358342676131,0.0,-0.0098543072547272, Neutralism,Healthy
SRR13077923.bin.5.fbc2XSRR13077923.bin.19.fbc2 ,-0.0913288803769774,-0.0913288803769774,21.240553351351764,-0.0017546374712082,-1000.0,1000.0,75.02131612082553,-93.97689020805568,-3.424929519197576,-0.1522148006282577,-0.0121245449261095,3.1900537473001123,-0.1864828704412957,-1000.0,-0.0059833137768237,-0.0756248835956512,-0.0756248835956512,978.7594466486482,-0.001452927638752,1000.0,-354.38401230743204,924.9786838791744,-764.1594819407792,-2.836013045858863,-0.1260414726594945,-0.0100397299836458,491.3670623644266,-999.8135171295588,354.384012307432,-0.0049544832480705, Neutralism,Healthy
SRR13077923.bin.11.fbc2XSRR13077923.bin.21.fbc2 ,-0.1705850288121837,-0.1705850288121837,1000.0,-0.0032773300443977,-0.4759666423515227,1000.0,749.325128100591,-1000.0,-6.39711883361133,-0.2843083813537532,-0.0226463506069194,-6.937845517640312,-752.2027836494333,-1000.0,-0.0111756954514703,0.0,0.0,0.0,0.0,1000.0,-1000.0,0.0,0.0,0.0,0.0,0.0,0.0,0.0,1000.0,0.0, Amensalism,Healthy
SRR13077923.bin.27.fbc2XSRR13077923.bin.21.fbc2 ,-0.0871241276181535,-0.0871241276181535,501.3098285158876,-0.0016738545172074,-1000.0,1000.0,571.8387760805062,997.518987987527,-3.267246847680326,-0.1452068793636272,-0.0115663347136205,16.383819393245744,-711.2612698812385,-1000.0,-0.0057078439035649,-0.0441885339869259,-0.0441885339869259,498.6901714841124,-0.0008489631890142,999.876705076063,-1000.0,-931.7217350978348,-1000.0,-1.6571167174854509,-0.0736475566449144,-0.0058663356359147,983.6161806067544,-0.0736560462768238,1000.0,-0.0028949644744216, Amensalism,Healthy
SRR13077923.bin.27.fbc2XSRR13077923.bin.32.fbc2 ,-0.0867692338832739,-0.0867692338832739,331.4026123094427,-0.0016670361936803,-1000.0,1000.0,0.0,1000.0,-3.253937957611811,-0.1446153898053808,-0.0115192200986484,161.34559918085984,-552.8613605636382,-1000.0,-0.0056845934205966,-0.0873583856371169,-0.0873583856371169,668.5973876905573,-0.0016783551515118,449.6198315787408,0.0,1000.0,-1000.0,-3.276031770927375,-0.1455973093952707,-0.0115974340970979,22.8377142179088,-447.1386394363618,0.0,-0.0057231910667496, Amensalism,Healthy
SRR13077923.bin.17.fbc2XSRR13077923.bin.15.fbc2 ,-0.1732405297437935,-0.1732405297437935,985.229220267498,-0.0033283483139712,-1000.0,1000.0,1000.0,1000.0,-6.496702924549709,-0.288734216239618,-0.0229988868497912,18.48804294675233,-516.4004008588018,-1000.0,-0.0113496677507782,-0.2633167514604793,-0.2633167514604793,14.770779732502092,-0.0050589193364203,1000.0,-1.21808288087027,-1000.0,0.0,-9.874656420331462,-0.4388612524340942,-0.034957132614636,981.5119570532476,-483.59959914119815,1.21808288087027,-0.0172509149372217, Neutralism,Healthy
SRR13077923.bin.17.fbc2XSRR13077923.bin.21.fbc2 ,-0.1658126671629816,-0.1658126671629816,510.8286335459113,-0.0031856420204121,-1000.0,1000.0,1000.0,1000.0,-6.218150228923605,-0.276354445271636,-0.0220127863610741,3.611307507191441,-488.9438513206052,-1000.0,-0.0108630392896884,-0.043388057911784,-0.043388057911784,489.1713664540887,-0.0008335842057931,999.878938565792,-1000.0,-917.1899633157088,-982.6188503884672,-1.6270980188237445,-0.0723134298530112,-0.0057600668620807,968.4476743718632,-0.072321765695051,1000.0,-0.0028425221418046, Neutralism,Healthy
SRR13077923.bin.32.fbc2XSRR13077923.bin.1.fbc2 ,-0.0873583856371169,-0.0873583856371169,864.5889983126785,-0.0016783551515118,-0.394172209501221,1000.0,863.9257794661087,-1000.0,-3.276031770927375,-0.1455973093952707,-0.0115974340970979,382.0176518609985,-584.6351384893013,-1000.0,-0.0057231910667496,-0.1165987365368437,-0.1165987365368437,11.733753122099415,-0.0022401294243081,999.8250906945476,-1000.0,132.17048100037482,615.4775918238208,-4.372575827250216,-0.1943312275614062,-0.0154792943221764,356.4679905214093,-310.8726137694423,1000.0,-0.0076388413369841, Neutralism,Healthy
SRR13077923.bin.33.fbc2XSRR13077923.bin.21.fbc2 ,-0.0455316736483837,-0.0455316736483837,1000.0,-0.0008747679855787,-1000.0,999.9316981156876,570.39970587676,-1000.0,-1.7074858740552372,-0.0758861227474199,-0.0060446467801966,1000.0,249.9241051295728,-999.9316981156876,-0.0029829588307848,0.0,0.0,0.0,0.0,1000.0,-1000.0,0.0,0.0,0.0,0.0,0.0,0.0,0.0,1000.0,0.0, Amensalism,Healthy
SRR13077923.bin.26.fbc2XSRR13077923.bin.19.fbc2 ,-0.1758634094207991,-0.1758634094207991,498.1564841677744,-0.0033787398543836,-714.4475480524063,1000.0,0.0,-258.5437819305778,-6.595063683972057,-0.2931056823680364,-0.0233470923938057,1000.0,-279.4788098605345,-1000.0,-0.0115215029034061,-0.060151888084988,-0.060151888084988,501.8435158322257,-0.0011556558710026,1000.0,-972.9650647067004,1000.0,-31.107587926546103,-2.255759364258779,-0.1002531468083134,-0.0079855820684997,-1.0108290772363944,-720.5211901394655,972.9650647067006,-0.0039407865200473, Amensalism,Healthy
SRR13077923.bin.24.fbc2XSRR13077923.bin.19.fbc2 ,-0.0149073139556321,-0.0149073139556321,327.49061706849943,-0.0002864037263634,-1000.0,999.977637597048,-1000.0,0.6783429297623798,-0.5590400255401846,-0.0248455232593869,-0.0019790497489111,161.52035111384453,-163.3521864834297,-999.977637597048,-0.0009766367068095,-0.0719515129732144,-0.0719515129732144,672.5093829315006,-0.0013823537555026,1000.0,-920.5710920710012,1000.0,-122.23694916982345,-2.698257765950416,-0.119919188288577,-0.0095520644504176,73.29846734478315,-836.6478135165703,920.5710920710012,-0.0047138263062151, Amensalism,Healthy
SRR13077923.bin.31.fbc2XSRR13077923.bin.24.fbc2 ,0.0,0.0,0.0,0.0,0.0,0.0,0.0,0.0,0.0,0.0,0.0,0.0,0.0,0.0,0.0,-0.0455198200456834,-0.0455198200456834,1000.0,-0.0008745402506065,-13.34177325893063,1000.0,1000.0,-984.6512749287908,-1.7070413514267102,-0.0758663667428436,-0.0060430731318774,493.202141786679,-745.4812206448312,-1000.0,-0.0029821822546409, Amensalism,Healthy
SRR13077923.bin.31.fbc2XSRR13077923.bin.16.fbc2 ,0.0,0.0,0.0,0.0,-1000.0,1000.0,0.0,0.0,0.0,0.0,0.0,0.0,0.0,-1000.0,0.0,-0.194004311356025,-0.194004311356025,1000.0,-0.0037272682296816,999.7089748966248,-1000.0,-1000.0,-181.42817289485333,-7.275366675602982,-0.3233405189266705,-0.025755423467217,161.96315855435432,-412.6815760460496,1000.0,-0.0127099846632745, Amensalism,Healthy
SRR13077923.bin.23.fbc2XSRR13077923.bin.26.fbc2 ,-0.0804476259132798,-0.0804476259132798,493.1775960255902,-0.0015455835909961,-1000.0,999.7755348950744,60.97380400920474,12.447680042341972,-3.0168709788441674,-0.1340793765220951,-0.0106799826140786,235.12390622789007,-500.005691611574,-999.7755348950744,-0.0052704400453649,-0.1764940988409762,-0.1764940988409762,506.8224039744098,-0.0033908568461811,999.7352418974542,-1000.0,-418.78493229970775,910.8391697516886,-6.618715203662873,-0.2941568314016649,-0.0234308208067659,764.8760937721099,-245.9505865629133,1000.0,-0.0115628218452457, Neutralism,Healthy
SRR13077923.bin.11.fbc2XSRR13077923.bin.28.fbc2 ,-0.1705850288121837,-0.1705850288121837,1000.0,-0.0032773300443977,-1000.0,1000.0,208.8616218670668,-37.15125623747542,-6.39711883361133,-0.2843083813537532,-0.0226463506069194,-13.694782416829298,-250.3243839828035,-1000.0,-0.0111756954514703,0.0,0.0,0.0,0.0,1000.0,-1000.0,666.6666666666665,0.0,0.0,0.0,0.0,666.6666666666665,0.0,1000.0,0.0, Amensalism,Healthy
SRR13077923.bin.31.fbc2XSRR13077923.bin.33.fbc2 ,-0.0187832250768451,-0.0187832250768451,494.84794528015664,-0.0003608688775784,-1000.0,999.9475910129122,393.2120597676608,-5.877068137818128,-0.7043907881719633,-0.0313053751281131,-0.0024936039438898,-0.5781191592255936,-0.0313089838169844,-999.9475910129124,-0.0012305628724789,-0.0451537397655101,-0.0451537397655101,505.15205471984336,-0.0008675070080244,0.0,-0.0677349471832258,0.0,-994.122931862182,-1.6933129540900609,-0.075256232942479,-0.0059944734251757,1000.0,170.95194095953434,0.0677349471832258,-0.002958198897204, Amensalism,Healthy
SRR13077923.bin.31.fbc2XSRR13077923.bin.11.fbc2 ,0.0,0.0,0.0,0.0,-1000.0,1000.0,0.0,0.0,0.0,0.0,0.0,0.0,0.0,-1000.0,0.0,-0.1705850288121837,-0.1705850288121837,1000.0,-0.0032773300443977,1000.0,-1000.0,0.0,-50.96308219428352,-6.39711883361133,-0.2843083813537532,-0.0226463506069194,-4.160450742797593,-225.7406792686265,1000.0,-0.0111756954514703, Amensalism,Healthy
SRR13077923.bin.18.fbc2XSRR13077923.bin.33.fbc2 ,-0.0880452870449062,-0.0880452870449062,480.4039713548036,-0.001691552104603,-0.3044047823826759,1000.0,1000.0,-988.604094563688,-3.3017912995491088,-0.1467421450747679,-0.0116886250428933,0.0,-881.5564951065751,-1000.0,-0.005768192676669,-0.0455316736483837,-0.0455316736483837,519.5960286451964,-0.0008747679855787,-0.0683018843125182,0.0,0.0,-11.395905436312091,-1.7074858740552372,-0.0758861227474199,-0.0060446467801966,1000.0,469.3686425484898,0.0,-0.0029829588307848, Neutralism,Healthy
SRR13077923.bin.17.fbc2XSRR13077923.bin.18.fbc2 ,-0.1757849806334661,-0.1757849806334661,991.078415889872,-0.0033772330573356,-1000.0,1000.0,1000.0,1000.0,-6.592122521572946,-0.2929749677224436,-0.0233366804260413,3.8284989384382015,-466.2255399014765,-1000.0,-0.0115163647254803,-0.0880452870449062,-0.0880452870449062,8.921584110127924,-0.001691552104603,0.0,-0.1320763883278459,0.0,-262.5239388453849,-3.3017912995491088,-0.1467421450747679,-0.0116886250428933,996.1715010615616,-500.00754432238654,0.1320763883278459,-0.005768192676669, Neutralism,Healthy
SRR13077923.bin.17.fbc2XSRR13077923.bin.1.fbc2 ,-0.1208045433212419,-0.1208045433212419,991.3722567392332,-0.0023209326286632,-1000.0,1000.0,871.171826844045,385.4029793961847,-4.530298025841375,-0.2013409055354031,-0.0160376444639496,2.6310556464906085,-433.5262413465406,-1000.0,-0.0079143802637418,-0.116369968728577,-0.116369968728577,8.627743260766579,-0.0022357342695613,999.825433868236,-1000.0,128.82817315595503,614.5970206038153,-4.3639967927059615,-0.1939499478809239,-0.0154489238024098,355.2780946691214,-310.4261795795833,1000.0,-0.0076238538590587, Amensalism,Healthy
SRR13077923.bin.5.fbc2XSRR13077923.bin.22.fbc2 ,-0.0919981404887266,-0.0919981404887266,8.866172761849953,-0.001767495494505,0.0,0.0,129.7285044731907,-49.55412230720617,-3.4500274805781146,-0.153330234147802,-0.0122133938670003,-3.5399134639505974,-0.1878494211554198,0.0,-0.0060271596362326,-0.068814725509128,-0.068814725509128,991.13382723815,-0.0013220888666864,-1000.0,1000.0,0.0,-516.7623848974627,-2.580624921478943,-0.1146912091818421,-0.0091356340685706,-9.84488186195017,-433.7532443876196,-1000.0,-0.0045083230352247, Neutralism,Healthy
SRR13077923.bin.17.fbc2XSRR13077923.bin.19.fbc2 ,-0.1526368523113888,-0.1526368523113888,475.284035725904,-0.0029325043672088,-1000.0,1000.0,141.67077631836992,1000.0,-5.724043249418401,-0.2543947538523525,-0.020263605177206,3.324345600716015,-343.47081155052365,-1000.0,-0.0099998398920888,-0.05866888598689,-0.05866888598689,524.715964274096,-0.0011271639958749,1000.0,-975.595815532663,858.3292236816301,-30.030511847451407,-2.200145218526359,-0.0977814766447409,-0.007788703211645,-3.43360453645812,-656.5291884494764,975.595815532663,-0.0038436292260257, Competition,Healthy
SRR13077923.bin.27.fbc2XSRR13077923.bin.16.fbc2 ,-0.0768516559357976,-0.0768516559357976,0.0,-0.001476496751934,1000.0,-1000.0,-391.4718116062206,1000.0,-2.8820183049127763,-0.1280860932263294,-0.0102025925555153,111.79190325650713,-441.34221899504655,1000.0,-0.0050348539239166,-0.1936676464879383,-0.1936676464879383,1000.0,-0.0037208001245971,-1000.0,999.7094799262676,-608.5281883937794,-175.3866857314713,-7.262741387302526,-0.3227794108131547,-0.0257107288613269,31.87866202002465,-417.5185416940839,-999.7094799262676,-0.0126879284250662, Amensalism,Healthy
SRR13077923.bin.5.fbc2XSRR13077923.bin.29.fbc2 ,-0.0919981404887266,-0.0919981404887266,8.866172761849839,-0.001767495494505,1000.0,-1000.0,651.9981876808197,1000.0,-3.4500274805781146,-0.153330234147802,-0.0122133938670003,-6.047291409925037,-0.1878494211554198,1000.0,-0.0060271596362326,-0.1497505971076407,-0.1497505971076407,991.1338272381502,-0.0028770527782171,-1000.0,999.7753597190748,142.86984471555388,-342.78200766459213,-5.615805629438682,-0.2495843285126966,-0.0198804346977112,760.1793936625204,-999.8121505788446,-999.7753597190748,-0.0098107499737807, Neutralism,Healthy
SRR13077923.bin.31.fbc2XSRR13077923.bin.21.fbc2 ,-0.0191044672449152,-0.0191044672449152,503.668381451706,-0.0003670406771334,-1000.0,999.9466946824596,397.4460937592039,-3.476867139908677,-0.7164377089222853,-0.0318407787415253,-0.00253625107905,-0.5880065055855539,-0.031844449148366,-999.9466946824596,-0.0012516087090261,-0.0440231511610136,-0.0440231511610136,496.3316185482941,-0.0008457858051542,999.87716652751,-1000.0,-930.0407669330044,-996.5231328600912,-1.650914686755982,-0.0733719186016514,-0.005844379913924,981.8572380099636,-0.0733803764596814,1000.0,-0.0028841295957136, Amensalism,Healthy
SRR13077923.bin.23.fbc2XSRR13077923.bin.1.fbc2 ,-0.0858848639522875,-0.0858848639522875,669.3959001490193,-0.001650045416909,-1000.0,999.7603639040964,-1000.0,-343.89857765204965,-3.220773150707373,-0.1431414399204413,-0.0114018138310711,322.45809650995375,-498.0807123180796,-999.7603639040964,-0.0056266548717758,-0.1165987365368437,-0.1165987365368437,8.644704251112785,-0.0022401294243081,999.8250906945476,-1000.0,129.0814321293874,615.4775918238206,-4.372575827250216,-0.1943312275614062,-0.0154792943221764,356.4679905214093,-310.8726137694423,1000.0,-0.0076388413369841, Neutralism,Healthy
SRR13077923.bin.23.fbc2XSRR13077923.bin.19.fbc2 ,-0.083906816571698,-0.083906816571698,600.3864157865492,-0.0016120425854069,-1000.0,999.7658830553178,-1000.0,-202.0154987807172,-3.146594283781156,-0.1398446942861255,-0.011139214265313,288.22346122771614,-500.0,-999.7658830553178,-0.0054970652163319,-0.044681094929956,-0.044681094929956,399.6135842134509,-0.0008584264155615,1000.0,-981.4142425830174,653.6870247222005,-22.870660113660847,-1.6755882733274348,-0.0744684915499647,-0.0059317265315712,-2.6149671612980683,-500.0,981.4142425830172,-0.0029272340771058, Amensalism,Healthy
SRR13077923.bin.11.fbc2XSRR13077923.bin.1.fbc2 ,-0.1691656931137686,-0.1691656931137686,999.7571804497144,-0.0032500613471029,-0.2537647899773674,0.0,-500.0,-44.01320827827169,-6.343892245140978,-0.2819428218563189,-0.022457923908064,-12.744920568763064,-236.61432610314276,0.0,-0.0110827091933742,-0.003056790198002,-0.003056790198002,0.2428195502856169,-5.872795770756056e-05,999.9954145210633,-1000.0,3.659413041232824,22.51797223784388,-0.114632862464532,-0.0050946503300792,-0.000405810187658,-0.4551258155914865,-11.438337778046504,1000.0,-0.0002002623357384, Amensalism,Healthy
SRR13077923.bin.18.fbc2XSRR13077923.bin.14.fbc2 ,-0.0880452870449062,-0.0880452870449062,802.328030154139,-0.001691552104603,-1000.0,999.8679236116724,1000.0,248.85138983604543,-3.3017912995491088,-0.1467421450747679,-0.0116886250428933,383.2036330204894,-756.0712766180841,-999.8679236116722,-0.005768192676669,-0.1383000042372941,-0.1383000042372941,197.67196984586096,-0.0026570606000859,1000.0,-24.49256976399533,-756.9951017450779,-1000.0,-5.18639629723225,-0.2305000070622327,-0.018360288746976,616.7963669795106,-243.92872338191592,24.49256976399533,-0.0090605766464477, Neutralism,Healthy
SRR13077923.bin.18.fbc2XSRR13077923.bin.24.fbc2 ,-0.0876554205968886,-0.0876554205968886,0.0260355965884855,-0.0016840618750393,-1000.0,999.8685084487952,1000.0,400.8179750661234,-3.287170895786744,-0.1460923676614811,-0.0116368675567173,39.23655556776134,-477.04528574169206,-999.8685084487952,-0.0057426509939659,-0.0455186349099676,-0.0455186349099676,999.9739644034116,-0.0008745174814066,96.47265760151004,0.1314915512047036,-1000.0,-94.60114994059154,-1.7069969075866993,-0.0758643915166885,-0.006042915796911,493.1932013226463,-522.954714258308,-0.1314915512047036,-0.0029821046117604, Neutralism,Healthy
SRR13077923.bin.23.fbc2XSRR13077923.bin.17.fbc2 ,-0.0806363776239322,-0.0806363776239322,499.2699948454251,-0.0015492099447556,-1000.0,999.8790376875144,-500.0,0.0,-3.023949367444061,-0.1343939627065538,-0.0107050407182214,336.90187608581164,-500.00570496562153,-999.8790376875144,-0.0052828059116336,-0.1647650822729929,-0.1647650822729929,500.7300051545749,-0.0031655155095222,0.0,0.0,1000.0,1000.0,-6.178864688592057,-0.274608470455064,-0.0218737121711001,3.5884916919569605,-487.8838625266467,0.0,-0.0107944078876016, Neutralism,Healthy
SRR13077923.bin.15.fbc2XSRR13077923.bin.28.fbc2 ,-0.2629376626019848,-0.2629376626019848,14.749514704748776,-0.0050516361691279,-1000.0,999.6055682479162,-1000.0,-10.847806697883245,-9.860440187564109,-0.4382294376699747,-0.0349068059284718,994.8728249530592,-765.2708556368474,-999.6055682479162,-0.0172260793366376,-0.0608321581573818,-0.0608321581573818,985.2504852952512,-0.0011687254209391,999.9087459191368,-1000.0,187.0823317870313,-989.1521933021168,-2.2812702108000167,-0.1013869302622652,-0.0080758926583257,5.12717504694092,0.0,1000.0,-0.003985353685266, Amensalism,Healthy
SRR13077923.bin.27.fbc2XSRR13077923.bin.22.fbc2 ,-0.0768516559357976,-0.0768516559357976,0.0,-0.001476496751934,-1000.0,1000.0,110.80064977964388,1000.0,-2.8820183049127763,-0.1280860932263294,-0.0102025925555153,111.7919032565053,-185.59564909480764,-1000.0,-0.0050348539239166,-0.0694303066023849,-0.0694303066023849,1000.0,-0.0013339155927951,0.0,0.0,0.0,-524.1986115013708,-2.603709862945493,-0.1157171776706036,-0.0092173567459212,-9.932949104746626,-437.8343444085597,0.0,-0.0045486521712518, Amensalism,Healthy
SRR13077923.bin.28.fbc2XSRR13077923.bin.16.fbc2 ,0.0,0.0,0.0,0.0,-1000.0,1000.0,985.3963394399324,0.0,0.0,0.0,0.0,0.0,0.0,-1000.0,0.0,-0.194004311356025,-0.194004311356025,1000.0,-0.0037272682296816,999.7089748966248,-1000.0,-1000.0,-1000.0,-7.275366675602982,-0.3233405189266705,-0.025755423467217,446.9565935511641,-208.0386192697636,1000.0,-0.0127099846632745, Amensalism,Healthy
SRR13077923.bin.27.fbc2XSRR13077923.bin.14.fbc2 ,-0.0406280030936159,-0.0406280030936159,741.4304878300732,-0.0007805572159895,1000.0,-1000.0,313.21754719557475,501.6055575259074,-1.52359304665913,-0.0677133384893977,-0.0053936503626346,237.59111478946875,-489.3518480069236,1000.0,-0.0026617001066142,-0.1329474863081259,-0.1329474863081259,258.56951216992684,-0.0025542264420437,0.0,887.4258693119809,-827.8628739393714,-1000.0,-4.985671219009987,-0.2215791438469523,-0.0176497047144721,762.4088852105313,-221.90632582814385,-887.4258693119808,-0.008709912167319, Amensalism,Healthy
SRR13077923.bin.18.fbc2XSRR13077923.bin.26.fbc2 ,-0.0880452870449062,-0.0880452870449062,8.921584110127924,-0.001691552104603,-1000.0,1000.0,199.248652030122,-2.0370572604820154,-3.3017912995491088,-0.1467421450747679,-0.0116886250428933,7.652178794733004,-551.7964529786872,-1000.0,-0.005768192676669,-0.1889654222634362,-0.1889654222634362,991.078415889872,-0.0036304596015952,999.7165337143068,-1000.0,800.751347969878,-335.9269092358033,-7.086403010158847,-0.3149423704390983,-0.025086475847047,992.3478212052668,-447.8908203844834,1000.0,-0.0123798672415205, Neutralism,Healthy
SRR13077923.bin.31.fbc2XSRR13077923.bin.32.fbc2 ,-0.0124327435635223,-0.0124327435635223,327.71740634653975,-0.0002388615478139,-1000.0,999.9653101374116,258.587534102257,-2.670611241365009,-0.4662410210163443,-0.0207212392724613,-0.0016505332953329,0.0252858834511471,-0.0207236278879463,-999.9653101374116,-0.0008145178779841,-0.0873583856371169,-0.0873583856371169,672.2825936534603,-0.0016783551515118,999.8689540297684,-1000.0,741.412465897743,-23.98282237069509,-3.276031770927375,-0.1455973093952707,-0.0115974340970979,3.86644274174921,-334.70092004911874,1000.0,-0.0057231910667496, Amensalism,Healthy
SRR13077923.bin.17.fbc2XSRR13077923.bin.32.fbc2 ,-0.1437980071868878,-0.1437980071868878,331.4026123094427,-0.0027626898595372,-1000.0,1000.0,251.21712217645063,1000.0,-5.392577217450366,-0.2396633453114418,-0.0190901869291337,3.131840478524396,-346.4260213582286,-1000.0,-0.0094207724208672,-0.0873583856371169,-0.0873583856371169,668.5973876905573,-0.0016783551515118,999.8689540297684,-1000.0,748.7828778235494,-189.08113916719677,-3.276031770927375,-0.1455973093952707,-0.0115974340970979,-3.503969184056473,-334.70092004911874,1000.0,-0.0057231910667496, Amensalism,Healthy
SRR13077923.bin.19.fbc2XSRR13077923.bin.16.fbc2 ,-0.0307045675497192,-0.0307045675497192,0.78601923211545,-0.0005899052363247,-175.53756295282165,1000.0,1000.0,-420.608727135649,-1.1514537279019803,-0.0511742792494942,-0.0040762451828868,-1.4123098233964129,-686.9449889011819,-1000.0,-0.0020115768558071,-0.1938887877803381,-0.1938887877803381,999.2139807678846,-0.0037250487565643,999.7091481930856,-1000.0,-1000.0,-579.391272864351,-7.271034419445641,-0.3231479796339727,-0.0257400869080584,749.108195382978,-313.0550110988181,1000.0,-0.0127024162599127, Amensalism,Healthy
SRR13077923.bin.31.fbc2XSRR13077923.bin.22.fbc2 ,0.0,0.0,0.0,0.0,-1000.0,1000.0,0.0,0.0,0.0,0.0,0.0,0.0,0.0,-1000.0,0.0,-0.0694303066023849,-0.0694303066023849,1000.0,-0.0013339155927951,1000.0,-1000.0,450.99715749044594,-636.94790087398,-2.603709862945607,-0.1157171776706036,-0.0092173567458075,-9.93294910474765,-381.4596997222552,1000.0,-0.0045486521712518, Amensalism,Healthy
SRR13077923.bin.33.fbc2XSRR13077923.bin.19.fbc2 ,-0.0451537397655101,-0.0451537397655101,505.15205471984336,-0.0008675070080244,-1000.0,999.9322650528168,0.0,-22.010847585229957,-1.6933129540900609,-0.075256232942479,-0.0059944734251757,1000.0,218.362033474383,-999.9322650528168,-0.002958198897204,-0.0642308019586153,-0.0642308019586153,494.84794528015664,-0.0012340211711716,1000.0,-536.0815802597641,1000.0,-203.86462732004415,-2.408722944610531,-0.1070513365975784,-0.0085270862927018,0.0,-980.6100329412149,536.081580259764,-0.0042080121936578, Amensalism,Healthy
SRR13077923.bin.14.fbc2XSRR13077923.bin.33.fbc2 ,-0.1297839626734003,-0.1297839626734003,519.0956635483601,-0.0024934478899467,-0.4118693217244527,1000.0,-270.4246318393399,-991.9423853291652,-4.867035739886092,-0.2163066044556671,-0.0172297249197299,153.12705034448982,-249.9457047723813,-1000.0,-0.0085026573048025,-0.0385595427653697,-0.0385595427653697,442.07493637795073,-0.0007408173441945,-0.0578430182348483,0.0,1000.0,-8.057614670834823,-1.446023598656211,-0.0642659046089875,-0.0051190478484386,846.8729496555102,110.91179775335831,0.0,-0.0025261871437578, Amensalism,Healthy
SRR13077923.bin.27.fbc2XSRR13077923.bin.17.fbc2 ,-0.0960241158340977,-0.0960241158340977,692.4855557566975,-0.0018448437240294,1000.0,-1000.0,-110.16635637732723,396.1677785779327,-3.6010058101849154,-0.1600401930569432,-0.0127478701327845,997.6263697871118,-401.8200199352782,1000.0,-0.006290917098795,-0.108984891392879,-0.108984891392879,307.5144442433025,-0.002093849978678,-1000.0,1000.0,1000.0,603.8322214220673,-4.087048588982952,-0.1816414856548363,-0.0144685033529867,2.373630212888088,-498.2514780425199,-1000.0,-0.0071400284274432, Amensalism,Healthy
SRR13077923.bin.5.fbc2XSRR13077923.bin.28.fbc2 ,-0.0803639436713865,-0.0803639436713865,0.0,-0.0015439758630009,-1000.0,1000.0,-115.6683761758942,0.0,-3.0137328063476616,-0.1339399061189397,-0.0106688732136035,0.4291944104083995,-0.1640937547241492,-1000.0,-0.0052649576929297,-0.083859329093002,-0.083859329093002,1000.0,-0.0016111302419403,999.8742029507092,-1000.0,79.526052967223,-1000.0,-3.144813453150164,-0.1397655484882989,-0.0111329099718204,6.818061514354326,-0.4889677757818162,1000.0,-0.0054939541249723, Amensalism,Healthy
SRR13077923.bin.24.fbc2XSRR13077923.bin.16.fbc2 ,0.0,0.0,0.0,0.0,-1000.0,1000.0,0.0,0.0,0.0,0.0,0.0,0.0,0.0,-1000.0,0.0,-0.194004311356025,-0.194004311356025,1000.0,-0.0037272682296816,999.7089748966248,-1000.0,180.02584413244995,-1000.0,-7.275366675602982,-0.3233405189266705,-0.025755423467217,446.9565935511637,-208.0386192697636,1000.0,-0.0127099846632745, Amensalism,Healthy
SRR13077923.bin.21.fbc2XSRR13077923.bin.19.fbc2 ,-0.0419058455908043,-0.0419058455908043,472.4604127647135,-0.0008051075041066,-1000.0,999.8830742371728,-1000.0,-948.595078543948,-1.5715134905678951,-0.069843075984636,-0.0055632928535942,934.6345439426632,-0.0698511270596782,-999.8830742371728,-0.002745416589164,-0.0646213772184864,-0.0646213772184864,527.5395872352865,-0.0012415250185995,1000.0,-721.8333054207865,1000.0,-51.404921456051966,-2.4233699295704128,-0.1077022953642199,-0.0085789378786103,-9.94658942382523,-837.8182271345389,721.8333054207865,-0.004233600313455, Amensalism,Healthy
SRR13077923.bin.31.fbc2XSRR13077923.bin.1.fbc2 ,-0.0376294371409358,-0.0376294371409358,991.3552957488872,-0.0007229478796944,-1000.0,999.8950062794244,786.5079943992869,-11.773844223207902,-1.411143654917396,-0.0627157285681505,-0.0049955698490293,0.0765312625501337,-0.0627229580469475,-999.895006279424,-0.0024652522699852,-0.1165987365368437,-0.1165987365368437,8.644704251112898,-0.0022401294243081,999.8250906945476,-1000.0,129.0814321293883,615.4775918238222,-4.372575827250216,-0.1943312275614062,-0.0154792943221764,356.46799052140886,-310.8726137694425,1000.0,-0.0076388413369841, Neutralism,Healthy
SRR13077923.bin.23.fbc2XSRR13077923.bin.33.fbc2 ,-0.0851990548808316,-0.0851990548808316,640.4659035148561,-0.0016368694501807,-1000.0,999.7622774497532,-406.4255790155258,-282.16078498158765,-3.1950545858518358,-0.1419984248013861,-0.0113107679005679,308.05072274590066,-500.0,-999.7622774497532,-0.0055817248249923,-0.0315056086732283,-0.0315056086732283,359.5340964851439,-0.0006052950753883,0.0,-0.0472614394851689,-593.5744209844742,-717.8392150184123,-1.1814936164740857,-0.0525093477887139,-0.0041825889708206,691.9492772540993,-0.0525154007393666,0.0472614394851689,-0.0020640562070184, Amensalism,Healthy
SRR13077923.bin.11.fbc2XSRR13077923.bin.16.fbc2 ,-0.0432386320586601,-0.0432386320586601,5.84309677873091,-0.0008307133921334,-70.03458755322924,1000.0,0.0,1000.0,-1.6214943914351352,-0.0720643867643957,-0.0057402295393558,22.762466958529103,-443.5378719764631,-1000.0,-0.0028327326670023,-0.1931455341084529,-0.1931455341084529,994.1569032212692,-0.0037107691471192,999.7102631449916,-1000.0,447.2474553835816,-558.6397973589584,-7.243161621370973,-0.3219092235141261,-0.0256414148067278,253.98902247627848,-317.3692368075381,1000.0,-0.0126537227916969, Amensalism,Healthy
SRR13077923.bin.11.fbc2XSRR13077923.bin.29.fbc2 ,-0.1670561365588128,-0.1670561365588128,972.4173351907624,-0.0032095319223799,1000.0,-1000.0,-171.88820691832518,142.42157078665468,-6.264781645212111,-0.2784268942647259,-0.0221778655835578,-13.411478472050248,-500.0,1000.0,-0.0109445038552848,-0.0772831617481415,-0.0772831617481415,27.582664809237716,-0.001484786969172,-1000.0,999.8840678334428,-323.5038451864375,857.5784292133453,-2.898200228838391,-0.128805269580198,-0.0102598779573099,959.82001649925,-500.0,-999.8840678334428,-0.0050631235650371, Amensalism,Healthy
SRR13077923.bin.31.fbc2XSRR13077923.bin.23.fbc2 ,-0.0378064133710722,-0.0378064133710722,996.0177710967146,-0.000726347999489,-1000.0,999.8945124800408,791.1831920788163,-11.829218173067376,-1.4177804505561653,-0.0630106889518629,-0.005019064676162,-0.8992551407126257,-0.0630179524317782,-999.8945124800408,-0.0024768466780642,-0.064662707119055,-0.064662707119055,3.9822289032853178,-0.0012423190609069,0.0,-0.1804219972123064,-1000.0,991.0733070706174,-2.424919844513056,-0.1077711785317205,-0.0085844247107615,984.4920996940812,-500.0045748399417,0.1804219972123064,-0.0042363079976439, Amensalism,Healthy
SRR13077923.bin.31.fbc2XSRR13077923.bin.19.fbc2 ,-0.0081265206376883,-0.0081265206376883,214.24682740167964,-0.0001561291188636,-1000.0,999.9773253680652,168.9846913865863,-1.4789646947376696,-0.3047531110154295,-0.0135442010628139,-0.0010788522114353,-0.2501219710280793,-0.013545762354056,-999.9773253680652,-0.0005324002953557,-0.0699363209527064,-0.0699363209527064,785.7531725983204,-0.0013436372901196,999.8950888003848,-1000.0,831.0153086134137,-220.16879801807957,-2.6226859357761896,-0.1165605349211773,-0.009284533674986,255.43400559871475,-775.3174753177979,1000.0,-0.0045818031594535, Amensalism,Healthy
SRR13077923.bin.27.fbc2XSRR13077923.bin.26.fbc2 ,-0.066618978774386,-0.066618978774386,124.97204485195562,-0.001279903530758,-1000.0,1000.0,-348.0291231003506,822.4979680366762,-2.4982820987329437,-0.1110316312906434,-0.0088441333973605,25.994016865294498,-332.31505800244054,-1000.0,-0.0043644710398211,-0.1246700314786721,-0.1246700314786721,875.0279551480444,-0.0023951975308591,999.8129829767944,-1000.0,60.31635841814955,-906.6385207794362,-4.675257916312944,-0.2077833857977111,-0.0165508149378865,974.0059831347052,-233.48505648161392,1000.0,-0.0081676235801069, Competition,Healthy
SRR13077923.bin.17.fbc2XSRR13077923.bin.14.fbc2 ,-0.1333905395661077,-0.1333905395661077,654.7254020291562,-0.0025627385123243,-1000.0,1000.0,803.8060461227471,579.2168065877406,-5.002286184347213,-0.2223175659435128,-0.0177085231200635,2.9051716323328947,-500.0500246557604,-1000.0,-0.0087389383270419,-0.1352796261785442,-0.1352796261785442,345.27459797084384,-0.002599032203193,796.3271834864952,0.0,-1000.0,-1000.0,-5.0731289284666445,-0.225466043630945,-0.01795931252434,997.0948283676672,-199.13252898023097,0.0,-0.0088626998129939, Amensalism,Healthy
SRR13077923.bin.23.fbc2XSRR13077923.bin.16.fbc2 ,-0.0644967942506582,-0.0644967942506582,2.6891012112020007,-0.0012391314937758,-1000.0,999.8200409331598,-1000.0,991.737666362761,-2.4186979366318155,-0.1074946570844304,-0.0085623986219616,-7.847128554135679,-499.0423805946433,-999.82004093316,-0.0042254383937461,-0.1936090861828461,-0.1936090861828461,997.310898788798,-0.0037196750467956,999.7095677723504,-1000.0,1000.0,-1000.0,-7.260545313982334,-0.3226818103046298,-0.025702954572921,472.7845325611497,-207.57405947637005,1000.0,-0.0126840919093638, Amensalism,Healthy
SRR13077923.bin.23.fbc2XSRR13077923.bin.11.fbc2 ,-0.064662707119055,-0.064662707119055,3.9822289032853178,-0.0012423190609069,-1000.0,999.8195780027876,-1000.0,991.0733070706192,-2.424919844513056,-0.1077711785317205,-0.0085844247107615,-7.224209570951643,-500.0045748399417,-999.8195780027876,-0.0042363079976439,-0.170075547338115,-0.170075547338115,996.0177710967146,-0.0032675417355676,1000.0,-1000.0,0.0,-33.05806872940457,-6.378012739973656,-0.2834592455634492,-0.0225787133930452,-13.653880598055936,-250.57594776983967,1000.0,-0.0111423173184448, Amensalism,Healthy
SRR13077923.bin.31.fbc2XSRR13077923.bin.18.fbc2 ,-0.0376189274545595,-0.0376189274545595,991.0784158898724,-0.0007227459645946,-0.1049643964307733,0.0,786.2883272188737,-11.770555855916314,-1.4107495305728437,-0.0626982124242658,-0.0049941746150352,0.076509887806651,-0.0627054398838709,0.0,-0.0024645637390676,-0.0880452870449062,-0.0880452870449062,8.92158411012781,-0.001691552104603,-0.2456641121523262,1000.0,213.71167278112625,-988.2294441440836,-3.3017912995491088,-0.1467421450747679,-0.0116886250428933,806.3963100928527,-749.9791473914304,-1000.0,-0.005768192676669, Neutralism,Healthy
SRR13077923.bin.24.fbc2XSRR13077923.bin.29.fbc2 ,0.0,0.0,0.0,0.0,499.7743594349588,0.2256405650412034,250.0,-499.9999999999994,0.0,0.0,0.0,0.0,-125.0,-0.2256405650412034,0.0,-0.1504174104815092,-0.1504174104815092,1000.0,-0.0028898637940528,-1000.0,999.7743594349588,-1000.0,-500.00000000000057,-5.640811835564364,-0.2506956841358487,-0.0199689588170031,1000.0,-446.2862866465307,-999.7743594349588,-0.009854435537818, Amensalism,Healthy
SRR13077923.bin.27.fbc2XSRR13077923.bin.24.fbc2 ,-0.1041834253987872,-0.1041834253987872,1000.0,-0.0020016027934843,1000.0,-1000.0,-497.2312904419781,719.9809416722826,-3.906988540608836,-0.1736390423313878,-0.0138310753027326,875.1369119245746,-1000.0,1000.0,-0.0068254655255941,0.0,0.0,0.0,0.0,-1000.0,1000.0,0.0,0.0,0.0,0.0,0.0,0.0,0.0,-1000.0,0.0, Amensalism,Healthy
SRR13077923.bin.26.fbc2XSRR13077923.bin.29.fbc2 ,-0.1761953721988902,-0.1761953721988902,500.040621411458,-0.0033851176215193,1000.0,-268.3078738671052,970.949219705627,-782.4688338683088,-6.607512638929052,-0.2936589536649308,-0.0233911627645966,750.0095769777299,-444.7100467482156,268.3078738671052,-0.0115432510892787,-0.1128100027773371,-0.1128100027773371,499.959378588542,-0.0021673391503327,-1000.0,999.8307741591382,-491.7398959665632,1000.0,-4.230494307803951,-0.1880166712955997,-0.0149763135291323,249.99042302227008,-500.0,-999.8307741591382,-0.0073906265027972, Amensalism,Healthy
SRR13077923.bin.1.fbc2XSRR13077923.bin.28.fbc2 ,-0.1162892066217864,-0.1162892066217864,1.2266332970524445,-0.0022341826439742,-1000.0,999.825555019154,131.20380564759537,613.4644715021332,-4.360968128362856,-0.1938153443696819,-0.0154382020702996,356.0905450259254,-309.8577343900197,-999.825555019154,-0.0076185628161056,-0.0837564644476742,-0.0837564644476742,998.7733667029474,-0.0016091539758917,999.8743572575586,-1000.0,79.63617185394332,-1000.0,-3.1409559202555783,-0.1395941074127904,-0.0111192539737885,6.809698253079432,-0.5922020872633311,1000.0,-0.0054872150579967, Neutralism,Healthy
SRR13077923.bin.14.fbc2XSRR13077923.bin.19.fbc2 ,-0.1383000042372941,-0.1383000042372941,316.1149516893463,-0.0026570606000859,-285.8711032149614,1000.0,-1000.0,-1000.0,-5.18639629723225,-0.2305000070622327,-0.018360288746976,848.1931755991652,-178.58409001917437,-1000.0,-0.0090605766464477,-0.071239093762756,-0.071239093762756,683.8850483106537,-0.0013686665467957,999.8931345160232,-1000.0,1000.0,0.0,-2.671541292765369,-0.1187318229380025,-0.0094574858386522,49.42520141824957,-821.4159099808256,1000.0,-0.0046671529247532, Neutralism,Healthy
SRR13077923.bin.23.fbc2XSRR13077923.bin.32.fbc2 ,-0.0752276153560842,-0.0752276153560842,331.4026123094427,-0.00144529520378,-1000.0,999.7900997775567,-1000.0,336.0753255942741,-2.821115067089522,-0.125379358926807,-0.0099869898580209,965.6825856175705,-500.0053222995879,-999.7900997775567,-0.0049284566448477,-0.0873583856371169,-0.0873583856371169,668.5973876905573,-0.0016783551515118,1000.0,-1000.0,775.1900842106304,-679.2449231225235,-3.276031770927375,-0.1455973093952707,-0.0115974340970979,22.837714217908683,-334.73368154167656,1000.0,-0.0057231910667496, Amensalism,Healthy
SRR13077923.bin.18.fbc2XSRR13077923.bin.22.fbc2 ,-0.0876554205968886,-0.0876554205968886,0.0260355965884855,-0.0016840618750393,-1000.0,1000.0,856.1232706297421,-366.2840689600188,-3.287170895786744,-0.1460923676614811,-0.0116368675567173,1000.0,-487.6000631105745,-1000.0,-0.0057426509939659,-0.0694284989428979,-0.0694284989428979,999.9739644034116,-0.0013338808635126,1000.0,-1000.0,143.87672937025786,-633.7159310399812,-2.6036420738058723,-0.1157141649048298,-0.0092171167665355,-9.93269049449168,-381.44976819139833,1000.0,-0.0045485337443551, Neutralism,Healthy
SRR13077923.bin.31.fbc2XSRR13077923.bin.29.fbc2 ,0.0,0.0,0.0,0.0,-1000.0,1000.0,0.0,0.0,0.0,0.0,0.0,0.0,0.0,-1000.0,0.0,-0.1504174104815092,-0.1504174104815092,1000.0,-0.0028898637940528,0.0,-0.2256405650412034,-617.0545326256512,520.9561940863732,-5.640811835564364,-0.2506956841358487,-0.0199689588170031,674.3104430979029,-859.5597106113519,0.2256405650412034,-0.009854435537818, Amensalism,Healthy
SRR13077923.bin.11.fbc2XSRR13077923.bin.24.fbc2 ,-0.1705850288121837,-0.1705850288121837,1000.0,-0.0032773300443977,-0.4759666423515227,1000.0,982.4327858526188,-760.2377235927705,-6.39711883361133,-0.2843083813537532,-0.0226463506069194,-13.694782416829298,-875.513549424636,-1000.0,-0.0111756954514703,0.0,0.0,0.0,0.0,0.0,0.0,0.0,0.0,0.0,0.0,0.0,0.0,0.0,0.0,0.0, Amensalism,Healthy
SRR13077923.bin.15.fbc2XSRR13077923.bin.22.fbc2 ,-0.2543701496522317,-0.2543701496522317,0.0,-0.0048870345754039,-1000.0,1000.0,0.0,998.710360445884,-9.539149398860332,-0.4239502494203861,-0.0337694089163278,1000.0,-562.366622480946,-1000.0,-0.0166647879023003,-0.0694303066023849,-0.0694303066023849,1000.0,-0.0013339155927951,1000.0,-1000.0,0.0,-521.3850750482902,-2.603709862945493,-0.1157171776706036,-0.0092173567459212,-9.932949104746626,-437.633377519054,1000.0,-0.0045486521712518, Neutralism,Healthy
SRR13077923.bin.11.fbc2XSRR13077923.bin.14.fbc2 ,-0.1682871999350936,-0.1682871999350936,992.1404608156464,-0.0032331834761407,-1000.0,999.74755303418,261.8622407673879,0.0,-6.310947822657454,-0.2804786665584515,-0.0223412978203896,-9.711026053912748,-251.66672442385072,-999.74755303418,-0.0110251556537832,-0.0542702777573822,-0.0542702777573822,7.85953918435348,-0.0010426566332171,686.0860195004038,0.2524469658200132,-818.6267737913511,-1000.0,-2.035192762015072,-0.0904504629288567,-0.0072047573353302,343.97201816509096,-173.1417522897459,-0.2524469658200132,-0.0035554591191839, Amensalism,Healthy
SRR13077923.bin.26.fbc2XSRR13077923.bin.21.fbc2 ,-0.1764940988409762,-0.1764940988409762,652.8644240889914,-0.0033908568461811,-1000.0,999.7352418974542,1000.0,965.8303218942568,-6.618715203662873,-0.2941568314016649,-0.0234308208067659,315.31000838826344,-500.0,-999.7352418974544,-0.0115628218452457,-0.0307594034760541,-0.0307594034760541,347.1355759110086,-0.0005909587603127,999.9141750592348,-1000.0,-648.5665441118394,-696.0946811482695,-1.1535101330835005,-0.0512656724600901,-0.0040835250340478,684.6899916117366,-0.0512715820476614,1000.0,-0.0020151693727257, Amensalism,Healthy
SRR13077923.bin.1.fbc2XSRR13077923.bin.16.fbc2 ,-0.1162892066217864,-0.1162892066217864,1.2266332970522171,-0.0022341826439742,-1000.0,999.825555019154,131.2038056475967,613.4644715021336,-4.360968128362856,-0.1938153443696819,-0.0154382020702996,356.0905450259254,-309.8577343900197,-999.825555019154,-0.0076185628161056,-0.1934876774092799,-0.1934876774092799,998.773366702948,-0.0037173425054106,999.7097498971734,-1000.0,-1000.0,-175.22370455831003,-7.25599235668642,-0.3224794623488378,-0.0256868367127935,31.849038210621075,-417.3442867796973,1000.0,-0.012676137943572, Neutralism,Healthy
SRR13077923.bin.14.fbc2XSRR13077923.bin.15.fbc2 ,-0.1383000042372941,-0.1383000042372941,477.6256457554464,-0.0026570606000859,-53.43881048383412,1000.0,-650.0246898052562,-1000.0,-5.18639629723225,-0.2305000070622327,-0.018360288746976,621.250037935353,-236.6921632019562,-1000.0,-0.0090605766464477,-0.2633165182443235,-0.2633165182443235,522.3743542445536,-0.0050589148557946,1000.0,-947.2867805596912,-349.97531019474377,998.2441265372744,-9.874647674477956,-0.4388608637405014,-0.0349571016536174,378.749962064647,-763.3078367980438,947.2867805596912,-0.0172508996582791, Neutralism,Healthy
SRR13077923.bin.26.fbc2XSRR13077923.bin.15.fbc2 ,-0.1790374282605853,-0.1790374282605853,759.9013066161738,-0.0034397200433886,-1000.0,999.7314266590088,1000.0,250.0106278010153,-6.71409274437633,-0.298395713767718,-0.0237684655000975,393.6541604699671,-564.8194797098663,-999.7314266590088,-0.0117294453481235,-0.2603991076188094,-0.2603991076188094,240.09869338382623,-0.0050028646996906,1000.0,-0.9575432412520968,0.0,660.9025727547614,-9.765241693262396,-0.43399851269794,-0.0345697950748444,606.3458395300329,-435.1805202901337,0.9575432412520968,-0.017059768625927, Neutralism,Healthy
SRR13077923.bin.29.fbc2XSRR13077923.bin.19.fbc2 ,-0.1502668127859578,-0.1502668127859578,997.9976028702172,-0.0028869704665339,-1000.0,999.7745853459688,-1000.0,-492.809313280911,-5.635164262849685,-0.2504446879765964,-0.0199489659241862,1000.0,-375.7351706380301,-999.7745853459688,-0.00984456929109,-0.0280302963473104,-0.0280302963473104,2.0023971297827075,-0.0005385263467587,1000.0,-429.807853494023,1000.0,-293.0236647408299,-1.0511657319726735,-0.0467171605788507,-0.0037212170559541,-2.5741397815789924,-624.2648293619699,429.807853494023,-0.0018363748423553, Amensalism,Healthy
SRR13077923.bin.11.fbc2XSRR13077923.bin.15.fbc2 ,-0.1705809715058421,-0.1705809715058421,1000.0,-0.0032772520942216,-1000.0,999.7441121564808,222.9973069267803,-11.869471505655495,-6.396966680333662,-0.2843016191764036,-0.0226458119713015,-13.69445669112588,-499.9101614259693,-999.7441121564808,-0.0111754296414119,-0.2066610276319807,-0.2066610276319807,0.0,-0.0039704328074776,1000.0,-0.7966934347666665,-1000.0,-988.1305284943444,-7.750006910001957,-0.3444350460532632,-0.027435690700031,1000.0,-500.0898385740307,0.7966934347666665,-0.0135391758736886, Amensalism,Healthy
SRR13077923.bin.29.fbc2XSRR13077923.bin.16.fbc2 ,-0.0772831617481415,-0.0772831617481415,27.582664809237716,-0.001484786969172,-1000.0,999.8840678334428,-567.5457554591237,611.2112404709094,-2.898200228838391,-0.128805269580198,-0.0102598779573099,273.5466852799964,-662.1306529856604,-999.8840678334428,-0.0050631235650371,-0.1899504053774308,-0.1899504053774308,972.4173351907624,-0.0036493833886197,999.7150561450168,-1000.0,1000.0,-1000.0,-7.123340917741302,-0.3165840089624225,-0.0252172392152942,448.0649863545116,-203.27353381606716,1000.0,-0.0124443973551251, Amensalism,Healthy
SRR13077923.bin.1.fbc2XSRR13077923.bin.22.fbc2 ,-0.1162892066217864,-0.1162892066217864,1.2266332970522171,-0.0022341826439742,-1000.0,999.825555019154,131.2038056475949,613.4644715021332,-4.360968128362856,-0.1938153443696819,-0.0154382020702996,356.0905450259256,-309.8577343900197,-999.825555019154,-0.0076185628161056,-0.0693451410764964,-0.0693451410764964,998.773366702948,-0.0013322793674888,1000.0,-1000.0,448.8381863455732,-632.9550733410431,-2.6005160657317674,-0.1155752351273804,-0.0092060504291566,-9.920765018637551,-380.991788553092,1000.0,-0.0045430726430595, Neutralism,Healthy
SRR13077923.bin.32.fbc2XSRR13077923.bin.19.fbc2 ,-0.0873583856371169,-0.0873583856371169,889.3608625921242,-0.0016783551515118,-1000.0,999.8689540297684,307.25592802041547,-62.7300551965368,-3.276031770927375,-0.1455973093952707,-0.0115974340970979,438.02298061907686,-334.70092004911874,-999.8689540297684,-0.0057231910667496,-0.0343081631139057,-0.0343081631139057,110.63913740787577,-0.0006591385804313,1000.0,-0.2084282444681093,692.7440719795845,-514.7205498752929,-1.2865923693919967,-0.0571802718563958,-0.0045546475911351,-0.3990820449361081,-665.2990799508813,0.2084282444681093,-0.0022476625593981, Amensalism,Healthy
SRR13077923.bin.29.fbc2XSRR13077923.bin.1.fbc2 ,-0.1503252936937542,-0.1503252936937542,998.7751845027306,-0.0028880940191129,-1000.0,999.7744976189892,-509.4708794031396,377.565032049878,-5.637357358687609,-0.2505421561562571,-0.0199567296718896,665.678333738623,-688.8725242010887,-999.7744976189892,-0.0098484006050512,-0.116116872726252,-0.116116872726252,1.2248154972695602,-0.0022308717142323,0.0,-0.1741864634478815,131.00936917668764,622.434967950122,-4.35450542517799,-0.19352812121042,-0.0154153235454259,334.321666261377,-311.1274757989113,0.1741864634478815,-0.007607272545556, Neutralism,Healthy
SRR13077923.bin.32.fbc2XSRR13077923.bin.24.fbc2 ,-0.0873583856371169,-0.0873583856371169,668.5973876905573,-0.0016783551515118,-1000.0,999.8689540297684,750.4612329750801,-600.0888269463962,-3.276031770927375,-0.1455973093952707,-0.0115974340970979,-3.503969184056473,-334.70092004911874,-999.8689540297684,-0.0057231910667496,-0.0150853872750076,-0.0150853872750076,331.4026123094427,-0.000289824923584,1000.0,-856.5881226669726,-1000.0,-142.74676825965935,-0.5657179631830331,-0.0251423121250127,-0.002002690222298,163.44847818471771,-201.16211483293773,856.5881226669726,-0.0009883029895263, Amensalism,Healthy
SRR13077923.bin.27.fbc2XSRR13077923.bin.5.fbc2 ,-0.1036954470558839,-0.1036954470558839,981.2646458480422,-0.0019922276090937,-1000.0,1000.0,-501.203798846534,1000.0,-3.8886888371148416,-0.1728257450931778,-0.0137662927792234,582.9627405835556,-297.83142645657483,-1000.0,-0.0067934961472246,-0.0922998974575648,-0.0922998974575648,18.73535415195795,-0.0017732929386511,0.0,0.0,121.07834936644372,-49.71666148096676,-3.4613436857702027,-0.1538331624292368,-0.0122534542061885,0.4929399710903226,-0.1884655735213982,0.0,-0.0060469289207958, Neutralism,Healthy
SRR13077923.bin.32.fbc2XSRR13077923.bin.5.fbc2 ,-0.0873583856371169,-0.0873583856371169,873.3991743667505,-0.0016783551515118,-1000.0,999.8689540297684,345.6409046703502,-1000.0,-3.276031770927375,-0.1455973093952707,-0.0115974340970979,399.6380039691428,-334.70092004911874,-999.8689540297684,-0.0057231910667496,-0.0922998974575648,-0.0922998974575648,126.60082563324954,-0.0017732929386511,1000.0,-1000.0,145.93668010692727,0.0,-3.4613436857702027,-0.1538331624292368,-0.0122534542061885,0.4929399710903226,-0.1884655735213982,1000.0,-0.0060469289207958, Neutralism,Healthy
SRR13077923.bin.24.fbc2XSRR13077923.bin.1.fbc2 ,0.0,0.0,991.3552957488872,0.0,0.1749093054523882,750.8518298982501,-500.0,-390.5339043859253,0.0,0.0,0.0,360.4928348177773,-232.81828915314784,-750.8518298982501,0.0,-0.1165987365368437,-0.1165987365368437,8.644704251112898,-0.0022401294243081,999.8250906945476,-1000.0,129.08143212938785,615.4775918238192,-4.372575827250216,-0.1943312275614062,-0.0154792943221764,356.4679905214093,-310.8726137694423,1000.0,-0.0076388413369841, Amensalism,Healthy
SRR13077923.bin.22.fbc2XSRR13077923.bin.16.fbc2 ,0.0,0.0,0.0,0.0,1000.0,-1000.0,0.0,0.0,0.0,0.0,0.0,0.0,0.0,1000.0,0.0,-0.194004311356025,-0.194004311356025,1000.0,-0.0037272682296816,-1000.0,999.7089748966248,-1000.0,-999.9999999999998,-7.275366675602982,-0.3233405189266705,-0.025755423467217,539.3751100631248,-208.0386192697632,-999.7089748966248,-0.0127099846632745, Amensalism,Healthy
SRR13077923.bin.29.fbc2XSRR13077923.bin.21.fbc2 ,-0.1285223983273908,-0.1285223983273908,708.8766242678744,-0.0024692103424968,-1000.0,999.8072040564572,-3.7396744263046457,815.5134206559715,-4.819725743844742,-0.2142039972122802,-0.0170622434667393,424.0915087123981,-999.9569587305964,-999.8072040564572,-0.0084200072678868,-0.0258217850674782,-0.0258217850674782,291.1233757321256,-0.0004960957745652,999.927952010656,-1000.0,-996.2603255736954,-584.5721913125593,-0.9683442252982104,-0.0430363084458349,-0.0034280218023923,575.9084912876019,-0.0430412694036022,1000.0,-0.0016916865913572, Competition,Healthy
SRR13077923.bin.29.fbc2XSRR13077923.bin.22.fbc2 ,-0.1504174104815092,-0.1504174104815092,1000.0,-0.0028898637940528,-1000.0,999.7743594349588,-171.52226558334462,186.56245440002292,-5.640811835564364,-0.2506956841358487,-0.0199689588170031,674.3104430979029,-896.4402831979181,-999.7743594349588,-0.009854435537818,0.0,0.0,0.0,0.0,1000.0,-1000.0,-828.4777344166554,207.11943360416376,0.0,0.0,0.0,0.0,-103.55971680208188,1000.0,0.0, Amensalism,Healthy
SRR13077923.bin.18.fbc2XSRR13077923.bin.28.fbc2 ,-0.0876554205968886,-0.0876554205968886,0.0260355965885992,-0.0016840618750393,-1000.0,999.8685084487952,875.5094422986372,-12.577711480276548,-3.287170895786744,-0.1460923676614811,-0.0116368675567173,988.6197683636378,-936.0353512482012,-999.8685084487952,-0.0057426509939659,-0.0838571457653643,-0.0838571457653643,999.9739644034114,-0.0016110882952489,999.8742062259108,-1000.0,85.68971423693574,-987.4222885197236,-3.144731576055733,-0.1397619096088647,-0.011132620119838,2.934275112053342,-1.6300164891857776,1000.0,-0.0054938110866942, Neutralism,Healthy
SRR13077923.bin.15.fbc2XSRR13077923.bin.29.fbc2 ,-0.2633167514604793,-0.2633167514604793,14.770779732502092,-0.0050589193364203,-0.8901884482509104,1000.0,-1000.0,-810.3189421516902,-9.874656420331462,-0.4388612524340942,-0.034957132614636,1000.0,-538.1454831243832,-1000.0,-0.0172509149372217,-0.1205184946664985,-0.1205184946664985,985.229220267498,-0.0023154369772555,-0.1807893191846687,0.0,606.7971323746679,1000.0,-4.519570899027713,-0.2008641577774597,-0.0159996695128938,0.0,-461.8545168756168,0.0,-0.0078956400924425, Amensalism,Healthy
SRR13077923.bin.27.fbc2XSRR13077923.bin.18.fbc2 ,-0.1039510551006515,-0.1039510551006515,991.078415889872,-0.0019971384265318,1000.0,-1000.0,-492.1674977990058,1000.0,-3.898274408888256,-0.1732517585011237,-0.0138002265273371,589.3297130452167,-325.4991155663439,1000.0,-0.0068102420344757,-0.0880452870449062,-0.0880452870449062,8.921584110127924,-0.001691552104603,-1000.0,1000.0,1000.0,0.0,-3.3017912995491088,-0.1467421450747679,-0.0116886250428933,410.6702869547833,-674.5008844336561,-1000.0,-0.005768192676669, Neutralism,Healthy
SRR13077923.bin.21.fbc2XSRR13077923.bin.28.fbc2 ,-0.0441767478439487,-0.0441767478439487,498.0633185340994,-0.000848736750072,-1000.0,999.8767379617798,-1000.0,-1000.0,-1.6566747246677096,-0.07362791307321,-0.0058647709433898,985.2829358732142,-0.073636400440705,-999.8767379617796,-0.0028941923179672,-0.0420920733548655,-0.0420920733548655,501.9366814659006,-0.0008086853670192,999.936857846541,-1000.0,131.17825792843178,0.0,-1.5784972285035792,-0.0701534555914804,-0.0055880158863601,3.422235170545377,-45.87603826871066,1000.0,-0.0027576171016789, Amensalism,Healthy
SRR13077923.bin.5.fbc2XSRR13077923.bin.26.fbc2 ,-0.0922998974575648,-0.0922998974575648,18.73535415195795,-0.0017732929386511,-1000.0,1000.0,121.07834936644348,-49.71666148096688,-3.4613436857702027,-0.1538331624292368,-0.0122534542061885,0.4929399710902089,-0.1884655735213982,-1000.0,-0.0060469289207958,-0.1887178660243762,-0.1887178660243762,981.2646458480422,-0.0036257034778373,1000.0,-1000.0,878.9216506335565,-193.2280443224148,-7.07711938960324,-0.3145297767072179,-0.0250536110322627,999.5070600289098,-298.4140777109533,1000.0,-0.0123636488596048, Neutralism,Healthy
SRR13077923.bin.23.fbc2XSRR13077923.bin.21.fbc2 ,-0.0854346008602533,-0.0854346008602533,647.7931493926321,-0.001641394829221,-1000.0,999.761620228954,374.8083269076185,-296.76280956396886,-3.203887808974628,-0.1423910014336797,-0.011342038269845,311.6620444020605,-500.0,-999.7616202289544,-0.0055971563675711,-0.0309540364891063,-0.0309540364891063,351.38553748996947,-0.0005946981074202,999.9136319938652,-1000.0,-647.8790763233976,-703.2371904360311,-1.160809076737337,-0.0515900608152151,-0.004109363921998,688.3379555979395,-0.0515960077962063,1000.0,-0.0020279205461974, Amensalism,Healthy
SRR13077923.bin.31.fbc2XSRR13077923.bin.26.fbc2 ,-0.0187198226795999,-0.0187198226795999,493.1775960255902,-0.0003596507719976,-1000.0,999.9477679183906,391.2705400335112,-5.857230212902778,-0.7020131312792728,-0.0311997044660756,-0.0024851868341784,0.0380726307179202,-0.0312033009737433,-999.9477679183908,-0.0012264091323004,-0.1764940988409762,-0.1764940988409762,506.8224039744098,-0.0033908568461811,999.7352418974542,-1000.0,-92.69087469446733,824.5998480918718,-6.618715203662873,-0.2941568314016649,-0.0234308208067659,999.961927369282,-207.9127307437111,1000.0,-0.0115628218452457, Amensalism,Healthy
SRR13077923.bin.5.fbc2XSRR13077923.bin.1.fbc2 ,-0.0922998974575648,-0.0922998974575648,991.3552957488872,-0.0017732929386511,-1000.0,1000.0,755.2822135078495,-49.71666148096688,-3.4613436857702027,-0.1538331624292368,-0.0122534542061885,634.6968041124965,-0.1884655735213982,-1000.0,-0.0060469289207958,-0.1165987365368437,-0.1165987365368437,8.644704251112785,-0.0022401294243081,999.8250906945476,-1000.0,129.08143212938808,615.4775918238206,-4.372575827250216,-0.1943312275614062,-0.0154792943221764,356.4679905214091,-310.8726137694423,1000.0,-0.0076388413369841, Neutralism,Healthy
SRR13077923.bin.19.fbc2XSRR13077923.bin.22.fbc2 ,-0.0628403042908303,-0.0628403042908303,482.1401460414773,-0.0012073065186086,-581.5183605052184,1000.0,1000.0,-227.01345601268588,-2.356577812762908,-0.1047338404846414,-0.0083424880432403,-5.770888939496899,-802.4573356107715,-1000.0,-0.0041169152282236,-0.03595516843734,-0.03595516843734,517.8598539585228,-0.0006907813340149,1000.0,-1000.0,0.0,-329.84974692578726,-1.348356809375332,-0.0599252807289758,-0.0047732990183249,-5.143875572761544,-197.54266438922852,1000.0,-0.002355564349159, Competition,Healthy
SRR13077923.bin.14.fbc2XSRR13077923.bin.22.fbc2 ,-0.114304702880986,-0.114304702880986,165.7389285595466,-0.0021960557710372,-132.42532252084948,1000.0,0.0,-733.5701276392329,-4.286547141102687,-0.190507838134863,-0.0151747453776351,290.3334016484364,-216.9365363784377,-1000.0,-0.0074885501791186,-0.0570916636495439,-0.0570916636495439,834.2610714404534,-0.0010968619336608,1000.0,-1000.0,-1000.0,-266.42987236076715,-2.1409977142646994,-0.095152772749202,-0.0075793159619479,-8.179716247202464,-444.1331500141807,1000.0,-0.0037402991939643, Competition,Healthy
SRR13077923.bin.26.fbc2XSRR13077923.bin.1.fbc2 ,-0.1266892066505534,-0.1266892066505534,992.8110152597336,-0.0024339905215811,-1000.0,999.8099540200716,-849.9066344980558,137.41757814287507,-4.750979118874966,-0.2111486777509981,-0.0168188745044517,745.657803590308,-278.40263857267973,-999.8099540200716,-0.0082999076787473,-0.0969641659620492,-0.0969641659620492,7.1889847402665055,-0.0018629042451721,999.8545444365355,-1000.0,107.34484591655564,539.9003596301136,-3.636258683310416,-0.1616069432700442,-0.0128726683342392,254.34219640969195,-272.5562803943408,1000.0,-0.0063525034761369, Competition,Healthy
SRR13077923.bin.23.fbc2XSRR13077923.bin.5.fbc2 ,-0.0858847884109081,-0.0858847884109081,661.6824036103544,-0.0016500439655828,-1000.0,999.760364114872,-1000.0,-324.6428446491764,-3.2207703178277143,-0.1431413140181803,-0.0114018038025278,318.60143967518525,-500.0060762869034,-999.760364114872,-0.0056266499227604,-0.0921410672767706,-0.0921410672767706,338.3175963896456,-0.0017702414462519,1000.0,-1000.0,642.2439402425766,1000.0,-3.455387386159373,-0.1535684454613601,-0.0122323683934837,0.4920917172257759,-0.1881412609063772,1000.0,-0.0060365233316588, Neutralism,Healthy
SRR13077923.bin.15.fbc2XSRR13077923.bin.33.fbc2 ,-0.2629370043742938,-0.2629370043742938,616.978245843346,-0.0050516235230588,-999.9485813063468,1000.0,-858.100726588537,188.6186091573361,-9.860415503331524,-0.4382283406239367,-0.0349067185442208,239.9891530413936,-500.1114623645831,-1000.0,-0.0172260362136285,-0.0342769339735014,-0.0342769339735014,383.021754156654,-0.0006585385970083,-0.0514186936532041,0.0,-141.899273411463,-14.379618315429298,-1.285421243628548,-0.057128223289169,-0.0045505017052391,760.0108469586064,-0.0571348086750731,0.0,-0.0022456166157098, Amensalism,Healthy
SRR13077923.bin.21.fbc2XSRR13077923.bin.22.fbc2 ,-0.0330593266730829,-0.0330593266730829,372.7218221105945,-0.0006351455652975,-1000.0,999.9077578095536,-698.4170992416317,-748.342245334569,-1.2397596832468023,-0.0550988777885095,-0.0043888558560638,737.328844521197,-0.0551052292440772,-999.9077578095536,-0.0021658463775793,-0.0435521162157783,-0.0435521162157783,627.2781778894055,-0.0008367361424461,1000.0,-1000.0,-301.5829007583683,-251.65775466543096,-1.633250378581124,-0.0725868603597064,-0.0057818467445258,-6.230722215493984,-312.2157302285349,1000.0,-0.0028532702458505, Competition,Healthy
SRR13077923.bin.31.fbc2XSRR13077923.bin.17.fbc2 ,-0.0114951230333417,-0.0114951230333417,303.0024617558829,-0.0002208477047815,-1000.0,999.9679262878362,239.08604759771103,-2.4692059831294277,-0.4310792603739628,-0.019158538388865,-0.0015260576399214,0.0233789380271218,-0.019160746865964,-999.967926287836,-0.0007530906732426,-0.1696692049770263,-0.1696692049770263,696.9975382441171,-0.0032597349659226,0.0,0.0,760.9139524022889,1000.0,-6.362774472061688,-0.2827820082950438,-0.0225247686146303,3.6953007520857,-476.7706176335727,0.0,-0.0111156962339009, Amensalism,Healthy
SRR13077923.bin.24.fbc2XSRR13077923.bin.33.fbc2 ,-0.0202853108302178,-0.0202853108302178,533.682868761643,-0.0003897273934398,-1000.0,999.9695700851178,-632.3505274948807,88.97078500774978,-0.7607205911390338,-0.0338088513836964,-0.0026930162888447,87.72009134299014,-266.30648871463154,-999.9695700851178,-0.0013289704116914,-0.0413776179731257,-0.0413776179731257,466.317131238357,-0.0007949590388989,0.0,-0.062070401754795,-367.6494725051193,-1000.0,-1.5517043967373638,-0.0689626966218384,-0.0054931669585585,912.27990865701,-0.0689706462121648,0.062070401754795,-0.0027108103225828, Amensalism,Healthy
SRR13077923.bin.5.fbc2XSRR13077923.bin.33.fbc2 ,-0.0922998974575648,-0.0922998974575648,18.751313788405923,-0.0017732929386511,1000.0,-1000.0,645.9446599251514,1000.0,-3.4613436857702027,-0.1538331624292368,-0.0122534542061885,0.4929399710902089,-0.1884655735213982,1000.0,-0.0060469289207958,-0.0455092292664858,-0.0455092292664858,981.248686211594,-0.0008743367774286,-1000.0,999.9317317844165,-1000.0,-471.4186466999274,-1.7066441860177974,-0.0758487154441809,-0.0060416671321945,999.5070600289098,-0.0758574588120382,-999.9317317844165,-0.0029814884111374, Neutralism,Healthy
SRR13077923.bin.23.fbc2XSRR13077923.bin.14.fbc2 ,-0.0806485632502926,-0.0806485632502926,499.411015425218,-0.0015494440585825,-1000.0,999.7749742393692,0.0,0.0,-3.0244063413076674,-0.1344142720837453,-0.0107066584449739,238.2119038463477,-500.0064560169109,-999.7749742393692,-0.0052836042398212,-0.1383000042372941,-0.1383000042372941,500.588984574782,-0.0026570606000859,1000.0,-161.20413288741065,-1000.0,-1000.0,-5.18639629723225,-0.2305000070622327,-0.018360288746976,598.7793947115965,-216.27341798032603,161.20413288741065,-0.0090605766464477, Neutralism,Healthy
SRR13077923.bin.31.fbc2XSRR13077923.bin.14.fbc2 ,-0.0313866823619264,-0.0313866823619264,828.9699064952179,-0.0006030102279055,-1000.0,999.912424824603,653.4403535805859,-4.645152105759394,-1.1770337541342997,-0.0523111372698394,-0.0041668006747386,-0.9660344452917116,-0.0523171673721662,-999.9124248246028,-0.0020562648770692,-0.1378942624124874,-0.1378942624124874,171.03009350478214,-0.0026492653681771,999.5276720151855,0.0875751753970917,-714.493978454761,-995.3548478942406,-5.17118055006506,-0.229823770687517,-0.0183064236939571,559.1956961871592,-249.9555254576321,-0.0875751753970917,-0.0090339949053941, Amensalism,Healthy
SRR13077923.bin.27.fbc2XSRR13077923.bin.15.fbc2 ,-0.0971108484957312,-0.0971108484957312,728.4576667039396,-0.0018657223533864,1000.0,-1000.0,-99.24766040632268,1000.0,-3.641759433319862,-0.1618514141596279,-0.0128921414622027,418.9436714598901,-328.6421493022168,1000.0,-0.0063621132251228,-0.2629376626019848,-0.2629376626019848,271.5423332960604,-0.0050516361691279,-1.0046079782272272,1000.0,-900.7523395936772,-810.1328373632024,-9.860440187564109,-0.4382294376699747,-0.0349068059284718,581.0563285401099,-671.3578506977832,-1000.0,-0.0172260793366376, Neutralism,Healthy
SRR13077923.bin.14.fbc2XSRR13077923.bin.21.fbc2 ,-0.1383000042372941,-0.1383000042372941,856.3756078200929,-0.0026570606000859,-216.0943862742404,1000.0,-857.6024650553412,-1000.0,-5.18639629723225,-0.2305000070622327,-0.018360288746976,1000.0,-196.02826925435463,-1000.0,-0.0090605766464477,0.0,0.0,0.0,0.0,1000.0,-1000.0,0.0,0.0,0.0,0.0,0.0,0.0,0.0,1000.0,0.0, Amensalism,Healthy
SRR13077923.bin.32.fbc2XSRR13077923.bin.14.fbc2 ,-0.0872161952750048,-0.0872161952750048,668.5942451196452,-0.0016756233482055,-667.1977335873571,1000.0,942.4864161179352,-19.52734586305257,-3.2706994820966884,-0.1453603254583413,-0.011578557336179,14.4309720401734,-417.931968844259,-1000.0,-0.0057138756174026,-0.136594341911632,-0.136594341911632,331.40575488035483,-0.0026242909108304,666.5732570395066,0.0,-1000.0,-980.4726541369474,-5.122432157687626,-0.2276572365194624,-0.0181338501942036,863.4024688029604,-167.7001785366,0.0,-0.0089488320061263, Neutralism,Healthy
SRR13077923.bin.33.fbc2XSRR13077923.bin.16.fbc2 ,0.0,0.0,0.0,0.0,-1000.0,1000.0,416.3536323280532,-99.26830684970082,0.0,0.0,0.0,962.3293200014086,0.0,-1000.0,0.0,-0.194004311356025,-0.194004311356025,1000.0,-0.0037272682296816,999.7089748966248,-1000.0,0.0,-181.4281728948532,-7.275366675602982,-0.3233405189266705,-0.025755423467217,37.67067999859137,-412.6815760460497,1000.0,-0.0127099846632745, Amensalism,Healthy
SRR13077923.bin.26.fbc2XSRR13077923.bin.33.fbc2 ,-0.1764940988409762,-0.1764940988409762,650.9800002021511,-0.0033908568461811,-999.9535427498656,1000.0,961.9058664442392,1000.0,-6.618715203662873,-0.2941568314016649,-0.0234308208067659,317.19443227510374,-500.0778038381701,-1000.0,-0.0115628218452457,-0.0309695167712789,-0.0309695167712789,349.01999979784887,-0.0005949955191226,-0.0464572501344946,0.0,0.0,-1000.0,-1.1613896036745928,-0.0516158612854269,-0.0041114190372582,682.8055677248963,71.90189013762915,0.0,-0.0020289347202151, Amensalism,Healthy
SRR13077923.bin.11.fbc2XSRR13077923.bin.17.fbc2 ,-0.1705850288121837,-0.1705850288121837,1000.0,-0.0032773300443977,54.951008728312445,0.0,328.3224560610263,0.0,-6.39711883361133,-0.2843083813537532,-0.0226463506069194,-13.709399308827528,-514.3702932673019,0.0,-0.0111756954514703,-0.1002494427349347,-0.1002494427349347,0.0,-0.0019260219545458,-1000.0,1000.0,671.6775439389737,1000.0,-3.7594600337661177,-0.1670824045581866,-0.0133088117059969,2.183377008129355,-485.6297067326981,-1000.0,-0.0065677348650297, Amensalism,Healthy
SRR13077923.bin.15.fbc2XSRR13077923.bin.1.fbc2 ,-0.263314981869712,-0.263314981869712,988.2662468779004,-0.0050588853384851,-1000.0,999.6050022327688,0.0,-1000.0,-9.874590058806234,-0.4388583031161488,-0.034956897689085,643.5320094785902,-319.23444531330586,-999.6050022327688,-0.0172507990043868,-0.1165987365368437,-0.1165987365368437,11.733753122099529,-0.0022401294243081,999.8250906945476,-1000.0,132.17048100037437,615.4775918238197,-4.372575827250216,-0.1943312275614062,-0.0154792943221764,356.4679905214098,-310.8726137694422,1000.0,-0.0076388413369841, Neutralism,Healthy
SRR13077923.bin.27.fbc2XSRR13077923.bin.19.fbc2 ,-0.0855389548826224,-0.0855389548826224,297.87960261449507,-0.0016433997095646,-1000.0,1000.0,-759.0639201652674,215.68206030649665,-3.2078011950803784,-0.1425649248043328,-0.0113558919930483,919.5890683130176,-189.7937413747113,-1000.0,-0.0056039930095721,-0.0729637651435268,-0.0729637651435268,702.1203973855049,-0.0014018014436487,999.8905473432774,-1000.0,1000.0,-90.63469015617908,-2.7362182919636098,-0.1216062752392872,-0.0096864479758096,80.4109316869824,-810.2062586252887,1000.0,-0.0047801429229821, Amensalism,Healthy
SRR13077923.bin.18.fbc2XSRR13077923.bin.16.fbc2 ,-0.0876531384951704,-0.0876531384951704,0.0,-0.0016840180306871,-1000.0,999.8685118721672,-1000.0,114.2759037156161,-3.2870853145594765,-0.1460885641586173,-0.0116365645917539,749.5208751993559,-626.4009151182745,-999.8685118721672,-0.0057425014845193,-0.194004311356025,-0.194004311356025,1000.0,-0.0037272682296816,999.7089748966248,-1000.0,1000.0,-337.7581375521497,-7.275366675602982,-0.3233405189266705,-0.025755423467217,250.4791248006441,-373.5990848817255,1000.0,-0.0127099846632745, Neutralism,Healthy
SRR13077923.bin.32.fbc2XSRR13077923.bin.15.fbc2 ,-0.0873583856371169,-0.0873583856371169,668.5973876905573,-0.0016783551515118,-1000.0,1000.0,754.826810951502,-612.3239520832971,-3.276031770927375,-0.1455973093952707,-0.0115974340970979,0.0,-334.73368154167656,-1000.0,-0.0057231910667496,-0.2633167514604793,-0.2633167514604793,331.4026123094427,-0.0050589193364203,1000.0,-0.978454373884574,-1000.0,-387.6760479167029,-9.874656420331462,-0.4388612524340942,-0.034957132614636,1000.0,-665.2663184583234,0.978454373884574,-0.0172509149372217, Neutralism,Healthy
SRR13077923.bin.17.fbc2XSRR13077923.bin.28.fbc2 ,-0.1657040197910646,-0.1657040197910646,512.6313191777554,-0.0031835546549245,-1000.0,1000.0,993.5181637739056,1000.0,-6.214075837671203,-0.2761733663184031,-0.0219983626658404,25.60768592035106,-495.6909221580926,-1000.0,-0.0108559213734906,-0.0383962732254303,-0.0383962732254303,487.36868082224464,-0.0007376805615422,999.942401901759,-1000.0,6.481836226094515,-460.2135150357237,-1.4399008183848991,-0.0639937887090127,-0.0050973726798702,3.121753484132228,-0.0104033077730036,1000.0,-0.0025154907146998, Amensalism,Healthy
SRR13077923.bin.15.fbc2XSRR13077923.bin.16.fbc2 ,-0.2596581989658943,-0.2596581989658943,0.0,-0.0049886301434298,-1000.0,1000.0,729.9771880258545,651.3267554085417,-9.737456835878106,-0.4327636649430815,-0.0344714342911629,824.9296834224558,-654.8527061624021,-1000.0,-0.0170112287891015,-0.1921770872679644,-0.1921770872679644,1000.0,-0.0036921630598953,999.7117159082828,-1000.0,270.0228119741455,-462.06855631606845,-7.206843841517752,-0.3202951454466074,-0.0255128467439362,175.0703165775442,-345.1472938375979,1000.0,-0.0125902760343024, Neutralism,Healthy
SRR13077923.bin.23.fbc2XSRR13077923.bin.18.fbc2 ,-0.0858848639522875,-0.0858848639522875,661.6958321238806,-0.001650045416909,-1000.0,999.7603639040964,-909.8445639094394,-324.6392406702197,-3.220773150707373,-0.1431414399204413,-0.0114018138310711,318.59431211890933,-500.0,-999.7603639040964,-0.0056266548717758,-0.0880452870449062,-0.0880452870449062,338.30416787611944,-0.001691552104603,0.0,-0.1320763883278459,-90.15543609056056,-518.963689245696,-3.3017912995491088,-0.1467421450747679,-0.0116886250428933,681.4056878810907,-500.0,0.1320763883278459,-0.005768192676669, Neutralism,Healthy
SRR13077923.bin.1.fbc2XSRR13077923.bin.19.fbc2 ,-0.10883523594714,-0.10883523594714,8.069113395289264,-0.0020909747540827,-1000.0,999.8367366912056,120.48213260507556,449.3190716671754,-4.081436351629918,-0.1813920599119001,-0.0144486355503659,520.4981384706928,-227.58702594771216,-999.8367366912056,-0.0071302239111901,-0.0696743248811344,-0.0696743248811344,754.0878729393685,-0.0013386037441023,999.8954818196594,-1000.0,879.5178673949245,-217.26251623368532,-2.612860806249273,-0.1161238748019286,-0.0092497518718346,206.60758962253817,-772.4129740522878,1000.0,-0.0045646387674196, Neutralism,Healthy
SRR13077923.bin.14.fbc2XSRR13077923.bin.29.fbc2 ,-0.1334634329657547,-0.1334634329657547,145.16559920333975,-0.0025641389619295,-0.5523592469340883,1000.0,-635.0858169967325,-946.8865720604008,-5.00501976386056,-0.2224390549430381,-0.0177182002265681,454.2746487776201,-249.91196218080236,-1000.0,-0.0087437138599852,-0.1394996937199266,-0.1394996937199266,854.8344007966602,-0.0026801093894164,-0.2092629411267808,0.0,-364.91418300326745,-53.11342793959909,-5.231385920512821,-0.2324994895332111,-0.0185195558809709,545.7253512223799,-750.0880378191977,0.0,-0.0091391730179566, Neutralism,Healthy
SRR13077923.bin.26.fbc2XSRR13077923.bin.22.fbc2 ,-0.1761953721988902,-0.1761953721988902,500.040621411458,-0.0033851176215193,-13.6309229445352,1000.0,525.4478844263199,-739.2452789221614,-6.607512638929052,-0.2936589536649308,-0.0233911627645966,810.7535042765826,-454.57178939816777,-1000.0,-0.0115432510892787,-0.0347123329440819,-0.0347123329440819,499.959378588542,-0.0006669036108633,1000.0,-1000.0,0.0,-260.7547210778385,-1.3017491651031603,-0.0578538882401744,-0.0046083039509312,-4.966071061961088,-218.7572299983542,1000.0,-0.0022741413129097, Amensalism,Healthy
SRR13077923.bin.22.fbc2XSRR13077923.bin.28.fbc2 ,0.0,0.0,0.0,0.0,-1000.0,1000.0,-1000.0,250.0,0.0,0.0,0.0,0.0,-125.0,-1000.0,0.0,-0.083859329093002,-0.083859329093002,1000.0,-0.0016111302419403,999.8742029507092,-1000.0,86.86797494440816,-989.8521291994608,-3.144813453150164,-0.1397655484882989,-0.0111329099718204,2.9343515096455803,-2.218073762020026,1000.0,-0.0054939541249723, Amensalism,Healthy
SRR13077923.bin.26.fbc2XSRR13077923.bin.14.fbc2 ,-0.12856694364541,-0.12856694364541,901.0760876899212,-0.0024700661602992,-1000.0,999.807137234201,260.24787772407694,327.40373977633544,-4.821396240340732,-0.2142782394089408,-0.0170681571679551,592.0281078331366,-281.3308093485375,-999.8071372342012,-0.0084229256067374,-0.1238503023727162,-0.1238503023727162,98.92391231007878,-0.0023794486527322,999.295704963704,0.1928627657988499,236.06778690121587,-1000.0,-4.644517208652701,-0.2064171706211937,-0.01644199019006,407.9718921668634,-249.91858877007635,-0.1928627657988499,-0.0081139199056678, Competition,Healthy
SRR13077923.bin.17.fbc2XSRR13077923.bin.26.fbc2 ,-0.1088936832810532,-0.1088936832810532,301.7412386395968,-0.0020920976614888,-1000.0,1000.0,189.1879082696132,1000.0,-4.083628188409307,-0.1814894721350128,-0.0144563948409768,2.3716437510281594,-500.04083774635245,-1000.0,-0.0071340530257657,-0.181433939146018,-0.181433939146018,698.2587613604032,-0.0034857625196309,0.0,-0.2721683375316388,608.4930635218766,0.0,-6.803964434913496,-0.3023898985766209,-0.024086619010518,997.6283562489718,-226.42431089156764,0.2721683375316388,-0.0118864501919233, Amensalism,Healthy
SRR13077923.bin.17.fbc2XSRR13077923.bin.33.fbc2 ,-0.1658126671629816,-0.1658126671629816,510.82863354591177,-0.0031856420204121,-1000.0,1000.0,1000.0,1000.0,-6.218150228923605,-0.276354445271636,-0.0220127863610741,3.611307507191441,-488.9438513206056,-1000.0,-0.0108630392896884,-0.0437763506843111,-0.0437763506843111,489.1713664540882,-0.0008410442014792,0.0,-0.0656687312474559,0.0,-50.6760187509276,-1.6416594080911864,-0.0729605844737761,-0.0058116154318668,996.3886924928086,-0.0729689949157545,0.0656687312474559,-0.0028679607269168, Neutralism,Healthy
SRR13077923.bin.33.fbc2XSRR13077923.bin.1.fbc2 ,-0.0455316736483837,-0.0455316736483837,991.5650712444916,-0.0008747679855787,-1000.0,999.9316981156876,-1000.0,-495.8402952969013,-1.7074858740552372,-0.0758861227474199,-0.0060446467801966,1000.0,-0.0758948704271915,-999.9316981156876,-0.0029829588307848,-0.1137693097532519,-0.1137693097532519,8.434928755508281,-0.0021857696398228,999.8293351065216,-1000.0,125.9490957750445,762.3179174497027,-4.266469333079158,-0.1896155162554578,-0.0151036682112817,0.0,-331.6396193681535,1000.0,-0.0074534744718448, Neutralism,Healthy
SRR13077923.bin.32.fbc2XSRR13077923.bin.16.fbc2 ,0.0,0.0,0.0,0.0,-1000.0,1000.0,0.0,0.0,0.0,0.0,0.0,0.0,0.0,-1000.0,0.0,-0.194004311356025,-0.194004311356025,1000.0,-0.0037272682296816,999.7089748966248,-1000.0,-1000.0,-181.4281728948532,-7.275366675602982,-0.3233405189266705,-0.025755423467217,37.67067999859182,-412.6815760460495,1000.0,-0.0127099846632745, Amensalism,Healthy
SRR13077923.bin.17.fbc2XSRR13077923.bin.5.fbc2 ,-0.1744406082025307,-0.1744406082025307,982.073743638103,-0.0033514045763922,-1000.0,1000.0,1000.0,1000.0,-6.541707134847115,-0.2907343470042178,-0.0231582056230763,18.61611402871938,-572.0334529667659,-1000.0,-0.0114282896055328,-0.0883138696275409,-0.0883138696275409,17.926256361897003,-0.0016967121925972,1000.0,-1000.0,0.0,-106.52616993359538,-3.311863430201811,-0.1471897827125303,-0.0117242812511904,0.4716520553132568,-0.1803265718349394,1000.0,-0.0057857885769863, Neutralism,Healthy
SRR13077923.bin.27.fbc2XSRR13077923.bin.1.fbc2 ,-0.0258206976245674,-0.0258206976245674,991.3552957488868,-0.000496074882335,-1000.0,1000.0,-626.7920664828579,318.7901063666084,-0.9683034450406468,-0.0430344960409456,-0.0034278774368203,324.3808504473236,-689.1273862305575,-1000.0,-0.0016916153487045,-0.1165987365368437,-0.1165987365368437,8.644704251113012,-0.0022401294243081,999.8250906945476,-1000.0,129.08143212938762,615.477591823822,-4.372575827250216,-0.1943312275614062,-0.0154792943221764,356.46799052140864,-310.8726137694425,1000.0,-0.0076388413369841, Amensalism,Healthy
SRR13077923.bin.5.fbc2XSRR13077923.bin.15.fbc2 ,-0.0913199052778281,-0.0913199052778281,12.046016600292091,-0.0017544650389709,1000.0,-1000.0,118.77133550106872,-51.89082995687989,-3.424592943496009,-0.1521998421296757,-0.012123353419156,-7.42773827823919,-0.1864645443405379,1000.0,-0.0059827257828146,-0.2633167514604793,-0.2633167514604793,987.9539833997078,-0.0050589193364203,-1000.0,999.6049995782128,0.0,998.244124982119,-9.874656420331462,-0.4388612524340942,-0.034957132614636,1000.0,-999.8135354556596,-999.6049995782126,-0.0172509149372217, Neutralism,Healthy
SRR13077923.bin.27.fbc2XSRR13077923.bin.29.fbc2 ,-0.0768516559357976,-0.0768516559357976,0.0,-0.001476496751934,1000.0,-1000.0,-391.47181160621983,829.9738244429209,-2.8820183049127763,-0.1280860932263294,-0.0102025925555153,281.81807881358645,-357.5871523426508,1000.0,-0.0050348539239166,-0.1504174104815092,-0.1504174104815092,1000.0,-0.0028898637940528,-1000.0,999.7743594349588,-608.5281883937802,170.0261755570791,-5.640811835564364,-0.2506956841358487,-0.0199689588170031,718.1819211864135,-516.9389077303192,-999.7743594349588,-0.009854435537818, Amensalism,Healthy
SRR13077923.bin.17.fbc2XSRR13077923.bin.24.fbc2 ,-0.1589573722388877,-0.1589573722388877,590.9930282556593,-0.0030539360660668,0.0,0.0,1000.0,1000.0,-5.961069425440996,-0.2649289537314416,-0.0211026982165094,3.462003003216409,-500.0596128320096,0.0,-0.0104139219853323,-0.0186179237512078,-0.0186179237512078,409.0069717443407,-0.0003576930595272,-824.2271266701122,1000.0,0.0,-174.95201604671115,-0.6981918137894354,-0.0310298729186797,-0.0024716590417028,201.72311446999265,-247.9627115141875,-1000.0,-0.0012197333331869, Amensalism,Healthy
SRR13077923.bin.15.fbc2XSRR13077923.bin.19.fbc2 ,-0.2629370043742938,-0.2629370043742938,318.79279851725323,-0.0050516235230588,0.0,-0.3944307646791003,-1000.0,-571.0608779941874,-9.860415503331524,-0.4382283406239367,-0.0349067185442208,602.6999708273847,-303.7839738645994,0.3944307646791003,-0.0172260362136285,-0.0576503099299543,-0.0576503099299543,681.2072014827468,-0.0011075948112875,1000.0,-780.6179333806426,583.2248488785106,-428.9391220058126,-2.1619475400877946,-0.0960838498832572,-0.0076534801463594,397.30002917261527,-696.2160261354006,780.6179333806426,-0.0037768983066825, Amensalism,Healthy
SRR13077923.bin.5.fbc2XSRR13077923.bin.14.fbc2 ,-0.0922998974575648,-0.0922998974575648,144.11733215099662,-0.0017732929386511,1000.0,-1000.0,145.94465992515097,0.0,-3.4613436857702027,-0.1538331624292368,-0.0122534542061885,0.4929399710903226,-0.1884655735213982,1000.0,-0.0060469289207958,-0.1383000042372941,-0.1383000042372941,855.8826678490034,-0.0026570606000859,-431.6958325773932,1000.0,-1000.0,-1000.0,-5.18639629723225,-0.2305000070622327,-0.018360288746976,999.5070600289096,-142.12790767856643,-1000.0,-0.0090605766464477, Neutralism,Healthy
SRR13077923.bin.17.fbc2XSRR13077923.bin.16.fbc2 ,-0.1099009270063788,-0.1099009270063788,0.0,-0.002111449126005,-1000.0,1000.0,1000.0,1000.0,-4.121400892442011,-0.1831682116772981,-0.0145901134603718,-1.5181952650414132,-330.4362984455638,-1000.0,-0.0072000415195816,-0.194004311356025,-0.194004311356025,1000.0,-0.0037272682296816,999.7089748966248,-1000.0,-1000.0,-181.42817289485333,-7.275366675602982,-0.3233405189266705,-0.025755423467217,563.4430625362797,-412.68157604604994,1000.0,-0.0127099846632745, Amensalism,Healthy
SRR13077923.bin.32.fbc2XSRR13077923.bin.18.fbc2 ,-0.0873583856371169,-0.0873583856371169,690.1505763298369,-0.0016783551515118,-1000.0,999.8689540297684,705.6765005449902,-21.2865280362098,-3.276031770927375,-0.1455973093952707,-0.0115974340970979,39.60240809450238,-334.70092004911874,-999.8689540297684,-0.0057231910667496,-0.0880452870449062,-0.0880452870449062,309.8494236701631,-0.001691552104603,0.0,0.1310459702315256,294.3234994550098,-308.139104712067,-3.3017912995491088,-0.1467421450747679,-0.0116886250428933,960.3975919054976,-665.2990799508813,-0.1310459702315256,-0.005768192676669, Neutralism,Healthy
SRR13077923.bin.11.fbc2XSRR13077923.bin.33.fbc2 ,-0.1705850288121837,-0.1705850288121837,1000.0,-0.0032773300443977,-725.0599243627578,1000.0,-670.2372858392199,-336.907229835933,-6.39711883361133,-0.2843083813537532,-0.0226463506069194,2.830312432084952,-286.7413308141131,-1000.0,-0.0111756954514703,0.0,0.0,0.0,0.0,0.0,0.0,-329.7627141607801,-663.092770164067,0.0,0.0,0.0,996.422826167356,0.0,0.0,0.0, Amensalism,Healthy
SRR13077923.bin.11.fbc2XSRR13077923.bin.18.fbc2 ,-0.1705850288121837,-0.1705850288121837,1000.0,-0.0032773300443977,-0.2558939298685345,0.0,-949.3761547638268,-344.793028550924,-6.39711883361133,-0.2843083813537532,-0.0226463506069194,146.99961526876336,-253.00259351513068,0.0,-0.0111756954514703,-0.0876531384951704,-0.0876531384951704,0.0,-0.0016840180306871,-346.75883893203286,1000.0,1000.0,-655.206971449076,-3.2870853145594765,-0.1460885641586173,-0.0116365645917539,367.7254486110505,-628.0239365640919,-1000.0,-0.0057425014845193, Neutralism,Healthy
SRR13077923.bin.18.fbc2XSRR13077923.bin.15.fbc2 ,-0.0880452870449062,-0.0880452870449062,8.923275662232527,-0.001691552104603,-1000.0,999.8679236116724,1000.0,559.4729905256929,-3.3017912995491088,-0.1467421450747679,-0.0116886250428933,213.3118768347715,-500.0075443223866,-999.8679236116722,-0.005768192676669,-0.2630823211612778,-0.2630823211612778,991.0767243377676,-0.0050544153921237,1000.0,-0.8476404712262138,-1000.0,-1000.0,-9.865865036395576,-0.4384705352688343,-0.0349260103597544,332.9810698006768,-499.9924556776134,0.8476404712262138,-0.0172355564872077, Neutralism,Healthy
SRR13077923.bin.26.fbc2XSRR13077923.bin.16.fbc2 ,-0.1453609746512256,-0.1453609746512256,152.56793563309316,-0.0027927180528877,-1000.0,999.781944574433,574.7226704871152,-57.915819105759056,-5.45119014891327,-0.2422682910853382,-0.019297681745229,966.6833638508627,-383.5716657556417,-999.7819445744328,-0.0095231685602357,-0.1715809497745795,-0.1715809497745795,847.4320643669068,-0.0032964639725605,999.742612093018,-1000.0,0.0,-160.45838364920814,-6.4344669220647575,-0.2859682496242612,-0.0227785660507606,33.31663614913714,-391.56691624639393,1000.0,-0.0112409421466281, Competition,Healthy
SRR13077923.bin.11.fbc2XSRR13077923.bin.19.fbc2 ,-0.1705129697708116,-0.1705129697708116,999.436769319695,-0.0032759456247504,-1000.0,999.7442141656156,-737.4204993950434,-267.02666539545123,-6.39441654341681,-0.2841882829513906,-0.0226367842673198,271.6900935323397,-230.29142459977996,-999.7442141656156,-0.0111709745805228,-0.0220016938045546,-0.0220016938045546,0.5632306803050824,-0.0004227030509582,1000.0,-976.1005393814396,1000.0,-17.95272576033676,-0.8250867663385861,-0.0366694896742956,-0.0029208780823637,-1.0120060554910424,-492.23794739689134,976.1005393814394,-0.0014414174039529, Amensalism,Healthy
SRR13077923.bin.31.fbc2XSRR13077923.bin.15.fbc2 ,-0.0373969062075048,-0.0373969062075048,985.229220267498,-0.0007184804267126,-1000.0,999.8956550876364,781.6477718725421,-11.701087807090516,-1.402423499205156,-0.0623281770125458,-0.0049646997482568,0.0760583379659465,-0.0623353618167357,-999.8956550876366,-0.0024500182548763,-0.2633167514604793,-0.2633167514604793,14.770779732502092,-0.0050589193364203,0.0,-0.3950004217873584,-1000.0,989.413224799278,-9.874656420331462,-0.4388612524340942,-0.034957132614636,999.923941662034,-999.9376646381832,0.3950004217873584,-0.0172509149372217, Neutralism,Healthy
SRR13077923.bin.23.fbc2XSRR13077923.bin.29.fbc2 ,-0.064662707119055,-0.064662707119055,3.9822289032853178,-0.0012423190609069,-1000.0,999.8195780027876,-932.0581171805928,991.0733070706206,-2.424919844513056,-0.1077711785317205,-0.0085844247107615,-7.224209570951757,-500.0045748399417,-999.8195780027876,-0.0042363079976439,-0.150117912201722,-0.150117912201722,996.0177710967146,-0.0028841097445138,0.0,-0.2251912888513061,-67.94188281940728,8.926692929379556,-5.629580333599506,-0.2501965203362033,-0.0199291983345801,742.104409641524,-499.9954251600583,0.2251912888513061,-0.009834814228725, Amensalism,Healthy
SRR13077923.bin.32.fbc2XSRR13077923.bin.21.fbc2 ,-0.0873583856371169,-0.0873583856371169,668.5973876905573,-0.0016783551515118,0.082016402221825,502.22118198044745,1000.0,-334.61750749919224,-3.276031770927375,-0.1455973093952707,-0.0115974340970979,-3.503969184056928,-460.309481137344,-502.22118198044734,-0.0057231910667496,-0.0293944345909267,-0.0293944345909267,331.4026123094427,-0.0005647345742545,999.9179835977782,-1000.0,-1000.0,-665.3824925008078,-1.102322357562457,-0.0489907243182869,-0.0039023159082489,845.0940406224245,-0.0489963716639749,1000.0,-0.0019257448982443, Amensalism,Healthy
SRR13077923.bin.5.fbc2XSRR13077923.bin.21.fbc2 ,-0.0922998974575648,-0.0922998974575648,28.48777776827501,-0.0017732929386511,-1000.0,1000.0,661.4767594835321,1000.0,-3.4613436857702027,-0.1538331624292368,-0.0122534542061885,16.0250395294712,-0.1884655735213982,-1000.0,-0.0060469289207958,-0.0441945488651072,-0.0441945488651072,498.6515249129493,-0.0008490787486152,999.8766882933396,-1000.0,-932.3752792032288,-1000.0,-1.6573422817713208,-0.0736575814418074,-0.0058671341529361,983.9749604705288,-0.0736660722292299,1000.0,-0.0028953585327826, Neutralism,Healthy
SRR13077923.bin.32.fbc2XSRR13077923.bin.28.fbc2 ,-0.0873583856371169,-0.0873583856371169,668.5973876905573,-0.0016783551515118,-1000.0,999.8689540297684,753.9573558488037,-600.6195508178947,-3.276031770927375,-0.1455973093952707,-0.0115974340970979,-6.204006250530256,-334.70092004911874,-999.8689540297684,-0.0057231910667496,-0.027791200727961,-0.027791200727961,331.4026123094427,-0.0005339327709634,999.9583105292444,-1000.0,203.92264860945488,638.1397816670053,-1.0421993935998444,-0.0463186678798592,-0.0036894754472314,0.9724517557307308,-88.30226283245179,1000.0,-0.001820710748916, Amensalism,Healthy
SRR13077923.bin.23.fbc2XSRR13077923.bin.28.fbc2 ,-0.064662707119055,-0.064662707119055,3.9822289032853178,-0.0012423190609069,-1000.0,999.8195780027876,-932.0581171805924,991.0733070706189,-2.424919844513056,-0.1077711785317205,-0.0085844247107615,-7.224209570951757,-500.0045748399417,-999.8195780027876,-0.0042363079976439,-0.0835253820488333,-0.0835253820488333,996.0177710967146,-0.0016047143525383,999.8747039033552,-1000.0,89.2898163659238,-1000.0,-3.1322900861216567,-0.1392089700814267,-0.0110885761758936,2.922666250251382,-0.1249997847827444,1000.0,-0.0054720759420661, Amensalism,Healthy
SRR13077923.bin.14.fbc2XSRR13077923.bin.16.fbc2 ,-0.1235320616057151,-0.1235320616057151,71.56298610597514,-0.0023733345169603,-0.3446793718923118,1000.0,434.0815155815476,-865.5158076006895,-4.632582843612795,-0.2058867693428965,-0.0163997415119183,337.21970816036605,-249.96015764679717,-1000.0,-0.0080930707026709,-0.181979401369972,-0.181979401369972,928.4370138940247,-0.0034962421012778,999.7270134167348,-1000.0,565.9184844184524,-134.48419239931047,-6.824419844687441,-0.3032990022832109,-0.0241590329196697,139.06024351768497,-436.8690019859266,1000.0,-0.011922185565254, Amensalism,Healthy
SRR13077923.bin.33.fbc2XSRR13077923.bin.28.fbc2 ,-0.0451005852227126,-0.0451005852227126,503.96879951045617,-0.0008664857871281,-1000.0,999.9323447897368,0.0,-21.1181649023315,-1.6913196025720936,-0.0751676420379681,-0.0059874167893667,1000.0,499.92482369310414,-999.9323447897368,-0.0029547165343046,-0.041596843682214,-0.041596843682214,496.03120048954383,-0.0007991708680492,999.9376007386222,-1000.0,178.6360515758074,233.1279020955758,-1.5599255924817044,-0.0693280728037279,-0.0055222706982931,0.0,-66.77837245739272,1000.0,-0.0027251726601207, Amensalism,Healthy
SRR13077923.bin.5.fbc2XSRR13077923.bin.24.fbc2 ,-0.0919162427179571,-0.0919162427179571,7.968068843151286,-0.0017659220502537,1000.0,-1000.0,147.66379985271217,-3.056887775514156,-3.446956227637316,-0.1531937378632619,-0.0122025213676124,-4.2614857380216336,-0.1876821955056584,1000.0,-0.006021794191497,-0.0451257608548303,-0.0451257608548303,992.0319311568488,-0.000866969468916,-0.3823748353291876,1000.0,-437.701075959989,-996.9431122244858,-1.6922637153778624,-0.0752096014247172,-0.0059907590299417,979.0211934525472,-744.7472798161068,-1000.0,-0.0029563658888491, Neutralism,Healthy
SRR13077923.bin.27.fbc2XSRR13077923.bin.28.fbc2 ,-0.0768516559357976,-0.0768516559357976,0.0,-0.001476496751934,-1000.0,1000.0,-391.4718116062203,1000.0,-2.8820183049127763,-0.1280860932263294,-0.0102025925555153,111.79190325650734,-185.5956490948074,-1000.0,-0.0050348539239166,-0.083859329093002,-0.083859329093002,1000.0,-0.0016111302419403,999.8742029507092,-1000.0,82.98426493969964,-989.8521291994604,-3.144813453150164,-0.1397655484882989,-0.0111329099718204,6.818061514354326,-2.218073762020026,1000.0,-0.0054939541249723, Amensalism,Healthy
SRR13077923.bin.17.fbc2XSRR13077923.bin.22.fbc2 ,-0.1659353192297885,-0.1659353192297885,512.5177858658558,-0.0031879984481975,-1000.0,1000.0,1000.0,1000.0,-6.222749811029757,-0.2765588653828672,-0.0220290692772096,3.613978800868608,-490.5159468684118,-1000.0,-0.0108710747084614,-0.0338460395905713,-0.0338460395905713,487.4822141341442,-0.0006502601265765,1000.0,-1000.0,-897.9088113626945,-254.16595080103752,-1.269262248951577,-0.0564100659842097,-0.0044932974749372,-4.842136022464047,-213.33848785199257,1000.0,-0.0022173870318056, Amensalism,Healthy
SRR13077923.bin.26.fbc2XSRR13077923.bin.24.fbc2 ,-0.1891904727589235,-0.1891904727589235,1000.0,-0.0036347833382706,-997.3604476005904,1000.0,1000.0,-263.705763859864,-7.094842641542186,-0.3153174545981301,-0.0251163528677125,1000.0,-306.435809260994,-1000.0,-0.0123946111835948,0.0,0.0,0.0,0.0,333.33333333333326,0.0,-1000.0,-333.33333333333337,0.0,0.0,0.0,0.0,-83.33333333333337,0.0,0.0, Amensalism,Healthy
SRR13077923.bin.32.fbc2XSRR13077923.bin.29.fbc2 ,-0.0873583856371169,-0.0873583856371169,668.5973876905573,-0.0016783551515118,999.8689540297684,-1000.0,749.5789636307995,-22.946901879070992,-3.276031770927375,-0.1455973093952707,-0.0115974340970979,-3.5039691840567,-334.70092004911874,1000.0,-0.0057231910667496,-0.1001330666259718,-0.1001330666259718,331.4026123094427,-0.0019237861023384,-1000.0,999.8497907811308,0.0,814.9364102276154,-3.755095806708141,-0.1668884443765819,-0.0132933619670438,1000.0,-665.2990799508813,-999.8497907811304,-0.0065601106089161, Amensalism,Healthy
SRR13077923.bin.18.fbc2XSRR13077923.bin.21.fbc2 ,-0.0880452870449062,-0.0880452870449062,501.3484750870507,-0.001691552104603,-1000.0,1000.0,1000.0,421.7380452713794,-3.3017912995491088,-0.1467421450747679,-0.0116886250428933,0.0,-947.8039326889088,-1000.0,-0.005768192676669,-0.0441945488651072,-0.0441945488651072,498.6515249129493,-0.0008490787486152,999.8766882933396,-1000.0,-964.4253582621712,-1000.0,-1.6573422817713208,-0.0736575814418074,-0.0058671341529361,1000.0,-0.0736660722292299,1000.0,-0.0028953585327826, Neutralism,Healthy
SRR13077923.bin.21.fbc2XSRR13077923.bin.16.fbc2 ,0.0,0.0,0.0,0.0,-1000.0,1000.0,0.0,0.0,0.0,0.0,0.0,0.0,0.0,-1000.0,0.0,-0.194004311356025,-0.194004311356025,1000.0,-0.0037272682296816,999.7089748966248,-1000.0,0.0,-1000.0,-7.275366675602982,-0.3233405189266705,-0.025755423467217,699.4042574663372,-208.03861926976333,1000.0,-0.0127099846632745, Amensalism,Healthy
SRR13077923.bin.17.fbc2XSRR13077923.bin.29.fbc2 ,-0.1658126671629816,-0.1658126671629816,510.828633545912,-0.0031856420204121,-1000.0,1000.0,1000.0,1000.0,-6.218150228923605,-0.276354445271636,-0.0220127863610741,3.6113075071915546,-488.9438513206058,-1000.0,-0.0108630392896884,-0.1119986503525751,-0.1119986503525751,489.171366454088,-0.0021517512075206,0.0,-0.1680087342849674,-1000.0,0.0,-4.200067734538834,-0.1866644172542919,-0.0148686008441245,393.2159794473191,-511.0561486793942,0.1680087342849674,-0.0073374716176886, Amensalism,Healthy
SRR13077925.bin.21.fbc2XSRR13077925.bin.9.fbc2 ,-0.0887152497849683,-0.0887152497849683,36.41661294891492,-0.0017044236269612,1000.0,-1000.0,-385.6624379582444,994.7663447324398,-3.326915610236483,-0.1478587496416139,-0.0117775672624702,333.3413895756769,-415.9145455749623,1000.0,-0.0058120845679923,-0.235654182385133,-0.235654182385133,963.5833870510852,-0.0045274578748149,-0.6575227071622294,1000.0,276.0347874370425,-44.11070515246615,-8.837280849626495,-0.3927569706419263,-0.0312847339150721,67.78681973602033,-383.025524683041,-1000.0,-0.0154386313531631, Neutralism,Healthy
SRR13077925.bin.9.fbc2XSRR13077925.bin.1.fbc2 ,-0.2341968059172359,-0.2341968059172359,941.132518803204,-0.0044994583269044,-1000.0,1000.0,0.0,955.5086361498664,-8.782627692105962,-0.3903280098621735,-0.0310912570391792,67.36759986512516,-211.25769353061943,-1000.0,-0.0153431528948431,-0.0850674283159378,-0.0850674283159378,58.86748119679601,-0.0016343406016403,0.0,-0.1276093141768797,1000.0,-58.6187091341485,-3.1901184505807123,-0.1417790471932676,-0.0112932935574008,90.74995068677936,-500.9331067912384,0.1276093141768797,-0.0055731014516595, Neutralism,Healthy
SRR13077925.bin.21.fbc2XSRR13077925.bin.1.fbc2 ,-0.0887152497849683,-0.0887152497849683,50.98738965135317,-0.0017044236269612,1000.0,-1000.0,-1000.0,-570.5209792390973,-3.326915610236483,-0.1478587496416139,-0.0117775672624702,5.69500770910804,-345.029134321779,1000.0,-0.0058120845679923,-0.0860872948576343,-0.0860872948576343,81.69654975374578,-0.0016539345793944,-1000.0,999.8708607880408,1000.0,-77.30599847993312,-3.228364523561936,-0.1434788247627239,-0.0114286879436349,128.6347326049886,-506.953305929737,-999.8708607880408,-0.0056399169156975, Neutralism,Healthy
SRR12328886.bin.7.fbc2XSRR12328886.bin.9.fbc2 ,-0.0858975581211325,-0.0858975581211325,-3.714310255659143,-0.0016502893010965,-1000.0,999.7603284848044,-414.0172327471144,-648.7592953771091,-3.2212491954529696,-0.1431625968684784,-0.0114034990704112,621.8008212189743,-630.3653303927009,-999.7603284848044,-0.0056274865166869,-0.0527704910820148,-0.0527704910820148,1000.0,-0.0010138422878753,1000.0,-1000.0,-585.9827672528857,-351.2407046228909,-1.9789491769022332,-0.0879508184700625,-0.0070056502089528,340.93958878283047,-163.07398387534192,1000.0,-0.0034572022015026, Neutralism,COVID
SRR12328886.bin.4.fbc2XSRR12328886.bin.7.fbc2 ,-0.160518125988915,-0.160518125988915,1000.0,-0.003083921728944,-1000.0,999.759207391408,708.6408111704995,-379.1182217771891,-6.019599340281275,-0.2675302099816008,-0.0213098991466722,448.7605951908085,-500.00082514465055,-999.759207391408,-0.0105161730955387,-0.0858975581211325,-0.0858975581211325,0.0,-0.0016502893010965,0.0,-0.2396715151955959,-0.0033005786021931,-18.661320827689224,-3.2212491954529696,-0.1431625968684784,-0.0114034990704112,551.2394048091915,-499.9991748553495,0.2396715151955959,-0.0056274865166869, Neutralism,COVID
SRR12328886.bin.4.fbc2XSRR12328886.bin.9.fbc2 ,-0.1587018753713209,-0.1587018753713209,88.31464949583551,-0.0030490273846908,-1000.0,999.761931941806,-805.9876410584591,876.5669980776493,-5.951488022932608,-0.264503125618944,-0.0210687792280168,687.2147173959313,-484.8450571180399,-999.761931941806,-0.0103971833816558,-0.0481100836584573,-0.0481100836584573,911.6853505041644,-0.0009243051615612,1000.0,-1000.0,663.7780731676526,-921.1816478692978,-1.8041789739741037,-0.0801834727640198,-0.0063869486663179,312.7852826040687,-149.6499891994256,1000.0,-0.0031518806008534, Neutralism,COVID
SRR12328886.bin.13.fbc2XSRR12328886.bin.4.fbc2 ,-0.1587262459978546,-0.1587262459978546,920.1729372279524,-0.0030494956002939,999.7618953835251,-1000.0,0.0,-182.25126803962144,-5.952401947179283,-0.2645437433297957,-0.0210720145984169,997.432644042487,-483.759789454959,1000.0,-0.0103987799972173,-0.1574202214547995,-0.1574202214547995,79.82706277204761,-0.0030244038704267,-1000.0,999.7638545457984,-1000.0,932.8929334405672,-5.903424646768258,-0.2623670357579613,-0.0208986307445684,2.567355957512973,-495.22574504438506,-999.7638545457984,-0.0103132171981314, Neutralism,COVID
SRR12328886.bin.13.fbc2XSRR12328886.bin.9.fbc2 ,-0.1634628448792909,-0.1634628448792909,1000.0,-0.0031404965394585,-1000.0,999.7547900301984,-940.8851306424071,-219.6529254550005,-6.130029410284351,-0.2724380747988562,-0.0217008310877417,1000.0,-498.4194896095366,-999.7547900301984,-0.0107090931995799,0.0,0.0,0.0,0.0,1000.0,-1000.0,0.0,0.0,0.0,0.0,0.0,0.0,0.0,1000.0,0.0, Amensalism,COVID
SRR12328886.bin.13.fbc2XSRR12328886.bin.7.fbc2 ,-0.1631096993928622,-0.1631096993928622,1000.0,-0.0031337118039118,999.7553197823518,-1000.0,0.0,-220.9239668843861,-6.116786081380269,-0.27184949898799,-0.0216539485649036,995.0951174081408,-498.077773621369,1000.0,-0.0106859572513258,-0.0858975581211325,-0.0858975581211325,-3.714310255659143,-0.0016502893010965,-1000.0,999.7603284848044,100.33135209959984,-14.947010572031218,-3.2212491954529696,-0.1431625968684784,-0.0114034990704112,4.904882591859177,-499.9975245660484,-999.7603284848044,-0.0056274865166869, Neutralism,COVID
SRR12328890.bin.17.fbc2XSRR12328890.bin.19.fbc2 ,-0.0898196019240913,-0.0898196019240913,13.352599853649735,-0.0017256407670629,-1000.0,1000.0,208.6937773137338,-932.8062145106844,-3.3683299823942434,-0.1496993365400385,-0.0119241777001661,906.4277495435908,-500.1815762356091,-1000.0,-0.0058844350155595,-0.2820026538510092,-0.2820026538510092,986.6474001463504,-0.0054179184216991,999.2131557076124,-1000.0,-125.16292876758187,463.024580408887,-10.5753975049264,-0.4700044230850153,-0.0374378162941866,93.57225045640917,-499.8184237643909,1000.0,-0.0184751018181259, Amensalism,COVID
SRR12328896.bin.15.fbc2XSRR12328896.bin.11.fbc2 ,-0.0861592726408844,-0.0861592726408844,575.4617996607167,-0.0016553174378941,-1000.0,999.8707528144514,-857.0950468457722,-588.3245927902249,-3.2310637664942305,-0.1435987877348452,-0.0114382434956041,3.015624201955802,-286.261325562195,-999.8707528144514,-0.0056446324631451,-0.1302603932166448,-0.1302603932166448,424.5382003392833,-0.0025026012145872,999.636547225613,-1000.0,-142.90495315422777,-411.67540720977513,-4.884902388690762,-0.2171006553610368,-0.0172929743924896,405.6637180278794,-202.8462747941528,1000.0,-0.0085338701416048, Amensalism,COVID
SRR12328896.bin.6.fbc2XSRR12328896.bin.32.fbc2 ,-0.0435633338859133,-0.0435633338859133,941.6477499820744,-0.0008369516597213,-1000.0,999.9346508144126,-1000.0,-446.0417321002308,-1.6336710530649723,-0.0726055564765602,-0.0057833359683172,932.7515145973656,-805.1512024569846,-999.9346508144127,-0.00285400515952,-0.1887687110892102,-0.1887687110892102,58.3522500179256,-0.0036266803283524,377.78806664529793,0.0653491855872516,0.0,-553.9582678997692,-7.079026133262232,-0.314614518482017,-0.0250603610686539,67.24848540263429,-194.8487975430154,-0.0653491855872516,-0.012366979919534, Amensalism,COVID
SRR12328896.bin.30.fbc2XSRR12328896.bin.15.fbc2 ,-0.0378052588898754,-0.0378052588898754,424.5382003392833,-0.0007263258191869,-1000.0,1000.0,-325.4521609712044,-72.73686219998399,-1.4177371562924463,-0.0630087648165727,-0.0050189114107297,996.984375798044,-410.93440767051857,-1000.0,-0.0024767710434616,-0.0861592726408844,-0.0861592726408844,575.4617996607167,-0.0016553174378941,999.8707528144514,-1000.0,677.7896916097386,-588.3245927902256,-3.2310637664942305,-0.1435987877348452,-0.0114382434956041,3.0156242019561432,-286.261325562195,1000.0,-0.0056446324631451, Amensalism,COVID
SRR12328896.bin.27.fbc2XSRR12328896.bin.32.fbc2 ,-0.1791753004984002,-0.1791753004984002,1000.0,-0.0034423688856577,-0.2687801625919519,0.0,1000.0,381.3124306766074,-6.719263098977422,-0.2986255008305534,-0.023786768999912,132.4551639901183,-586.7208087370481,0.0,-0.0117384779000531,-0.2160583516448468,-0.2160583516448468,0.0,-0.0041509769768026,-458.82992543243,1000.0,-426.9705461866269,-1000.0,-8.102416490416886,-0.3600972527415251,-0.0286832509100349,867.5448360098817,-235.73368447499183,-1000.0,-0.0141548314910551, Neutralism,COVID
SRR12328896.bin.30.fbc2XSRR12328896.bin.11.fbc2 ,-0.002156623960559,-0.002156623960559,24.21803955134942,-4.143369756093307e-05,-1000.0,1000.0,-21.90718438304839,-0.8077503492469305,-0.0808756773761842,-0.0035943732676742,-0.0002863068505121,50.19044311232892,-23.44200293406209,-1000.0,-0.0001412889088214,-0.18066636262688,-0.18066636262688,975.7819604486506,-0.0034710156123765,999.495904402607,-1000.0,970.2378560173412,-999.1922496507532,-6.775179504367884,-0.3011106043782092,-0.0239847178818308,940.2358484487664,0.0,1000.0,-0.0118361632383994, Amensalism,COVID
SRR12328896.bin.17.fbc2XSRR12328896.bin.3.fbc2 ,-0.2084329503435356,-0.2084329503435356,71.57264540166398,-0.0040044755108965,-1000.0,999.6873305521073,0.0,-64.30182539431848,-7.816455884036486,-0.3473882505726351,-0.0276709257805123,1000.0,-282.84747168482704,-999.6873305521073,-0.0136552614922038,-0.0798163534552713,-0.0798163534552713,928.427354598336,-0.0015334553977481,1000.0,-1000.0,1000.0,-25.42980371727515,-2.993197594618323,-0.1330272557587477,-0.0105961767987992,0.0,-717.152528315173,1000.0,-0.0052290829064531, Amensalism,COVID
SRR12328896.bin.30.fbc2XSRR12328896.bin.16.fbc2 ,-0.0450348210265474,-0.0450348210265474,737.0340632334478,-0.000865222305947,1000.0,-1000.0,-135.79366151876957,475.35665610010255,-1.6888533757211237,-0.0750580350442078,-0.0059786861343127,964.8466999696428,-499.67532383043215,1000.0,-0.0029504080633842,-0.1726013137167683,-0.1726013137167683,262.9659367665522,-0.0033160675066028,-1000.0,999.7410814490872,-356.1741547760104,524.6433438998974,-6.472731648091667,-0.2876688561946139,-0.0229140264704028,35.15330003035706,-500.3246761695679,-999.7410814490872,-0.0113077901974065, Neutralism,COVID
SRR12328896.bin.27.fbc2XSRR12328896.bin.16.fbc2 ,-0.1490089074031857,-0.1490089074031857,295.0317259509261,-0.0028628032162032,-1000.0,999.7764723248793,719.784242198878,-879.1781660072776,-5.587991481797758,-0.2483481790053474,-0.019781970223903,748.7951503507288,-15.946426175490616,-999.7764723248793,-0.0097621589671916,-0.1721947388812168,-0.1721947388812168,704.9682740490739,-0.003308256270543,0.0,-0.2583086496032365,280.215757801122,1000.0,-6.4574846621410416,-0.2869912314687326,-0.0228600508294221,251.2048496492712,-984.0535738245094,0.2583086496032365,-0.0112811538824644, Amensalism,COVID
SRR12328896.bin.3.fbc2XSRR12328896.bin.11.fbc2 ,-0.0020820106120709,-0.0020820106120709,24.218039551349197,-4.000020385319658e-05,-1000.0,1000.0,-35.6372798441389,538.1033073568683,-0.0780775979643522,-0.0034700176868227,-0.0002764014088825,62.53903247447238,-293.4632082272476,-1000.0,-0.0001364006952826,-0.18066636262688,-0.18066636262688,975.7819604486508,-0.0034710156123765,999.495904402607,-1000.0,-389.13933214633926,-1000.0,-6.775179504367884,-0.3011106043782092,-0.0239847178818308,937.4609675255276,0.0,1000.0,-0.0118361632383994, Amensalism,COVID
SRR12328896.bin.6.fbc2XSRR12328896.bin.30.fbc2 ,-0.0213311583631821,-0.0213311583631821,248.77846110940845,-0.0004098205257605,-1000.0,999.9680012133526,-957.6000561840092,-491.1709758410625,-0.7999409787470313,-0.0355519306052656,-0.0028318598326677,489.5025514006432,-2.7872693103490747,-999.9680012133526,-0.0013974879926763,-0.0308559344175591,-0.0308559344175591,751.2215388905915,-0.0005928133413135,1000.0,-1000.0,496.00562531926994,-11.556902017860466,-1.157130145392216,-0.0514265573625607,-0.0040963401887665,510.49744859935686,-500.0115717164233,1000.0,-0.0020214934939986, Competition,COVID
SRR12328896.bin.6.fbc2XSRR12328896.bin.15.fbc2 ,-0.0272172594990252,-0.0272172594990252,424.5382003392833,-0.0005229060421925,-1000.0,999.9591714962212,-829.4605684127764,-411.67540720977456,-1.0206759910464598,-0.0453620991651178,-0.0036132807520061,996.8467030467368,-431.6225104386547,-999.9591714962212,-0.0017831096040481,-0.0861592726408844,-0.0861592726408844,575.4617996607167,-0.0016553174378941,999.8707528144514,-1000.0,-170.5394315872236,-588.3245927902254,-3.2310637664942305,-0.1435987877348452,-0.0114382434956041,3.1532969532632933,-286.261325562195,1000.0,-0.0056446324631451, Amensalism,COVID
SRR12328896.bin.17.fbc2XSRR12328896.bin.11.fbc2 ,-0.2024614125144808,-0.2024614125144808,185.21691707269335,-0.0038897485593452,-1000.0,999.6962884324856,-1000.0,-84.53790866096813,-7.592516905461707,-0.337435687524021,-0.026878162545131,743.7146841993826,-285.69336859140776,-999.6962884324856,-0.013264042587366,-0.165944555174974,-0.165944555174974,814.7830829273066,-0.003188175891978,999.5369812152152,-1000.0,958.7803232145022,-290.3218352782334,-6.223096168734401,-0.2765742586249189,-0.0220302954132876,256.2853158006173,-249.94647849721423,1000.0,-0.0108716797915349, Amensalism,COVID
SRR12328896.bin.30.fbc2XSRR12328896.bin.27.fbc2 ,-0.0421947673111162,-0.0421947673111162,480.2378188378207,-0.000810658353771,1000.0,-1000.0,-423.6962442647226,-15.804603370703036,-1.5823483603761588,-0.0703246121852316,-0.0056016492242179,963.2930780818,-463.0967222211602,1000.0,-0.0027643449861898,-0.1648341745815287,-0.1648341745815287,519.7621811621793,-0.0031668429314777,-1000.0,999.752732903913,1000.0,142.35208356307885,-6.181455723168938,-0.2747236243026236,-0.0218828846562928,36.706921918199896,-536.9032777788398,-999.752732903913,-0.0107989343962344, Amensalism,COVID
SRR12328896.bin.32.fbc2XSRR12328896.bin.16.fbc2 ,-0.2160583516448468,-0.2160583516448468,511.86065022981575,-0.0041509769768026,1000.0,-676.0962308799171,0.0,-1000.0,-8.102416490416886,-0.3600972527415251,-0.0286832509100349,964.9841452081516,-482.0563959263473,676.0962308799171,-0.0141548314910551,-0.1719264630281713,-0.1719264630281713,116.86103404451433,-0.0033031020755061,-1000.0,999.7420937899474,280.8143914630414,1000.0,-6.447424034171831,-0.2865441050470281,-0.0228244353414766,35.01585479184837,-517.9436040736528,-999.7420937899471,-0.0112635780773189, Neutralism,COVID
SRR12328896.bin.11.fbc2XSRR12328896.bin.16.fbc2 ,-0.179177227663331,-0.179177227663331,959.4966599926328,-0.0034424059109596,999.5000593895572,-1000.0,8.045563555753347,-1000.0,-6.71933536970073,-0.2986287127722562,-0.0237870248444096,969.3507473828632,-76.15090713432335,1000.0,-0.0117386041562213,-0.172225663564518,-0.172225663564518,40.50334000736734,-0.0033088504046645,-1000.0,999.7416449604012,242.2926145491956,1000.0,-6.458644370441448,-0.2870427726074922,-0.0228641562964639,30.64925261713688,-923.8490928656768,-999.7416449604012,-0.0112831798800243, Neutralism,COVID
SRR12328896.bin.17.fbc2XSRR12328896.bin.15.fbc2 ,-0.224457886105597,-0.224457886105597,424.5308176235105,-0.0043123513180489,-1000.0,999.6632916090848,-1000.0,-83.16096194107979,-8.417407908283849,-0.3740964768427375,-0.0297983476078798,996.9954498717028,-300.310980415896,-999.6632916090848,-0.0147051179945947,-0.0861592726408844,-0.0861592726408844,575.4691823764895,-0.0016553174378941,999.8707528144514,-1000.0,0.0,-588.3209014323387,-3.2310637664942305,-0.1435987877348452,-0.0114382434956041,3.004550128296956,-286.261325562195,1000.0,-0.0056446324631451, Amensalism,COVID
SRR12328896.bin.6.fbc2XSRR12328896.bin.11.fbc2 ,-0.0020907949694901,-0.0020907949694901,24.21803955134942,-4.016897150904697e-05,-1000.0,999.996863606701,-545.5760844800539,-48.658914463951874,-0.0784070206474325,-0.0034846582824457,-0.0002775675934572,48.55720582459503,-0.0422822611485571,-999.996863606701,-0.0001369761929481,-0.18066636262688,-0.18066636262688,975.7819604486506,-0.0034710156123765,999.495904402607,-1000.0,-454.42391551994615,-906.7537050668878,-6.775179504367884,-0.3011106043782092,-0.0239847178818308,951.442794175405,-32.49517819601215,1000.0,-0.0118361632383994, Amensalism,COVID
SRR12328896.bin.17.fbc2XSRR12328896.bin.30.fbc2 ,-0.2500849613383025,-0.2500849613383025,1000.0,-0.0048047062697378,-1000.0,999.6248485344612,-497.6344721124081,-101.70892916448372,-9.378450309032472,-0.4168082688972845,-0.0332005203237031,1000.0,-801.6208166454107,-999.6248485344612,-0.0163840483796775,0.0,0.0,0.0,0.0,1000.0,-1000.0,0.0,0.0,0.0,0.0,0.0,0.0,0.0,1000.0,0.0, Amensalism,COVID
SRR12328896.bin.15.fbc2XSRR12328896.bin.16.fbc2 ,-0.0861592726408844,-0.0861592726408844,575.4691823764895,-0.0016553174378941,999.8707528144514,-1000.0,0.0,-588.3209014323379,-3.2310637664942305,-0.1435987877348452,-0.0114382434956041,3.1532969532632933,-286.261325562195,1000.0,-0.0056446324631451,-0.1727909480249536,-0.1727909480249536,424.5308176235105,-0.0033197108169815,-1000.0,999.7407969794084,-1000.0,1000.0,-6.479843135032638,-0.2879849133749985,-0.0229392017455438,40.623168479232845,-500.3250328860928,-999.7407969794084,-0.0113202138859378, Neutralism,COVID
SRR12328896.bin.32.fbc2XSRR12328896.bin.11.fbc2 ,-0.1834875428695568,-0.1834875428695568,24.218039551349197,-0.0035252169619752,-244.95903885567293,1000.0,367.1418431884517,-557.2068843232798,-6.880976744542863,-0.3058125714493371,-0.0243592492071229,265.9209579389508,-389.6774629621952,-1000.0,-0.0120209898402663,-0.18066636262688,-0.18066636262688,975.7819604486508,-0.0034710156123765,999.495904402607,-1000.0,0.0,-442.79311567672016,-6.775179504367884,-0.3011106043782092,-0.0239847178818308,734.0790420610492,-249.9417303254063,1000.0,-0.0118361632383994, Amensalism,COVID
SRR12328896.bin.17.fbc2XSRR12328896.bin.16.fbc2 ,-0.2288978417723228,-0.2288978417723228,829.3757040713854,-0.004397653059982,-1000.0,999.6566312490764,-72.273704192531,-586.8549562365399,-8.583910937381575,-0.3814964029538714,-0.0303877826445386,855.1336633476835,-283.32319222191904,-999.6566312490762,-0.0149959969345445,-0.1228767229555387,-0.1228767229555387,170.62429592861463,-0.0023607439568422,0.0,-0.1843268881530093,-927.726295807469,449.01463504427306,-4.608006951748962,-0.2047945382591933,-0.0163127407420233,144.86633665231648,-500.231140440818,0.1843268881530093,-0.0080501368929617, Amensalism,COVID
SRR12328896.bin.15.fbc2XSRR12328896.bin.3.fbc2 ,-0.0861592726408844,-0.0861592726408844,575.4617996607165,-0.0016553174378941,-1000.0,999.8707528144514,-857.1237003906227,-588.3436951534584,-3.2310637664942305,-0.1435987877348452,-0.0114382434956041,3.0442777468055056,-286.261325562195,-999.8707528144514,-0.0056446324631451,-0.0364972993155561,-0.0364972993155561,424.5382003392836,-0.000701196912928,1000.0,-1000.0,471.2375466089143,377.6851545059069,-1.3686872901637344,-0.0608288321925556,-0.0048452706680564,618.3894158438989,-616.9937194225355,1000.0,-0.0023910814729788, Amensalism,COVID
SRR12328896.bin.17.fbc2XSRR12328896.bin.32.fbc2 ,-0.249946296985513,-0.249946296985513,1000.0,-0.0048020422091212,-1000.0,999.6250565443106,-355.8526190402963,-86.02599577396552,-9.37325024927634,-0.4165771616424081,-0.0331821116651553,1000.0,-614.4557683423259,-999.6250565443108,-0.0163749639331172,-0.1951791009786347,-0.1951791009786347,0.0,-0.0037498386354855,861.3798766361647,0.3749434556892765,235.39139165698973,-913.9740042260344,-7.319422527822439,-0.3252985016309822,-0.0259113849714367,0.0,-385.5442316576741,-0.3749434556892765,-0.0127869497471238, Neutralism,COVID
SRR12328896.bin.27.fbc2XSRR12328896.bin.3.fbc2 ,-0.148952749703767,-0.148952749703767,0.0693896599125309,-0.0028617242978725,-1000.0,999.7765565668228,843.6227704970806,-333.85408006565217,-5.585885508729575,-0.2482545828396496,-0.0197745148982448,319.1828924164149,-237.5889407024356,-999.7765565668228,-0.0097584798556908,-0.0859634462840404,-0.0859634462840404,999.9306103400876,-0.0016515551639031,1000.0,-1000.0,156.37722950291936,-54.86181288807825,-3.223720071184289,-0.1432724104732869,-0.0114122461829992,680.8171075835851,-762.4110592975644,1000.0,-0.005631803109054, Amensalism,COVID
SRR12328896.bin.6.fbc2XSRR12328896.bin.27.fbc2 ,-0.0417901813174239,-0.0417901813174239,490.10907430918496,-0.0008028853278574,999.9373107135972,-1000.0,-911.9759908695188,-967.2904583957196,-1.5671759580944808,-0.0696503021956687,-0.0055479376158018,964.4387140861,-1.885676553247208,1000.0,-0.0027378389681871,-0.1643193712957327,-0.1643193712957327,509.89092569081504,-0.00315695237839,-1000.0,999.7535051582944,1000.0,137.78351756778147,-6.162150055968823,-0.2738656188261075,-0.0218145409347698,35.561285913900065,-598.645272153145,-999.7535051582946,-0.0107652076103477, Neutralism,COVID
SRR12328896.bin.17.fbc2XSRR12328896.bin.27.fbc2 ,-0.2492054143812083,-0.2492054143812083,998.3304882728548,-0.0047878081533099,-1000.0,999.6261679393874,0.0,-87.77005118890179,-9.345466368744155,-0.4153423573020518,-0.0330837543396,999.8481115893172,-606.7789888472995,-999.6261679393874,-0.0163264258028448,-0.0902050007244952,-0.0902050007244952,1.6695117271452773,-0.0017330451628367,0.0,-0.1353161663125774,1000.0,-25.36515228585631,-3.382782844652411,-0.1503416678741587,-0.0119753420750612,0.1518884106828864,-393.2210111527005,0.1353161663125774,-0.0059096840052461, Amensalism,COVID
SRR12328896.bin.3.fbc2XSRR12328896.bin.16.fbc2 ,-0.0824873633609968,-0.0824873633609968,959.4966599926328,-0.0015847716304051,1000.0,-1000.0,277.561665514595,-587.2652839946122,-3.093363288479054,-0.1374789389350326,-0.010950771965895,969.3507473828622,-499.676030456876,1000.0,-0.0054040712595906,-0.172225663564518,-0.172225663564518,40.50334000736712,-0.0033088504046645,-1000.0,999.7416449604012,0.0,1000.0,-6.458644370441448,-0.2870427726074922,-0.0228641562964639,30.649252617138018,-500.323969543124,-999.7416449604012,-0.0112831798800243, Neutralism,COVID
SRR12328896.bin.30.fbc2XSRR12328896.bin.32.fbc2 ,-0.0476932340228586,-0.0476932340228586,935.2039663005548,-0.0009162965229734,1000.0,-1000.0,23.809168888852696,1000.0,-1.7885466721676266,-0.0794887233714689,-0.006331608974051,1000.0,-500.0178861081292,1000.0,-0.0031245711435303,-0.1970627138888403,-0.1970627138888403,-45.02603357427972,-0.0037860271640965,0.0,999.3170815309276,270.056808790549,-1000.0,-7.39006000232564,-0.3284378564814005,-0.0261614477035436,0.0,-450.23127074701074,-999.3170815309276,-0.0129103526294329, Neutralism,COVID
SRR12328896.bin.6.fbc2XSRR12328896.bin.3.fbc2 ,-0.0429683849808952,-0.0429683849808952,497.7102308620331,-0.0008255213252823,-1000.0,999.935543294922,-1000.0,-1000.0,-1.611359840457112,-0.0716139749681588,-0.0057043523577249,999.0688546636324,-0.8689520022047645,-999.935543294922,-0.0028150277191798,-0.0431815559418282,-0.0431815559418282,502.2897691379669,-0.0008296168288097,1000.0,-1000.0,436.4151240257088,234.59346360433076,-1.6193539767423315,-0.0719692599029713,-0.0057326522874063,0.9311453363675356,-501.7766728124209,1000.0,-0.0028289933864016, Amensalism,COVID
SRR12328896.bin.27.fbc2XSRR12328896.bin.15.fbc2 ,-0.1619410622531631,-0.1619410622531631,424.5382003392833,-0.0031112596013826,-1000.0,999.7570728503222,1000.0,78.02622097167364,-6.072960953773645,-0.2699017704220523,-0.0214988038457022,198.80642193014,-488.1403626576447,-999.7570728503222,-0.0106093952407491,-0.0861592726408844,-0.0861592726408844,575.4617996607167,-0.0016553174378941,999.8707528144514,-1000.0,0.0,-588.3245927902246,-3.2310637664942305,-0.1435987877348452,-0.0114382434956041,3.0156242019561432,-286.261325562195,1000.0,-0.0056446324631451, Neutralism,COVID
SRR12328896.bin.15.fbc2XSRR12328896.bin.32.fbc2 ,-0.0861592726408844,-0.0861592726408844,575.4691823764895,-0.0016553174378941,-1000.0,999.8707528144514,-772.726528520297,-588.3209014323386,-3.2310637664942305,-0.1435987877348452,-0.0114382434956041,3.1532969532632933,-286.261325562195,-999.8707528144514,-0.0056446324631451,-0.1906360228045969,-0.1906360228045969,424.5308176235105,-0.0036625556734861,120.74305090598476,0.1292471855485928,-227.27347147970292,-411.6790985676614,-7.149052295732417,-0.3177267046742145,-0.0253082597037064,728.947327675131,-343.459643615579,-0.1292471855485928,-0.0124893148465616, Amensalism,COVID
SRR12328896.bin.3.fbc2XSRR12328896.bin.32.fbc2 ,-0.0859694116722948,-0.0859694116722948,1000.0,-0.0016516697727411,1000.0,-1000.0,1000.0,0.0,-3.22394377954663,-0.1432823527870823,-0.0114130381298309,99.66833379707532,-530.2990187437103,1000.0,-0.0056321939250665,-0.2160583516448468,-0.2160583516448468,0.0,-0.0041509769768026,-458.8299254324297,1000.0,-426.9705461866289,-1000.0,-8.102416490416886,-0.3600972527415251,-0.0286832509100349,867.5448360098835,-235.73368447499183,-1000.0,-0.0141548314910551, Neutralism,COVID
SRR12328896.bin.6.fbc2XSRR12328896.bin.17.fbc2 ,0.0,0.0,0.0,0.0,1000.0,-1000.0,0.0,0.0,0.0,0.0,0.0,0.0,0.0,1000.0,0.0,-0.2500849613383025,-0.2500849613383025,1000.0,-0.0048047062697378,-1000.0,999.6248485344612,-1000.0,-101.70892916448668,-9.378450309032472,-0.4168082688972845,-0.0332005203237031,1000.0,-791.3538079823898,-999.6248485344612,-0.0163840483796775, Amensalism,COVID
SRR12328896.bin.6.fbc2XSRR12328896.bin.16.fbc2 ,-0.0443504691631915,-0.0443504691631915,656.9146951846144,-0.000852074335512,999.9334700358836,-1000.0,-1000.0,-859.3065846434586,-1.6631894577071762,-0.0739174486052434,-0.0058878336583347,964.8543108209938,-224.9407698893872,1000.0,-0.0029055734840994,-0.172563944737476,-0.172563944737476,343.0853048153856,-0.0033153495626265,-1000.0,999.741137506146,0.0,1000.0,-6.471330271880447,-0.2876065745624601,-0.0229090654780748,35.14568917900624,-687.3151555388224,-999.741137506146,-0.011305342008768, Neutralism,COVID
SRR12328896.bin.30.fbc2XSRR12328896.bin.3.fbc2 ,-0.0429688169076598,-0.0429688169076598,482.5229276646962,-0.0008255296236256,0.0,0.0,-436.4811909314892,-16.09370826711279,-1.611376038167009,-0.0716146948460618,-0.0057044096989784,1000.0,-467.06108733883127,0.0,-0.0028150560164021,-0.0444871994625373,-0.0444871994625373,517.4770723353038,-0.0008547012384951,-1000.0,1000.0,572.8439727218324,-5.744074753907171,-1.6683169884133804,-0.0741453324375243,-0.005905985557888,0.0,-516.7628219470847,-1000.0,-0.0029145312231548, Amensalism,COVID
SRR12328896.bin.27.fbc2XSRR12328896.bin.11.fbc2 ,-0.1499119340359129,-0.1499119340359129,24.218039551350103,-0.0028801524310893,-1000.0,999.775117698184,551.4251099042588,-42.154415007465786,-5.621855934731798,-0.2498532233933019,-0.0199018532985064,25.452660922160703,-750.0582696745937,-999.775117698184,-0.0098213197899212,-0.18066636262688,-0.18066636262688,975.78196044865,-0.0034710156123765,999.495904402607,-1000.0,-81.95212820015547,-957.8455849925342,-6.775179504367884,-0.3011106043782092,-0.0239847178818308,974.5473390778392,-249.9417303254063,1000.0,-0.0118361632383994, Amensalism,COVID
SRR12328907.bin.12.fbc2XSRR12328907.bin.19.fbc2 ,-0.0492622079161719,-0.0492622079161719,5.881803516783975,-0.0009464401136938,-1000.0,999.8625485022926,0.0,0.0,-1.847384851064476,-0.0821036798603245,-0.0065399011854196,5.900845891870858,-41.45718573380532,-999.8625485022926,-0.0032273607876049,-0.0765053631803311,-0.0765053631803311,708.6675623110089,-0.0014698436730213,999.8852346060112,-1000.0,-1000.0,-1000.0,-2.8690319606629373,-0.1275089386338095,-0.0101566197805595,924.380335220189,-500.1284275909295,1000.0,-0.0050121669249847, Neutralism,COVID
SRR12328917.bin.26.fbc2XSRR12328917.bin.25.fbc2 ,-0.1363674330352751,-0.1363674330352751,288.220458897692,-0.0026199314704626,-1000.0,999.7954357507896,206.03297246965556,-139.52812034594876,-5.113922835051994,-0.227279055058716,-0.0181037264605947,997.1891036763164,-0.2273052543733911,-999.7954357507898,-0.008933966314089,-0.0713084701585557,-0.0713084701585557,711.779541102308,-0.0013699994266289,1000.0,-1000.0,793.9670275303445,-717.1842124349811,-2.674142980912734,-0.1188474502641838,-0.0094666960383165,2.8108963236835507,-355.3390992816014,1000.0,-0.0046716980449446, Competition,COVID
SRR12328917.bin.26.fbc2XSRR12328917.bin.9.fbc2 ,-0.1554175950275294,-0.1554175950275294,0.0,-0.00298592881893,-336.37115190769555,1000.0,1000.0,-583.179714404951,-5.8283240396157225,-0.2590293250458444,-0.0206327681390803,998.389091402164,-166.22455653795646,-1000.0,-0.0101820172726547,-0.2618545508564693,-0.2618545508564693,1000.0,-0.0050308271057701,1000.0,-1000.0,-613.2275167109519,995.3653002205187,-9.819822352607048,-0.436424251427411,-0.0347630153009959,1.6109085978358737,-509.5352913759298,1000.0,-0.0171551204307434, Neutralism,COVID
SRR12328917.bin.25.fbc2XSRR12328917.bin.9.fbc2 ,-0.0225236569527851,-0.0225236569527851,11.039970094814636,-0.0004327311614815,1000.0,-1000.0,1000.0,-12.747101979278,-0.8446609359446029,-0.0375394282547176,-0.0029901723255534,0.8878561604792594,-486.84609971657096,1000.0,-0.0014756132604816,-0.2608909287195047,-0.2608909287195047,988.9600299051854,-0.0050123137122,-1000.0,1000.0,-1000.0,995.3823558695068,-9.783685504237384,-0.4348182145325836,-0.0346350877512122,999.1121438395209,-500.0,-1000.0,-0.017091989758569, Amensalism,COVID
SRR12328919.bin.13.fbc2XSRR12328919.bin.44.fbc2 ,-0.0992183002184674,-0.0992183002184674,178.81565577218817,-0.0019062113394738,-1000.0,1000.0,377.31365527645903,211.03918629785312,-3.720791099817916,-0.1653638336974836,-0.0131719203556031,166.40694431266024,-500.202592141157,-1000.0,-0.0065001806675581,-0.0713268921555254,-0.0713268921555254,821.1843442278118,-0.0013703533555826,0.0,0.0,-705.9919512603934,-827.2005140657565,-2.674833825265296,-0.1188781535925045,-0.0094691416867362,-5.73997511913683,-5.3325990430165575,0.0,-0.0046729049423674, Competition,COVID
SRR12328919.bin.36.fbc2XSRR12328919.bin.44.fbc2 ,-0.0880649436354588,-0.0880649436354588,18.465877243839486,-0.0016919297528374,-1000.0,1000.0,100.8189598781462,-28.007936607708302,-3.3025284424669508,-0.1467749060591359,-0.0116912345921491,-981.7790757496751,-458.13737211356624,-1000.0,-0.005769480457161,-0.0847983279714981,-0.0847983279714981,981.5341227561604,-0.0016291705661615,0.0,0.0,-852.2945832148288,-971.9920633922916,-3.1800269033134327,-0.1413305466192014,-0.0112575686125637,-18.220924250324856,-7.184979067441191,0.0,-0.0055554716308279, Amensalism,COVID
SRR12328919.bin.10.fbc2XSRR12328919.bin.44.fbc2 ,-3.363369921771664e-05,-3.363369921771664e-05,0.5884224355585275,-6.461806378865731e-07,0.0,0.0,0.4763523953047297,-0.020993418426201,-0.0012612992618414,-5.6056165362861066e-05,-4.465107849682681e-06,0.0021988555906773,-0.2225125412777515,0.0,-2.203475787609932e-06,-0.0867093175107811,-0.0867093175107811,999.4115775644414,-0.0016658850626072,-1000.0,1000.0,-860.5393500426808,-999.9790065815738,-3.251691030334655,-0.1445155291846731,-0.0115112657829286,-11.562870726902815,-7.321802982094482,-1000.0,-0.0056806680636327, Amensalism,COVID
SRR12328919.bin.15.fbc2XSRR12328919.bin.6.fbc2 ,-0.3439852539271442,-0.3439852539271442,8.30976501698126,-0.0066087464731481,-1000.0,1000.0,928.1187752528552,1000.0,-12.899810503321874,-0.5733087565452024,-0.0456664381293876,744.6582063139319,-470.62189840882365,-1000.0,-0.0225358254733691,-0.1726315897352606,-0.1726315897352606,991.6902349830189,-0.0033166491783731,1000.0,-1000.0,71.88122474714487,-843.8459344106305,-6.473867030775068,-0.2877193162253206,-0.0229180458227347,255.3417936860681,-3.710802135785116,1000.0,-0.0113097736982581, Amensalism,COVID
SRR12328919.bin.10.fbc2XSRR12328919.bin.13.fbc2 ,-0.0409049148744316,-0.0409049148744316,601.2297933835875,-0.0007858773270754,-1000.0,1000.0,445.86438595049776,-406.8744419353163,-1.5339775310426376,-0.0681748581239389,-0.0054304123301562,2.674222662446141,-299.21785828499446,-1000.0,-0.0026798416853353,-0.1177313871063461,-0.1177313871063461,398.77020661641245,-0.0022618902421527,0.0,0.0,232.4826885808643,-593.1255580646837,-4.415051420452642,-0.1962189785106147,-0.0156296615735982,557.5240389817627,-507.82845867550174,0.0,-0.0077130457259499, Amensalism,COVID
SRR12328919.bin.15.fbc2XSRR12328919.bin.10.fbc2 ,-0.3720589503935798,-0.3720589503935798,300.75833690418654,-0.0071481066357819,-1000.0,1000.0,481.45125511384776,1000.0,-13.952603785623523,-0.6200982506559285,-0.0493934168533769,996.889828277714,-466.6886754637626,-1000.0,-0.0243750436280834,-0.047573192513596,-0.047573192513596,699.2416630958135,-0.0009139902500692,1000.0,-1000.0,518.5487448861522,-473.2026998344659,-1.784044988724531,-0.0792886541893267,-0.0063156726276929,3.1101717222859406,-347.99604936024843,1000.0,-0.0031167067526212, Amensalism,COVID
SRR12328919.bin.15.fbc2XSRR12328919.bin.19.fbc2 ,-0.4053663456370486,-0.4053663456370486,998.2920623740852,-0.0077880181678438,-1000.0,1000.0,396.468289483013,506.4781250043202,-15.201666302386457,-0.675610576061672,-0.0538152055398768,1000.0,-466.0795767840072,-1000.0,-0.0265571419523666,-0.0877373877884792,-0.0877373877884792,1.7079376259149512,-0.0016856366529509,1000.0,-1000.0,603.531710516987,493.5218749956798,-3.290244752082117,-0.1462289796473896,-0.0116477492722424,-11.203415450471423,-498.8307728849701,1000.0,-0.0057480209867435, Neutralism,COVID
SRR12328919.bin.15.fbc2XSRR12328919.bin.36.fbc2 ,-0.4058911472053523,-0.4058911472053523,983.0203122794604,-0.0077981008108736,-1000.0,1000.0,898.9277295624895,309.4109265919008,-15.22134691574638,-0.6764852453422918,-0.0538848766030923,1000.0,-466.0128326469176,-1000.0,-0.0265915237650915,-0.088048417980076,-0.088048417980076,16.979687720539346,-0.0016916122571046,1000.0,-1000.0,101.0722704375105,-124.53210713220948,-3.301908712928366,-0.1467473633001645,-0.0116890406962966,-873.5877599055092,-457.76101865813496,1000.0,-0.0057683977966007, Amensalism,COVID
SRR12328919.bin.10.fbc2XSRR12328919.bin.6.fbc2 ,0.0,0.0,0.0,0.0,-1000.0,1000.0,0.0,0.0,0.0,0.0,0.0,0.0,0.0,-1000.0,0.0,-0.1733518462891652,-0.1733518462891652,1000.0,-0.003330486960408,0.0,0.0,65.37682029296411,-879.8012899211503,-6.500877412626664,-0.2889197438153132,-0.0230136648963252,283.9985829777131,-3.183419792992936,0.0,-0.0113569605349539, Amensalism,COVID
SRR12328919.bin.15.fbc2XSRR12328919.bin.44.fbc2 ,-0.3560306523004328,-0.3560306523004328,0.6109177965269055,-0.0068401662305177,-1000.0,1000.0,1000.0,1000.0,-13.351525670410863,-0.5933844205007972,-0.0472655486531721,1000.0,-482.69895790108046,-1000.0,-0.0233249668461894,-0.08670820441273,-0.08670820441273,999.3890822034732,-0.0016658636774309,1000.0,-1000.0,-860.4944729217888,-1000.0,-3.2516492879777843,-0.144513674021141,-0.0115111180114126,-11.495061749613,-7.318084319248669,1000.0,-0.0056805951402338, Amensalism,COVID
SRR12328919.bin.13.fbc2XSRR12328919.bin.6.fbc2 ,-0.0992183002184674,-0.0992183002184674,178.81565577218817,-0.0019062113394738,0.0,0.0,378.0105470800486,211.73607810144472,-3.720791099817916,-0.1653638336974836,-0.0131719203556031,166.40694431266024,-500.202592141157,0.0,-0.0065001806675581,-0.1431309195652375,-0.1431309195652375,821.1843442278118,-0.0027498735747713,-1000.0,1000.0,58.0962244762618,-715.1651399717376,-5.3675607267422265,-0.2385515326086533,-0.0190016264014047,225.4759387582785,-2.809355304357041,-1000.0,-0.0093770688898757, Competition,COVID
SRR12328919.bin.10.fbc2XSRR12328919.bin.19.fbc2 ,-0.0679192087294495,-0.0679192087294495,998.2920623740852,-0.0013048839333578,-1000.0,1000.0,740.3207264309667,-675.5811675283487,-2.5470420959712783,-0.1131986812157492,-0.0090167479792171,4.440324292508308,-496.82636511645273,-1000.0,-0.0044496542126353,-0.0877373877884792,-0.0877373877884792,1.7079376259148376,-0.0016856366529509,0.0,0.0,259.6792735690333,839.7785734286285,-3.290244752082117,-0.1462289796473896,-0.0116477492722424,-11.197970844082192,-500.03290362746645,0.0,-0.0057480209867435, Neutralism,COVID
SRR12328919.bin.19.fbc2XSRR12328919.bin.44.fbc2 ,-0.0877373877884792,-0.0877373877884792,1.7079376259149512,-0.0016856366529509,0.0,0.0,613.6770939812884,493.52187499568026,-3.290244752082117,-0.1462289796473896,-0.0116477492722424,-14.63781584911692,-500.516409537966,0.0,-0.0057480209867435,-0.0866291616430317,-0.0866291616430317,998.2920623740852,-0.0016643450843503,-1000.0,1000.0,-859.3197736184196,-1000.0,-3.2486851005953667,-0.1443819360717952,-0.0115006245332551,-10.704029298885644,-7.176505274803844,-1000.0,-0.0056754167378585, Neutralism,COVID
SRR12328919.bin.10.fbc2XSRR12328919.bin.36.fbc2 ,-0.0668801889661381,-0.0668801889661381,983.0203122794604,-0.0012849219782538,-1000.0,1000.0,728.9953903394055,-665.24620930521,-2.508077756940338,-0.1114669816103059,-0.0088788108695325,4.372396753574435,-489.2259760374941,-1000.0,-0.004381583945701,-0.088048417980076,-0.088048417980076,16.979687720539687,-0.0016916122571046,0.0,0.0,101.07227043751072,-27.62737473074901,-3.301908712928366,-0.1467473633001645,-0.0116890406962966,1.2888957657314677,-428.3130978074471,0.0,-0.0057683977966007, Amensalism,COVID
SRR12328919.bin.36.fbc2XSRR12328919.bin.6.fbc2 ,-0.0873767742051541,-0.0873767742051541,10.799917422626097,-0.0016787084381348,0.0,0.0,98.92357154967068,-24.45916245092201,-3.2767213616554045,-0.1456279570085143,-0.0115998753075245,-982.0773154125668,-457.99805969768727,0.0,-0.0057243957739956,-0.1724157534766845,-0.1724157534766845,989.200082577374,-0.0033125024683613,-1000.0,1000.0,61.93546896248699,-861.0094196927814,-6.465772943011075,-0.2873595891278455,-0.0228893920561858,268.14329023501705,-1.0959632493764957,-1000.0,-0.0112956334170348, Amensalism,COVID
SRR12328919.bin.15.fbc2XSRR12328919.bin.13.fbc2 ,-0.390597221723624,-0.390597221723624,810.6707147072148,-0.0075042693895284,-1000.0,1000.0,1000.0,431.1848857647333,-14.647808549452748,-0.6509953695393733,-0.0518545014814435,863.3385011550247,-466.2312867973175,-1000.0,-0.0255895586182077,-0.0995765836586315,-0.0995765836586315,189.32928529278524,-0.0019130947869143,1000.0,-1000.0,-85.00012141774835,244.78678482076063,-3.7342271074103337,-0.1659609727643101,-0.013219484977526,136.6614988449753,-500.2033237139526,1000.0,-0.0065236532233257, Amensalism,COVID
SRR12328919.bin.13.fbc2XSRR12328919.bin.19.fbc2 ,-0.1265988735881364,-0.1265988735881364,562.2970786132792,-0.0024322550160604,-1000.0,1000.0,394.5185409580886,-1000.0,-4.747591533581499,-0.2109981226469699,-0.0168068821612905,1000.0,-501.16922711502986,-1000.0,-0.0082939896049083,-0.0877373877884792,-0.0877373877884792,21.24301678661459,-0.0016856366529509,0.0,0.0,605.4814590419114,478.5845067640048,-3.290244752082117,-0.1462289796473896,-0.0116477492722424,0.0,-498.8307728849701,0.0,-0.0057480209867435, Neutralism,COVID
SRR12328919.bin.13.fbc2XSRR12328919.bin.36.fbc2 ,-0.1056175988300083,-0.1056175988300083,271.99694991471506,-0.0020291565576826,0.0,0.0,359.4537302598617,0.0,-3.960771559736486,-0.1760293313833472,-0.0140214718139759,205.1196468950716,-503.9322619101004,0.0,-0.0069194238618592,-0.1165157595129358,-0.1165157595129358,675.602319833622,-0.0022385352451692,-1000.0,1000.0,457.0650422999311,-1000.0,-4.369464101172753,-0.1941929325215596,-0.0154682785444038,641.8312771849241,-420.0288717468759,-1000.0,-0.0076334051861977, Amensalism,COVID
SRR12328919.bin.44.fbc2XSRR12328919.bin.6.fbc2 ,-0.0003134012616666,-0.0003134012616666,3.608179212138453,-6.021157764968545e-06,-1000.0,1000.0,-3.1020385378512856,-3.634613494645838,-0.011752878476175,-0.000522335436111,-4.160620015593264e-05,-0.0252207181598628,-0.0234307596691638,-1000.0,-2.053214797854274e-05,-0.1730391040250845,-0.1730391040250845,996.3918207878615,-0.0033244784634982,0.0,0.0,53.0825769861342,-876.9950634261,-6.489149247256161,-0.2883985067084741,-0.0229721461827807,276.2075561552547,-1.7049112874556025,0.0,-0.011336471560529, Amensalism,COVID
SRR12328919.bin.19.fbc2XSRR12328919.bin.6.fbc2 ,-0.0877373877884792,-0.0877373877884792,1.707937625915065,-0.0016856366529509,-1000.0,1000.0,603.5317105169868,495.9261364806737,-3.290244752082117,-0.1462289796473896,-0.0116477492722424,-11.203415450471423,-500.03290362746645,-1000.0,-0.0057480209867435,-0.1732038092187622,-0.1732038092187622,998.2920623740848,-0.003327642828367,0.0,0.0,81.09887707350185,-853.7922714298946,-6.495325866059375,-0.2886730153645658,-0.0229940119443199,267.4303525518417,-7.295733897349805,0.0,-0.0113472620448646, Neutralism,COVID
SRR12328919.bin.36.fbc2XSRR12328919.bin.19.fbc2 ,-0.1165157595129358,-0.1165157595129358,675.6023198336216,-0.0022385352451692,-1000.0,1000.0,457.0650422999315,-1000.0,-4.369464101172753,-0.1941929325215596,-0.0154682785444038,8.20920868370456,-429.6292061181066,-1000.0,-0.0076334051861977,-0.0877373877884792,-0.0877373877884792,303.9361338755257,-0.0016856366529509,0.0,0.0,180.29738845118368,767.4017266105575,-3.290244752082117,-0.1462289796473896,-0.0116477492722424,286.1346477305992,-570.3707938818934,0.0,-0.0057480209867435, Neutralism,COVID
SRR12328920.bin.3.fbc2XSRR12328920.bin.27.fbc2 ,-0.0898444161397264,-0.0898444161397264,254.12994326502053,-0.0017261175050862,0.0,0.0,360.7047921604778,464.9788882451721,-3.369260541703852,-0.1497406935662866,-0.0119274719601207,15.805505636476823,-500.1834517684406,0.0,-0.005886060692319,-0.0627980572842261,-0.0627980572842261,745.8700567349795,-0.0012064948565466,-1000.0,1000.0,77.96154171774606,-748.6481967568143,-2.3549935053754325,-0.1046634288070436,-0.0083368794588523,-1.145770114288439,-0.1282262733557218,-1000.0,-0.0041141474608821, Amensalism,COVID
SRR12328920.bin.22.fbc2XSRR12328920.bin.17.fbc2 ,-0.1443633848319905,-0.1443633848319905,44.330209583342366,-0.0027735520620808,-1000.0,1000.0,-141.99048106486157,986.450643466258,-5.413779476563491,-0.2406056413866508,-0.0191652447490469,-4.421319342184347,-525.4984151309372,-1000.0,-0.0094578125317639,-0.0915775779635623,-0.0915775779635623,876.2586051156222,-0.0017594155228835,1000.0,-1000.0,-858.0095189351384,-92.13125266329428,-3.434255941487436,-0.1526292966059372,-0.0121575612628248,1000.0,-406.0450435455088,1000.0,-0.0059996069328462, Amensalism,COVID
SRR12328920.bin.27.fbc2XSRR12328920.bin.17.fbc2 ,0.0,0.0,0.0,0.0,-1000.0,1000.0,0.0,0.0,0.0,0.0,0.0,0.0,0.0,-1000.0,0.0,-0.1075367415105574,-0.1075367415105574,1000.0,-0.0020660276946955,1000.0,-1000.0,0.0,-459.2909326264914,-4.032741438168614,-0.1792279025175958,-0.0142762513705747,1000.0,-401.7653645380585,1000.0,-0.0070451544389698, Amensalism,COVID
SRR12328920.bin.3.fbc2XSRR12328920.bin.17.fbc2 ,-0.0725543657322305,-0.0725543657322305,60.89080742595616,-0.0013939359411097,-1000.0,1000.0,146.95592863042157,856.607206559313,-2.720865381433555,-0.120923942886975,-0.0096320973527781,12.763825352786284,-500.1481475118159,-1000.0,-0.0047533215590647,-0.1020800756617745,-0.1020800756617745,939.1091925740438,-0.0019611926160223,1000.0,-1000.0,0.0,-890.4311319055316,-3.8281107029100663,-0.1701334594363288,-0.0135518409764472,987.2361746472138,-414.0650766526376,1000.0,-0.0066876668205395, Amensalism,COVID
SRR12328920.bin.8.fbc2XSRR12328920.bin.17.fbc2 ,0.0,0.0,0.0,0.0,-1000.0,1000.0,501.03301384736346,0.0,0.0,0.0,0.0,0.0,-500.0,-1000.0,0.0,-0.1075367415105574,-0.1075367415105574,1000.0,-0.0020660276946955,1000.0,-1000.0,0.0,-459.2367266595925,-4.032741438168614,-0.1792279025175958,-0.0142762513705747,393.2903978421093,-401.7653645380585,1000.0,-0.0070451544389698, Amensalism,COVID
SRR12328920.bin.3.fbc2XSRR12328920.bin.7.fbc2 ,-0.0872212763740662,-0.0872212763740662,224.81289388939967,-0.0016757209677962,-1000.0,1000.0,0.0,524.3943202954865,-3.2708900286811518,-0.1453687939567771,-0.011579231887481,15.344040671449989,-500.178095624458,-1000.0,-0.0057142085001942,-0.1758257930130184,-0.1758257930130184,775.1871061106003,-0.0033780171568196,1000.0,-1000.0,1000.0,475.6056797045135,-6.593653028933886,-0.2930429883550687,-0.0233420985537122,-90.8152888476866,-499.821904375542,1000.0,-0.0115190385048435, Amensalism,COVID
SRR12328920.bin.21.fbc2XSRR12328920.bin.27.fbc2 ,-0.1549098177175665,-0.1549098177175665,1000.0,-0.0029761732511133,-1000.0,999.7676203925575,-792.0410154619188,1000.0,-5.809281853936682,-0.2581830295292775,-0.0205653571648554,958.7145569032068,-525.9871945845607,-999.7676203925574,-0.0101487507861293,0.0,0.0,0.0,0.0,1000.0,-1000.0,0.0,0.0,0.0,0.0,0.0,0.0,0.0,1000.0,0.0, Amensalism,COVID
SRR12328920.bin.21.fbc2XSRR12328920.bin.17.fbc2 ,-0.0841096316977427,-0.0841096316977427,167.1127982483756,-0.0016159391296923,-1000.0,999.8738274727576,96.69239335545672,1000.0,-3.154200065316445,-0.1401827194962379,-0.0111661393857502,155.178716109991,-634.0568387964485,-999.8738274727576,-0.0055103524321111,-0.092561103353546,-0.092561103353546,832.8872017516244,-0.0017783113036102,1000.0,-1000.0,0.0,-639.2353238700866,-3.471139182881529,-0.1542685055893571,-0.0122881311079936,844.821283890009,-346.9232088604829,1000.0,-0.0060640415453008, Competition,COVID
SRR12328920.bin.7.fbc2XSRR12328920.bin.17.fbc2 ,-0.1952572148643412,-0.1952572148643412,947.4859753312052,-0.0037513393825747,-1000.0,1000.0,1000.0,1000.0,-7.322351881080749,-0.3254286914406066,-0.0259217551338224,-100.85175822972712,-500.07740888816,-1000.0,-0.0127920672946402,-0.0058787153518551,-0.0058787153518551,52.51402466879472,-0.0001129436186602,1000.0,-1000.0,0.0,-36.438690364526224,-0.2204580375935165,-0.0097978589197964,-0.0007804404050375,37.80623235135067,-26.269353965968666,1000.0,-0.0003851377396131, Amensalism,COVID
SRR12328920.bin.3.fbc2XSRR12328920.bin.8.fbc2 ,-0.0898444161397264,-0.0898444161397264,254.1299432650208,-0.0017261175050862,1000.0,-1000.0,0.0,465.7692774507509,-3.369260541703852,-0.1497406935662866,-0.0119274719601207,14.224727225318816,-500.1834517684407,1000.0,-0.005886060692319,-0.0633516194022831,-0.0633516194022831,745.8700567349792,-0.0012171300558065,-1000.0,999.9049664852464,-1000.0,-746.7050201245304,-2.3757526697378357,-0.1055860323371007,-0.008410368685304,-0.2646892732259402,-499.81654823155935,-999.9049664852464,-0.0041504134901515, Amensalism,COVID
SRR12328920.bin.8.fbc2XSRR12328920.bin.27.fbc2 ,-0.0843026478262595,-0.0843026478262595,992.5369124003396,-0.0016196474126086,-1000.0,999.8735379300236,-1000.0,-993.1025256697708,-3.161438374092425,-0.1405044130437658,-0.011191763621123,8.179527166680069,-191.222787207546,-999.8735379300236,-0.0055229976769941,-0.0006283499362505,-0.0006283499362505,7.463087599660525,-1.2072044884737614e-05,1000.0,-1000.0,0.8991581353750462,-6.897474330229348,-0.0235637865718658,-0.0010472498937509,-8.341783015353691e-05,0.0480776430761606,-0.0012830169303499,1000.0,-4.116567305695526e-05, Amensalism,COVID
SRR12328920.bin.27.fbc2XSRR12328920.bin.22.fbc2 ,-0.0839077437899504,-0.0839077437899504,996.595696230362,-0.0016120603994522,-1000.0,1000.0,104.22707444163302,-1000.0,-3.1466290554435545,-0.1398462396498416,-0.0111393373599639,-1.5016168899667264,-0.1713297792505272,-1000.0,-0.0054971259620515,-0.1446003657645178,-0.1446003657645178,3.4043037696378637,-0.0027781050098383,0.0,0.0,183.47512536565955,984.1302195924932,-5.422666511944726,-0.2410006096075676,-0.0191967056183557,0.4627906230715553,-500.0991186195952,0.0,-0.0094733380836942, Neutralism,COVID
SRR12328920.bin.3.fbc2XSRR12328920.bin.22.fbc2 ,-0.0898444161397264,-0.0898444161397264,945.1312371522964,-0.0017261175050862,-1000.0,1000.0,817.2816714436617,-456.902881590102,-3.369260541703852,-0.1497406935662866,-0.0119274719601207,-444.49057190105225,-499.9455633049761,-1000.0,-0.005886060692319,-0.1451552241801437,-0.1451552241801437,18.147665877701456,-0.0027887651139053,0.0,0.0,182.7183285563383,975.3507465739336,-5.443474288836569,-0.2419253736335349,-0.0192703669372349,468.9775138217706,-500.0544366950239,0.0,-0.0095096890385093, Neutralism,COVID
SRR12328920.bin.21.fbc2XSRR12328920.bin.8.fbc2 ,-0.0840143173434171,-0.0840143173434171,164.27925345957283,-0.0016141079220233,999.8739704534452,-1000.0,97.38987397921436,1000.0,-3.150625676312416,-0.1400238622389906,-0.0111534857414881,152.358695210316,-641.0819561879318,1000.0,-0.0055041080141791,-0.0709832258089591,-0.0709832258089591,835.7207465404272,-0.0013637507360044,-1000.0,999.8935183425328,-1000.0,-836.6562931828336,-2.661945974128571,-0.118305376348303,-0.0094235175857875,-0.2965748725588355,-116.00900538336668,-999.8935183425328,-0.0046503900098286, Competition,COVID
SRR12328920.bin.8.fbc2XSRR12328920.bin.22.fbc2 ,-0.0846473868678003,-0.0846473868678003,996.5956962303612,-0.0016262706410543,-1000.0,999.873020788345,111.22954131949768,-997.7113341528416,-3.174366452425943,-0.1410789781128869,-0.011237530129847,-0.3536650763137459,-499.9008813804047,-999.8730207883452,-0.0055455828860431,-0.1446003657645178,-0.1446003657645178,3.4043037696388865,-0.0027781050098383,1000.0,-1000.0,192.2104320724411,984.1302195924924,-5.422666511944726,-0.2410006096075676,-0.0191967056183557,-3.996762444045544,-500.0991186195953,1000.0,-0.0094733380836942, Neutralism,COVID
SRR12328920.bin.3.fbc2XSRR12328920.bin.21.fbc2 ,-0.0898444161397264,-0.0898444161397264,298.4912780781867,-0.0017261175050862,1000.0,-1000.0,405.0661269736447,317.10777220128466,-3.369260541703852,-0.1497406935662866,-0.0119274719601207,15.80550563647705,-470.6092285596632,1000.0,-0.005886060692319,-0.1284316218102503,-0.1284316218102503,701.5087219218133,-0.0024674663171708,-1000.0,999.8073402299532,147.64493250885153,522.6578840403577,-4.816321528530807,-0.214052703017046,-0.0170501922518724,677.8314579845587,-529.3907714403368,-999.8073402299532,-0.0084140601416038, Amensalism,COVID
SRR12328920.bin.27.fbc2XSRR12328920.bin.7.fbc2 ,-0.004417260808168,-0.004417260808168,52.4650397173923,-8.486572153287852e-05,-1000.0,1000.0,5.48387127987894,-52.66045609759158,-0.1656519479205371,-0.0073621013468709,-0.0005864221360525,-0.0805942992486734,-0.0090195288893255,-1000.0,-0.0002893921106306,-0.1952617106238676,-0.1952617106238676,947.5349602826076,-0.0037514257564907,1000.0,-1000.0,501.032482310617,1000.0,-7.322520476810723,-0.3254361843730748,-0.0259223519771012,-100.85408032187388,-500.0774106704846,1000.0,-0.0127923618294971, Amensalism,COVID
SRR12328920.bin.21.fbc2XSRR12328920.bin.22.fbc2 ,-0.1114478157093117,-0.1114478157093117,996.5956962303616,-0.0021411684093664,-1000.0,999.8328175705942,101.7715555713644,15.869780407507392,-4.179410853359968,-0.1857463595154058,-0.0147954737090003,971.24087921698,-499.9008813804048,-999.832817570594,-0.0073013842760474,-0.1446003657645178,-0.1446003657645178,3.4043037696382044,-0.0027781050098383,1000.0,-1000.0,187.7508790053223,984.1302195924928,-5.422666511944726,-0.2410006096075676,-0.0191967056183557,0.4627906230718963,-500.0991186195952,1000.0,-0.0094733380836942, Amensalism,COVID
SRR12328920.bin.8.fbc2XSRR12328920.bin.7.fbc2 ,-0.0044561987682527,-0.0044561987682527,52.46503971739253,-8.561380923310935e-05,-1000.0,999.9933152737784,0.0,-52.52377164663403,-0.167112162569083,-0.00742699794705,-0.0005915914215393,0.4323660030250948,-260.50991317132866,-999.9933152737784,-0.0002919430893371,-0.1952617106238676,-0.1952617106238676,947.5349602826076,-0.0037514257564907,1000.0,-1000.0,1000.0,1000.0,-7.322520476810723,-0.3254361843730748,-0.0259223519771012,-100.85408032187388,-500.0774106704846,1000.0,-0.0127923618294971, Amensalism,COVID
SRR12328920.bin.21.fbc2XSRR12328920.bin.7.fbc2 ,-0.0848042498259928,-0.0848042498259928,208.54990092537173,-0.0016292843386054,-1000.0,999.8727854788394,81.51092153116451,394.0630410227361,-3.180248979114708,-0.1413404163766927,-0.0112583547800113,214.16086291645388,-499.9295553439179,-999.8727854788392,-0.0055558595947786,-0.177690542721848,-0.177690542721848,791.4500990746283,-0.0034138432799863,1000.0,-1000.0,918.4890784688356,605.9369589772639,-6.663583113451409,-0.2961509045364892,-0.0235896570645763,-91.77844550708755,-500.0704446560821,1000.0,-0.011641205584624, Competition,COVID
SRR12328920.bin.22.fbc2XSRR12328920.bin.7.fbc2 ,-0.1446003657645178,-0.1446003657645178,3.4043037696382044,-0.0027781050098383,-1000.0,1000.0,0.0,984.1302195924932,-5.422666511944726,-0.2410006096075676,-0.0191967056183557,-3.996762444045999,-500.0991186195952,-1000.0,-0.0094733380836942,-0.1903160006902453,-0.1903160006902453,996.5956962303616,-0.0036564073138833,1000.0,-1000.0,1000.0,15.869780407506935,-7.137051128288135,-0.317193334483818,-0.0252657745393207,52.20864803929999,-499.9008813804048,1000.0,-0.0124683489405015, Neutralism,COVID
SRR12328921.bin.17.fbc2XSRR12328921.bin.16.fbc2 ,-0.0658685537863448,-0.0658685537863448,51.25381081571027,-0.0012654861437795,-1000.0,1000.0,324.9931154270853,-2.290354861415949,-2.470140368726448,-0.1097809229772792,-0.0087445092539155,40.492808447670086,-304.3581307651709,-1000.0,-0.0043153077505166,-0.1727936299603243,-0.1727936299603243,948.7461891842896,-0.0033197623431533,999.7407929562478,-1000.0,219.44046271611,37.84300560869792,-6.479943710441717,-0.2879893832672451,-0.0229395577911191,-72.25598850096321,-500.0,1000.0,-0.0113203895900824, Amensalism,COVID
SRR12328921.bin.17.fbc2XSRR12328921.bin.1.fbc2 ,-0.0882228009973005,-0.0882228009973005,971.7973337787516,-0.0016949625552342,-1000.0,1000.0,-92.42322204367986,-22.12189983686017,-3.3084482603400147,-0.1470380016621675,-0.0117121912562652,609.3298226899174,-499.68931304070577,-1000.0,-0.0057798223132294,-0.1521570966434637,-0.1521570966434637,28.202666221248364,-0.0029232871593194,0.0,0.0,177.41853451763177,963.7957862228238,-5.7060519049229015,-0.2535951610724396,-0.020199914270961,6.049423163517645,-500.31068695929423,0.0,-0.0099684092133429, Neutralism,COVID
SRR12328921.bin.17.fbc2XSRR12328921.bin.12.fbc2 ,-0.0882228009973005,-0.0882228009973005,349.1298874180641,-0.0016949625552342,1000.0,-1000.0,92.80488084581248,-5.131533035070106,-3.3084482603400147,-0.1470380016621675,-0.0117121912562652,336.2599435136126,-347.61345950622376,1000.0,-0.0057798223132294,-0.1716493823765859,-0.1716493823765859,650.8701125819359,-0.0032977787200252,-1000.0,999.7425094375416,381.07907627380587,1000.0,-6.437033216950226,-0.2860823039609386,-0.0227876509552515,39.16719680852793,-544.0022909878539,-999.7425094375416,-0.0112454254352769, Neutralism,COVID
SRR12328921.bin.1.fbc2XSRR12328921.bin.16.fbc2 ,-0.1521564923865526,-0.1521564923865526,28.15622273944382,-0.002923275550188,-1000.0,1000.0,177.41551336668726,963.7912968513854,-5.706029244651177,-0.2535941539775876,-0.0201998340517093,6.051715713695671,-500.31068572547247,-1000.0,-0.0099683696261081,-0.1731913836986223,-0.1731913836986223,971.8437772605562,-0.0033274041056756,999.7401962874314,-1000.0,-8.496892398206683,16.684142140811446,-6.494859895924492,-0.2886523061644084,-0.0229923623700187,-57.3681688636899,-499.68931427452753,1000.0,-0.0113464480002676, Neutralism,COVID
SRR12328921.bin.1.fbc2XSRR12328921.bin.12.fbc2 ,-0.1521474291091635,-0.1521474291091635,28.01555943503081,-0.0029231014237893,1000.0,-1000.0,177.50918514676823,963.8629467233404,-5.705689362170347,-0.2535790485152347,-0.0201986308385357,6.086101781464322,-500.31066721932217,1000.0,-0.0099677758552161,-0.0857765944182347,-0.0857765944182347,971.9844405649692,-0.0016479653106671,-1000.0,999.871326868546,-834.7930379597489,-469.64172633379735,-3.216712928775678,-0.1429609906970199,-0.0113874402964029,980.7764079150664,-499.6893327806778,-999.871326868546,-0.0056195617092953, Amensalism,COVID
SRR12328921.bin.16.fbc2XSRR12328921.bin.12.fbc2 ,-0.1733217171180285,-0.1733217171180285,975.0941496148178,-0.0033299081098903,999.7400007747824,-1000.0,52.552423184291,11.792645323339457,-6.499747536870018,-0.2888695285299718,-0.023009665039126,-54.13977966322443,-500.0,1000.0,-0.0113549866546236,-0.1707475451843265,-0.1707475451843265,24.905850385182248,-0.003280452357103,-1000.0,999.7438622799618,947.447576815709,234.60399856543472,-6.403213369293326,-0.2845792419739155,-0.0226679257872319,722.7490983852856,-500.0,-999.7438622799616,-0.0111863425374849, Neutralism,COVID
SRR12328924.bin.11.fbc2XSRR12328924.bin.17.fbc2 ,-0.1120060708194614,-0.1120060708194614,988.0187504144816,-0.0021518937717246,-1000.0,999.831980134302,-98.2908887134928,-604.2593672914993,-4.200346009885607,-0.1866767846989887,-0.0148695859627423,435.5349726485909,-222.36396369915315,-999.831980134302,-0.007337957761706,-0.156676218928851,-0.156676218928851,11.9812495855183,-0.0030101098737986,0.0,-0.2350293789426132,1000.0,709.6959490819004,-5.875523765874391,-0.2611270315480851,-0.0207998592276226,564.4650273514092,-198.9058404533129,0.2350293789426132,-0.0102644746694977, Amensalism,COVID
SRR12328924.bin.11.fbc2XSRR12328924.bin.10.fbc2 ,-0.1083592163394087,-0.1083592163394087,955.074706124762,-0.0020818293245383,-1000.0,999.8374507663444,-600.5899751562804,-361.2621590737215,-4.063585113341901,-0.1805986938990145,-0.0143854406321679,909.0244417393033,-470.21430292512105,-999.8374507663442,-0.0070990379964541,-0.0931865730742629,-0.0931865730742629,44.92529387523814,-0.0017903280129303,0.0,-0.139788811251492,1000.0,-67.2389717217361,-3.494594958327525,-0.1553109551238094,-0.0123711665695509,90.97555826069674,-506.2348404301865,0.139788811251492,-0.0061050185241811, Amensalism,COVID
SRR12328924.bin.11.fbc2XSRR12328924.bin.7.fbc2 ,-0.111648445561741,-0.111648445561741,984.0658684730174,-0.0021450229694437,-1000.0,999.8325166065426,-406.9619273909967,-442.8152420051422,-4.186934684827065,-0.1860807426028259,-0.0148221087191586,254.2730662374463,-393.1458338428531,-999.8325166065426,-0.0073145283259918,-0.0920127422662062,-0.0920127422662062,15.934131526982585,-0.0017677760281458,1000.0,-1000.0,-593.0380726090033,-557.1847579948578,-3.450575062663233,-0.1533545704436392,-0.0122153323546854,577.6263162982286,-606.8541661571469,1000.0,-0.0060281162560613, Amensalism,COVID
SRR12328924.bin.10.fbc2XSRR12328924.bin.16.fbc2 ,-0.1361857478531192,-0.1361857478531192,934.7295786404576,-0.0026164408809563,-1000.0,999.795708296016,909.901395274658,-940.4706361216392,-5.1071094487400615,-0.2269762464218274,-0.0180796064872765,1000.0,-503.4238400295023,-999.795708296016,-0.008922063404043,-0.0907315348971451,-0.0907315348971451,65.27042135954252,-0.0017431610931453,1000.0,-1000.0,90.09860472534206,-59.52936387836087,-3.4025284325044822,-0.151219224828651,-0.0120452431534658,0.0,-496.5761599704977,1000.0,-0.0059441793275709, Neutralism,COVID
SRR12328924.bin.7.fbc2XSRR12328924.bin.10.fbc2 ,-0.1863567531156604,-0.1863567531156604,955.074706124762,-0.0035803410780772,1000.0,-1000.0,0.0,-90.31265117022258,-6.9885751605959285,-0.3105945885261008,-0.0247401568497025,909.0244417393033,-493.7651595698133,1000.0,-0.0122089630763184,-0.0931865730742629,-0.0931865730742629,44.92529387523791,-0.0017903280129303,-1000.0,999.8602111887484,1000.0,-67.23897172173429,-3.494594958327525,-0.1553109551238094,-0.0123711665695509,90.97555826069674,-506.2348404301867,-999.8602111887484,-0.0061050185241811, Amensalism,COVID
SRR12328924.bin.17.fbc2XSRR12328924.bin.16.fbc2 ,-0.2335754967807588,-0.2335754967807588,999.4949016416558,-0.0044875215519368,-1000.0,999.6496143172212,957.2952742928916,584.4425776743719,-8.759327942964319,-0.3892924946346738,-0.0310087739242135,837.2498162541156,-500.0,-999.6496143172212,-0.0153024484923207,-0.0907315348971451,-0.0907315348971451,0.5050983583440711,-0.0017431610931453,1000.0,-1000.0,42.70472570710831,-60.00925612729907,-3.4025284325044822,-0.151219224828651,-0.0120452431534658,162.75018374588444,-498.97862758701694,1000.0,-0.0059441793275709, Neutralism,COVID
SRR12328924.bin.17.fbc2XSRR12328924.bin.10.fbc2 ,-0.1941142628844545,-0.1941142628844545,492.747526527596,-0.0037293806509524,0.0,-0.2911900412299246,855.6439583505551,643.615263936046,-7.279489974101352,-0.3235237714740151,-0.0257700202984096,0.0,-491.39410677521175,0.2911900412299246,-0.0127171880199057,-0.1344169708437448,-0.1344169708437448,507.25247347240406,-0.0025824586136877,-1000.0,999.7983616314414,144.35604164944493,-982.9188181667388,-5.040778441862699,-0.224028284739461,-0.017844789020728,1000.0,-508.60589322478825,-999.7983616314414,-0.0088061838727071, Amensalism,COVID
SRR12328924.bin.7.fbc2XSRR12328924.bin.16.fbc2 ,-0.1905982063038891,-0.1905982063038891,999.4949016416558,-0.0036618291317154,-1000.0,1000.0,-1000.0,339.92954892958414,-7.147634136999841,-0.3176636771731864,-0.0253032392998875,795.3724565871821,-503.6387073921665,-1000.0,-0.0124868373389972,-0.0907315348971451,-0.0907315348971451,0.5050983583440711,-0.0017431610931453,1000.0,-1000.0,0.0,-60.00925612729907,-3.4025284325044822,-0.151219224828651,-0.0120452431534658,204.6275434128179,-496.3612926078335,1000.0,-0.0059441793275709, Neutralism,COVID
SRR12328924.bin.7.fbc2XSRR12328924.bin.17.fbc2 ,-0.1906438191945199,-0.1906438191945199,1000.0,-0.0036627054599875,1000.0,-1000.0,-1000.0,838.6376339522781,-7.149344668594495,-0.3177396986575331,-0.0253092947287996,960.7420398260972,-1000.0,1000.0,-0.0124898256186725,-0.1557432197354273,-0.1557432197354273,0.0,-0.0029921848172307,-1000.0,999.7663702094728,1000.0,161.3623660477219,-5.840535310241876,-0.2595720328922652,-0.0206759970868688,39.2579601739028,0.0,-999.7663702094728,-0.0102033502266749, Amensalism,COVID
SRR12328924.bin.11.fbc2XSRR12328924.bin.16.fbc2 ,-0.1128699030840607,-0.1128699030840607,999.4949016416558,-0.0021684899727461,-1000.0,999.830684302924,-366.8425138846623,-126.3092472905978,-4.23274063260294,-0.1881165051402149,-0.0149842657120871,717.865113596129,-499.81473683902266,-999.830684302924,-0.0073945508072483,-0.0907315348971451,-0.0907315348971451,0.5050983583440711,-0.0017431610931453,1000.0,-1000.0,0.0,-60.00925612729907,-3.4025284325044822,-0.151219224828651,-0.0120452431534658,282.1348864038709,-500.1852631609773,1000.0,-0.0059441793275709, Neutralism,COVID
SRR12328925.bin.6.fbc2XSRR12328925.bin.2.fbc2 ,-0.066173395434248,-0.066173395434248,10.486188402478092,-0.0012713428517372,-1000.0,1000.0,208.62226877272155,-17.08706829378059,-2.4815722526404898,-0.1102889923903376,-0.0087849791057124,8.422114547795786,-11.238216304454568,-1000.0,-0.0043352791244615,-0.0867636898642558,-0.0867636898642558,989.513811597522,-0.0016669296803684,1000.0,-1000.0,791.3777312272784,-982.9129317062194,-3.253730051039838,-0.1446061497737218,-0.0115184840914253,967.503036981088,-338.604783696914,1000.0,-0.0056842302101358, Neutralism,COVID
SRR12328930.bin.6.fbc2XSRR12328930.bin.8.fbc2 ,-0.0737978152874347,-0.0737978152874347,765.7500776598511,-0.0014178254617718,-1000.0,999.7940892081808,-557.7769683572067,-188.0435925737595,-2.76749605367786,-0.1229963588123155,-0.0097971739411377,-7.318040308368381,0.0,-999.7940892081808,-0.0048347848247658,-0.1779332803362194,-0.1779332803362194,234.2499223401489,-0.003418506826847,999.5035302535402,-1000.0,941.319140977262,964.2022648156704,-6.672686030483874,-0.2965554672269945,-0.0236218821733018,10.631510076627364,-1000.0,1000.0,-0.0116571082794507, Competition,COVID
SRR12328930.bin.8.fbc2XSRR12328930.bin.10.fbc2 ,-0.1794178270566817,-0.1794178270566817,252.2541694386257,-0.0034470283776499,-1000.0,999.499388068714,784.2479022753696,787.5755443534281,-6.728358101188064,-0.2990297117612499,-0.0238189660896068,171.15832095324097,-999.861422700688,-999.4993880687138,-0.0117543667678319,-0.0678674108880841,-0.0678674108880841,747.7458305613743,-0.0013038887778975,1000.0,-1000.0,-666.933242381006,-1000.0,-2.545099622187763,-0.1131123514802538,-0.0090098714550777,749.2079983979902,-0.1385772993120326,1000.0,-0.0044462607324931, Amensalism,COVID
SRR12328930.bin.6.fbc2XSRR12328930.bin.12.fbc2 ,-0.1160354730260451,-0.1160354730260451,969.0377899217694,-0.0022293078391157,-1000.0,999.6762376225248,-703.5986742612641,304.97465308455617,-4.351452850408805,-0.1933924550434085,-0.0154045171683492,114.0752541551335,0.0,-999.6762376225248,-0.0076019397314439,-0.0909249534581704,-0.0909249534581704,30.962210078230555,-0.0017468771077346,999.863603835427,-1000.0,1000.0,-13.319976608812569,-3.4097818329220217,-0.1515415890969507,-0.0120709208144944,885.9247458448665,-865.2058866858146,1000.0,-0.005956850937423, Amensalism,COVID
SRR12328930.bin.9.fbc2XSRR12328930.bin.8.fbc2 ,-0.0645518347673714,-0.0645518347673714,460.51247198604005,-0.0012401889484863,-1000.0,999.903166046904,-745.6049946933938,-831.0335762467157,-2.420762014170577,-0.1075863912790282,-0.0085697056338176,728.1212176029371,-94.74559837190816,-999.9031660469042,-0.0042290443142292,-0.1580752728698371,-0.1580752728698371,539.48752801396,-0.0030369889119583,405.8885270305186,0.0968339530958246,981.176555841044,-168.9664237532843,-5.927989767007489,-0.2634587881162815,-0.0209855933819653,271.8787823970629,-905.2544016280918,-0.0968339530958246,-0.0103561321899405, Competition,COVID
SRR12328930.bin.6.fbc2XSRR12328930.bin.9.fbc2 ,0.0,0.0,0.0,0.0,-1000.0,1000.0,0.0,0.0,0.0,0.0,0.0,0.0,0.0,-1000.0,0.0,-0.1420045495211752,-0.1420045495211752,1000.0,-0.0027282334201572,999.7869795345512,-1000.0,-1000.0,-398.5225358119149,-5.325320659882323,-0.2366742492019966,-0.0188520929335709,188.2631142004113,-213.80393954791495,1000.0,-0.0093032759629068, Amensalism,COVID
SRR12328930.bin.9.fbc2XSRR12328930.bin.10.fbc2 ,-0.1420045495211752,-0.1420045495211752,1000.0,-0.0027282334201572,-1000.0,999.7869795345512,-1000.0,-398.5225358119151,-5.325320659882323,-0.2366742492019966,-0.0188520929335709,188.2631142004113,-213.80393954791495,-999.7869795345512,-0.0093032759629068,0.0,0.0,0.0,0.0,1000.0,-1000.0,0.0,0.0,0.0,0.0,0.0,0.0,0.0,1000.0,0.0, Amensalism,COVID
SRR12328930.bin.12.fbc2XSRR12328930.bin.10.fbc2 ,-0.1022219567269075,-0.1022219567269075,255.29745122819557,-0.0019639184770312,-1000.0,999.8466572453171,0.0,-10.025892201326542,-3.833431392776333,-0.1703699278782551,-0.013570676675954,255.2082283049217,-511.39225902291,-999.8466572453171,-0.0066969620064583,-0.0675498640927116,-0.0675498640927116,744.7025487718045,-0.0012977879748632,1000.0,-1000.0,-659.4893620708779,-989.9741077986736,-2.533191281815675,-0.1125831068211482,-0.0089677149064755,744.7917716950783,-2.071918501902701,1000.0,-0.0044254569943404, Amensalism,COVID
SRR12328930.bin.8.fbc2XSRR12328930.bin.12.fbc2 ,-0.1906363350866513,-0.1906363350866513,391.2662255179932,-0.0036625616730816,999.4680861682108,-1000.0,889.1559705617365,840.7203428671241,-7.149064006641538,-0.317727225144381,-0.0253083011613171,115.43326343732816,-986.5739260818086,1000.0,-0.0124893353054176,-0.120471237909669,-0.120471237909669,608.7337744820068,-0.0023145290664388,-1000.0,999.81928157049,110.84402943826352,-351.80610569652004,-4.5177987207125625,-0.200785396516153,-0.0159933958492501,884.5667365626718,-13.426073918191378,-999.81928157049,-0.0078925441166575, Competition,COVID
SRR12328930.bin.6.fbc2XSRR12328930.bin.10.fbc2 ,-0.1160354730260451,-0.1160354730260451,969.03778992177,-0.0022293078391157,-1000.0,999.6762376225248,-703.5986742612624,304.974653084553,-4.351452850408805,-0.1933924550434085,-0.0154045171683492,114.07525415513236,0.0,-999.6762376225248,-0.0076019397314439,-0.002810212972804,-0.002810212972804,30.962210078229877,-5.39906430958581e-05,1000.0,-1000.0,-27.61597098208165,-62.087473518307206,-0.1053859559644934,-0.0046836882879688,-0.0003730753437594,31.022754645483477,-0.0057381255475092,1000.0,-0.0001841080929807, Amensalism,COVID
SRR12328930.bin.9.fbc2XSRR12328930.bin.12.fbc2 ,-0.1379899156385136,-0.1379899156385136,971.7288361799168,-0.0026511030862366,-1000.0,999.7930018710268,-1000.0,-378.81101647448247,-5.174767647112276,-0.2299831927307423,-0.01831912232592,174.49587341607457,-207.7594533475769,-999.7930018710268,-0.0090402615240918,-0.0906876186137424,-0.0906876186137424,28.271163820083306,-0.0017423173604811,999.8639598604929,-1000.0,1000.0,-48.47975405448142,-3.4008815254685487,-0.1511460310227903,-0.0120394129610303,699.7280068368536,-509.6509049378581,1000.0,-0.0059413021992895, Amensalism,COVID
SRR12328932.bin.8.fbc2XSRR12328932.bin.12.fbc2 ,-0.0902082349217607,-0.0902082349217607,999.8878191309054,-0.0017331072991737,-1000.0,1000.0,-1000.0,-565.4636807920824,-3.382904130466045,-0.1503470582028967,-0.0119757714372781,997.2170811219748,-4.526165691435608,-1000.0,-0.0059098958901131,-0.0870974677264939,-0.0870974677264939,0.1121808690945727,-0.0016733423194636,999.8693454316984,-1000.0,105.44733960136364,984.7784750581272,-3.266247073570071,-0.1451624462107474,-0.0115627954272667,2.782918878025157,-501.2899795940504,1000.0,-0.0057060973092575, Neutralism,COVID
SRR12328937.bin.7.fbc2XSRR12328937.bin.1.fbc2 ,-0.0882715663673252,-0.0882715663673252,9.05471136498602,-0.0016958994499418,-1000.0,999.867584170952,764.2659509107482,-28.21011770845371,-3.3102770132455817,-0.1471192772788754,-0.0117186651988276,19.751268299735106,-341.64784624144886,-999.8675841709518,-0.0057830171241448,-0.0424315903323986,-0.0424315903323986,990.945288635014,-0.0008152082676815,1000.0,-1000.0,235.7340490892518,-503.424467007244,-1.5912294739194977,-0.0707193172206643,-0.0056330891296738,18.375576273951765,-248.1978078227121,1000.0,-0.0027798601927315, Neutralism,COVID
SRR12328940.bin.12.fbc2XSRR12328940.bin.2.fbc2 ,-0.1727130712714597,-0.1727130712714597,1000.0,-0.0033182146257786,1000.0,-1000.0,697.9129038343249,484.5271873214556,-6.4769226744831485,-0.2878551187857283,-0.0229288630640667,-3.2201282014342496,-0.0647715494950489,1000.0,-0.0113151118738414,-0.0876937178501293,-0.0876937178501293,0.0,-0.0016847976531835,-1000.0,999.8684509992364,302.0870961656751,515.4728126785444,-3.288607083251918,-0.1461561964168822,-0.0116419517837584,1000.0,-500.164520490837,-999.8684509992364,-0.0057451599974456, Amensalism,COVID
SRR12328940.bin.12.fbc2XSRR12328940.bin.14.fbc2 ,-0.158918130071811,-0.158918130071811,1000.0,-0.0030531821339536,1000.0,-1000.0,682.1052012039643,330.30397826466924,-5.959597802711414,-0.264863550119685,-0.0210974885455925,-2.9629300700656813,-0.0595981152546301,1000.0,-0.0104113510767547,-0.0882163400915487,-0.0882163400915487,0.0,-0.0016948384263741,-1000.0,999.7538586153412,-98.55672810913096,669.6960217353308,-3.308205969544701,-0.1470272334858009,-0.0117113335260228,961.3566330794038,-325.75762209215327,-999.7538586153412,-0.0057793990338268, Amensalism,COVID
SRR12328940.bin.14.fbc2XSRR12328940.bin.2.fbc2 ,-0.1769868413598487,-0.1769868413598487,1000.0,-0.003400323561209,-1000.0,999.5061710092086,-1000.0,11.863176217264597,-6.63719356879119,-0.2949780689331192,-0.0234962358077837,-44.53904452218944,-499.809841087673,-999.5061710092084,-0.0115951033436658,-0.101359666017629,-0.101359666017629,0.0,-0.0019473518927952,0.0,-0.1520492357858529,0.0,988.1368237827356,-3.801094580014933,-0.1689327766960104,-0.013456201578947,1000.0,-500.190158912327,0.1520492357858529,-0.0066404699542772, Amensalism,COVID
SRR12328950.bin.12.fbc2XSRR12328950.bin.35.fbc2 ,-0.0889537101614905,-0.0889537101614905,6.125919871376482,-0.0017090049982471,999.8665608897328,-1000.0,1000.0,-748.8061036070385,-3.335858126329072,-0.1482561836023705,-0.0118092245382968,733.0876117876487,-819.5805220520563,1000.0,-0.0058277070442045,-0.2707666969131423,-0.2707666969131423,993.8740801286236,-0.0052020498926594,-1000.0,999.5938239443808,-1000.0,660.469907220446,-10.154037246987857,-0.4512778281886085,-0.035946164758343,60.76465422508636,-48.030735914481625,-999.5938239443808,-0.0177389901340347, Neutralism,COVID
SRR12328950.bin.19.fbc2XSRR12328950.bin.12.fbc2 ,-0.1383792091206714,-0.1383792091206714,992.938874140942,-0.0026585823078448,-1000.0,1000.0,-1000.0,-484.6338622161668,-5.189366564052534,-0.2306320152010812,-0.0183708037468477,490.192874747296,-253.74168931146076,-1000.0,-0.0090657656695611,-0.0889537101614905,-0.0889537101614905,7.061125859058052,-0.0017090049982471,999.8665608897328,-1000.0,584.8940767176416,-515.3661377838332,-3.3358581263291853,-0.1482561836023705,-0.0118092245382968,509.80712525270405,-500.1499822786507,1000.0,-0.0058277070442045, Neutralism,COVID
SRR12328950.bin.19.fbc2XSRR12328950.bin.2.fbc2 ,-0.1383776811572943,-0.1383776811572943,978.1438500820012,-0.0026585529520843,-1000.0,1000.0,-1000.0,-403.478636638304,-5.189309263811083,-0.2306294685954526,-0.0183706008990611,977.9680120747375,-250.05189495362515,-1000.0,-0.0090656655667089,-0.0018782873380587,-0.0018782873380587,21.856149917998664,-3.608621204875817e-05,999.9947591994214,-1000.0,1.758165961113605,-0.3262695169208882,-0.0704377599201961,-0.0031304788968782,-0.0002493557253728,22.031987925262456,-271.75252781875474,1000.0,-0.0001230539832022, Amensalism,COVID
SRR12328950.bin.19.fbc2XSRR12328950.bin.35.fbc2 ,-0.1383792091206714,-0.1383792091206714,978.1796990016916,-0.0026585823078448,1000.0,-1000.0,-115.5524361725196,-598.2549041775834,-5.189366564052534,-0.2306320152010812,-0.0183708037468477,856.2103503711546,-250.0518955266482,1000.0,-0.0090657656695611,-0.2591238376703586,-0.2591238376703586,21.820300998308312,-0.0049783638361304,-1000.0,999.6112893516752,-465.29369379005846,1000.0,-9.717417722649998,-0.4318730627840068,-0.0344004941076718,143.78964962884538,0.0222035027090896,-999.6112893516752,-0.0169762206811583, Neutralism,COVID
SRR12328950.bin.33.fbc2XSRR12328950.bin.35.fbc2 ,-0.1246303063248888,-0.1246303063248888,1000.0,-0.0023944343193988,999.8130425683412,-1000.0,270.10973677853053,-504.46539253442177,-4.673768181069477,-0.2077171772081101,-0.0165455411470247,765.263342852887,-500.0,1000.0,-0.0081650210291854,-0.2602109060993598,-0.2602109060993598,0.0,-0.0049992489164196,-1000.0,999.6096586446064,-416.1772506128509,1000.0,-9.758183937415424,-0.4336848434988951,-0.0345448100124485,132.83455553125896,0.0222966501671635,-999.6096586446064,-0.0170474388049797, Neutralism,COVID
SRR12328950.bin.19.fbc2XSRR12328950.bin.23.fbc2 ,-0.0771501865522168,-0.0771501865522168,324.1268188798383,-0.0014822322103782,1000.0,-1000.0,-899.5430722937274,-64.51629137279235,-2.8932135184796834,-0.1285836442536947,-0.0102422245739717,63.95183923089462,-250.0289331727473,1000.0,-0.0050544118374773,-0.3571771488433342,-0.3571771488433342,675.8731811201617,-0.0068621930613517,-1000.0,999.4641999657696,-100.4569277062726,415.56698734610586,-13.39452050224429,-0.5952952480722615,-0.0474177540539813,936.0481607691054,-749.9710668272527,-999.4641999657696,-0.0234000783392502, Amensalism,COVID
SRR12328950.bin.33.fbc2XSRR12328950.bin.2.fbc2 ,-0.0841668683113994,-0.0841668683113994,54.47354100897656,-0.0016170387764304,999.873741612339,-1000.0,1000.0,-7.879741020243728,-3.156346498810308,-0.1402781138523323,-0.0111737379448868,40.5282066865334,-5.7469275131322775,1000.0,-0.0055141022274938,-0.0812572380048095,-0.0812572380048095,945.5264589910234,-0.0015611380980544,-1000.0,999.7732759140164,-315.11931359979224,-14.114858388562991,-3.047232287777547,-0.1354287300081296,-0.0107874642577598,953.1334478242804,-994.2530724868676,-999.7732759140164,-0.0053234809143987, Amensalism,COVID
SRR12328950.bin.35.fbc2XSRR12328950.bin.2.fbc2 ,-0.2599477861626837,-0.2599477861626837,0.0,-0.004994193778316,-1000.0,999.610053349787,-339.61232907138947,1000.0,-9.748316661758963,-0.4332463102712154,-0.0345098790083966,91.02266149315756,0.0,-999.6100533497872,-0.01703020078412,-0.0846483099011266,-0.0846483099011266,1000.0,-0.0016262883746094,999.763814139348,-1000.0,-660.3876709286105,-59.746834616690535,-3.174401067152985,-0.1410805165019155,-0.0112376526689104,908.9773385068424,-1000.0,1000.0,-0.00554564335755, Neutralism,COVID
SRR12328950.bin.23.fbc2XSRR12328950.bin.35.fbc2 ,-0.3454782355997849,-0.3454782355997849,1000.0,-0.0066374300787401,-1000.0,999.48174945945,810.7627939903593,196.09052740305856,-12.955798893645465,-0.5757970593328992,-0.0458646418442185,1000.0,-881.4986420887534,-999.48174945945,-0.022633636568571,-0.1962733284792648,-0.1962733284792648,0.0,-0.0037708612579763,0.0,-0.2944288470251877,142.97701888422262,515.2018447867397,-7.360457215340375,-0.3271222141320322,-0.0260566512928335,0.0,-118.5013579112466,0.2944288470251877,-0.0128586368897458, Competition,COVID
SRR12328950.bin.33.fbc2XSRR12328950.bin.23.fbc2 ,-0.0862661283055103,-0.0862661283055103,93.10353641245185,-0.0016573703804851,999.87059252069,-1000.0,1000.0,-36.97827067330991,-3.2350709668269246,-0.1437768805091082,-0.0114524293293243,0.0,-191.2852986491621,1000.0,-0.0056516329975693,-0.3809783195135878,-0.3809783195135878,906.8964635875482,-0.0073194681942823,-1000.0,999.4284959233888,0.0,192.30627219472808,-14.287089552511247,-0.6349638658559797,-0.0505775252227067,1000.0,-808.7147013508379,-999.4284959233886,-0.0249593865426049, Amensalism,COVID
SRR12328950.bin.19.fbc2XSRR12328950.bin.33.fbc2 ,-0.1353241766256587,-0.1353241766256587,945.5264589910234,-0.0025998881195619,1000.0,-1000.0,-368.9230368356528,-487.0457104426637,-5.074799617310532,-0.2255402943761737,-0.01796522690654,959.4717933134688,-250.0507498160948,1000.0,-0.0088656184879027,-0.0841668683113994,-0.0841668683113994,54.47354100897656,-0.0016170387764304,-1000.0,999.873741612339,1000.0,-7.879741020243955,-3.156346498810308,-0.1402781138523323,-0.0111737379448868,40.52820668653135,-5.7469275131322775,-999.873741612339,-0.0055141022274938, Amensalism,COVID
SRR12328950.bin.12.fbc2XSRR12328950.bin.2.fbc2 ,-0.0889537101614905,-0.0889537101614905,6.125919871376595,-0.0017090049982471,-1000.0,999.8665608897328,754.5492387389031,-25.49151000959785,-3.3358581263291853,-0.1482561836023705,-0.0118092245382968,9.773018190206358,-334.7705933732124,-999.8665608897328,-0.0058277070442045,-0.0807857817752619,-0.0807857817752619,993.8740801286236,-0.0015520803415256,999.7745913720036,-1000.0,-343.51221356823737,-175.53372119424375,-3.029552180989299,-0.1346429696253608,-0.0107248751597808,669.9785047379262,-665.2294066267876,1000.0,-0.0052925939645547, Neutralism,COVID
SRR12328950.bin.23.fbc2XSRR12328950.bin.2.fbc2 ,-0.3724763584992843,-0.3724763584992843,775.1887777696872,-0.0071561260037924,-1000.0,999.4412496816212,-868.2970042202747,382.3935045151379,-13.96825703065133,-0.6207939308320647,-0.0494488306864013,1000.0,-833.182986866606,-999.4412496816212,-0.0244023896730141,-0.016102524107282,-0.016102524107282,224.81122223031275,-0.0003093664573725,999.9550707093928,-1000.0,-131.70299577972526,-115.1136101823114,-0.6038616691803327,-0.0268375401789171,-0.0021377222205956,0.0,-100.18149292589452,1000.0,-0.0010549396197347, Amensalism,COVID
SRR12328950.bin.23.fbc2XSRR12328950.bin.12.fbc2 ,-0.3836251918738753,-0.3836251918738753,993.8740801286232,-0.0073703206892332,-1000.0,999.424525360586,125.69188465327534,-6.791935401656815,-14.386350062908264,-0.6393753197897922,-0.0509289159624586,1000.0,-664.4149884442703,-999.4245253605858,-0.0251327935502558,-0.0889537101614905,-0.0889537101614905,6.125919871376709,-0.0017090049982471,999.8665608897328,-1000.0,766.4077223396398,-17.029623364035388,-3.3358581263291853,-0.1482561836023705,-0.0118092245382968,0.0,-335.5850115557297,1000.0,-0.0058277070442045, Neutralism,COVID
SRR12328950.bin.33.fbc2XSRR12328950.bin.12.fbc2 ,-0.1160699208869573,-0.1160699208869573,993.66174480261,-0.0022299696615846,999.8258839688216,-1000.0,220.0287632550176,-436.8690509224849,-4.352744681591048,-0.1934498681448531,-0.0154090903617998,574.4518229912624,-443.831990144384,1000.0,-0.0076041965461399,-0.0889537101614905,-0.0889537101614905,6.33825519739014,-0.0017090049982471,-1000.0,999.8665608897328,779.9712367449824,-438.2939742639364,-3.3358581263291853,-0.1482561836023705,-0.0118092245382968,425.5481770087376,-556.168009855616,-999.8665608897328,-0.0058277070442045, Neutralism,COVID
SRR12328953.bin.23.fbc2XSRR12328953.bin.14.fbc2 ,-0.0839993556983245,-0.0839993556983245,187.40335077838856,-0.0016138204745175,0.0,0.0,11.591783331243503,756.9667492183194,-3.1500645988128326,-0.139998926163912,-0.0111514994788421,234.8352201469679,2.976933938307297,0.0,-0.0055031278180877,-0.0846486655375429,-0.0846486655375429,812.5966492216114,-0.001626295207302,-1000.0,1000.0,418.4845807352317,-1000.0,-3.174414403892797,-0.1410811092291624,-0.0112376998821446,765.1647798530321,-1000.0,-1000.0,-0.0055456666567579, Neutralism,COVID
SRR12328953.bin.11.fbc2XSRR12328953.bin.6.fbc2 ,-0.0888468493175196,-0.0888468493175196,967.3216518754296,-0.00170695195618,-1000.0,999.866721191264,1000.0,-771.8588213797918,-3.3318507317626427,-0.1480780821957523,-0.0117950380169986,772.099637698826,-438.11133510325817,-999.866721191264,-0.0058207061704251,-0.1285261676766822,-0.1285261676766822,32.67834812457045,-0.0024692827603303,1000.0,-1000.0,0.0,1000.0,-4.819867098427835,-0.2142102794612128,-0.0170627438741348,227.90036230117403,-561.8886648967418,1000.0,-0.008420254212865, Neutralism,COVID
SRR12328953.bin.21.fbc2XSRR12328953.bin.11.fbc2 ,-0.1676343970129892,-0.1676343970129892,966.054404978648,-0.0032206416333337,1000.0,-1000.0,1000.0,1000.0,-6.286467023278647,-0.2793906616883532,-0.0222546336860887,-521.0879637865562,-252.74929540581505,1000.0,-0.0109823879695341,-0.0888468493175196,-0.0888468493175196,33.94559502135189,-0.00170695195618,-820.8852758556939,1000.0,-195.84350721152305,-27.89864467502593,-3.3318507317626427,-0.1480780821957523,-0.0117950380169986,39.37531675050559,-380.9759549595578,-1000.0,-0.0058207061704251, Neutralism,COVID
SRR12328953.bin.9.fbc2XSRR12328953.bin.21.fbc2 ,-0.0038064014547671,-0.0038064014547671,33.40350235289043,-7.312971092687803e-05,-1000.0,999.9942900321694,96.88444384816968,534.229789959672,-0.1427440766867675,-0.0063440024246119,-0.0005053263026866,-1.1693470032141704,-655.8348398125775,-999.9942900321694,-0.0002493723143288,-0.1649573669728852,-0.1649573669728852,966.5964976471096,-0.0031692097401219,1000.0,-1000.0,903.1155561518304,465.770210040328,-6.186075568018964,-0.2749289449548087,-0.0218992393041617,-594.2045098811934,-190.48624492361532,1000.0,-0.0108070052137918, Amensalism,COVID
SRR12328953.bin.21.fbc2XSRR12328953.bin.23.fbc2 ,-0.0838171985064946,-0.0838171985064946,990.3634831370408,-0.0016103208166668,-1000.0,1000.0,269.6953803340248,16.03513464232151,-3.1432335116393237,-0.1396953308442334,-0.0111273168430443,-59.17204356813136,-5.900181323377069,-1000.0,-0.005491193984767,-0.0839993556983245,-0.0839993556983245,9.636516862958956,-0.0016138204745175,1000.0,-1000.0,-1000.0,983.9648653576784,-3.1500645988128326,-0.139998926163912,-0.0111514994788421,110.90175050115477,-0.1715168400310176,1000.0,-0.0055031278180877, Amensalism,COVID
SRR12328953.bin.11.fbc2XSRR12328953.bin.23.fbc2 ,-0.0888468493175196,-0.0888468493175196,59.95692407256274,-0.00170695195618,-1000.0,999.866721191264,34.040594772208124,-53.99707386108139,-3.3318507317626427,-0.1480780821957523,-0.0117950380169986,35.26194657215251,-505.86156268297015,-999.866721191264,-0.0058207061704251,-0.0839993556983245,-0.0839993556983245,940.0430759274371,-0.0016138204745175,1000.0,-1000.0,-1000.0,-720.3364327857471,-3.1500645988128326,-0.139998926163912,-0.0111514994788421,964.7380534278476,-2.6176517194651296,1000.0,-0.0055031278180877, Neutralism,COVID
SRR12328953.bin.6.fbc2XSRR12328953.bin.5.fbc2 ,-0.1283780217172534,-0.1283780217172534,47.36749438646143,-0.0024664365363378,1000.0,-1000.0,-796.4961835450382,1000.0,-4.814311468404981,-0.213963369528642,-0.0170430764661659,4.548219962680378,-513.3091505260006,1000.0,-0.0084105485889267,-0.1286120359043252,-0.1286120359043252,952.6325056135386,-0.002470932486176,-1000.0,999.807069591481,768.5816072751459,-649.8377809357634,-4.823087247700414,-0.2143533931739512,-0.0170741434793626,995.4517800373196,-0.2171331922208992,-999.807069591481,-0.0084258797777465, Neutralism,COVID
SRR12328953.bin.11.fbc2XSRR12328953.bin.5.fbc2 ,-0.0887768661098107,-0.0887768661098107,24.586748805081243,-0.0017056074181027,1000.0,-972.7820021030489,384.9878214566934,-45.30599867757462,-3.329226287524193,-0.1479614435162375,-0.0117857472587274,0.0,-340.98742784264346,972.7820021030489,-0.0058161212955383,-0.1174818669929891,-0.1174818669929891,975.4132511949188,-0.002257096388007,-1000.0,999.8237659140286,615.0121785433066,-647.1218396350738,-4.40569415253708,-0.1958031116548682,-0.015596536040789,1000.0,-0.1983423450914188,-999.8237659140286,-0.0076966986829347, Neutralism,COVID
SRR12328953.bin.9.fbc2XSRR12328953.bin.23.fbc2 ,-0.1139125096656243,-0.1139125096656243,999.6519888634072,-0.0021885208388994,-1000.0,1000.0,0.0,861.7114332396766,-4.271839481108714,-0.1898541827761164,-0.0151226789969314,961.548093736572,-744.4352013226948,-1000.0,-0.0074628560606697,-0.0037109400351482,-0.0037109400351482,0.3480111365927314,-7.129567791253066e-05,1000.0,-1000.0,-1000.0,43.73513228052593,-0.1391641725790577,-0.0061849000585425,-0.0004926531343016,4.964317874499216,-22.18243851104637,1000.0,-0.0002431182616646, Amensalism,COVID
SRR12328953.bin.21.fbc2XSRR12328953.bin.14.fbc2 ,-0.1413478933268379,-0.1413478933268379,344.143236425454,-0.0027156175470963,-1000.0,1000.0,858.6731054680529,931.1055975151916,-5.300695358721896,-0.2355798222114344,-0.0187649172504507,-426.04725553553817,-228.67676695878583,-1000.0,-0.0092602558356702,-0.0846486655375429,-0.0846486655375429,655.856763574546,-0.001626295207302,1000.0,-1000.0,67.55107412377856,-1000.0,-3.174414403892797,-0.1410811092291624,-0.0112376998821446,354.203726258849,-321.47779297787747,1000.0,-0.0055456666567579, Amensalism,COVID
SRR12328953.bin.5.fbc2XSRR12328953.bin.14.fbc2 ,-0.1108608831582387,-0.1108608831582387,342.33916078948255,-0.0021298920876233,-1000.0,999.8336980258024,1000.0,-141.1644850088759,-4.157400262500119,-0.1847681385971782,-0.0147175543251023,847.9362309322883,-0.1871642671956124,-999.8336980258022,-0.0072629320186479,-0.0836775791786976,-0.0836775791786976,657.6608392105175,-0.0016076384088137,1000.0,-1000.0,0.0,-812.4187691056372,-3.1379976393116067,-0.1394626319644203,-0.0111087814049142,152.06376906771175,-328.1898132109102,1000.0,-0.0054820469740661, Amensalism,COVID
SRR12328953.bin.21.fbc2XSRR12328953.bin.6.fbc2 ,-0.0843742892849377,-0.0843742892849377,981.1129485378706,-0.0016210238095482,-1000.0,1000.0,271.26596718990504,-368.9859777217517,-3.164125004493826,-0.1406238154748962,-0.0112012745237279,-68.91399408010841,-0.1722824104745086,-1000.0,-0.0055276911904229,-0.1278794908869258,-0.1278794908869258,18.88705146212942,-0.0024568586145505,1000.0,-1000.0,191.4081793156681,995.4147401990922,-4.795616035485523,-0.2131324848115809,-0.0169768930264808,23.3768668957332,-500.2611149335536,1000.0,-0.0083778878755538, Amensalism,COVID
SRR12328953.bin.6.fbc2XSRR12328953.bin.14.fbc2 ,-0.1285261676766822,-0.1285261676766822,19.62867436168142,-0.0024692827603303,-1000.0,1000.0,576.1865902856102,994.7454403644384,-4.819867098427835,-0.2142102794612128,-0.0170627438741348,387.6031693249784,-587.9955648110787,-1000.0,-0.008420254212865,-0.0846486655375429,-0.0846486655375429,840.2291972529879,-0.001626295207302,0.0,0.0,351.04884711011164,-1000.0,-3.174414403892797,-0.1410811092291624,-0.0112376998821446,164.75623238878163,-412.0044351889213,0.0,-0.0055456666567579, Neutralism,COVID
SRR12328953.bin.9.fbc2XSRR12328953.bin.14.fbc2 ,-0.0662547581706576,-0.0662547581706576,359.39199996169737,-0.0012729060167657,-1000.0,999.900611498214,1000.0,1000.0,-2.4846234412301555,-0.1104245969511339,-0.0087957805756104,-0.7963809203042729,-680.3366063751972,-999.900611498214,-0.0043406095170439,-0.0836775791786976,-0.0836775791786976,640.6080000383026,-0.0016076384088137,1000.0,-1000.0,0.0,-1000.0,-3.1379976393116067,-0.1394626319644203,-0.0111087814049142,362.53416138448665,-319.6633936248028,1000.0,-0.0054820469740661, Amensalism,COVID
SRR12328953.bin.21.fbc2XSRR12328953.bin.5.fbc2 ,-0.1492326228404863,-0.1492326228404863,535.9994206278511,-0.0028671013034227,1000.0,-1000.0,394.1438974892876,492.5912610268374,-5.59638104709029,-0.2487210380675151,-0.0198116700063337,-332.9366054067823,-143.26602974200864,1000.0,-0.0097768154445248,-0.1186365042759689,-0.1186365042759689,464.0005793721489,-0.0022792796210069,-1000.0,999.822033847188,605.8561025107124,-139.99579315449637,-4.448994270729145,-0.1977275071266149,-0.015749822181533,1000.0,155.0468992352869,-999.822033847188,-0.0077723435077814, Amensalism,COVID
SRR12328953.bin.9.fbc2XSRR12328953.bin.11.fbc2 ,-0.114926609990448,-0.114926609990448,990.7157151514892,-0.0022080040344008,999.8275990449944,-1000.0,-934.9855045356458,59.18682878441723,-4.309869314865182,-0.1915443499841558,-0.0152573078777322,994.1125338825976,-269.01058221291214,1000.0,-0.0075292937573294,-0.0882364159571125,-0.0882364159571125,9.284284848510538,-0.0016952241297758,-0.3944648712837306,1000.0,268.3482638482856,-25.50887661734987,-3.308958835720091,-0.147060693261892,-0.0117139987370364,-4.846849214051758,-584.3137124409319,-1000.0,-0.0057807142826504, Neutralism,COVID
SRR12328953.bin.9.fbc2XSRR12328953.bin.6.fbc2 ,-0.0700428665344361,-0.0700428665344361,987.511374020326,-0.0013456842754067,-1000.0,1000.0,-1000.0,3.0318970003334016,-2.6266815076777448,-0.1167381108907648,-0.0092986783430433,509.1142026444095,-254.7435011495745,-1000.0,-0.0045887833790629,-0.0845573558880232,-0.0845573558880232,12.488625979673998,-0.0016245409392467,1000.0,-1000.0,0.0,996.9681029996666,-3.170990195552349,-0.1409289264800008,-0.0112255778901726,490.8857973555905,-745.2564988504255,1000.0,-0.0055396846028088, Competition,COVID
SRR12328953.bin.6.fbc2XSRR12328953.bin.23.fbc2 ,-0.1285261676766822,-0.1285261676766822,39.16906692611474,-0.0024692827603303,0.0,0.0,191.11557412935463,1000.0,-4.819867098427835,-0.2142102794612128,-0.0170627438741348,13.67392737587511,-511.1279437544141,0.0,-0.008420254212865,0.0,0.0,960.8309330738851,0.0,-1000.0,1000.0,-162.99616203116102,-752.9111803163559,0.0,0.0,0.0,986.3260726241248,0.0,-1000.0,0.0, Amensalism,COVID
SRR12328953.bin.9.fbc2XSRR12328953.bin.5.fbc2 ,-0.0894343886541264,-0.0894343886541264,660.0555228483036,-0.0017182399357125,1000.0,-1000.0,-1000.0,1000.0,-3.353884077726889,-0.149057314423544,-0.0118730379558655,-1.2836970559743577,-448.012337287018,1000.0,-0.0058591981808149,-0.1091611493218351,-0.1091611493218351,339.94447715169645,-0.0020972362982547,-1000.0,999.836247789836,839.1602486090696,-406.4685793341264,-4.093658447565417,-0.1819352488697632,-0.0144919028206231,1000.0,-0.1842946397051719,-999.8362477898356,-0.007151575776902, Competition,COVID
SRR12328953.bin.5.fbc2XSRR12328953.bin.23.fbc2 ,-0.1289630590807746,-0.1289630590807746,990.1057869003968,-0.0024776764472562,-1000.0,999.8065430229968,751.6093926182066,-651.5747675800062,-4.836250987734729,-0.214938431801329,-0.0171207442506329,1000.0,-0.2177258178045349,-999.8065430229966,-0.0084488766851791,-0.0839993556983245,-0.0839993556983245,9.894213099603236,-0.0016138204745175,1000.0,-1000.0,-892.7526501716031,983.8778955348504,-3.1500645988128326,-0.139998926163912,-0.0111514994788421,0.0,-500.171516840031,1000.0,-0.0055031278180877, Neutralism,COVID
SRR12328953.bin.11.fbc2XSRR12328953.bin.14.fbc2 ,-0.0888468493175196,-0.0888468493175196,118.3085648938336,-0.00170695195618,0.0,982.2081780966904,442.281414378268,-24.32601792069454,-3.3318507317626427,-0.1480780821957523,-0.0117950380169986,427.5384974036683,-586.7835729588247,-982.2081780966904,-0.0058207061704251,-0.0846486655375429,-0.0846486655375429,708.5760881071769,-0.001626295207302,1000.0,-1000.0,557.718585621732,-975.6739820793056,-3.174414403892797,-0.1410811092291624,-0.0112376998821446,572.4615025963317,-413.2164270411753,1000.0,-0.0055456666567579, Neutralism,COVID
SRR12328954.bin.6.fbc2XSRR12328954.bin.8.fbc2 ,-0.2446643700147888,-0.2446643700147888,973.1097652187328,-0.004700564265363,-1000.0,999.6329799421565,977.7178301659504,-209.6196354639532,-9.17517240659015,-0.407773950024648,-0.0324808990740166,913.3064133012258,-250.02146368207627,-999.6329799421565,-0.0160289241450755,-0.0646238410452042,-0.0646238410452042,26.89023478126728,-0.0012415723543881,999.4526663891306,0.3670200578435469,22.28216983404957,-18.1722188011629,-2.42346232567661,-0.1077064017421207,-0.0085792649687164,86.6935866987742,-749.9785363179237,-0.3670200578435469,-0.0042337617284147, Neutralism,COVID
SRR12328954.bin.6.fbc2XSRR12328954.bin.2.fbc2 ,-0.2430881275014371,-0.2430881275014371,953.9555990095064,-0.0046702810278702,-1000.0,999.6353444573426,-1000.0,-111.91306384878544,-9.116061646762091,-0.4051468791691377,-0.0322716419026392,1000.0,-384.7433484835642,-999.6353444573426,-0.0159256583050364,-0.1607492837584914,-0.1607492837584914,46.044400990493614,-0.0030883628003266,0.0,-0.2411393674517512,632.5194973312571,881.3048289594417,-6.028268000897015,-0.2679154729307811,-0.0213405869504867,-59.92896981744582,-615.2566515164358,0.2411393674517512,-0.0105313171492298, Neutralism,COVID
SRR12328954.bin.8.fbc2XSRR12328954.bin.2.fbc2 ,-0.0535476883927685,-0.0535476883927685,34.97464438248153,-0.0010287740325338,-1000.0,999.9196733235406,184.39351739231688,-251.20828534395923,-2.008094897302385,-0.0892461473213188,-0.0071088285646965,1000.0,-499.9994856129837,-999.9196733235406,-0.0035081194508848,-0.1643400758493953,-0.1643400758493953,965.0253556175184,-0.0031573501604498,0.0,-0.2465259005248299,-1000.0,1000.0,-6.162926498609068,-0.2739001264155831,-0.021817289608407,-128.39023805130216,-500.00051438701627,0.2465259005248299,-0.0107665640470031, Amensalism,COVID
SRR12328955.bin.2.fbc2XSRR12328955.bin.5.fbc2 ,-0.031397825948602,-0.031397825948602,341.47213223632843,-0.0006032243218214,-1000.0,1000.0,-1000.0,922.5898413630676,-1.1774516504090116,-0.052329709914261,-0.0041682800634816,682.8352980311706,-0.031397825948602,-1000.0,-0.0020569949372202,-0.1454282453747737,-0.1454282453747737,658.5278677636716,-0.0027940104779418,999.5942258582944,-1000.0,0.0,-18.709015471231623,-5.4537128721297,-0.2423804089579562,-0.0193066124022607,317.1647019688294,-352.309956719625,1000.0,-0.0095275757296349, Competition,COVID
SRR12328956.bin.5.fbc2XSRR12328956.bin.12.fbc2 ,-0.2220621517238896,-0.2220621517238896,997.7777127083556,-0.0042663237602482,-1000.0,999.6668854407952,-1000.0,773.186487171027,-8.327565337451006,-0.3701035862063691,-0.0294802971836816,997.8454014846648,-592.9916377785543,-999.6668854407956,-0.0145481640225852,-0.0894062123215917,-0.0894062123215917,2.2222872916444203,-0.0017176986036702,1000.0,-1000.0,762.1318379306981,-9.64915943242056,-3.3528274354849827,-0.1490103538693574,-0.0118692973514953,2.1545985153353517,-334.61617598932503,1000.0,-0.0058573522385358, Neutralism,COVID
SRR12328956.bin.5.fbc2XSRR12328956.bin.14.fbc2 ,-0.2217306650519503,-0.2217306650519503,506.0067710453373,-0.0042599551402418,-1000.0,999.6673827026464,-1000.0,-971.6262066919332,-8.315134236980043,-0.3695511084198415,-0.0294362900193618,1000.0,-140.82396759476,-999.6673827026464,-0.0145264470284018,-0.1292438757930085,-0.1292438757930085,493.9932289546628,-0.0024830715810821,999.0207102292622,0.3326172973536359,1000.0,-28.37379330806675,-4.846781911172798,-0.2154064596549005,-0.0171580246250186,0.0,-474.6116343905756,-0.3326172973536359,-0.0084672740913447, Amensalism,COVID
SRR12328956.bin.14.fbc2XSRR12328956.bin.10.fbc2 ,-0.1347445484183254,-0.1347445484183254,545.8333646909412,-0.0025887521310323,-1000.0,1000.0,0.0,-980.6004003425386,-5.053062947053604,-0.2245742473638756,-0.0178882772252109,284.3841306371987,-548.626962231006,-1000.0,-0.0088276447667112,-0.111130802136131,-0.111130802136131,454.1666353090589,-0.0021350778508804,1000.0,-1000.0,384.8647049388492,-19.39959965746141,-4.167522509388164,-0.1852180035602941,-0.0147533879493266,218.7844954176469,-451.373037768994,1000.0,-0.0072806154713589, Competition,COVID
SRR12328956.bin.14.fbc2XSRR12328956.bin.12.fbc2 ,-0.1730571677888974,-0.1730571677888974,995.4966006170098,-0.0033248255098214,-1000.0,1000.0,237.690233841028,-27.36974748361285,-6.489826657485537,-0.28842861298142,-0.0229745442732109,998.1086289430636,204.10586604297487,-1000.0,-0.0113376549886652,-0.0893384083695991,-0.0893384083695991,4.503399382990324,-0.0017163959340678,1000.0,-1000.0,762.309766158972,-11.920811563830284,-3.3502847156379403,-0.148897347282741,-0.0118602959046256,1.8913710569362363,-334.7422804767021,1000.0,-0.0058529101352178, Neutralism,COVID
SRR12328956.bin.5.fbc2XSRR12328956.bin.10.fbc2 ,-0.207757379279883,-0.207757379279883,348.08916809428,-0.0039914962397915,-1000.0,999.6883439735988,-1000.0,277.40163088072154,-7.791121255288544,-0.3462622987998429,-0.0275812390167402,684.8773725447575,-289.53292226606675,-999.688343973599,-0.0136110021776403,-0.1209021758235167,-0.1209021758235167,651.91083190572,-0.002322808373151,1000.0,-1000.0,21.77438753984177,-198.4507896264228,-4.53395934784146,-0.2015036263725278,-0.0160506058585951,315.12262745524254,-552.9817693707147,1000.0,-0.0079207765525097, Amensalism,COVID
SRR12328956.bin.12.fbc2XSRR12328956.bin.10.fbc2 ,-0.0893798885153955,-0.0893798885153955,1.0439158852309447,-0.001717192862884,0.0,0.0,759.6439215905091,-8.6976018846442,-3.351840264934026,-0.1489664808589168,-0.0118658026827915,2.808251416221765,-334.6453969930767,0.0,-0.0058556276625267,-0.1367241731533113,-0.1367241731533113,998.956084114769,-0.0026267852671253,-1000.0,1000.0,31.67229689250007,-667.8731864765945,-5.12730096643827,-0.2278736219221855,-0.0181510861957576,997.1917485837782,-665.3546030069233,-1000.0,-0.0089573377608758, Neutralism,COVID
SRR12328957.bin.15.fbc2XSRR12328957.bin.18.fbc2 ,-0.0003432847747717,-0.0003432847747717,4.097083143852501,-6.595288709831948e-06,1000.0,-1000.0,0.2226262770923313,-4.1945973886278125,-0.012873541795443,-0.0005721412912862,-4.557344459499291e-05,0.0600950171714202,-0.0022011116376461,1000.0,-2.2489934281111346e-05,-0.088761181926543,-0.088761181926543,995.9029168561474,-0.0017053060888656,-1000.0,999.8668497005796,-388.78955477861257,-33.526232380992155,-3.3286381140787853,-0.1479353032108292,-0.0117836650741764,999.9399049828284,-230.47621497198884,-999.8668497005798,-0.0058150937630898, Amensalism,COVID
SRR12328957.bin.7.fbc2XSRR12328957.bin.24.fbc2 ,-0.0909370208280506,-0.0909370208280506,13.143256032789054,-0.0017471089496439,-1000.0,999.8635857332132,1000.0,983.5854659054742,-3.410234372044897,-0.1515617013801602,-0.0120725228418905,5.289180163010656,-467.9121995638691,-999.8635857332132,-0.0059576415181936,-0.0802227077011821,-0.0802227077011821,986.8567439672112,-0.0015412623957899,1000.0,-1000.0,-977.2171740326974,-999.3708637309824,-3.008436308227715,-0.1337045128353793,-0.01065012315496,36.91520412887098,-500.1337199254593,1000.0,-0.0052557047696382, Neutralism,COVID
SRR12328957.bin.15.fbc2XSRR12328957.bin.32.fbc2 ,0.0,0.0,0.0,0.0,-1000.0,1000.0,0.0,0.0,0.0,0.0,0.0,0.0,0.0,-1000.0,0.0,-0.0848844619241617,-0.0848844619241617,984.8487546759584,-0.0016308253972283,999.8726651529868,-1000.0,85.3829485769379,-1000.0,-3.183257017554183,-0.1414741032069741,-0.0112690034945899,14.73807897131087,-0.7202544443790657,1000.0,-0.0055611146044611, Amensalism,COVID
SRR12328957.bin.32.fbc2XSRR12328957.bin.3.fbc2 ,-0.0021615863154238,-0.0021615863154238,25.079214058817342,-4.152903579779377e-05,999.9967574128818,-1000.0,2.1741756142234863,-25.465262328027396,-0.0810617709252028,-0.0036026438590397,-0.000286965637656,0.375759284464948,-0.0183240433639184,1000.0,-0.0001416140122501,-0.0868256946405381,-0.0868256946405381,974.9207859411828,-0.0016681209344824,-1000.0,999.8697531174344,-1000.0,14.505312398015462,-3.2560552956733773,-0.1447094910676014,-0.0115267156573963,-31.67296248869752,-479.8660221981522,-999.8697531174344,-0.0056882923865941, Amensalism,COVID
SRR12328957.bin.15.fbc2XSRR12328957.bin.3.fbc2 ,-0.0021013272241816,-0.0021013272241816,25.079214058816437,-4.037132032408408e-05,1000.0,-1000.0,1.373394100124642,-25.603340646387664,-0.0788019913308062,-0.0035022120404164,-0.0002789658236679,0.389147903973253,-0.0294426020747096,1000.0,-0.0001376662023631,-0.0868256946405381,-0.0868256946405381,974.9207859411836,-0.0016681209344824,-1000.0,999.8697531174344,-857.8318107599653,-974.3966593536124,-3.2560552956733773,-0.1447094910676014,-0.0115267156573963,48.727435710286045,-0.0693938308751285,-999.8697531174344,-0.0056882923865941, Amensalism,COVID
SRR12328957.bin.32.fbc2XSRR12328957.bin.24.fbc2 ,-0.0795587204537469,-0.0795587204537469,923.0582957867488,-0.0015285056763332,-1000.0,999.8806542767908,80.02593152347345,-937.258935856054,-2.983536084829211,-0.1325978674229873,-0.0105619742234921,13.813396213213082,-0.6750649140843734,-999.8806542767908,-0.0052122043563258,-0.0618018443190067,-0.0618018443190067,76.94170421325111,-0.0011873553182795,997.6026346238704,-1000.0,-26.047556379350908,-62.741064143946005,-2.3176344665038187,-0.1030030738648974,-0.0082046252496184,23.401884786679943,-500.1030149474181,1000.0,-0.0040488816355264, Amensalism,COVID
SRR12328957.bin.24.fbc2XSRR12328957.bin.3.fbc2 ,-0.0610921902310792,-0.0610921902310792,44.2036017470432,-0.0011737212340676,1000.0,-1000.0,1000.0,-74.97472772781919,-2.2910216883344674,-0.1018203170518745,-0.0081104137270813,38.76755880049609,-500.1018320542642,1000.0,-0.004002389408015,-0.0851224913961914,-0.0851224913961914,955.7963982529568,-0.0016353984898387,-1000.0,999.8723080859132,-1000.0,203.3734361914289,-3.1921833742756007,-0.141870818993766,-0.0113006035647913,-19.88912768999137,-499.8981679457358,-999.8723080859132,-0.0055767088504126, Amensalism,COVID
SRR12328957.bin.7.fbc2XSRR12328957.bin.18.fbc2 ,-0.090935957954116,-0.090935957954116,13.119726369596831,-0.0017470885293278,0.0,-0.1364126723739218,764.1194941754309,-11.564147861180686,-3.4101945131496905,-0.1515599299235646,-0.0120723817379939,5.2164219892475785,-348.75125718688014,0.1364126723739218,-0.0059575718852329,-0.0879570267591134,-0.0879570267591134,986.8802736304032,-0.0016898564218763,-1000.0,999.868056010579,-406.7348713656826,234.01282682376063,-3.298481445569678,-0.1465950445984845,-0.0116769078751985,994.7835780107524,0.0,-999.8680560105792,-0.0057624103985745, Neutralism,COVID
SRR12328957.bin.7.fbc2XSRR12328957.bin.3.fbc2 ,-0.0909370208280506,-0.0909370208280506,13.143256032789168,-0.0017471089496439,999.8635857332132,-1000.0,1000.0,576.4717034303512,-3.410234372044897,-0.1515617013801602,-0.0120725228418905,5.289180163010656,-263.5791651754364,1000.0,-0.0059576415181936,-0.087483360204601,-0.087483360204601,986.8567439672108,-0.001680756199903,-1000.0,999.8687665559124,-865.9184882586297,-989.9736239679108,-3.2807184492621677,-0.1458056003409638,-0.0116140253412595,-12.33767492314348,-3.7077539122688,-999.8687665559122,-0.0057313786415988, Neutralism,COVID
SRR12328957.bin.32.fbc2XSRR12328957.bin.7.fbc2 ,-0.0848844619241617,-0.0848844619241617,984.8487546759598,-0.0016308253972283,-1000.0,999.8726651529868,85.3829485769379,-1000.0,-3.183257017554183,-0.1414741032069741,-0.0112690034945899,14.738078971310642,-0.7202544443792931,-999.8726651529868,-0.0055611146044611,-0.0909370208280506,-0.0909370208280506,15.15124532404036,-0.0017471089496439,999.8635857332132,-1000.0,840.8579059111371,100.95908938333967,-3.410234372044897,-0.1515617013801602,-0.0120725228418905,255.2891801630105,-324.88301995754307,1000.0,-0.0059576415181936, Neutralism,COVID
SRR12328957.bin.24.fbc2XSRR12328957.bin.18.fbc2 ,-0.0610921902310792,-0.0610921902310792,44.20360174704342,-0.0011737212340676,-1000.0,1000.0,-933.218704223022,-74.96796709351042,-2.2910216883344674,-0.1018203170518745,-0.0081104137270813,38.76079816618835,-500.1018320542642,-1000.0,-0.004002389408015,-0.0851866347152281,-0.0851866347152281,955.7963982529566,-0.0016366308302622,0.0,-0.2376878954790982,109.05244822366512,-14.924948839391275,-3.194588816515761,-0.1419777245253044,-0.0113091190371505,961.2392018338116,0.0,0.2376878954790982,-0.0055809111312328, Amensalism,COVID
SRR12328957.bin.15.fbc2XSRR12328957.bin.7.fbc2 ,-0.0820767642661621,-0.0820767642661621,979.6079267347328,-0.0015768830791103,-1000.0,1000.0,53.75079301450114,-1000.0,-3.0779653885517746,-0.136794607110346,-0.0108962620764714,15.146555933872037,-1.2033746685549431,-1000.0,-0.0053771712996422,-0.0909370208280506,-0.0909370208280506,20.3920732652673,-0.0017471089496439,999.8635857332132,-1000.0,787.4236501068351,0.0,-3.410234372044897,-0.1515617013801602,-0.0120725228418905,5.688787657513899,-350.4785923305748,1000.0,-0.0059576415181936, Neutralism,COVID
SRR12328957.bin.32.fbc2XSRR12328957.bin.18.fbc2 ,-0.0003546126104083,-0.0003546126104083,4.1142958303465775,-6.812922379140218e-06,-1000.0,1000.0,0.3642864696747665,-4.183005487984815,-0.0132983476011077,-0.0005910210173851,-4.707729374331393e-05,0.0366413954576501,-0.0024634709811834,-1000.0,-2.3232065359479748e-05,-0.0887596478227124,-0.0887596478227124,995.8857041696532,-0.0017052766152119,0.0,-0.1331479981172378,-310.8172142762869,-33.755074892514585,-3.328580583567259,-0.1479327463712252,-0.0117834614112553,999.9633586045423,0.0,0.1331479981172378,-0.0058149932578999, Amensalism,COVID
SRR12328957.bin.18.fbc2XSRR12328957.bin.3.fbc2 ,-0.088761181926543,-0.088761181926543,995.9029168561474,-0.0017053060888656,-1000.0,999.8668497005796,24.006779000976167,-44.48645636525055,-3.3286381140787853,-0.1479353032108292,-0.0117836650741764,1000.0,0.0,-999.8668497005798,-0.0058150937630898,-0.0003648830705742,-0.0003648830705742,4.097083143852615,-7.010241461102851e-06,0.0,-0.0005473596571619,0.0,361.8499207360562,-0.0136835007107265,-0.000608138450957,-4.844076886456605e-05,-0.1071725021035945,-184.78530618393427,0.0005473596571619,-2.39049235233324e-05, Amensalism,COVID
SRR12328957.bin.15.fbc2XSRR12328957.bin.24.fbc2 ,-0.0769227379082622,-0.0769227379082622,918.0932566574584,-0.0014778623997244,-1000.0,1000.0,50.37550152446465,-937.2048057202672,-2.8846839539913844,-0.1282045631803612,-0.0102120291824121,14.195425011335717,-1.1278085224516872,-1000.0,-0.0050395107832628,-0.061852553833205,-0.061852553833205,81.90674334254163,-0.0011883295645702,997.6006675428704,-1000.0,-985.3485918595474,-62.79519427973287,-2.3195361268720944,-0.1030875897220084,-0.008211357290861,23.423736424979325,-500.10309947301766,1000.0,-0.0040522038150356, Amensalism,COVID
SRR12328958.bin.30.fbc2XSRR12328958.bin.23.fbc2 ,-0.132437960439006,-0.132437960439006,994.4803063690442,-0.0025444372803349,-1000.0,999.8013303371548,-1000.0,-1000.0,-4.9665634605145215,-0.2207299340650479,-0.0175820616068449,931.7016343518278,0.0,-999.801330337155,-0.0086765311257295,-0.1641930387943375,-0.1641930387943375,5.519693630955885,-0.0031545252410296,1000.0,-0.4581317007513235,0.0,757.2434105401908,-6.1574124536776935,-0.273655064657305,-0.0217977694153432,68.2983656481722,-650.3810934625781,0.4581317007513235,-0.0107569310717963, Neutralism,COVID
SRR12328958.bin.30.fbc2XSRR12328958.bin.36.fbc2 ,-0.0684874071079093,-0.0684874071079093,394.21129819624457,-0.0013158003287117,-1000.0,999.8972623103364,-882.5650097238326,-536.6034575445202,-2.5683501355646285,-0.1141456785131822,-0.0090921802711818,288.8721455405173,0.0,-999.8972623103364,-0.0044868791208045,-0.123887973861656,-0.123887973861656,605.7887018037554,-0.0023801724084933,1000.0,-1000.0,-117.43499027616735,347.9086845244183,-4.645929929296472,-0.2064799564361692,-0.0164469913426046,711.1278544594827,-503.9580601032439,1000.0,-0.0081163879129917, Competition,COVID
SRR12328958.bin.20.fbc2XSRR12328958.bin.4.fbc2 ,-0.0882717201008063,-0.0882717201008063,28.163687157116783,-0.0016959024035259,-0.2462959060565026,1000.0,72.96082820586389,-44.53017422812718,-3.310282778411988,-0.1471195335013817,-0.0117186856080024,0.0,-289.5233990623202,-1000.0,-0.0057830271958891,-0.1301549775091643,-0.1301549775091643,971.8363128428832,-0.0025005759367786,-0.1952449691434594,0.0,927.039171794136,1000.0,-4.880949188270051,-0.216924962515236,-0.0172789797230734,1000.0,-500.0,0.0,-0.0085269639444049, Amensalism,COVID
SRR12328958.bin.3.fbc2XSRR12328958.bin.36.fbc2 ,-0.0873698028375429,-0.0873698028375429,9.880039162487831,-0.0016785745021934,-961.1426117064918,1000.0,1000.0,-32.60103898054831,-3.2764599280035327,-0.1456163380624957,-0.0115989498099224,-16.238244376242392,-410.3341053153415,-1000.0,-0.0057239390523591,-0.1776176344632176,-0.1776176344632176,950.697030110966,-0.0034124425449135,1000.0,-1000.0,-1000.0,911.267845665708,-6.660848976709758,-0.2960293907719915,-0.0235799779853778,1000.0,-525.538515259644,1000.0,-0.0116364290781803, Neutralism,COVID
SRR12328958.bin.23.fbc2XSRR12328958.bin.4.fbc2 ,-0.1644981148294846,-0.1644981148294846,11.215753262308908,-0.0031603864520093,-0.4589829244320071,1000.0,252.09574703617227,457.2216754632509,-6.168853127360421,-0.2741635247158456,-0.0218382703836823,70.17159318241374,-650.3818015466932,-1000.0,-0.010776917801536,-0.1261474261477815,-0.1261474261477815,988.7842467376912,-0.002423581674293,-0.189233257130013,0.0,747.9042529638277,542.7783245367491,-4.730661777532987,-0.2102457102462267,-0.0167469493694625,929.8284068175864,-65.83499121467162,0.0,-0.0082644135094369, Neutralism,COVID
SRR12328958.bin.34.fbc2XSRR12328958.bin.36.fbc2 ,-0.0842071953228469,-0.0842071953228469,196.63852197152687,-0.0016178135508653,-1000.0,999.873681117948,490.13720218894673,-13.461400532568064,-3.15785880435169,-0.1403453255380782,-0.0111790916365634,0.0,-287.98122626203883,-999.873681117948,-0.0055167442084211,-0.1634623883492167,-0.1634623883492167,803.3614780284731,-0.003140487768519,1000.0,-1000.0,-242.02729820038348,256.6675412035304,-6.130012289923116,-0.2724373139153613,-0.0217007704801517,1000.0,-506.2621051310749,1000.0,-0.0107090632905055, Neutralism,COVID
SRR12328958.bin.20.fbc2XSRR12328958.bin.15.fbc2 ,-0.1216047874760306,-0.1216047874760306,983.7907387924232,-0.0023363071561561,469.6499439334352,0.0599615372203743,930.3635930292226,-707.4259260088347,-4.560308027243309,-0.2026746457933086,-0.0161438824487731,1000.0,-499.9978151822055,-0.0599615372203743,-0.0079668074023402,-0.0399717983135587,-0.0399717983135587,16.209261207576674,-0.0007679500156427,-1000.0,999.9400384627796,69.63640697077744,1000.0,-1.4989846740087387,-0.0666196638559313,-0.0053065346080529,-6.858673863884292,-500.0021848177945,-999.9400384627796,-0.0026187095533032, Neutralism,COVID
SRR12328958.bin.22.fbc2XSRR12328958.bin.3.fbc2 ,-0.0791925324443809,-0.0791925324443809,711.8111537186603,-0.0015214703639685,-1000.0,1000.0,-1000.0,-992.076339419783,-2.9698036475324443,-0.1319875540739303,-0.0105133602149862,696.9440756277779,-0.1617018702820587,-1000.0,-0.0051882139410963,-0.0873698028375429,-0.0873698028375429,16.8019096940684,-0.0016785745021934,999.8689369028712,-1000.0,621.1704015145172,-7.923660580216961,-3.2764599280036464,-0.1456163380624957,-0.0115989498099224,-21.11499009162651,-401.2005299125419,1000.0,-0.0057239390523591, Neutralism,COVID
SRR12328958.bin.22.fbc2XSRR12328958.bin.36.fbc2 ,-0.028138131065134,-0.028138131065134,86.61594602902142,-0.0005405980992918,-1000.0,1000.0,-135.10035041840092,-18.507240777790344,-1.0552096478400017,-0.0468968851085946,-0.0037355328656758,83.23728899851676,-0.0574547659866766,-1000.0,-0.0018434395184385,-0.1726963426170868,-0.1726963426170868,913.3840539709786,-0.0033178932299051,1000.0,-1000.0,-864.8996495815991,813.4150073564138,-6.476295332267682,-0.287827237695069,-0.0229266422187492,916.7627110014832,-505.2043291204981,1000.0,-0.0113140159139675, Amensalism,COVID
SRR12328958.bin.22.fbc2XSRR12328958.bin.23.fbc2 ,-0.0795075277761725,-0.0795075277761725,714.642445807056,-0.0015275221475121,1000.0,-1000.0,-1000.0,-1000.0,-2.981616305324337,-0.132512546293583,-0.0105551780391124,699.7162325925437,-0.1623450538338602,1000.0,-0.0052088505228766,-0.164646004684414,-0.164646004684414,32.68338650798296,-0.0031632277557491,-0.4593955669608931,1000.0,698.2644465890075,0.0,-6.174399153191303,-0.2744100078073188,-0.0218579037918971,73.97474872254475,-650.3821448003249,-1000.0,-0.0107866066470023, Neutralism,COVID
SRR12328958.bin.23.fbc2XSRR12328958.bin.36.fbc2 ,-0.1617982367199602,-0.1617982367199602,55.37615370469166,-0.0031085155950449,-0.451449719862353,1000.0,347.62575777100506,384.4096705883635,-6.067604845354822,-0.2696637278664866,-0.0214798427614368,0.0,-650.3755351062589,-1000.0,-0.0106000381789499,-0.1735876052661069,-0.1735876052661069,944.6238462953085,-0.0033350164316061,1000.0,-1000.0,-1000.0,615.5903294116365,-6.509718623384288,-0.2893126754436252,-0.0230449635425884,1000.0,-349.6244648937411,1000.0,-0.0113724060317963, Neutralism,COVID
SRR12328958.bin.22.fbc2XSRR12328958.bin.4.fbc2 ,-0.0645151011204916,-0.0645151011204916,479.4600750946747,-0.0012394832107247,1000.0,-1000.0,-648.4212296222054,-715.7029664168649,-2.4193844635942696,-0.1075251685341527,-0.0085648289864366,471.71349094985726,-0.1317322756403882,1000.0,-0.0042266377487294,-0.0925622595940467,-0.0925622595940467,520.5399249053253,-0.0017783335176773,-1000.0,999.8611477189417,1000.0,1000.0,-3.471182543118175,-0.1542704326566308,-0.0122882846070524,528.2865090501427,-144.79027531872475,-999.8611477189414,-0.0060641172951818, Competition,COVID
SRR12328958.bin.20.fbc2XSRR12328958.bin.3.fbc2 ,-0.1225064578434285,-0.1225064578434285,997.2230502723496,-0.002353630314019,-202.39881816968875,1000.0,1000.0,-969.5324795689372,-4.594121618794475,-0.2041774297389338,-0.0162635854696873,1000.0,-608.9696570826197,-1000.0,-0.0080258793707344,-0.0873698028375429,-0.0873698028375429,2.7769497276505035,-0.0016785745021934,1000.0,-971.7145928502564,0.0,-30.467520431062667,-3.2764599280036464,-0.1456163380624957,-0.0115989498099224,-5.087188600719969,-391.03034291738027,971.7145928502564,-0.0057239390523591, Neutralism,COVID
SRR12328958.bin.23.fbc2XSRR12328958.bin.3.fbc2 ,-0.164646004684414,-0.164646004684414,21.879487549301075,-0.0031632277557491,-62.9134011833396,1000.0,891.9436799983032,1000.0,-6.174399153191303,-0.2744100078073188,-0.0218579037918971,1000.0,-647.1009080097588,-1000.0,-0.0107866066470023,-0.0873698028375429,-0.0873698028375429,15.323018414684157,-0.0016785745021934,1000.0,-1000.0,108.0563200016968,-15.707479118658966,-3.2764599280036464,-0.1456163380624957,-0.0115989498099224,-14.43998751207721,-264.7601042589481,1000.0,-0.0057239390523591, Neutralism,COVID
SRR12328958.bin.23.fbc2XSRR12328958.bin.34.fbc2 ,-0.164646004684414,-0.164646004684414,21.879487549301075,-0.0031632277557491,-274.4264542544382,1000.0,581.4699222146037,399.2090539561125,-6.174399153191303,-0.2744100078073188,-0.0218579037918971,633.1721606231413,-581.8903801284556,-1000.0,-0.0107866066470023,-0.0842071953228469,-0.0842071953228469,167.22269165231592,-0.0016178135508653,999.873681117948,-1000.0,418.5300777853963,-18.13324700680209,-3.15785880435169,-0.1403453255380782,-0.0111790916365634,366.8278393768587,-418.1096198715444,1000.0,-0.0055167442084211, Neutralism,COVID
SRR12328958.bin.22.fbc2XSRR12328958.bin.20.fbc2 ,-0.0770307722543748,-0.0770307722543748,620.9781972966921,-0.0014799379875967,1000.0,-1000.0,-774.2046397550656,-1000.0,-2.888735356128564,-0.128384620423958,-0.0102263714943546,611.7222063414895,-0.1572878093217014,1000.0,-0.0050465885376524,-0.1018829700730066,-0.1018829700730066,379.0218027033079,-0.001957405765097,-576.8615340285359,1000.0,1000.0,0.0,-3.8207190350530023,-0.1698049501216019,-0.0135256738367388,388.2777936585105,-354.32494080545325,-1000.0,-0.0066747536590128, Amensalism,COVID
SRR12328958.bin.4.fbc2XSRR12328958.bin.3.fbc2 ,-0.1317273586028022,-0.1317273586028022,997.2230502723496,-0.0025307849875844,-1000.0,999.802396308171,1000.0,981.7301998837312,-4.93991514078084,-0.2195455976714129,-0.0174877242641287,1000.0,-554.2765134913161,-999.8023963081708,-0.0086299768075832,-0.0873698028375429,-0.0873698028374292,2.77694972765039,-0.0016785745021934,1000.0,-821.3535188855332,0.0,-183.23860773726472,-3.2764599280036464,-0.1456163380624957,-0.0115989498099224,-5.014372038816191,-445.7234865086839,821.353518885533,-0.0057239390523591, Neutralism,COVID
SRR12328958.bin.20.fbc2XSRR12328958.bin.36.fbc2 ,-0.0922854757181994,-0.0922854757181994,81.74866238502818,-0.0017730158639324,-0.2574950939205109,1000.0,982.923077076757,-18.169274294136244,-3.460802855306042,-0.1538091261970748,-0.0122515396197968,0.0,-495.3860868973524,-1000.0,-0.0060459840960902,-0.176814722886661,-0.176814722886661,918.2513376149718,-0.0033970167701227,1000.0,-1000.0,-1000.0,903.018675697146,-6.630738944174141,-0.2946912048112153,-0.0234733858817435,1000.0,-504.6139131026477,1000.0,-0.0115838271862003, Amensalism,COVID
SRR12328958.bin.30.fbc2XSRR12328958.bin.34.fbc2 ,-0.117445663008425,-0.117445663008425,825.3015212008679,-0.0022564008262406,-1000.0,999.8238202234832,-1000.0,383.6861628104612,-4.404336464862922,-0.1957427716807842,-0.0155917297096266,769.6295466898559,0.0,-999.8238202234832,-0.0076943268176137,-0.0842071953228469,-0.0842071953228469,174.6984787991321,-0.0016178135508653,999.873681117948,-1000.0,446.2571158441574,-13.461400532566811,-3.15785880435169,-0.1403453255380782,-0.0111790916365634,230.3704533101441,-370.2563881585189,1000.0,-0.0055167442084211, Amensalism,COVID
SRR12328958.bin.20.fbc2XSRR12328958.bin.34.fbc2 ,-0.1164304698022533,-0.1164304698022533,875.2415459209597,-0.0022368966340309,-132.8632854719657,1000.0,653.6229335960263,-884.9757877873742,-4.3662656469008425,-0.1940507830038313,-0.0154569557412287,245.2592871288889,-442.4685191411354,-1000.0,-0.0076278175221204,-0.0842071953228469,-0.0842071953228469,124.75845407904036,-0.0016178135508653,999.873681117948,-1000.0,346.3770664039737,-13.461400532562948,-3.15785880435169,-0.1403453255380782,-0.0111790916365634,754.7407128711111,-557.5314808588646,1000.0,-0.0055167442084211, Neutralism,COVID
SRR12328958.bin.34.fbc2XSRR12328958.bin.4.fbc2 ,-0.0842071953228469,-0.0842071953228469,196.7977569761292,-0.0016178135508653,999.873681117948,-1000.0,488.7836187516321,-13.458995383081174,-3.15785880435169,-0.1403453255380782,-0.0111790916365634,0.0,-287.3858559077921,1000.0,-0.0055167442084211,-0.1188980135804058,-0.1188980135804058,803.2022430238708,-0.0022843038151449,-1000.0,999.8216415581104,511.216381248368,1000.0,-4.458801145972984,-0.1981633559672673,-0.0157845393629258,1000.0,-338.7446664003337,-999.8216415581104,-0.0077894760097478, Neutralism,COVID
SRR12328958.bin.22.fbc2XSRR12328958.bin.15.fbc2 ,-0.0795075277761725,-0.0795075277761725,714.6424458070562,-0.0015275221475121,1000.0,-1000.0,-1000.0,-1000.0,-2.981616305324337,-0.132512546293583,-0.0105551780391124,699.7162325925437,-0.1623450538338602,1000.0,-0.0052088505228766,-0.0400001042078201,-0.0400001042078201,285.3575541929438,-0.0007684938368583,-1000.0,999.9399960012192,0.0,907.5527437816996,-1.5000461749522174,-0.066666840346329,-0.0053102924125596,0.0,-578.2388801118411,-999.9399960012192,-0.0026205639836689, Neutralism,COVID
SRR12328958.bin.22.fbc2XSRR12328958.bin.34.fbc2 ,-0.0794983501430124,-0.0794983501430124,714.5599539171421,-0.0015273458241154,-1000.0,1000.0,-1000.0,-999.7691380062907,-2.9812721343820385,-0.1324972502383161,-0.0105539596443122,699.6354636503004,-0.1623263141824509,-1000.0,-0.0052082492601357,-0.0842071953228469,-0.0842071953228469,285.44004608285786,-0.0016178135508653,999.7650449380072,-1000.0,649.6735575579332,-0.2308619937091407,-3.15785880435169,-0.1403453255380782,-0.0111790916365634,276.9576923244017,-535.1723082524286,1000.0,-0.0055167442084211, Neutralism,COVID
SRR12328958.bin.34.fbc2XSRR12328958.bin.15.fbc2 ,-0.0842071953228469,-0.0842071953228469,297.12253075364697,-0.0016178135508653,999.7650449380072,-1000.0,681.2702588454945,-18.13444958154173,-3.15785880435169,-0.1403453255380782,-0.0111790916365634,-5.546339411027475,-428.5714285714287,1000.0,-0.0055167442084211,-0.0400001042077065,-0.0400001042077065,702.877469246353,-0.0007684938368583,-1000.0,999.9399960012192,-108.6440679526088,-716.4433705999495,-1.50004617495199,-0.0666668403462154,-0.0053102924125596,4.224869298265048,-571.4285714285713,-999.9399960012192,-0.0026205639836689, Neutralism,COVID
SRR12328958.bin.34.fbc2XSRR12328958.bin.3.fbc2 ,-0.0842071953228469,-0.0842071953228469,207.3872818068346,-0.0016178135508653,-1000.0,999.873681117948,491.5705065255588,-18.133247006802208,-3.15785880435169,-0.1403453255380782,-0.0111790916365634,-3.879096263465499,-285.7142857142858,-999.873681117948,-0.0055167442084211,-0.0873698028375429,-0.0873698028375429,13.073308938162311,-0.0016785745021934,1000.0,-995.5005810469556,508.4294934744412,-23.457927595998516,-3.2764599280036464,-0.1456163380624957,-0.0115989498099224,-3.438509510442259,-403.1447019010311,995.5005810469556,-0.0057239390523591, Neutralism,COVID
SRR12328958.bin.3.fbc2XSRR12328958.bin.15.fbc2 ,-0.0873698028375429,-0.0873698028375429,13.073308938162654,-0.0016785745021934,1000.0,-990.2305706071714,621.5489787120241,-18.667221361739166,-3.2764599280036464,-0.1456163380624957,-0.0115989498099224,-16.238244376242505,-262.61845407796693,990.2305706071716,-0.0057239390523591,-0.0400001042078201,-0.0400001042078201,891.5543121242827,-0.0007684938368583,-1000.0,999.9399960012192,378.4510212879759,853.8809229117642,-1.5000461749522174,-0.066666840346329,-0.0053102924125596,-2.087398329514258,-737.3815459220331,-999.9399960012192,-0.0026205639836689, Neutralism,COVID
SRR12328958.bin.30.fbc2XSRR12328958.bin.15.fbc2 ,-0.1329271050357192,-0.1329271050357192,1000.0,-0.0025538348710369,-1000.0,999.800596573272,-1000.0,-376.031702999629,-4.984906899758244,-0.221545175059532,-0.0176469989586394,1000.0,0.0,-999.800596573272,-0.0087085769100667,-0.0389847176199964,-0.0389847176199964,0.0,-0.0007489859292491,0.0,-0.0584808213595806,1000.0,100.0060149907697,-1.461968104974062,-0.0649745293666228,-0.0051754927714,-1.3642579932813987,-500.0021308649689,0.0584808213595806,-0.0025540420189145, Neutralism,COVID
SRR12328958.bin.4.fbc2XSRR12328958.bin.15.fbc2 ,-0.1296378335180179,-0.1296378335180179,968.8061527022076,-0.0024906404133844,-1000.0,999.805530796521,1000.0,546.7049119739906,-4.861555742147516,-0.2160630558632874,-0.0172103252566557,982.8807145991804,-137.0758472340068,-999.805530796521,-0.0084930838097534,-0.0384819200171477,-0.0384819200171477,31.193847297792445,-0.000739326032999,0.0,-0.0577265766557957,0.0,453.29508802600935,-1.4431126635739702,-0.064136533361875,-0.0051087428879554,17.119285400819535,-500.0021033825639,0.0577265766557957,-0.0025211017724586, Neutralism,COVID
SRR12328958.bin.22.fbc2XSRR12328958.bin.30.fbc2 ,-0.0332900057234155,-0.0332900057234155,110.81562167327706,-0.000639577439415,1000.0,-1000.0,-272.23473439644204,-21.89577374523469,-1.248410391386983,-0.0554833428723213,-0.0044194801065486,169.17112497883772,-0.0679742902648286,1000.0,-0.0021809590684824,-0.123106838514559,-0.123106838514559,889.1843783267229,-0.0023651650051306,-1000.0,999.815327916403,-727.765265603558,-52.681210179457366,-4.616636528371487,-0.2051780641909317,-0.016343290185091,830.8288750211623,0.0,-999.8153279164032,-0.0080652126673612, Amensalism,COVID
SRR12328958.bin.20.fbc2XSRR12328958.bin.23.fbc2 ,-0.1216996303850237,-0.1216996303850237,990.8920914194688,-0.0023381293061675,-798.6820240108582,1000.0,1000.0,-518.115488751564,-4.563864736551977,-0.2028327173084108,-0.0161564735054753,1000.0,-433.3296421338436,-1000.0,-0.0079730209339459,-0.132231367235363,-0.132231367235363,9.107908580531216,-0.0025404681505278,1000.0,-334.9151613111327,-215.8261345828224,949.7451195678154,-4.958815997075817,-0.2203856120589762,-0.0175546349202022,0.0,-566.6703578661565,334.9151613111326,-0.0086629963933546, Amensalism,COVID
SRR12328958.bin.23.fbc2XSRR12328958.bin.15.fbc2 ,-0.164646004684414,-0.164646004684414,11.340582723807074,-0.0031632277557491,93.62652350624104,0.0600039987808713,35.41838044415272,1000.0,-6.174399153191303,-0.2744100078073188,-0.0218579037918971,1000.0,-426.45629340305663,-0.0600039987808713,-0.0107866066470023,-0.0400001042078201,-0.0400001042078201,988.6594172761928,-0.0007684938368583,-1000.0,999.9399960012192,-386.2354502217168,0.0,-1.5000461749522174,-0.066666840346329,-0.0053102924125596,-9.520870144668606,-500.0021863649658,-999.9399960012192,-0.0026205639836689, Neutralism,COVID
SRR12328958.bin.30.fbc2XSRR12328958.bin.3.fbc2 ,-0.1328862348152597,-0.1328862348152597,999.5388048902192,-0.0025530496602641,-1000.0,999.8006578825288,-1000.0,980.6600943921152,-4.9833742233016665,-0.2214770580253571,-0.0176415731522183,1000.0,0.0,-999.8006578825288,-0.0087058993414075,-0.0871680361091193,-0.0871680361091193,0.4611951097809879,-0.0016746981000324,1000.0,-970.105215420184,0.0,-30.931305474897613,-3.268893462489359,-0.1452800601819035,-0.0115721638715058,-1.4825264930959747,-408.0920231533712,970.105215420184,-0.0057107205212787, Neutralism,COVID
SRR12328958.bin.30.fbc2XSRR12328958.bin.4.fbc2 ,-0.103960328327048,-0.103960328327048,674.2628392883764,-0.0019973165865394,-1000.0,999.8440495209264,-1000.0,-1000.0,-3.898622164674748,-0.1732672138783755,-0.0138014576126579,622.7133017923461,0.0,-999.8440495209264,-0.0068108495599972,-0.0692451096350623,-0.0692451096350623,325.7371607116236,-0.0013303575337886,0.0,-0.1038743162401942,1000.0,1000.0,-2.5967647809770824,-0.1154085160583235,-0.009192770558684,377.2866982076539,-30.27597545410833,0.1038743162401942,-0.0045365191903101, Competition,COVID
SRR12328958.bin.4.fbc2XSRR12328958.bin.36.fbc2 ,-0.0605438409221505,-0.0605438409221505,62.72248141448381,-0.00116318618484,-1000.0,999.9091784226856,894.88544942823,869.5805072268736,-2.270458009822505,-0.1009064015370313,-0.0080376165374218,844.6419986299411,-441.3408513659872,-999.9091784226856,-0.0039664648903681,-0.1386582412171719,-0.1386582412171719,937.2775185855162,-0.002663943154971,1000.0,-1000.0,105.11455057177,130.41949277312642,-5.199830562519082,-0.2310970686953624,-0.0184078472009332,155.3580013700589,-503.61823419168593,1000.0,-0.0090840461584775, Competition,COVID
SRR12328958.bin.30.fbc2XSRR12328958.bin.20.fbc2 ,-0.1329271050357192,-0.1329271050357192,1000.0,-0.0025538348710369,-1000.0,999.800596573272,-1000.0,17.395026724036484,-4.984906899758244,-0.221545175059532,-0.0176469989586394,1000.0,0.0,-999.800596573272,-0.0087085769100667,-0.0848551560068244,-0.0848551560068244,0.0,-0.0016302623632782,273.107155728336,0.1994034267279403,596.6405059628567,707.53394458816,-3.182158014684888,-0.1414252600113741,-0.0112651129300047,0.0,-318.4645477577286,-0.1994034267279403,-0.0055591946586446, Amensalism,COVID
SRR12328958.bin.15.fbc2XSRR12328958.bin.36.fbc2 ,-0.0400001042078201,-0.0400001042078201,56.326397173242185,-0.0007684938368583,-1000.0,999.9399960012192,1000.0,20.42231271831679,-1.5000461749522174,-0.066666840346329,-0.0053102924125596,-16.370478767279906,-500.0021863649658,-999.9399960012192,-0.0026205639836689,-0.1773920745577015,-0.1773920745577015,943.6736028267578,-0.0034081090212794,1000.0,-1000.0,-265.55703701849995,132.60781674345276,-6.6523902419087335,-0.2956534575961314,-0.0235500333370737,1000.0,-499.99781363503416,1000.0,-0.0116216517625389, Neutralism,COVID
SRR12672291.bin.5.fbc2XSRR12672291.bin.8.fbc2 ,-0.138097752480462,-0.138097752480462,957.1773417800292,-0.0026531748795832,-1000.0,999.792840105405,0.0,-617.8635577020362,-5.178811642636333,-0.230162920800808,-0.0183334384176987,257.18779798877654,-227.461847619859,-999.7928401054048,-0.0090473263392141,-0.0571983037505106,-0.0571983037505106,42.82265821997066,-0.0010989107348677,0.0,-0.0858029501794135,1000.0,811.3970459928892,-2.144996830733703,-0.0953305062507752,-0.0075934731779625,0.0,-500.0953414953582,0.0858029501794135,-0.0037472856059821, Amensalism,COVID
SRR12672291.bin.4.fbc2XSRR12672291.bin.8.fbc2 ,-0.2140255622183531,-0.2140255622183531,1000.0,-0.0041119224249541,-1000.0,999.6789410970604,996.2343014432367,-416.23339759099497,-8.02618473891971,-0.3567092703638082,-0.0284133839563764,1000.0,-500.3613351830919,-999.6789410970604,-0.0140216554690368,-0.0555006707127176,-0.0555006707127176,0.0,-0.0010662953067139,0.0,-0.0832563375455492,3.765698556763141,-344.66908428942406,-2.081333797968,-0.0925011178544537,-0.0073681005691241,0.0,-499.6386648169081,0.0832563375455492,-0.0036360669957957, Amensalism,COVID
SRR12672291.bin.5.fbc2XSRR12672291.bin.4.fbc2 ,-0.1284807127761951,-0.1284807127761951,875.7028451223423,-0.002468409467383,-1000.0,999.8072665887884,91.90381822906102,-409.4843530501208,-4.818162491629209,-0.2141345212936585,-0.0170567094194211,146.13012930591276,-247.66892579110151,-984.7019629699358,-0.0084172762836942,-0.1129882528223333,-0.1129882528223333,124.2971548776577,-0.0021707637430381,0.0,-0.1694932330522078,35.96055465461541,-590.5156469498792,-4.237178872843515,-0.1883137547039268,-0.0149999774640718,853.8698706940872,-500.1907558639148,0.1694932330522078,-0.0074023043636088, Amensalism,COVID
SRR12672292.bin.3.fbc2XSRR12672292.bin.2.fbc2 ,-0.0834444282471622,-0.0834444282471622,521.4434956989267,-0.0016031590441798,-1000.0,1000.0,0.0,0.0,-3.129254233017264,-0.1390740470786795,-0.0110778289949848,710.3323020687994,-377.7857234612161,-1000.0,-0.0054667723404691,-0.0920334745816262,-0.0920334745816262,14.46317104139223,-0.0017681743435105,999.7432080400868,-1000.0,-1000.0,1000.0,-3.4513525463983115,-0.1533891243026346,-0.0122180847139361,289.66769793120056,-447.37044980003634,1000.0,-0.0060294745114788, Neutralism,COVID
SRR12672292.bin.4.fbc2XSRR12672292.bin.2.fbc2 ,-0.1360520858288509,-0.1360520858288509,995.8568404008174,-0.0026138729265312,-1000.0,1000.0,0.0,-152.5926434332091,-5.102096981591217,-0.2267534763813046,-0.0180618619226606,282.0638840309641,-32.20965824769132,-1000.0,-0.0089133066796875,-0.0920334745816262,-0.0920334745816262,4.143159599182582,-0.0017681743435105,999.7432080400868,-1000.0,-1000.0,990.607873408052,-3.4513525463983115,-0.1533891243026346,-0.0122180847139361,44.29912831303477,-468.1940202324053,1000.0,-0.0060294745114788, Neutralism,COVID
SRR12672292.bin.4.fbc2XSRR12672292.bin.3.fbc2 ,-0.1339356708487002,-0.1339356708487002,949.2535394906096,-0.0025732117358074,-549.1829338111544,1000.0,-904.2636511467532,-1000.0,-5.022729183470915,-0.2232261180811292,-0.0177808930943683,267.30551015254014,-144.41287401861416,-1000.0,-0.0087746520190421,-0.0834444282471622,-0.0834444282471622,50.74646050939055,-0.0016031590441798,1000.0,-1000.0,564.6514949031148,1000.0,-3.129254233017264,-0.1390740470786795,-0.0110778289949848,-232.7840789527684,-377.62702105713765,1000.0,-0.0054667723404691, Neutralism,COVID
SRR12672292.bin.1.fbc2XSRR12672292.bin.2.fbc2 ,-0.0760648249756741,-0.0760648249756741,978.0546735740244,-0.0014613799227163,-1000.0,1000.0,-608.6661265976244,27.21004477494739,-2.8525113124815107,-0.1267747082927144,-0.0100981352657072,495.4301950036352,-765.6384649629031,-1000.0,-0.0049833055363706,-0.0920331116923307,-0.0920331116923307,21.945326425975622,-0.0017681673716651,999.7432090526208,-1000.0,-391.3338734023756,972.7899552250526,-3.451338937669448,-0.1533885194872937,-0.0122180365378881,504.5698049963648,-234.36153503709693,1000.0,-0.0060294507371736, Amensalism,COVID
SRR12672292.bin.4.fbc2XSRR12672292.bin.1.fbc2 ,-0.1129573414627884,-0.1129573414627884,500.56800521559785,-0.0021701698648257,0.0,-0.1694468630436176,0.0,0.0,-4.236019664198807,-0.1882622357713899,-0.0149958737657698,474.6538737473609,-0.1882839374700324,0.1694468630436176,-0.0074002792389364,-0.1316294602258949,-0.1316294602258949,499.43199478440215,-0.0025289041350333,-1000.0,1000.0,244.7680539085152,1000.0,-4.93624384819725,-0.2193824337098249,-0.0174747275726758,479.6887516909456,-999.81171606253,-1000.0,-0.0086235631002864, Competition,COVID
SRR12672292.bin.1.fbc2XSRR12672292.bin.3.fbc2 ,-0.1199376756692345,-0.1199376756692345,788.7294395355013,-0.0023042781108415,-1000.0,1000.0,-52.83143840981245,897.4055887458808,-4.49778957289368,-0.1998961261153908,-0.0159225617459242,770.7398596744324,-656.7195729254069,-1000.0,-0.0078575883579787,-0.0834386255047547,-0.0834386255047547,211.27056046449863,-0.0016030475601382,1000.0,-1000.0,640.4859700253717,102.59441125411922,-3.129036624042101,-0.1390643758411442,-0.0110770586404669,142.5644525240059,-343.28042707459315,1000.0,-0.0054663921799829, Amensalism,COVID
SRR13077653.bin.29.fbc2XSRR13077653.bin.3.fbc2 ,-0.2229831392271535,-0.2229831392271535,797.366107181283,-0.0042840180447001,-1000.0,999.6655038710692,349.32981472420465,939.3387225932902,-8.3621033420103,-0.3716385653785892,-0.0296025646889575,-6.187921344139681,-710.0686993620664,-999.6655038710692,-0.014608501532507,-0.090397398687628,-0.090397398687628,202.63389281871696,-0.0017367415694025,1000.0,-1000.0,505.1957675234971,-19.668830562717744,-3.3899979715727118,-0.1506623311460089,-0.0120008842445713,2.904299738809073,-289.93130063793365,1000.0,-0.0059222887516625, Amensalism,COVID
SRR13077653.bin.3.fbc2XSRR13077653.bin.23.fbc2 ,-0.090397398687628,-0.090397398687628,351.8862487761953,-0.0017367415694025,0.0,0.0,354.62346746871435,-319.3381831651702,-3.3899979715727118,-0.1506623311460089,-0.0120008842445713,268.8074336348727,-294.6724796124133,0.0,-0.0059222887516625,-0.0877008755487622,-0.0877008755487622,648.1137512238047,-0.0016849351690098,-1000.0,1000.0,645.3765325312856,-680.6618168348298,-3.2888755045128164,-0.1461681259146416,-0.0116429020181385,23.83115857768189,-416.2367219223686,-1000.0,-0.0057456289264337, Neutralism,COVID
SRR13077653.bin.20.fbc2XSRR13077653.bin.12.fbc2 ,-0.1773337910509553,-0.1773337910509553,1000.0,-0.0034069892612933,-1000.0,999.7339822784772,-662.9541138434392,0.0,-6.650204548821307,-0.2955563184183347,-0.0235422957956643,995.041741175566,-716.892877255699,-999.7339822784772,-0.0116178333810239,-0.0898964312800671,-0.0898964312800671,-0.8196723788895497,-0.0017271168353545,1000.0,-1000.0,-337.04588615656075,1000.0,-3.3712111644287006,-0.1498273854667786,-0.0119343773322952,4.958258824433756,-283.107122744301,1000.0,-0.0058894684085544, Neutralism,COVID
SRR13077653.bin.3.fbc2XSRR13077653.bin.33.fbc2 ,-0.0903625148788478,-0.0903625148788478,202.2961380091624,-0.0017360713713969,1000.0,-1000.0,505.5911413915189,-19.37182002179327,-3.388689791883849,-0.1506041914648221,-0.0119962531759938,2.9514157301798605,-289.93656428070426,1000.0,-0.0059200033763318,-0.138938823805006,-0.138938823805006,797.7038619908376,-0.0026693337906635,-1000.0,999.7915784176234,124.80794785035027,44.54589891205478,-5.21035270604466,-0.2315647063416008,-0.0184450964935649,992.9362520997388,-3.2248755391979103,-999.7915784176236,-0.0091024282262424, Amensalism,COVID
SRR13077653.bin.17.fbc2XSRR13077653.bin.20.fbc2 ,0.0,0.0,0.0,0.0,-1000.0,1000.0,-1000.0,1000.0,0.0,0.0,0.0,0.0,0.0,-1000.0,0.0,-0.1773337910509553,-0.1773337910509553,1000.0,-0.0034069892612933,999.7339822784772,-1000.0,193.29076595523705,0.0,-6.650204548821307,-0.2955563184183347,-0.0235422957956643,1000.0,-995.0072786918578,1000.0,-0.0116178333810239, Amensalism,COVID
SRR13077653.bin.3.fbc2XSRR13077653.bin.12.fbc2 ,-0.090397398687628,-0.090397398687628,420.38557926676776,-0.0017367415694025,-1000.0,1000.0,480.61051546200974,-561.2340950401084,-3.3899979715727118,-0.1506623311460089,-0.0120008842445713,548.4529188594952,-288.6751919084237,-1000.0,-0.0059222887516625,-0.0898964312800671,-0.0898964312800671,-0.8196723788900044,-0.0017271168353545,0.0,0.0,519.3894845379903,1000.0,-3.3712111644287006,-0.1498273854667786,-0.0119343773322952,4.958258824433301,-711.3248080915763,0.0,-0.0058894684085544, Neutralism,COVID
SRR13077653.bin.29.fbc2XSRR13077653.bin.17.fbc2 ,-0.2533936752033696,-0.2533936752033696,1000.0,-0.0048682742594792,-1000.0,999.6198851458236,390.1004149235023,871.5033614046263,-9.502530575208652,-0.4223227920055024,-0.0336397751326558,-7.031832705805527,-994.1305651391184,-999.6198851458236,-0.0166008152247059,0.0,0.0,0.0,0.0,1000.0,-1000.0,609.8995850764977,0.0,0.0,0.0,0.0,0.0,304.94979253824886,1000.0,0.0, Amensalism,COVID
SRR13077653.bin.29.fbc2XSRR13077653.bin.12.fbc2 ,-0.2533936752033696,-0.2533936752033696,1000.0,-0.0048682742594792,-1000.0,999.6198851458236,390.1004149235018,871.5033614046281,-9.502530575208652,-0.4223227920055024,-0.0336397751326558,-7.031832705805527,-994.1305651391187,-999.6198851458236,-0.0166008152247059,0.0,0.0,0.0,0.0,1000.0,-1000.0,11.738869721762626,0.0,0.0,0.0,0.0,0.0,-5.869434860881256,1000.0,0.0, Amensalism,COVID
SRR13077653.bin.3.fbc2XSRR13077653.bin.7.fbc2 ,-0.090397398687628,-0.090397398687628,202.63389281871696,-0.0017367415694025,0.0,0.0,505.1957675234965,-19.668830562720476,-3.3899979715727118,-0.1506623311460089,-0.0120008842445713,2.9042997388087315,-289.93130063793365,0.0,-0.0059222887516625,-0.121872887306381,-0.121872887306381,797.366107181283,-0.0023414579693508,-1000.0,1000.0,-803.5240843911785,1000.0,-4.570362054179441,-0.203121478844082,-0.0161794745683891,47.11700396695551,-514.3285619573387,-1000.0,-0.0079843716755476, Neutralism,COVID
SRR13077653.bin.17.fbc2XSRR13077653.bin.12.fbc2 ,-0.0766802949597149,-0.0766802949597149,1000.0,-0.0014732045141272,-1000.0,1000.0,-1000.0,0.0,-2.875592087237237,-0.127800491599487,-0.0101798431925317,38.424120137157615,-39.3306737223038,-1000.0,-0.0050236273931432,-0.0898964312800671,-0.0898964312800671,-0.1710191090369335,-0.0017271168353545,0.0,0.0,0.0,1000.0,-3.3712111644287006,-0.1498273854667786,-0.0119343773322952,9.06499723553327,-456.2223313184352,0.0,-0.0058894684085544, Neutralism,COVID
SRR13077653.bin.17.fbc2XSRR13077653.bin.23.fbc2 ,-0.0760158461337141,-0.0760158461337141,991.3348165087488,-0.0014604389266423,0.0,0.0,88.04039561387481,-882.9737077666093,-2.850674554155262,-0.1266930768895235,-0.0100916329834035,38.09116808567774,59.21088596034201,0.0,-0.0049800967399278,-0.0877008755487622,-0.0877008755487622,8.665183491251128,-0.0016849351690098,-1000.0,1000.0,911.9596043861252,-76.03937673459063,-3.2888755045128164,-0.1461681259146416,-0.0116429020181385,1.179058658566305,-28.77171705567787,-1000.0,-0.0057456289264337, Neutralism,COVID
SRR13077653.bin.29.fbc2XSRR13077653.bin.7.fbc2 ,-0.2397559837237395,-0.2397559837237395,993.3427897145292,-0.004606262895777,-1000.0,999.6403429931,384.64163019108014,970.8271246389876,-8.991102734099172,-0.3995933062062704,-0.0318292766096419,-6.653378251877598,-667.6896723700545,-999.6403429931,-0.015707356474536,-0.0874232655094147,-0.0874232655094147,6.657210285470569,-0.001679601642877,1000.0,-1000.0,-1000.0,-25.65492412928654,-3.278464834692727,-0.1457054425156911,-0.011606047351961,-5.986951253218308,-332.3103276299455,1000.0,-0.0057274416020618, Amensalism,COVID
SRR13077653.bin.7.fbc2XSRR13077653.bin.23.fbc2 ,-0.1303235247086149,-0.1303235247086149,991.3348165087488,-0.0025038141154709,0.0,0.0,-522.1334906236705,-513.4444133595645,-4.887269886347895,-0.2172058745143203,-0.017301355537711,61.95472443994777,-500.0,0.0,-0.0085380061336763,-0.0877008755487622,-0.0877008755487622,8.665183491251128,-0.0016849351690098,-1000.0,1000.0,754.2813918312606,-264.8276990772172,-3.2888755045128164,-0.1461681259146416,-0.0116429020181385,-23.08196057944224,-487.5898206292999,-1000.0,-0.0057456289264337, Neutralism,COVID
SRR13077653.bin.33.fbc2XSRR13077653.bin.20.fbc2 ,-0.1489703779386673,-0.1489703779386673,879.3661399732839,-0.0028620629767601,-1000.0,999.7765301227772,859.4265131030138,-544.8193967204334,-5.586546586163308,-0.2482839632310742,-0.0197768551691979,545.7406804823272,-135.98325597769565,-999.7765301227772,-0.0097596347505941,-0.0993631253893454,-0.0993631253893454,120.63386002671608,-0.0019089937634362,999.8509457669472,-1000.0,140.5734868969862,1000.0,-3.726222196756453,-0.1656052089822424,-0.0131911469056831,119.21183466401612,-631.498775537816,1000.0,-0.0065096687334289, Amensalism,COVID
SRR13077653.bin.3.fbc2XSRR13077653.bin.20.fbc2 ,-0.090397398687628,-0.090397398687628,202.6338928187165,-0.0017367415694025,-1000.0,1000.0,505.1957675234969,-19.668830562719563,-3.3899979715727118,-0.1506623311460089,-0.0120008842445713,2.904299738808845,-289.93130063793353,-1000.0,-0.0059222887516625,-0.1593668728464763,-0.1593668728464763,797.3661071812835,-0.0030618035128782,999.7609343817126,-1000.0,-2.350670813441297,984.6973203687658,-5.976426130937057,-0.265611454744203,-0.0211570622741419,792.4266526640959,-710.0686993620665,1000.0,-0.0104407499790113, Amensalism,COVID
SRR13077653.bin.7.fbc2XSRR13077653.bin.12.fbc2 ,-0.0878553528540351,-0.0878553528540351,957.70559697486,-0.001687903032689,0.0,0.0,-262.6149200096876,0.0,-3.2946685666941,-0.1464255880900964,-0.0116634099562134,131.0728622574843,-500.0,0.0,-0.0057557493416879,-0.0898964312800671,-0.0898964312800671,-0.8196723788896634,-0.0017271168353545,-1000.0,1000.0,92.1779828441172,1000.0,-3.3712111644287006,-0.1498273854667786,-0.0119343773322952,4.958258824433528,-497.7190572446399,-1000.0,-0.0058894684085544, Amensalism,COVID
SRR13077653.bin.33.fbc2XSRR13077653.bin.17.fbc2 ,-0.1637892775225964,-0.1637892775225964,1000.0,-0.0031467680599917,-1000.0,999.7543003498758,-1000.0,557.3876538531674,-6.142270979339173,-0.2729821292042516,-0.0217441672945142,440.64409779374864,-3.8016734286369456,-999.7543003498758,-0.0107304790846001,0.0,0.0,0.0,0.0,1000.0,-1000.0,0.0,0.0,0.0,0.0,0.0,0.0,0.0,1000.0,0.0, Amensalism,COVID
SRR13077653.bin.29.fbc2XSRR13077653.bin.23.fbc2 ,-0.253321383061234,-0.253321383061234,999.3660094143818,-0.0048668853613662,-1000.0,999.6199935909812,0.0,871.5400209512482,-9.499819543492777,-0.4222023051021324,-0.0336301778472716,-7.029826553724661,-993.8152443712096,-999.6199935909812,-0.0165960790824328,-0.0870025837259618,-0.0870025837259618,0.6339905856182213,-0.0016715193798972,1000.0,-1000.0,1000.0,-535.443811205308,-3.262688823291228,-0.1450043062100121,-0.0115501989154154,987.4011316136056,-6.184755628790413,1000.0,-0.0056998810855475, Neutralism,COVID
SRR13077653.bin.3.fbc2XSRR13077653.bin.17.fbc2 ,-0.090397398687628,-0.090397398687628,202.6338928187165,-0.0017367415694025,-1000.0,1000.0,505.1957675234965,-19.668830562719336,-3.3899979715727118,-0.1506623311460089,-0.0120008842445713,2.904299738808845,-289.93130063793365,-1000.0,-0.0059222887516625,-0.0611422682895863,-0.0611422682895863,797.3661071812835,-0.0011746833484949,0.0,0.0,-1000.0,289.7926145832366,-2.292899668441578,-0.1019037804825302,-0.0081170619381509,30.638091095630216,12.218414683489527,0.0,-0.0040056702183619, Amensalism,COVID
SRR13077653.bin.33.fbc2XSRR13077653.bin.23.fbc2 ,-0.163711396877602,-0.163711396877602,999.3660094143816,-0.0031452717939828,-1000.0,999.7544171783248,-1000.0,557.4396152521729,-6.139350372857734,-0.2728523281292609,-0.0217338280965577,443.7383440769361,-219.36212627945545,-999.7544171783246,-0.0107253768175041,-0.0870025837259618,-0.0870025837259618,0.633990585618335,-0.0016715193798972,1000.0,-1000.0,1000.0,-44.83990005522401,-3.262688823291228,-0.1450043062100121,-0.0115501989154154,-6.769837355899085,-136.72644569717647,1000.0,-0.0056998810855475, Neutralism,COVID
SRR13077653.bin.23.fbc2XSRR13077653.bin.20.fbc2 ,-0.0870025837259618,-0.0870025837259618,0.6339905856184487,-0.0016715193798972,-1000.0,1000.0,729.757422881172,-258.58379943860314,-3.262688823291228,-0.1450043062100121,-0.0115501989154154,-12.598868386394315,-257.9104759125744,-1000.0,-0.0056998810855475,-0.1772775770739372,-0.1772775770739372,999.3660094143816,-0.0034059092618008,999.7340666048426,-1000.0,-1000.0,1000.0,-6.648096465283061,-0.295462628456562,-0.0235348329986209,973.1207045929864,-742.0895240874256,1000.0,-0.0116141505825453, Neutralism,COVID
SRR13077653.bin.29.fbc2XSRR13077653.bin.33.fbc2 ,-0.1449518932881801,-0.1449518932881801,48.982823285457016,-0.0027848586606751,999.7825582357746,-1000.0,219.44148768405356,926.4944911090532,-5.435849165533341,-0.2415864888135956,-0.0192433733452617,-4.022505546653633,-521.1338467984845,1000.0,-0.0094963680329556,-0.157772131594811,-0.157772131594811,951.017176714543,-0.0030311648721408,-1000.0,999.7633266467832,780.5585123159465,-452.3543126137813,-5.916621648874866,-0.2629535526581321,-0.0209453492665261,453.4895369037824,-3.662010905328998,-999.7633266467834,-0.0103362722139763, Amensalism,COVID
SRR13077653.bin.23.fbc2XSRR13077653.bin.12.fbc2 ,-0.0877008755487622,-0.0877008755487622,997.6300123146024,-0.0016849351690098,-1000.0,1000.0,-118.6402939320277,-1000.0,-3.2888755045128164,-0.1461681259146416,-0.0116429020181385,559.7478895637394,-568.4637980282548,-1000.0,-0.0057456289264337,-0.0898964312800671,-0.0898964312800671,-0.8196723788900044,-0.0017271168353545,0.0,0.0,-40.18772770167254,1000.0,-3.3712111644287006,-0.1498273854667786,-0.0119343773322952,4.958258824433301,-431.5362019717452,0.0,-0.0058894684085544, Neutralism,COVID
SRR13077653.bin.7.fbc2XSRR13077653.bin.20.fbc2 ,-0.0874232655094147,-0.0874232655094147,6.657210285470796,-0.001679601642877,-1000.0,1000.0,-243.98293439189024,-20.160879971517943,-3.278464834692727,-0.1457054425156911,-0.011606047351961,-5.986951253218194,-500.0,-1000.0,-0.0057274416020618,-0.1767435168820839,-0.1767435168820839,993.3427897145292,-0.0033956487393425,999.7348677464332,-1000.0,-756.0170656081098,899.9974010319961,-6.628068643759775,-0.2945725281368823,-0.0234639327887862,973.075999487768,-500.0,1000.0,-0.0115791622010874, Amensalism,COVID
SRR13077653.bin.33.fbc2XSRR13077653.bin.12.fbc2 ,-0.1637892775225964,-0.1637892775225964,1000.0,-0.0031467680599917,-1000.0,999.7543003498758,-665.3968143113339,0.0,-6.142270979339173,-0.2729821292042516,-0.0217441672945142,883.7468667593548,-3.8016734286369456,-999.7543003498758,-0.0107304790846001,-0.0898964312800671,-0.0898964312800671,-0.8196723788901181,-0.0017271168353545,1000.0,-1000.0,-228.66067319793277,1000.0,-3.3712111644287006,-0.1498273854667786,-0.0119343773322952,4.958258824433187,-337.29972922361503,1000.0,-0.0058894684085544, Neutralism,COVID
SRR13077653.bin.7.fbc2XSRR13077653.bin.17.fbc2 ,-0.0874232655094147,-0.0874232655094147,6.657210285471024,-0.001679601642877,-1000.0,1000.0,-589.626594638709,-525.6112124965316,-3.278464834692727,-0.1457054425156911,-0.011606047351961,-5.986951253218194,-332.3103276299455,-1000.0,-0.0057274416020618,-0.0761698181114525,-0.0761698181114525,993.3427897145287,-0.0014633970819204,0.0,0.0,-410.373405361291,-474.3887875034684,-2.8564486660171724,-0.1269496968523071,-0.0101120738357849,38.1683226893706,15.221457268219185,0.0,-0.0049901840492339, Amensalism,COVID
SRR13077653.bin.29.fbc2XSRR13077653.bin.20.fbc2 ,-0.1962500343024658,-0.1962500343024658,499.3089119517833,-0.0037704137233731,-1000.0,999.7056060964778,297.1013245046006,900.8488764685912,-7.359583659095506,-0.3270833905040717,-0.0260535588286074,-5.4460609903381965,-743.8213021635954,-999.7056060964776,-0.0128571107967445,-0.1330517877125885,-0.1330517877125885,500.6910880482167,-0.0025562303114838,999.8004095372794,-1000.0,-344.7784933079446,-12.997638702486483,-4.989582631890016,-0.2217529795210566,-0.0176635514523013,496.5672494982191,-256.1786978364046,1000.0,-0.0087167453621077, Competition,COVID
SRR13077653.bin.7.fbc2XSRR13077653.bin.33.fbc2 ,-0.0874232655094147,-0.0874232655094147,6.657210285470342,-0.001679601642877,1000.0,-1000.0,1000.0,1000.0,-3.278464834692727,-0.1457054425156911,-0.011606047351961,-4.98197420724216,-565.257442957327,1000.0,-0.0057274416020618,-0.1629027175904411,-0.1629027175904411,993.3427897145298,-0.0031297352082901,-1000.0,999.7556302749384,0.0,0.0,-6.109024045077376,-0.2715045293173261,-0.0216264702891066,439.6391459150482,-4.052631526483992,-999.7556302749384,-0.0106723970601478, Amensalism,COVID
SRR13077659.bin.8.fbc2XSRR13077659.bin.5.fbc2 ,-0.2151967821639573,-0.2151967821639573,988.2880795046804,-0.0041344242490595,-0.3228158453671312,0.0,-25.41814805911349,1000.0,-8.070106724482002,-0.3586613036065955,-0.0285688715611058,233.4723400599753,0.0,0.0,-0.0140983866892838,-0.1769500944193396,-0.1769500944193396,11.71192049531976,-0.0033996175681068,-12.065208752997025,1000.0,1000.0,-1000.0,-6.63581551969321,-0.2949168240322706,-0.0234913573955282,-32.12427825561281,-747.05005834668,-1000.0,-0.0115926959072112, Neutralism,COVID
SRR13077659.bin.12.fbc2XSRR13077659.bin.5.fbc2 ,-0.084494633238819,-0.084494633238819,1.4598497353564426,-0.0016233358931003,705.0788771455113,0.2655287472107375,-46.537438822200215,-696.9454066706419,-3.168638029928502,-0.1408243887312892,-0.0112172510216623,5.36011443009113,-429.69937341835873,-0.2655287472107375,-0.0055355753956973,-0.1770078290511492,-0.1770078290511492,663.2085564734382,-0.0034007267829565,-1000.0,999.7344712527891,-953.4625611777998,-303.0545933293581,-6.637980629392246,-0.295013048418582,-0.023499022070041,294.8560246204456,-500.0,-999.7344712527891,-0.0115964783298068, Neutralism,COVID
SRR13077659.bin.7.fbc2XSRR13077659.bin.4.fbc2 ,-0.0873011768076139,-0.0873011768076139,382.1613822622762,-0.0016772560385334,1000.0,-1000.0,0.0,1000.0,-3.273886379366786,-0.1455019613459853,-0.0115898392265307,514.6647263037544,-600.3765538480038,1000.0,-0.0057194430914933,-0.0882864910032594,-0.0882864910032594,387.8267616979285,-0.0016961861864501,-1000.0,1000.0,0.0,-503.3628832651237,-3.310836702863753,-0.147144151672137,-0.0117206465481558,485.3352736962456,-399.6234461519962,-1000.0,-0.0057839948957507, Neutralism,COVID
SRR13077659.bin.11.fbc2XSRR13077659.bin.5.fbc2 ,-0.0950110425252432,-0.0950110425252432,988.2468841946088,-0.0018253802599019,292.1240735329409,0.0,50.5548013446894,-107.01667492070736,-3.5630144906114083,-0.1583517375421479,-0.012613377595585,522.7060984393611,-154.5764466807941,0.0,-0.0062245466860986,-0.1770078290511492,-0.1770078290511492,11.753115805391303,-0.0034007267829565,-292.88306105876313,1000.0,949.4451986553106,-605.3740699139765,-6.637980629392246,-0.295013048418582,-0.023499022070041,-36.39059918051328,-676.845616922112,-1000.0,-0.0115964783298068, Neutralism,COVID
SRR13077659.bin.8.fbc2XSRR13077659.bin.12.fbc2 ,-0.2158450193981025,-0.2158450193981025,999.9765410041044,-0.0041468783746267,-0.3237882634890638,0.0,-15.964325029000747,1000.0,-8.094416305739287,-0.3597416989967996,-0.0286549295684608,229.17959878556823,0.0,0.0,-0.0141408552574375,-0.0844426512004474,-0.0844426512004474,0.0234589958954529,-0.0016223371989099,-297.1410835058367,1000.0,787.085362688563,-31.50322510901094,-3.166688648563195,-0.1407377520007457,-0.0112103500440525,168.9476605347304,-553.7074079120762,-1000.0,-0.005532169848152, Neutralism,COVID
SRR13077659.bin.8.fbc2XSRR13077659.bin.6.fbc2 ,-0.1900625315016668,-0.1900625315016668,469.11248539018766,-0.0036515375888939,-1000.0,999.7148879450596,-140.25807129590828,1000.0,-7.127545765879404,-0.3167708858360356,-0.0252321247392046,321.3163503128867,0.0,-999.7148879450596,-0.0124517431780759,-0.0561216050485882,-0.0561216050485882,530.8875146098123,-0.0010782248808709,999.9158122013029,-1000.0,-859.7419287040917,-1000.0,-2.104619491690073,-0.0935360084142757,-0.0074505339267716,494.970323531403,-28.11976347465543,1000.0,-0.0036767468436664, Competition,COVID
SRR13077659.bin.6.fbc2XSRR13077659.bin.7.fbc2 ,-0.0753147793029711,-0.0753147793029711,830.0321940216193,-0.0014469698232915,-1000.0,999.8870205961966,-1000.0,-1000.0,-2.824383807199752,-0.1255246321715049,-0.0099985614790512,768.2107555937564,-384.0780051053715,-999.8870205961964,-0.0049341670974172,-0.0854846829898861,-0.0854846829898861,133.5617523119563,-0.0016423570218648,1000.0,-1000.0,105.16246457685976,1000.0,-3.2057659417558853,-0.1424744716497343,-0.0113486870212682,231.7892444062436,-310.60802101145464,1000.0,-0.0056004374446274, Amensalism,COVID
SRR13077659.bin.4.fbc2XSRR13077659.bin.5.fbc2 ,-0.0887235624877575,-0.0887235624877575,292.7695234611324,-0.0017045833330939,-1000.0,999.8669061333516,-219.4959497421004,260.4999948242148,-3.327227345375832,-0.1478726041463005,-0.0117786708317453,149.5507941721046,-417.271104887981,-999.8669061333516,-0.0058126291659164,-0.1770078290511492,-0.1770078290511492,707.2304765388676,-0.0034007267829565,1000.0,-669.3499482991349,-780.5040502578996,-1000.0,-6.637980629392246,-0.295013048418582,-0.023499022070041,610.9630572030937,-582.728895112019,669.3499482991349,-0.0115964783298068, Neutralism,COVID
SRR13077659.bin.8.fbc2XSRR13077659.bin.7.fbc2 ,-0.1448447032378226,-0.1448447032378226,1000.0,-0.0027827992937545,-1000.0,999.7827190311468,362.5388967411261,331.8898907016851,-5.431829425378396,-0.2414078387296285,-0.0192291431195599,245.7344273693584,0.0,-999.7827190311468,-0.0094893455915325,-0.0886285700631788,-0.0886285700631788,0.0,-0.0017027583105573,1000.0,-1000.0,104.29698168678806,239.66337883381857,-3.3236650290771195,-0.1477142834386313,-0.011766059925776,754.2655726306416,-118.03214632400682,1000.0,-0.005806405838939, Amensalism,COVID
SRR13077659.bin.3.fbc2XSRR13077659.bin.12.fbc2 ,-0.1802953901972159,-0.1802953901972159,998.6460369387336,-0.0034638883803381,-1000.0,1000.0,-1000.0,-969.8093021165096,-6.761267646256897,-0.3004923169953599,-0.0239354687082595,999.8411908410336,-499.4279699609739,-1000.0,-0.0118118593769622,-0.0844908012695668,-0.0844908012695668,1.3539630612663132,-0.0016232622722327,38.65986317562556,0.0,0.0,-30.19069788349043,-3.168494327032249,-0.1408180021159069,-0.0112167423011442,0.1588091589663918,-500.5720300390261,0.0,-0.0055353243483295, Neutralism,COVID
SRR13077659.bin.8.fbc2XSRR13077659.bin.11.fbc2 ,-0.1816131379380294,-0.1816131379380294,334.3451632392041,-0.0034892053398607,0.0,-0.2724371529336622,-346.7066361005303,1000.0,-6.810684578967766,-0.3026885632299354,-0.0241104088981956,365.107339584898,0.0,0.2724371529336622,-0.0118981902088535,-0.0880281025165459,-0.0880281025165459,665.6548367607959,-0.0016912219504092,-1000.0,1000.0,478.8312661132818,-317.1465634852917,-3.301146861576285,-0.1467135041941674,-0.0116863436770699,308.34488071494025,-0.0330126524711431,-1000.0,-0.0057670668506943, Amensalism,COVID
SRR13077659.bin.6.fbc2XSRR13077659.bin.11.fbc2 ,-0.0500526768416875,-0.0500526768416875,465.0811686038192,-0.0009616268365562,-0.075083823396767,0.0,-1000.0,-932.9371274715772,-1.877028271040217,-0.0834211280695171,-0.0066448414404476,452.62540851553285,0.0,0.0,-0.0032791475125577,-0.0761507967698662,-0.0761507967698662,534.9188313961808,-0.0014630316381953,-605.6310247802523,1000.0,690.4454955840085,-67.06287252842276,-2.8557353456093324,-0.1269179946164058,-0.0101095486202211,295.3574140715482,-98.62080218251516,-1000.0,-0.0049889378863099, Competition,COVID
SRR13077659.bin.6.fbc2XSRR13077659.bin.4.fbc2 ,-0.0856697147556815,-0.0856697147556815,985.227398137264,-0.0016459119069622,-1000.0,999.871487198307,-1000.0,-1000.0,-3.212704828494793,-0.1427828579262495,-0.0113732512768365,944.6330712609458,-500.1427993170453,-999.8714871983068,-0.0056125596025822,-0.0869949909437082,-0.0869949909437082,14.772601862735884,-0.0016713735051325,0.0,-0.13050084328313,0.0,0.0,-3.2624040859332126,-0.1449916515729228,-0.0115491909207321,55.366928739054174,-484.1200018939176,0.13050084328313,-0.0056993836526544, Neutralism,COVID
SRR13077659.bin.4.fbc2XSRR13077659.bin.3.fbc2 ,-0.0869949909437082,-0.0869949909437082,14.772601862735767,-0.0016713735051325,-1000.0,999.8694991567168,-219.36589729664115,0.0,-3.2624040859332126,-0.1449916515729228,-0.0115491909207321,11.724768707395356,-387.8129651621134,-999.8694991567168,-0.0056993836526544,-0.1799574001378232,-0.1799574001378232,985.227398137264,-0.0034573948153138,0.0,0.0,-780.6341027033588,-1000.0,-6.748592661882753,-0.2999290002296675,-0.0238905981739208,988.2752312926044,-466.2208834246421,0.0,-0.0117897163203224, Neutralism,COVID
SRR13077659.bin.7.fbc2XSRR13077659.bin.11.fbc2 ,-0.0873846940270368,-0.0873846940270368,54.422194103066886,-0.0016788605961437,1000.0,-1000.0,102.83320408012378,578.293000565574,-3.277018363345064,-0.1456411567116902,-0.0116009267190975,526.282179453525,-203.1639696565376,1000.0,-0.0057249146326512,-0.0952303550093347,-0.0952303550093347,945.5778058969332,-0.0018295937561561,-0.5095328255821414,1000.0,853.2959656770438,-215.63043891045172,-3.571238940508124,-0.1587172583489291,-0.0126424928552069,473.71782054647497,-439.97301420589054,-1000.0,-0.0062389147085468, Neutralism,COVID
SRR13077659.bin.6.fbc2XSRR13077659.bin.5.fbc2 ,-0.0830737591601291,-0.0830737591601291,952.7046709724968,-0.0015960376399561,-1000.0,999.8753813810716,-1000.0,-977.7034736889598,-3.115353750575423,-0.1384562652668819,-0.0110286200921336,913.3404295505816,-0.1384722256433406,-999.8753813810716,-0.005442488352287,-0.1752692555251087,-0.1752692555251087,47.29532902750316,-0.0033673247939987,999.7370792800884,-1000.0,1000.0,-22.296526311040225,-6.572782285054132,-0.2921154258751812,-0.0232682143262081,-17.776878878809953,-500.0,1000.0,-0.0114825775473264, Neutralism,COVID
SRR13077659.bin.11.fbc2XSRR13077659.bin.12.fbc2 ,-0.0961639854546092,-0.0961639854546092,998.5401502646436,-0.0018475309404948,-39.098760394294345,1000.0,832.139929970876,-208.79183632389424,-3.60625106874977,-0.1602733090910533,-0.0127664387990762,512.2501725728187,-423.236810333014,-1000.0,-0.0063000805072306,-0.084494633238819,-0.084494633238819,1.4598497353564426,-0.0016233358931003,38.59468640403793,0.0,118.08242648321266,-30.19568718195808,-3.168638029928502,-0.1408243887312892,-0.0112172510216623,5.36011443009113,-411.0974972623155,0.0,-0.0055355753956973, Neutralism,COVID
SRR13077659.bin.11.fbc2XSRR13077659.bin.3.fbc2 ,-0.0668002236325264,-0.0668002236325264,432.9649483937462,-0.0012833856605993,0.0,0.0,501.2515709387853,-98.33768408175716,-2.50507897242926,-0.111333706054097,-0.0088681949144984,283.2805321529436,-0.0250516880942086,0.0,-0.0043763451025142,-0.1353899967750749,-0.1353899967750749,567.0350516062538,-0.0026011526757656,-1000.0,1000.0,-1000.0,-901.6623159182428,-5.077267942464118,-0.2256499946252006,-0.0179739649897783,440.2591292416228,-50.08638879977457,-1000.0,-0.0088699306244279, Competition,COVID
SRR13077659.bin.11.fbc2XSRR13077659.bin.4.fbc2 ,-0.0950799626377829,-0.0950799626377829,937.5146285210922,-0.0018267043734567,999.4871510863786,0.1330938666483234,852.4519067489107,-215.7956694710358,-3.565599067658468,-0.1584666043963807,-0.0126225272205147,467.9790754778212,-440.2110074845052,-0.1330938666483234,-0.0062290619134728,-0.0887235624877575,-0.0887235624877575,62.48537147890784,-0.0017045833330939,-1000.0,999.8669061333516,-1000.0,-117.5174172583013,-3.327227345375832,-0.1478726041463005,-0.0117786708317453,532.0209245221788,-353.90281981701764,-999.8669061333516,-0.0058126291659164, Neutralism,COVID
SRR13077659.bin.7.fbc2XSRR13077659.bin.5.fbc2 ,-0.0886285700631788,-0.0886285700631788,163.30186493941892,-0.0017027583105573,1000.0,-1000.0,0.0,389.5677300204609,-3.3236650290771195,-0.1477142834386313,-0.011766059925776,955.0925348024098,-335.66290233079167,1000.0,-0.005806405838939,-0.1770078290511492,-0.1770078290511492,836.6981350605811,-0.0034007267829565,-342.9171380703772,1000.0,1000.0,-1000.0,-6.637980629392246,-0.295013048418582,-0.023499022070041,44.90746519759023,-664.3370976692083,-1000.0,-0.0115964783298068, Neutralism,COVID
SRR13077659.bin.7.fbc2XSRR13077659.bin.3.fbc2 ,-0.0870543783086077,-0.0870543783086077,69.29925224798126,-0.0016725144728297,1000.0,-1000.0,102.4165199107747,669.2604606664609,-3.264631174869692,-0.1450906305143462,-0.0115570750069764,465.1595674718437,-226.311255620456,1000.0,-0.0057032743521858,-0.1716433583561638,-0.1716433583561638,930.7007477520189,-0.003297662984778,-1000.0,1000.0,-1000.0,-1000.0,-6.436807309820438,-0.2860722639269397,-0.0227868512246232,534.8404325281563,-256.3941983618563,-1000.0,-0.0112450307780136, Neutralism,COVID
SRR13077659.bin.3.fbc2XSRR13077659.bin.5.fbc2 ,-0.1374093008079171,-0.1374093008079171,955.0539123693602,-0.0026399481423595,-1000.0,1000.0,0.0,-985.1311343661524,-5.152993977444908,-0.2290155013465664,-0.018242041663484,1000.0,-451.1041325710962,-1000.0,-0.0090022231653392,-0.17491297125855,-0.17491297125855,44.9460876306398,-0.0033604797552015,0.0,-0.2623862592865862,1000.0,-14.86886563384769,-6.559421248581771,-0.29152161876425,-0.0232209151084816,-18.87737393172688,-500.0,0.2623862592865862,-0.011459235965276, Amensalism,COVID
SRR13077659.bin.7.fbc2XSRR13077659.bin.12.fbc2 ,-0.0886285700631788,-0.0886285700631788,0.0,-0.0017027583105573,1000.0,-1000.0,0.0,239.87241937677936,-3.3236650290771195,-0.1477142834386313,-0.011766059925776,801.417079406649,-120.70296175562224,1000.0,-0.005806405838939,-0.084494633238819,-0.084494633238819,1000.0,-0.0016233358931003,-1000.0,999.8732499334624,-893.0032396365582,-990.014400976026,-3.168638029928502,-0.1408243887312892,-0.0112172510216623,0.1940914505054252,-500.1408406220903,-999.8732499334624,-0.0055355753956973, Neutralism,COVID
SRR13077659.bin.6.fbc2XSRR13077659.bin.3.fbc2 ,0.0,0.0,0.0,0.0,1000.0,-1000.0,-213.7405047005616,0.0,0.0,0.0,0.0,0.0,-61.45467110654465,1000.0,0.0,-0.1812488455732364,-0.1812488455732364,1000.0,-0.0034822064470745,-1000.0,1000.0,-786.2594952994384,-1000.0,-6.797023230349055,-0.3020814092886894,-0.0240620465497158,1000.0,-490.1679719211056,-1000.0,-0.0118743239846708, Amensalism,COVID
SRR13077659.bin.8.fbc2XSRR13077659.bin.4.fbc2 ,-0.214493320677775,-0.214493320677775,985.2273981372643,-0.0041209091388054,-1000.0,999.6782394144376,107.18312907934342,1000.0,-8.043726175419238,-0.3574888677962917,-0.028475482149588,268.6658225846777,0.0,-999.6782394144376,-0.0140523001634846,-0.0869949909437082,-0.0869949909437082,14.772601862735655,-0.0016713735051325,756.4877349268377,0.3217605855624015,-1000.0,-1000.0,-3.2624040859332126,-0.1449916515729228,-0.0115491909207321,236.5298136497638,-609.128976474714,-0.3217605855624015,-0.0056993836526544, Neutralism,COVID
SRR13077659.bin.6.fbc2XSRR13077659.bin.12.fbc2 ,-0.0859457208209732,-0.0859457208209732,999.9765410041044,-0.0016512146171407,-1000.0,999.8710731626954,-1000.0,-968.4967748909892,-3.2230553475911847,-0.1432428680350312,-0.01140989300427,959.2514295154524,-492.46490075787904,-999.8710731626954,-0.0056306418443909,-0.0844426512004474,-0.0844426512004474,0.0234589958954529,-0.0016223371989099,41.88418800682393,0.1289268373045615,0.0,-31.50322510901094,-3.166688648563195,-0.1407377520007457,-0.0112103500440525,3.736210122221564,-507.53509924212096,-0.1289268373045615,-0.005532169848152, Neutralism,COVID
SRR13077659.bin.8.fbc2XSRR13077659.bin.3.fbc2 ,-0.1698844954446485,-0.1698844954446485,186.30543944824285,-0.0032638711901427,-1000.0,999.7451569374772,-356.428079111318,1000.0,-6.37084809208784,-0.283140825741043,-0.0225533499235552,365.40666933826856,0.0,-999.7451569374772,-0.0111298007582263,-0.163328048076778,-0.163328048076778,813.6945605517571,-0.0031379067834222,0.0,0.0,-643.571920888682,-1000.0,-6.124974387751536,-0.2722134134612588,-0.0216829358734003,634.5933306617314,-269.71792057185667,0.0,-0.0107002621314222, Amensalism,COVID
SRR13077659.bin.4.fbc2XSRR13077659.bin.12.fbc2 ,-0.0887235624877575,-0.0887235624877575,707.775096050801,-0.0017045833330939,-0.3565636426912988,1000.0,-101.8307373838568,-969.8043128180418,-3.327227345375832,-0.1478726041463005,-0.0117786708317453,994.6398855699084,-649.4673534760306,-1000.0,-0.0058126291659164,-0.084494633238819,-0.084494633238819,40.18128620593188,-0.0016233358931003,-0.1267500665376246,0.0,-898.1692626161432,-30.195687181958192,-3.168638029928502,-0.1408243887312892,-0.0112172510216623,5.3601144300913575,-253.3315844285437,0.0,-0.0055355753956973, Neutralism,COVID
SRR13077684.bin.19.fbc2XSRR13077684.bin.27.fbc2 ,-0.0581230555976617,-0.0581230555976617,332.09989424744435,-0.001116677340974,999.8378249497704,-1000.0,-234.33172218259983,160.09224738247076,-2.179676002164797,-0.0968717593293604,-0.0077162404261343,-11.995582498969952,-248.9214459476866,1000.0,-0.0038078697326682,-0.2324112038995736,-0.2324112038995736,667.9001057525556,-0.0044651528127133,-1000.0,999.3515258570156,255.16562286811632,839.9077526175292,-8.715665729639682,-0.3873520064993272,-0.0308542059356113,1000.0,-523.7998896129377,-999.3515258570156,-0.0152261710911716, Competition,COVID
SRR13077684.bin.29.fbc2XSRR13077684.bin.9.fbc2 ,-0.1962242234743598,-0.1962242234743598,998.3818260953732,-0.0037699178380989,-1000.0,999.7056448151992,-1000.0,827.412021296916,-7.358615725768914,-0.3270403724571906,-0.026050132261389,1000.0,-500.0,-999.7056448151992,-0.0128554198280426,-0.0823202382209729,-0.0823202382209729,1.6181739046269286,-0.0015815607727063,999.8733486133192,-1000.0,99.82686654220812,-21.12539752529972,-3.08709591913032,-0.1372003970350306,-0.0109285849396201,0.0,-347.6569958249248,1000.0,-0.0053931222350911, Neutralism,COVID
SRR13077684.bin.6.fbc2XSRR13077684.bin.10.fbc2 ,-0.0725798579761658,-0.0725798579761658,741.8298245784267,-0.0013944257055982,-1000.0,999.8911232409072,-1000.0,-492.8827989722449,-2.72182136751826,-0.1209664299601627,-0.0096354816256507,1000.0,-603.2538756508928,-999.8911232409072,-0.0047549916561138,-0.0851423144380305,-0.0851423144380305,8.429808872270769,-0.0016357793359702,1000.0,-996.7636432993398,603.9381551091769,-20.38331544336017,-3.1929267592888664,-0.1419038573966418,-0.0113032352116988,-6.08802717487481,-250.98293980299357,996.76364329934,-0.0055780075357461, Neutralism,COVID
SRR13077684.bin.19.fbc2XSRR13077684.bin.16.fbc2 ,-0.1183845019282898,-0.1183845019282898,677.3984291352158,-0.0022744380773929,-1000.0,999.6696833580204,-472.65542393639794,324.6037530847989,-4.439543916403181,-0.1973075032137785,-0.0157163671148055,-24.432491459338166,-163.08542100724162,-999.6696833580204,-0.0077558338439303,-0.0855617446889027,-0.0855617446889027,322.6015708647842,-0.0016438375540701,1000.0,-1000.0,-527.3445760636021,-6.786481193205873,-3.208655836899993,-0.1426029078148758,-0.011358917498569,637.9904921319869,-0.8332972151005151,1000.0,-0.0056054860593803, Competition,COVID
SRR13077684.bin.4.fbc2XSRR13077684.bin.9.fbc2 ,-0.0900238633931849,-0.0900238633931849,998.3818260953732,-0.0017295650987989,-1000.0,999.8649555570846,-423.0085025928406,-523.378256869837,-3.375990003324887,-0.1500397723219748,-0.0119512948327837,7.686057581739874,-491.4804794101849,-999.8649555570848,-0.0058978169869305,-0.0823202382209729,-0.0823202382209729,1.6181739046269286,-0.0015815607727063,999.8765117348646,-1000.0,0.0,1000.0,-3.08709591913032,-0.1372003970350306,-0.0109285849396201,16.230409035603316,-403.71298560024616,1000.0,-0.0053931222350911, Neutralism,COVID
SRR13077684.bin.16.fbc2XSRR13077684.bin.7.fbc2 ,-0.0912410836830304,-0.0912410836830304,272.2011986022424,-0.0017529506951632,0.0,0.0,-1000.0,208.2042221149729,-3.42163705040332,-0.1520684728051264,-0.0121128893035802,533.2493009950513,-0.8886090531730133,0.0,-0.0059775618705089,-0.086364406426469,-0.086364406426469,727.7988013977576,-0.001659258528889,-1000.0,1000.0,333.4730142902299,-476.81533645192,-3.238756500212048,-0.1439406773774862,-0.0114654764342958,227.7342352342453,-118.932019804976,-1000.0,-0.0056580715834115, Competition,COVID
SRR13077684.bin.22.fbc2XSRR13077684.bin.27.fbc2 ,-0.1674920658779228,-0.1674920658779228,4.644711055290031,-0.0032179071254176,0.0,0.0,197.94212801512367,934.9997447749432,-6.2811294553135895,-0.2791534431298714,-0.0222357382366453,8.038352816787892,-498.9588014887479,0.0,-0.0109730632976834,-0.26064243209089,-0.26064243209089,995.35528894471,-0.0050075395214435,-1000.0,999.2727550353017,622.9833852222496,65.00025522505666,-9.774366618079966,-0.4344040534847408,-0.0346020980931598,991.961647183212,-501.0411985112521,-999.2727550353017,-0.0170757097680507, Neutralism,COVID
SRR13077684.bin.27.fbc2XSRR13077684.bin.17.fbc2 ,-0.2457827783811126,-0.2457827783811126,977.5847107646846,-0.0047220514578611,-1000.0,999.3142164667764,1000.0,1000.0,-9.217113902120673,-0.409637963968521,-0.0326293755737197,657.5461746980968,-506.9164832113417,-999.3142164667764,-0.0161021954712623,-0.1787878395724647,-0.1787878395724647,22.415289235315527,-0.0034349248717262,1000.0,-16.16710936980212,0.0,0.0,-6.704732904836192,-0.2979797326207745,-0.0237353308634737,-50.51908885217199,-493.0835167886583,16.16710936980212,-0.0117130938125455, Competition,COVID
SRR13077684.bin.7.fbc2XSRR13077684.bin.10.fbc2 ,-0.1176652884691975,-0.1176652884691975,991.5734902542222,-0.002260620335619,-1000.0,1000.0,453.2026731378928,-979.6151154676494,-4.412572651715095,-0.196108814115405,-0.0156208865191729,838.4928835691787,-63.1196653519537,-1000.0,-0.0077087153445063,-0.0851420358908399,-0.0851420358908399,8.426509745777821,-0.0016357739845034,1000.0,-996.7587465652846,103.94026873149257,-20.38488453235061,-3.1929163134758483,-0.1419033931514377,-0.0113031982325537,-6.088007257601703,-248.44892639246075,996.7587465652846,-0.0055779892869622, Neutralism,COVID
SRR13077684.bin.13.fbc2XSRR13077684.bin.4.fbc2 ,-0.1288401848828471,-0.1288401848828471,512.9351931650967,-0.0024753157517807,1000.0,-1000.0,0.0,60.51257549770367,-4.831643075474403,-0.2147336414715255,-0.0171044318451549,484.1489145798987,-506.33966896355,1000.0,-0.008440826713695,-0.0669898601354361,-0.0669898601354361,487.06480683490327,-0.0012870290131559,-1000.0,999.8995087746516,1000.0,-261.5310397636477,-2.5121905416743857,-0.1116497668923557,-0.0088933704810187,8.53320184680581,-493.66033103645,-999.8995087746516,-0.0043887689348593, Competition,COVID
SRR13077684.bin.17.fbc2XSRR13077684.bin.9.fbc2 ,-0.2360450181718079,-0.2360450181718079,998.3818260953732,-0.0045349667276468,-0.764815023739402,1000.0,1000.0,533.4008589370787,-8.851937604613909,-0.3934083636197556,-0.0313366200876998,-119.49501278237176,-499.8627837873573,-1000.0,-0.0154642365411064,-0.0823202382209729,-0.0823202382209729,1.6181739046268149,-0.0015815607727063,999.8765117348646,-1000.0,0.0,-508.5813437582685,-3.08709591913032,-0.1372003970350306,-0.0109285849396201,1000.0,-500.1372162126427,1000.0,-0.0053931222350911, Neutralism,COVID
SRR13077684.bin.22.fbc2XSRR13077684.bin.17.fbc2 ,-0.0929079955370753,-0.0929079955370753,2.631027700321169,-0.0017849758988859,-1000.0,1000.0,-1000.0,560.7499154664008,-3.48414800631474,-0.1548466592284967,-0.0123341834613484,778.3039269697133,-523.7650732902835,-1000.0,-0.0060867678151907,-0.2274190756396592,-0.2274190756396592,997.3689722996788,-0.0043692425675772,1000.0,-0.8937771478769037,1000.0,439.2500845335992,-8.52845564482675,-0.3790317927326896,-0.0301914661415594,-115.12823088148264,-476.23492670971655,0.8937771478769037,-0.0148991171552097, Amensalism,COVID
SRR13077684.bin.19.fbc2XSRR13077684.bin.7.fbc2 ,-0.1750167844206771,-0.1750167844206771,1000.0,-0.0033624742443407,-1000.0,999.5116678654869,-992.9710249962232,482.14557279114274,-6.5633143518580255,-0.2916946407010528,-0.0232346970287835,-36.14626187980036,-606.6793688894757,-999.5116678654869,-0.0114660371733634,0.0,0.0,0.0,0.0,1000.0,-1000.0,0.0,-275.86206896551766,0.0,0.0,0.0,1000.0,-103.44827586206884,1000.0,0.0, Amensalism,COVID
SRR13077684.bin.6.fbc2XSRR13077684.bin.29.fbc2 ,-0.0692121383810899,-0.0692121383810899,52.30197076535296,-0.0013297240802785,-1000.0,999.8961751438078,0.0,454.5887968237303,-2.5955283241154348,-0.1153535639684832,-0.0091883933951066,-7.532705186103954,-500.1138332461032,-999.896175143808,-0.0045343591139044,-0.1918008695020034,-0.1918008695020034,947.698029234647,-0.0036849350528882,0.0,-0.2877197289283231,-1000.0,545.4112031762697,-7.192735277754082,-0.3196681158367482,-0.0254629012154055,1000.0,-499.8861667538968,0.2877197289283231,-0.0125656285302966, Neutralism,COVID
SRR13077684.bin.27.fbc2XSRR13077684.bin.16.fbc2 ,-0.2658220652332375,-0.2658220652332375,978.3826142397212,-0.0051070521658402,-1000.0,999.2583028139516,485.98634697233774,632.410377094269,-9.968608334115515,-0.4430367753886912,-0.035289730466161,961.4715399410202,-527.2213030313601,-999.2583028139516,-0.0174150478856063,-0.0385013228470825,-0.0385013228470825,21.617385760278808,-0.0007396988058872,1000.0,-1000.0,-805.4181413432553,367.58962290573095,-1.443840290201365,-0.0641688714118799,-0.0051113187487317,38.528460058980045,-0.3749695056224027,1000.0,-0.0025223729280696, Amensalism,COVID
SRR13077684.bin.22.fbc2XSRR13077684.bin.16.fbc2 ,-0.1162069194418791,-0.1162069194418791,5.9766413110877465,-0.0022326017183331,-1000.0,1000.0,431.6345401641099,1000.0,-4.357882272164943,-0.1936781990698364,-0.0154272778739823,0.0,-819.0002253004053,-1000.0,-0.0076131718597025,-0.148630685582475,-0.148630685582475,994.023358688912,-0.0028555367066473,1000.0,-1000.0,-1000.0,-363.9526084351424,-5.573807763860032,-0.2477178093040493,-0.0197317586431609,1000.0,-1.447534021478987,1000.0,-0.0097373801697813, Amensalism,COVID
SRR13077684.bin.27.fbc2XSRR13077684.bin.29.fbc2 ,-0.2795994526826462,-0.2795994526826462,977.26219897622,-0.0053717474098675,-1000.0,999.2198611236676,795.516437144664,1000.0,-10.485274921706718,-0.4659990878044482,-0.0371187746020496,991.37700247034,-528.6441447358571,-999.2198611236676,-0.0183176586675699,-0.1110763233334637,-0.1110763233334637,22.737801023779756,-0.0021340311880067,0.0,-0.166625155155998,107.54237131799256,-111.88178144881248,-4.165479496718149,-0.1851272055556592,-0.0147461555087602,8.62299752966021,-432.5715087344959,0.166625155155998,-0.0072770463509641, Amensalism,COVID
SRR13077684.bin.16.fbc2XSRR13077684.bin.9.fbc2 ,-0.1488957411501132,-0.1488957411501132,998.3818260953732,-0.0028606290326251,-1000.0,1000.0,-1000.0,-365.4041436267584,-5.583747627725188,-0.2481595685834463,-0.0197669466157321,1000.0,-1.450115432916732,-1000.0,-0.0097547450013735,-0.0823202382209729,-0.0823202382209729,1.6181739046268149,-0.0015815607727063,999.8733486133192,-1000.0,99.82686654220834,-21.125397525299945,-3.08709591913032,-0.1372003970350306,-0.0109285849396201,0.0,-503.2287642253484,1000.0,-0.0053931222350911, Neutralism,COVID
SRR13077684.bin.17.fbc2XSRR13077684.bin.10.fbc2 ,-0.2357233435667467,-0.2357233435667467,991.5701911277292,-0.0045287866199714,0.0,995.8683633855646,150.8324110245985,531.5251719526959,-8.839874467019172,-0.3928722392779491,-0.0312939155436424,-119.33216879888936,-670.9695866738622,-995.8683633855646,-0.0154431623739128,-0.0851423144380305,-0.0851423144380305,8.429808872270769,-0.0016357793359702,1000.0,-996.7636432993404,762.3191196104754,-21.90563712460096,-3.1929267592888664,-0.1419038573966418,-0.0113032352116988,-4.565705493634027,-250.9829398029933,996.7636432993404,-0.0055780075357461, Neutralism,COVID
SRR13077684.bin.4.fbc2XSRR13077684.bin.29.fbc2 ,-0.0449424823430035,-0.0449424823430035,0.9231787408878064,-0.0008634482678644,-1000.0,999.932581959244,0.0,-14.331819320150544,-1.6853905775170688,-0.0749041372383771,-0.0059664275310069,5.232731015884042,-494.649410482953,-999.9325819592442,-0.0029443585934814,-0.1962848781570301,-0.1962848781570301,999.0768212591122,-0.0037710831538788,0.0,-0.2944461726514191,-1000.0,842.6926023145782,-7.360890340463698,-0.3271414635951259,-0.0260581845930119,994.767268984116,-500.0,0.2944461726514191,-0.0128593935545495, Amensalism,COVID
SRR13077684.bin.6.fbc2XSRR13077684.bin.9.fbc2 ,-0.0725798579761658,-0.0725798579761658,741.8298245784274,-0.0013944257055982,-1000.0,999.8911232409072,-1000.0,-492.8827989722456,-2.72182136751826,-0.1209664299601627,-0.0096354816256507,1000.0,-603.253875650893,-999.8911232409072,-0.0047549916561138,-0.0823202382209729,-0.0823202382209729,258.1701754215726,-0.0015815607727063,999.8765117348646,-1000.0,102.69665601116458,717.7292898210987,-3.08709591913032,-0.1372003970350306,-0.0109285849396201,0.0,-396.7461243491071,1000.0,-0.0053931222350911, Neutralism,COVID
SRR13077684.bin.6.fbc2XSRR13077684.bin.16.fbc2 ,-0.0691370908264161,-0.0691370908264161,50.91697686442444,-0.001328282244458,-1000.0,999.8962877223491,151.66679105291132,458.8234009590574,-2.5927139615129136,-0.1152284847106557,-0.0091784303094755,-2.898303002283342,-500.1137098153444,-999.8962877223491,-0.0045294424537587,-0.1458976867918409,-0.1458976867918409,949.0830231355756,-0.0028030295253529,1000.0,-1000.0,-1000.0,-348.98576975189417,-5.47131742131603,-0.2431628113196211,-0.0193689340197806,1000.0,-1.4209169826447123,1000.0,-0.0095583306812159, Neutralism,COVID
SRR13077684.bin.13.fbc2XSRR13077684.bin.16.fbc2 ,-0.0906179933002704,-0.0906179933002704,66.8238612711707,-0.0017409796984111,-1000.0,1000.0,110.75426314714332,39.04205586582134,-3.398270502643072,-0.151029988833784,-0.0120301697157856,8.155471413748842,-500.03311343386304,-1000.0,-0.0059367407714034,-0.1447071416553171,-0.1447071416553171,933.1761387288292,-0.0027801564199307,1000.0,-1000.0,-1000.0,-337.9804269989662,-5.426670720675816,-0.2411785694254149,-0.0192108808614648,991.8445285862512,-1.4093221051639375,1000.0,-0.0094803333918207, Amensalism,COVID
SRR13077684.bin.9.fbc2XSRR13077684.bin.10.fbc2 ,-0.0823202382209729,-0.0823202382209729,50.6318945663952,-0.0015815607727063,-1000.0,999.8765117348646,-1000.0,1000.0,-3.08709591913032,-0.1372003970350306,-0.0109285849396201,676.6550672679671,-665.3889888751554,-999.8765117348646,-0.0053931222350911,-0.0851423144380305,-0.0851423144380305,8.429808872270769,-0.0016357793359702,1000.0,-996.7636432993396,603.9381551091772,-20.38331544336006,-3.1929267592888664,-0.1419038573966418,-0.0113032352116988,-6.088027174874924,-250.98293980299357,996.7636432993396,-0.0055780075357461, Neutralism,COVID
SRR13077684.bin.4.fbc2XSRR13077684.bin.16.fbc2 ,-0.0449890702515176,-0.0449890702515176,1.6095527755724106,-0.0008643433285442,-1000.0,999.932512072906,1000.0,-14.355369072962844,-1.6871376733162151,-0.0749817837526052,-0.0059726124003418,4.57260848594683,-494.6451058870935,-999.932512072906,-0.0029474107503801,-0.1487711301863328,-0.1487711301863328,998.3904472244276,-0.002858234969949,1000.0,-1000.0,-1000.0,-362.2067965858055,-5.579074584912632,-0.2479518836439638,-0.0197504036424334,995.4273915140532,-1.4489018301622991,1000.0,-0.0097465812475547, Amensalism,COVID
SRR13077684.bin.22.fbc2XSRR13077684.bin.4.fbc2 ,-0.1673242266332408,-0.1673242266332408,11.343051214114666,-0.0032146825482186,-1000.0,1000.0,0.0,971.3243681197332,-6.274835306287855,-0.2788737110554393,-0.0222134564079397,100.21968556664136,-500.3416564612216,-1000.0,-0.0109620674893449,-0.0452295038166994,-0.0452295038166994,988.6569487858852,-0.0008689626093882,999.932151399462,-1000.0,1000.0,-1000.0,-1.696154186071681,-0.0753825063612794,-0.0060045316306514,3.861604663762705,-496.9235073403773,1000.0,-0.0029631624978492, Amensalism,COVID
SRR13077684.bin.27.fbc2XSRR13077684.bin.9.fbc2 ,-0.2814251473872673,-0.2814251473872673,998.3818260953732,-0.0054068231967221,-1000.0,999.214767067146,802.3469245078472,1000.0,-10.553740402296285,-0.4690419123120364,-0.037361148289051,991.3206970635288,-528.8311818092823,-999.214767067146,-0.018437267100694,-0.0823202382209729,-0.0823202382209729,1.6181739046268149,-0.0015815607727063,999.8733486133192,-1000.0,124.70793317209996,0.0,-3.08709591913032,-0.1372003970350306,-0.0109285849396201,8.679302936471117,-424.9554718600548,1000.0,-0.0053931222350911, Neutralism,COVID
SRR13077684.bin.13.fbc2XSRR13077684.bin.6.fbc2 ,-0.1448783957800969,-0.1448783957800969,947.7064487743946,-0.0027834466047806,1000.0,-1000.0,-644.8873711540708,-219.4434333493523,-5.43309293131847,-0.241463992966942,-0.0192336160391732,719.2957905087947,-500.051549431121,1000.0,-0.0094915529224408,-0.0692009966527393,-0.0692009966527393,52.29355122560537,-0.0013295100221739,-1000.0,999.8961918574709,-355.1126288459292,454.43360561769305,-2.5951104975292765,-0.1153349944212323,-0.009186914253064,-1.3619766568882596,-499.948450568879,-999.8961918574709,-0.004533629175512, Amensalism,COVID
SRR13077684.bin.27.fbc2XSRR13077684.bin.10.fbc2 ,-0.2808365980429244,-0.2808365980429244,991.5734902542222,-0.0053955158125518,-1000.0,999.2164092385442,786.241749369628,1000.0,-10.531669179980211,-0.4680609967382452,-0.0372830142646307,1000.0,-528.7708866533385,-999.2164092385442,-0.018398708920813,-0.0851420358908399,-0.0851420358908399,8.426509745777821,-0.0016357739845034,1000.0,-998.2810632661756,-238.43662646261305,-20.384884532350497,-3.1929163134758483,-0.1419033931514377,-0.0113031982325537,-4.565690556709569,-250.60358424252388,998.2810632661756,-0.0055779892869622, Neutralism,COVID
SRR13077684.bin.16.fbc2XSRR13077684.bin.10.fbc2 ,-0.148481498801857,-0.148481498801857,991.5701911277292,-0.0028526704861633,-1000.0,1000.0,-1000.0,-363.13561045995743,-5.568213101947322,-0.2474691646698374,-0.0197119530589588,1000.0,-1.4460810715746677,-1000.0,-0.0097276063576146,-0.0851423144380305,-0.0851423144380305,8.429808872270769,-0.0016357793359702,1000.0,-996.7636432993398,0.0,-21.90563712460096,-3.1929267592888664,-0.1419038573966418,-0.0113032352116988,-4.565705493634141,-250.98293980299357,996.76364329934,-0.0055780075357461, Neutralism,COVID
SRR13077684.bin.4.fbc2XSRR13077684.bin.10.fbc2 ,-0.0897170102743984,-0.0897170102743984,991.5701911277292,-0.0017236697459566,-1000.0,999.8654158662398,906.6315748378316,-519.8899950028648,-3.3644826871269515,-0.1495283504573308,-0.0119105579442475,7.659859075576833,-491.50951883778544,-999.8654158662396,-0.0058777138335699,-0.0851423144380305,-0.0851423144380305,8.429808872270883,-0.0016357793359702,1000.0,-998.285964980582,93.36842516216848,-20.38331544336006,-3.1929267592888664,-0.1419038573966418,-0.0113032352116988,-4.565705493634027,-250.60235938268303,998.285964980582,-0.0055780075357461, Neutralism,COVID
SRR13077684.bin.22.fbc2XSRR13077684.bin.9.fbc2 ,-0.1674920658779228,-0.1674920658779228,6.394737666375704,-0.0032179071254176,-1000.0,1000.0,179.2212689695266,924.9839680850224,-6.2811294553135895,-0.2791534431298714,-0.0222357382366453,19.12645961099633,-500.3419991692893,-1000.0,-0.0109730632976834,-0.0823202382209729,-0.0823202382209729,993.6052623336244,-0.0015815607727063,999.8765117348646,-1000.0,112.64933315453231,-990.7661608650914,-3.08709591913032,-0.1372003970350306,-0.0109285849396201,980.8735403890036,-499.6580008307108,1000.0,-0.0053931222350911, Neutralism,COVID
SRR13077684.bin.19.fbc2XSRR13077684.bin.6.fbc2 ,-0.1685983152144672,-0.1685983152144672,963.3265504935924,-0.0032391607149975,999.529576689364,-1000.0,-794.3537228663903,521.0629828811818,-6.322614974380485,-0.2809971920240741,-0.0223826005404816,-20.35932358308014,-499.8882247115566,1000.0,-0.0110455380380471,-0.0679608725583875,-0.0679608725583875,36.67344950640745,-0.0013056843911272,-1000.0,999.8980521627404,605.5302217619997,478.9370171188182,-2.548604533579123,-0.1132681209305701,-0.0090222791427549,22.599890921137217,-500.1117752884434,-999.8980521627406,-0.0044523837738097, Neutralism,COVID
SRR13077684.bin.4.fbc2XSRR13077684.bin.27.fbc2 ,-0.0449424823430035,-0.0449424823430035,0.9231787408878064,-0.0008634482678644,-1000.0,999.932581959244,324.47860189021185,-14.331819320150316,-1.6853905775170688,-0.0749041372383771,-0.0059664275310069,5.792366376225914,-494.649410482953,-999.9325819592442,-0.0029443585934814,-0.2810222092811045,-0.2810222092811045,999.0768212591122,-0.0053990818305464,0.0,-0.7841086542533731,675.5213981097882,1000.0,-10.538629797540692,-0.4683703488017272,-0.0373076554492399,994.2076336237742,-505.35058951704696,0.7841086542533731,-0.0184108690422135, Amensalism,COVID
SRR13077684.bin.13.fbc2XSRR13077684.bin.10.fbc2 ,-0.1650627293294064,-0.1650627293294064,991.5701911277292,-0.0031712339929299,1000.0,-1000.0,424.34400451461465,2.0074220048787765,-6.190026767722088,-0.275104548882382,-0.0219132268907742,829.6161635173062,-876.5533278785545,1000.0,-0.0108139079156899,-0.0851423144380305,-0.0851423144380305,8.429808872270769,-0.0016357793359702,-996.7636432993404,1000.0,102.41583342793592,-21.90563712460096,-3.1929267592888664,-0.1419038573966418,-0.0113032352116988,-4.565705493634027,-123.44667212144554,-1000.0,-0.0055780075357461, Neutralism,COVID
SRR13077684.bin.6.fbc2XSRR13077684.bin.17.fbc2 ,-0.0692121383810899,-0.0692121383810899,52.30197076535296,-0.0013297240802785,-1000.0,999.8961751438078,0.0,454.5887968237307,-2.5955283241154348,-0.1153535639684832,-0.0091883933951066,-1.370989850953947,-500.11383324610335,-999.896175143808,-0.0045343591139044,-0.2336515119998239,-0.2336515119998239,947.698029234647,-0.0044889819788522,1000.0,-40.231563286574215,1000.0,545.4112031762693,-8.762178594000943,-0.3894191866662595,-0.0310188654739249,-118.28332844843146,-499.8861667538967,40.23156328657433,-0.0153074285478851, Neutralism,COVID
SRR13077684.bin.22.fbc2XSRR13077684.bin.29.fbc2 ,-0.1674920658779228,-0.1674920658779228,4.644711055290031,-0.0032179071254176,-1000.0,1000.0,182.7269535291689,919.7845702889896,-6.2811294553135895,-0.2791534431298714,-0.0222357382366453,19.103934261118184,-500.3419991692893,-1000.0,-0.0109730632976834,-0.18789314567573,-0.18789314567573,995.35528894471,-0.003609858706568,0.0,-0.281857767807196,419.2906043121389,80.21542971101076,-7.046191505070851,-0.3131552427929591,-0.0249441236622942,980.8960657388818,-463.5910255248557,0.281857767807196,-0.012309618189306, Neutralism,COVID
SRR13077684.bin.22.fbc2XSRR13077684.bin.7.fbc2 ,-0.1673251679535496,-0.1673251679535496,2.6471773833432053,-0.003214700633066,-1000.0,1000.0,-872.0405821289728,921.8574066089805,-6.2748706067926605,-0.2788752799225449,-0.0222135813747854,546.3776265381673,-500.34165838328727,-1000.0,-0.0109621291588837,-0.1183510942277052,-0.1183510942277052,997.3528226166568,-0.0022737962387964,1000.0,-1000.0,463.58612096229945,-794.9553612090111,-4.438291092333316,-0.1972518237129179,-0.0157119320098217,453.6223734618327,-88.90696341343642,1000.0,-0.007753645174148, Neutralism,COVID
SRR13077684.bin.22.fbc2XSRR13077684.bin.10.fbc2 ,-0.1674917576503958,-0.1674917576503958,404.6576943553157,-0.0032179012036976,-1000.0,1000.0,0.0,1000.0,-6.281117896454134,-0.2791529294172505,-0.0222356973172281,19.130104917001177,-554.2966713551841,-1000.0,-0.0109730431045136,-0.0851423144380305,-0.0851423144380305,8.429808872270769,-0.0016357793359702,1000.0,-996.7636432993418,762.3191196104749,-21.90563712460096,-3.1929267592888664,-0.1419038573966418,-0.0113032352116988,-4.565705493634027,-250.9829398029931,996.7636432993418,-0.0055780075357461, Neutralism,COVID
SRR13077684.bin.19.fbc2XSRR13077684.bin.4.fbc2 ,-0.1749219075865085,-0.1749219075865085,999.4578986555908,-0.0033606514425628,999.5119325909934,-1000.0,-721.5198198493165,499.7663705735449,-6.559756370324067,-0.2915365126442566,-0.0232221014682636,-20.940516257580384,-505.5714860849422,1000.0,-0.0114598214191801,-0.0448859809687292,-0.0448859809687292,0.5421013444093887,-0.0008623627467159,-1000.0,999.9326667167333,37.97554702011666,-14.36771511134134,-1.683271716279478,-0.0748099682812153,-0.0059589265800923,5.255993893528284,-494.4285139150578,-999.9326667167333,-0.002940656966416, Amensalism,COVID
SRR13077684.bin.29.fbc2XSRR13077684.bin.17.fbc2 ,-0.1730375642777062,-0.1730375642777062,732.7038062127731,-0.0033244488814716,-1000.0,999.7404270313392,218.47259531776623,286.0585045660377,-6.489091505101101,-0.2883959404628058,-0.0229719417706064,1000.0,-399.0435368510989,-999.7404270313392,-0.0113363706856262,-0.2015200204091343,-0.2015200204091343,267.2961937872269,-0.003871662255733,1000.0,-553.2713254098187,781.5274046822337,713.9414954339622,-7.557213706764628,-0.3358667006817768,-0.0267531861868519,-102.01713893896532,-600.9564631489011,553.2713254098187,-0.0132023682918998, Competition,COVID
SRR13077684.bin.29.fbc2XSRR13077684.bin.16.fbc2 ,-0.1108242856996639,-0.1108242856996639,19.8498964362484,-0.0021291889663643,-1000.0,999.8337529255056,0.0,1000.0,-4.156027819131396,-0.184707142832849,-0.0147126957576801,0.0,-431.5626991327063,-999.8337529255056,-0.0072605343752911,-0.1477869983020809,-0.1477869983020809,980.1501035637516,-0.0028393275370035,1000.0,-1000.0,-1000.0,-359.3322875382637,-5.542168599343995,-0.2463116638368774,-0.0196197532808355,1000.0,-1.4393172388074618,1000.0,-0.0096821069012094, Amensalism,COVID
SRR13077684.bin.29.fbc2XSRR13077684.bin.10.fbc2 ,-0.1522881597678633,-0.1522881597678633,992.6012516567372,-0.0029258051828264,-1000.0,999.7715531313224,705.2860267248759,865.480047391477,-5.710966910580282,-0.2538135996130677,-0.0202173138135322,1000.0,-738.5746891304472,-999.7715531313224,-0.0099769956735826,-0.0747284508385064,-0.0747284508385064,7.398748343263037,-0.001435705107383,1000.0,-993.5172889434428,-401.958074309742,-21.47016588583949,-2.802395870226292,-0.1245474180642531,-0.0099207222918948,-9.047827943688844,-251.7732645029505,993.517288943443,-0.0048957544161112, Competition,COVID
SRR13077684.bin.4.fbc2XSRR13077684.bin.7.fbc2 ,-0.0449424823430035,-0.0449424823430035,0.9231787408878064,-0.0008634482678644,-1000.0,999.932581959244,51.63282924517944,-14.331819320149975,-1.6853905775170688,-0.0749041372383771,-0.0059664275310069,5.792366376225914,-494.6494104829529,-999.9325819592442,-0.0029443585934814,-0.1185556729095651,-0.1185556729095651,999.0768212591122,-0.0022777266649427,1000.0,-1000.0,457.7709642457844,-803.6374304151487,-4.44596300907574,-0.1975927881826464,-0.0157390912546588,461.7144231742086,-88.71493082484949,1000.0,-0.0077670479273592, Amensalism,COVID
SRR13077684.bin.19.fbc2XSRR13077684.bin.9.fbc2 ,-0.1747335768271796,-0.1747335768271796,998.3818260953732,-0.0033570331763712,999.5124580718036,-1000.0,-720.175657776835,481.2804612528244,-6.552693767845994,-0.2912226280453751,-0.0231970992483638,-20.350637247811846,-505.0600225363289,1000.0,-0.0114474831312918,-0.0823202382209729,-0.0823202382209729,1.6181739046269286,-0.0015815607727063,-1000.0,999.8733486133192,0.0,-716.9753192774986,-3.08709591913032,-0.1372003970350306,-0.0109285849396201,1000.0,-494.9399774636711,-999.8733486133192,-0.0053931222350911, Neutralism,COVID
SRR13077684.bin.19.fbc2XSRR13077684.bin.13.fbc2 ,-0.172516857980554,-0.172516857980554,985.7160760414712,-0.0033144449179189,-1000.0,999.5186431645628,-835.3356829914105,506.3641529042511,-6.4695644687401455,-0.2875280966342188,-0.022902814383201,107.27746196108046,-190.38075700641517,-999.5186431645628,-0.011302257170314,-0.0861748231803858,-0.0861748231803858,14.28392395852893,-0.0016556161994003,1000.0,-1000.0,-164.66431700858948,55.43108167326227,-3.231646928156806,-0.1436247053006809,-0.0114403079380736,287.28776433034,-790.6097499564191,1000.0,-0.0056456512401155, Amensalism,COVID
SRR13077684.bin.22.fbc2XSRR13077684.bin.19.fbc2 ,-0.1673251679535496,-0.1673251679535496,2.647177383343319,-0.003214700633066,1000.0,-1000.0,0.0,966.5160267995934,-6.2748706067926605,-0.2788752799225449,-0.0222135813747854,1000.0,-496.2817838205041,1000.0,-0.0109621291588837,-0.1314788416668761,-0.1314788416668761,997.3528226166568,-0.0025260104066546,-1000.0,999.63314750864,-796.9167512396261,33.48397320040658,-4.930595493079636,-0.219131402778089,-0.0174547319099929,-4.069428025239745,-275.70695684473606,-999.63314750864,-0.0086136954867015, Amensalism,COVID
SRR13077684.bin.13.fbc2XSRR13077684.bin.29.fbc2 ,-0.0881038388289425,-0.0881038388289425,31.185083015200235,-0.0016926770188092,1000.0,-1000.0,32.679790455167904,50.039335557014056,-3.303987053322885,-0.1468397313816467,-0.0116963982000015,9.357778420989009,-500.0313483783883,1000.0,-0.0057720286341691,-0.1936412174185307,-0.1936412174185307,968.8149169847998,-0.0037202923615495,-1000.0,999.7095195724104,-1000.0,802.1272064496104,-7.261750269274444,-0.3227353623642557,-0.0257072202182371,990.642221579011,-494.39969915093593,-999.7095195724104,-0.0126861969529272, Amensalism,COVID
SRR13077684.bin.22.fbc2XSRR13077684.bin.13.fbc2 ,-0.1428981706565082,-0.1428981706565082,408.8691473160538,-0.0027454019337938,-1000.0,1000.0,205.4783575696172,724.1487196096987,-5.358832396723415,-0.2381636177607333,-0.0189707273628982,-9.698351963450024,-496.8257894484212,-1000.0,-0.0093618205944494,-0.1210661300624451,-0.1210661300624451,591.1308526839462,-0.0023259583105073,1000.0,-1000.0,729.678828592917,-40.45880880462471,-4.540107805049161,-0.2017768834374464,-0.0160723719257021,354.4657532482172,-503.1742105515788,1000.0,-0.0079315178388696, Competition,COVID
SRR13077684.bin.27.fbc2XSRR13077684.bin.7.fbc2 ,-0.2795994526826462,-0.2795994526826462,977.26219897622,-0.0053717474098675,-1000.0,999.2198611236676,770.6323813020156,1000.0,-10.485274921706718,-0.4659990878044482,-0.0371187746020496,1000.0,-528.644144735857,-999.2198611236676,-0.0183176586675699,-0.0026981862090451,-0.0026981862090451,22.737801023779756,-5.183835173738771e-05,1000.0,-1000.0,10.41832307386187,-7.397771780312951,-0.1011848339470589,-0.0044969770150373,-0.0003582030105917,-0.3839894803464858,-7.4650768818931965,1000.0,-0.0001767687795108, Amensalism,COVID
SRR13077684.bin.22.fbc2XSRR13077684.bin.6.fbc2 ,-0.1674920658779228,-0.1674920658779228,772.9718877881487,-0.0032179071254176,1000.0,-1000.0,0.0,337.2517285601532,-6.2811294553135895,-0.2791534431298714,-0.0222357382366453,69.82538380953702,-496.27807509831774,1000.0,-0.0109730632976834,-0.0700686548266276,-0.0700686548266276,167.435657396931,-0.0013461797276477,-1000.0,999.8948902868616,574.6000033205937,448.3083819365852,-2.6276485958828744,-0.1167810913776747,-0.0093021019183652,35.00118814559255,-503.7219249016823,-999.8948902868616,-0.0045904728714276, Neutralism,COVID
SRR13077684.bin.29.fbc2XSRR13077684.bin.7.fbc2 ,-0.1090919151258731,-0.1090919151258731,0.0,-0.0020959061503162,-1000.0,999.8363516477804,-1000.0,0.0,-4.09106209205811,-0.1818198585431218,-0.0144827114988856,0.0,-461.265890786163,-999.8363516477804,-0.0071470399726649,-0.1186477304432855,-0.1186477304432855,1000.0,-0.0022794953015363,1000.0,-1000.0,456.7944688502407,-1000.0,-4.449415263865262,-0.1977462174055517,-0.0157513125334389,680.4070483362425,-0.2448690840258223,1000.0,-0.0077730789781753, Amensalism,COVID
SRR13077684.bin.19.fbc2XSRR13077684.bin.10.fbc2 ,-0.1735420037811081,-0.1735420037811081,991.5734902542222,-0.0033341403224085,999.5157828009774,-1000.0,-699.6411314937252,503.4291880540968,-6.508008519507484,-0.2892366729683999,-0.0230389096277576,-35.81603551271735,-263.37672326901725,1000.0,-0.0113694184993846,-0.0851420358908399,-0.0851420358908399,8.426509745777821,-0.0016357739845034,-996.7587465652854,1000.0,103.94026873149232,-20.384884532350384,-3.1929163134758483,-0.1419033931514377,-0.0113031982325537,-6.08800725760193,-248.4489263924604,-1000.0,-0.0055779892869622, Neutralism,COVID
SRR13077684.bin.13.fbc2XSRR13077684.bin.7.fbc2 ,-0.0861748231803858,-0.0861748231803858,14.28392395852893,-0.0016556161994003,-1000.0,1000.0,549.4744817124397,55.43108167326227,-3.231646928156806,-0.1436247053006809,-0.0114403079380736,8.6438604231397,-500.0306620120135,-1000.0,-0.0056456512401155,-0.1169702171106337,-0.1169702171106337,985.7160760414712,-0.0022472664189763,1000.0,-1000.0,450.5255182875603,-1000.0,-4.386506741302014,-0.1949503618510562,-0.0155286109554708,711.4526962914447,-0.2414069768984745,1000.0,-0.0076631784888832, Amensalism,COVID
SRR13077684.bin.19.fbc2XSRR13077684.bin.29.fbc2 ,-0.1750167844206771,-0.1750167844206771,1000.0,-0.0033624742443407,999.5116678654869,-1000.0,-712.2989027094893,482.0605190051301,-6.5633143518580255,-0.2916946407010528,-0.0232346970287835,-21.134394741480374,-246.959974426366,1000.0,-0.0114660371733634,-0.1090919151258731,-0.1090919151258731,0.0,-0.0020959061503162,-1000.0,999.8363516477804,-287.7010972905107,517.9394809948699,-4.09106209205811,-0.1818198585431218,-0.0144827114988856,10.39152365251016,-298.319613512499,-999.8363516477804,-0.0071470399726649, Amensalism,COVID
SRR13077684.bin.4.fbc2XSRR13077684.bin.17.fbc2 ,-0.0459641733096987,-0.0459641733096987,20.329111987875763,-0.0008830772969758,-1000.0,999.9310493246488,1000.0,-22.514073348997726,-1.723705068366712,-0.0766069555162403,-0.0061020641223876,3.924329277146853,-495.6501231323981,-999.9310493246488,-0.0030112935828583,-0.2351614074607368,-0.2351614074607368,979.670888012124,-0.0045179905372378,904.5471775384576,0.0689506753510613,-259.7626300331882,941.78606213621,-8.818801269255914,-0.3919356791011523,-0.0312193146120307,-119.04769525777704,-504.349876867602,-0.0689506753510613,-0.0154063477318686, Amensalism,COVID
SRR13077684.bin.6.fbc2XSRR13077684.bin.7.fbc2 ,-0.0679608725583875,-0.0679608725583875,36.67344950640745,-0.0013056843911272,-1000.0,999.8980521627404,-394.4697782379992,478.9370171188202,-2.548604533579237,-0.1132681209305701,-0.0090222791427549,22.59989092113676,-500.11177528844337,-999.8980521627406,-0.0044523837738097,-0.114313359088328,-0.114313359088328,963.3265504935924,-0.0021962220765772,1000.0,-1000.0,441.3852816242206,-945.4983993343864,-4.286871758027019,-0.1905222651472513,-0.0151758945494293,615.809063252027,-0.235923666026224,1000.0,-0.0074891172812385, Neutralism,COVID
SRR13077684.bin.13.fbc2XSRR13077684.bin.27.fbc2 ,-0.0870467068974676,-0.0870467068974676,22.60757517368222,-0.0016723670873943,1000.0,-1000.0,74.09268103519571,49.02340818668654,-3.2643434888466345,-0.1450778448291885,-0.0115560565736814,8.573611171563698,-500.0309722384581,1000.0,-0.0057027717679147,-0.2779981071358861,-0.2779981071358861,977.392424826318,-0.0053409818854106,-1000.0,999.2243292007812,622.8379427442778,950.9765918133136,-10.425222771599692,-0.4633301785597723,-0.0369061848282399,991.4263888284364,-499.969027761542,-999.2243292007812,-0.0182127482293026, Amensalism,COVID
SRR13077684.bin.27.fbc2XSRR13077684.bin.6.fbc2 ,-0.2662035261354276,-0.2662035261354276,957.4191375352314,-0.0051143809055247,-1000.0,999.2572384610826,570.9327110501711,532.6227550625676,-9.98291352102774,-0.443672543559046,-0.0353403720575897,991.7901400513184,-500.0015167181535,-999.2572384610828,-0.0174400388880258,-0.0684495779368035,-0.0684495779368035,42.58086246476864,-0.0013150735434237,0.0,-0.1026809422729684,429.06728894982894,467.3772449374324,-2.5669315016762084,-0.1140826298947104,-0.0090871581852525,8.20985994868147,-499.9984832818465,0.1026809422729684,-0.0044844007832125, Neutralism,COVID
SRR13077684.bin.13.fbc2XSRR13077684.bin.17.fbc2 ,-0.1451788111501173,-0.1451788111501173,732.7038062127731,-0.0027892182737332,1000.0,-1000.0,373.2263385222045,27.040626034621027,-5.444358825132781,-0.2419646852500818,-0.0192734982717865,615.5342375759492,-669.4547316501321,1000.0,-0.0095112343135497,-0.2015200204091343,-0.2015200204091343,267.2961937872269,-0.003871662255733,-812.2892039412344,1000.0,348.17223127060765,972.9593739653787,-7.557213706764628,-0.3358667006817768,-0.0267531861868519,-102.01713893896532,-330.5452683498679,-1000.0,-0.0132023682918998, Competition,COVID
SRR13077684.bin.9.fbc2XSRR13077684.bin.7.fbc2 ,-0.0823202382209729,-0.0823202382209729,1.6181739046268149,-0.0015815607727063,-1000.0,999.7703099289752,-425.5051302570352,440.067620905887,-3.08709591913032,-0.1372003970350306,-0.0109285849396201,534.8490229335857,-500.9616640739614,-999.7703099289752,-0.0053931222350911,-0.1184732011540745,-0.1184732011540745,998.3818260953732,-0.0022761421931818,1000.0,-1000.0,456.30913956507584,-806.8376473169371,-4.442870231099391,-0.1974553352567909,-0.0157281425547353,465.1509770664143,-86.77814112715635,1000.0,-0.0077616448786557, Neutralism,COVID
SRR13077684.bin.19.fbc2XSRR13077684.bin.17.fbc2 ,-0.1280374996518958,-0.1280374996518958,966.3403174950554,-0.0024598943257387,999.6427495470808,-1000.0,-771.1788204151254,0.510868009017031,-4.801541531135399,-0.2133958327532354,-0.0169978697905435,-3.9487453663067527,-254.8818969376606,1000.0,-0.0083882396505714,-0.1807541254850093,-0.1807541254850093,33.65968250494461,-0.0034727017384739,-0.5043404734715295,1000.0,750.7476271050728,-14.931905571370976,-6.778470704283791,-0.3012568758083489,-0.0239963690124795,-61.132920497971895,-745.1181030623394,-1000.0,-0.0118419129280482, Competition,COVID
SRR13077684.bin.16.fbc2XSRR13077684.bin.17.fbc2 ,-0.1209154308648976,-0.1209154308648976,544.0216263229986,-0.002323063032918,-1000.0,1000.0,-1000.0,-211.1619926444856,-4.534456425900203,-0.2015257181082006,-0.016052365557698,1000.0,-1.1776114684047343,-1000.0,-0.0079216449423711,-0.1696695264881782,-0.1696695264881782,455.9783736770014,-0.0032597411428696,1000.0,-553.2458861814683,0.0,1000.0,-6.362786529067648,-0.2827825441469258,-0.0225248112974441,-85.8932011931654,-634.2159475450107,553.2458861814684,-0.0111157172973435, Competition,COVID
SRR13077684.bin.17.fbc2XSRR13077684.bin.7.fbc2 ,-0.1807541254850093,-0.1807541254850093,33.65968250494461,-0.0034727017384739,-1000.0,1000.0,-249.0002026581909,984.5637539551556,-6.778470704283791,-0.3012568758083489,-0.0239963690125932,-61.132920497971895,-500.3845669905132,-1000.0,-0.0118419129280482,-0.1146709884189931,-0.1146709884189931,966.3403174950554,-0.0022030929571883,1000.0,-1000.0,442.77129597681005,-1000.0,-4.300283235824622,-0.1911183140316552,-0.0152233723338213,917.7512238771836,-57.28395914431269,1000.0,-0.0075125469838894, Amensalism,COVID
SRR13077684.bin.13.fbc2XSRR13077684.bin.9.fbc2 ,-0.156585967022238,-0.156585967022238,998.381937107604,-0.0030083759273793,1000.0,-1000.0,-1000.0,-132.77576338383653,-5.872139224009516,-0.2609766117037679,-0.0207878776584493,752.4403580484905,-674.8608791103261,1000.0,-0.0102585619124511,-0.082314590772853,-0.082314590772853,1.618062892395983,-0.0015814522722621,-1000.0,999.8765202065796,106.24939647827637,-263.05825376852,-3.0868841338555058,-0.1371909846213839,-0.010927835201528,247.55964195150955,-325.1391208896739,-999.8765202065796,-0.0053927522485537, Neutralism,COVID
SRR13077684.bin.4.fbc2XSRR13077684.bin.6.fbc2 ,-0.0877406404648581,-0.0877406404648581,947.698029234647,-0.0016856991443319,999.868380610807,-1000.0,543.3321328135544,-500.08183801190114,-3.2903667308861486,-0.1462344007748015,-0.0116481810877075,16.494304844373346,-494.3554841765253,1000.0,-0.0057482340823753,-0.0692121383810899,-0.0692121383810899,52.30197076535296,-0.0013297240802785,-1000.0,999.8961751438078,456.6678671864456,454.58879682373095,-2.5955283241154348,-0.1153535639684832,-0.0091883933951066,-1.3709898509538334,-500.1138332461033,-999.896175143808,-0.0045343591139044, Neutralism,COVID
SRR13077699.bin.20.fbc2XSRR13077699.bin.21.fbc2 ,-0.0027918477214825,-0.0027918477214825,32.40178505329004,-5.363780439893162e-05,-732.2491035835479,1000.0,169.94552994870423,-276.8295275419807,-0.1046972396329692,-0.0046530795357284,-0.0003706372286842,-0.5456064287183153,-67.01285511317906,-1000.0,-0.0001829049131174,-0.0853453086765512,-0.0853453086765512,967.59821494671,-0.0016396793213289,999.8719738385884,-1000.0,-1000.0,-723.1704724580193,-3.2005392577351586,-0.142242181127699,-0.0113301841105339,72.2728177159479,-0.9423933923546884,1000.0,-0.0055913064858259, Amensalism,COVID
SRR13077699.bin.33.fbc2XSRR13077699.bin.20.fbc2 ,-0.0577768765349446,-0.0577768765349446,592.5586825812675,-0.0011100264464403,-1000.0,999.9133291350654,273.5844209556426,-336.40528427645813,-2.166693921516071,-0.0962947942249456,-0.0076702827445842,158.33969085326316,-0.0963058944894328,-999.9133291350652,-0.0037851901822705,-0.0351065261306757,-0.0351065261306757,407.4413174187325,-0.0006744769669921,1000.0,-447.1977795523825,726.4155790443574,-663.5947157235419,-1.31653182613195,-0.0585108768843838,-0.0046606358417875,-3.3063940083870875,-139.1453017443048,447.1977795523826,-0.0022999664573717, Competition,COVID
SRR13077699.bin.15.fbc2XSRR13077699.bin.27.fbc2 ,-0.1712498871031584,-0.1712498871031584,475.0448859876346,-0.0032901034986707,1000.0,-1000.0,-1000.0,153.90248164661784,-6.422051722059905,-0.2854164785052262,-0.022734615175409,1000.0,-24.99069248885894,1000.0,-0.0112192529303456,-0.1278416516802281,-0.1278416516802281,524.9551140123654,-0.0024561316365634,-1000.0,999.8082252418214,0.0,736.8684786157203,-4.794197025250583,-0.2130694194671605,-0.0169718696082554,-67.99616225801833,-613.1637522666556,-999.8082252418214,-0.0083754088805108, Competition,COVID
SRR13077699.bin.3.fbc2XSRR13077699.bin.33.fbc2 ,-0.1351463133457855,-0.1351463133457855,59.480747185290056,-0.0025964709576555,-999.8699141458352,1000.0,835.4382956127397,996.4022000175304,-5.068129556368149,-0.2252438555761955,-0.0179416143173511,511.2167977224447,-750.0832045766346,-1000.0,-0.0088539659656134,-0.0867183492478034,-0.0867183492478034,940.51925281471,-0.001666058583055,-0.1300858541646903,0.0,164.5617043872603,-1000.0,-3.2520297300156926,-0.1445305820797102,-0.0115124648089022,488.78320227755535,-0.1445472426655669,0.0,-0.0056812597681528, Amensalism,COVID
SRR13077699.bin.3.fbc2XSRR13077699.bin.7.fbc2 ,-0.1325188728218336,-0.1325188728218336,0.0,-0.0025459917928856,-1000.0,1000.0,0.0,-0.0170326850947049,-4.969597760369084,-0.2208647880364651,-0.0175928032891761,870.9433940564381,0.0,-1000.0,-0.008681832013849,-0.3715256952276604,-0.3715256952276604,1000.0,-0.0071378615797357,0.0,-1.0366316372317217,-331.09856590300853,595.1312833533166,-13.932606153424215,-0.6192094920461386,-0.0493226235163319,129.05660594356186,-1000.0,1.0366316372317217,-0.0243401079870864, Amensalism,COVID
SRR13077699.bin.23.fbc2XSRR13077699.bin.7.fbc2 ,-0.0833752866135455,-0.0833752866135455,0.0560640736114237,-0.0016018306746445,1000.0,-1000.0,95.60375809338984,-18.79930905354172,-3.1266613486956203,-0.1389588110225759,-0.0110686499615439,12.222833035853569,-253.5019102071068,1000.0,-0.0054622426004016,-0.371518485333695,-0.371518485333695,999.9439359263886,-0.0071377230611915,-1000.0,998.9633884798268,-1000.0,91.64154286260646,-13.93233577478054,-0.6191974755561205,-0.0493216663526254,460.0407790794643,-746.4980897928932,-998.9633884798268,-0.0243396356386256, Neutralism,COVID
SRR13077699.bin.25.fbc2XSRR13077699.bin.32.fbc2 ,-0.1530904211423376,-0.1530904211423376,0.0,-0.0029412184657076,-1000.0,999.7703496621943,1000.0,-229.7240722619424,-5.7410525598521644,-0.2551507019038581,-0.0203238195983885,-1000.0,-500.0,-999.7703496621942,-0.0100295549682414,-0.1333763759355406,-0.1333763759355406,1000.0,-0.0025624663965118,1000.0,-1000.0,0.0,-530.8110677638604,-5.001755033234986,-0.2222939598925677,-0.0177066427995669,1000.0,-500.0,1000.0,-0.0087380104118892, Competition,COVID
SRR13077699.bin.15.fbc2XSRR13077699.bin.7.fbc2 ,-0.0433534165016453,-0.0433534165016453,0.0,-0.0008329186647415,1000.0,-1000.0,-441.9817569700115,-4.380586668782712,-1.6257989293363837,-0.072255694169371,-0.0057554679735858,5.495912982529035,-1.4589857053701962,1000.0,-0.0028402526469335,-0.3715256952276604,-0.3715256952276604,1000.0,-0.0071378615797357,-1000.0,998.9633683627684,-312.5562989288301,189.9657893486965,-13.932606153424215,-0.6192094920461386,-0.0493226235163319,420.76716018594857,-998.5410142946298,-998.9633683627684,-0.0243401079870864, Amensalism,COVID
SRR13077699.bin.23.fbc2XSRR13077699.bin.33.fbc2 ,-0.0835813448493354,-0.0835813448493354,11.348053684521346,-0.0016057895263656,1000.0,-1000.0,124.62842295511518,-21.31722529461501,-3.1343887502753205,-0.1393022414156348,-0.0110960056274507,12.959283504421478,-400.81675272681525,1000.0,-0.005475742285057,-0.0859595747532466,-0.0859595747532466,988.6519463154788,-0.0016514807829253,-1000.0,999.8710523804662,-18.234933126662327,-978.682774705385,-3.2235748846894694,-0.1432659579220399,-0.0114117322102629,506.36952776017097,-0.1432824727298793,-999.8710523804664,-0.0056315494698537, Neutralism,COVID
SRR13077699.bin.3.fbc2XSRR13077699.bin.5.fbc2 ,-0.1325188728218336,-0.1325188728218336,0.0,-0.0025459917928856,-999.7435865838085,1000.0,-1000.0,1000.0,-4.969597760369084,-0.2208647880364651,-0.0175928032891761,817.7455260996551,-502.11306967262703,-1000.0,-0.008681832013849,-0.1709313308500668,-0.1709313308500668,1000.0,-0.0032839833016851,-0.2564134161916627,0.0,1000.0,-228.0793446090729,-6.41010552595958,-0.284885551416778,-0.0226923246142405,182.2544739003449,-497.88693032737297,0.0,-0.0111983830586268, Amensalism,COVID
SRR13077699.bin.7.fbc2XSRR13077699.bin.21.fbc2 ,-0.3715256952276604,-0.3715256952276604,1000.0,-0.0071378615797357,-1000.0,998.9633683627684,85.11278939932686,91.66488236856505,-13.932606153424215,-0.6192094920461386,-0.0493226235163319,188.22169817083432,-1000.0,-998.9633683627684,-0.0243401079870864,0.0,0.0,0.0,0.0,1000.0,-1000.0,-811.7783018291658,-811.7783018291658,0.0,0.0,0.0,811.7783018291657,0.0,1000.0,0.0, Amensalism,COVID
SRR13077699.bin.33.fbc2XSRR13077699.bin.25.fbc2 ,-0.0868855827798142,-0.0868855827798142,965.3884935310452,-0.0016692715231556,-1000.0,999.8696632794728,0.0,-1000.0,-3.258301164175805,-0.1448093046329859,-0.0115346662249748,500.6701084136839,-0.1448259973482208,-999.8696632794728,-0.0056922158939869,-0.1520876675608633,-0.1520876675608633,34.61150646895476,-0.0029219532672186,0.0,-0.2281461111076623,493.88059612944,0.0,-5.703448240962871,-0.2534794459347722,-0.020190697076714,-879.9178796616396,-500.0,0.2281461111076623,-0.0099638606413918, Amensalism,COVID
SRR13077699.bin.3.fbc2XSRR13077699.bin.32.fbc2 ,-0.1325188728218336,-0.1325188728218336,0.0,-0.0025459917928856,-1000.0,1000.0,0.0,781.3487232109494,-4.969597760369084,-0.2208647880364651,-0.0175928032891761,240.22433397108307,-331.90236299172534,-1000.0,-0.008681832013849,-0.1778432022088054,-0.1778432022088054,1000.0,-0.0034167762191827,1000.0,-1000.0,1000.0,218.6512767890506,-6.669308005522908,-0.2964053370146757,-0.0236099236745985,-26.341687513486136,-668.0976370082747,1000.0,-0.0116512069074588, Amensalism,COVID
SRR13077699.bin.27.fbc2XSRR13077699.bin.20.fbc2 ,-0.1182879163980032,-0.1182879163980032,410.9936837189941,-0.002272582447631,-1000.0,999.8225567624906,0.0,779.7504505606921,-4.435921856961727,-0.1971465273301191,-0.0157035447130056,-57.40745522498514,-581.9956923048643,-999.8225567624906,-0.0077495061462968,-0.0507507823816695,-0.0507507823816695,589.0063162810059,-0.0009750390466933,1000.0,-299.1563589215358,1000.0,-862.3343515609221,-1.903207966460968,-0.0845846373027825,-0.0067375198128729,-3.806957079592849,-176.57665721274498,299.1563589215357,-0.0033248831492755, Competition,COVID
SRR13077699.bin.27.fbc2XSRR13077699.bin.7.fbc2 ,-0.07016787056466,-0.07016787056466,0.0,-0.0013480858898446,-1000.0,999.8947414537236,142.39749020828185,971.0803051613872,-2.631369290897624,-0.1169464509411,-0.0093152734986006,-29.16257585819517,-417.6217331650296,-999.8947414537236,-0.004596972884201,-0.3681285103741629,-0.3681285103741629,1000.0,-0.0070725938592204,0.0,-1.027152806179629,-692.25849833706,28.91969483861294,-13.80520813169528,-0.6135475172903853,-0.0488716235674928,154.39444104377935,-582.3782668349704,1.027152806179629,-0.0241175450601076, Amensalism,COVID
SRR13077699.bin.15.fbc2XSRR13077699.bin.5.fbc2 ,-0.1707963357317794,-0.1707963357317794,475.16290995055215,-0.0032813897354344,1000.0,-1000.0,-1000.0,149.5740900373255,-6.405043066378653,-0.2846605595530036,-0.0226744030721874,1000.0,-24.898539757040453,1000.0,-0.0111895389979963,-0.1303212165659033,-0.1303212165659033,524.8370900494479,-0.0025037697706693,-1000.0,999.8045056563024,594.8908891292679,117.3175177228586,-4.887183328557057,-0.217202027609801,-0.0173010491156446,0.0,-499.9972082967057,-999.8045056563024,-0.0085378549181314, Competition,COVID
SRR13077699.bin.27.fbc2XSRR13077699.bin.25.fbc2 ,-0.1671000781469729,-0.1671000781469729,1000.0,-0.003210376141169,-1000.0,999.7493338308988,-1000.0,-15.865004710584344,-6.2664295011993545,-0.2785001302449927,-0.0221836991353256,-23.22251264711633,-500.0,-999.7493338308988,-0.0109473826413477,-0.1528519270577817,-0.1528519270577817,0.0,-0.0029366364468614,0.0,-0.2292925737689302,766.4406543763344,-206.58899506585828,-5.732108779672103,-0.2547532117630453,-0.0202921578476207,-976.7774873528836,-500.0,0.2292925737689302,-0.0100139302836623, Amensalism,COVID
SRR13077699.bin.33.fbc2XSRR13077699.bin.27.fbc2 ,-0.0577768765349446,-0.0577768765349446,592.5586825812675,-0.0011100264464403,-1000.0,999.9133291350654,0.0,-336.40528427645825,-2.1666939215159573,-0.0962947942249456,-0.0076702827445842,158.33969085326223,-0.0963058944894328,-999.9133291350652,-0.0037851901822705,-0.1179901106652323,-0.1179901106652323,407.4413174187325,-0.0022668609157108,0.0,-0.1769965003024936,-1000.0,1000.0,-4.424753827297877,-0.1966501844420918,-0.0156640089278425,-56.79087312119486,-511.8093932895208,0.1769965003024936,-0.0077299957226841, Competition,COVID
SRR13077699.bin.25.fbc2XSRR13077699.bin.21.fbc2 ,-0.1537695775469956,-0.1537695775469956,22.082679268709512,-0.0029542666195538,-1000.0,999.7693308623464,787.9088160199076,-257.6007166321201,-5.766521642677276,-0.2562826292449927,-0.0204139823409832,-1000.0,-500.0,-999.7693308623464,-0.0100740491726583,-0.0858862668643496,-0.0858862668643496,977.9173207312906,-0.0016500723701255,999.8711623493418,-1000.0,96.08204753850214,-581.4341488499756,-3.220825761391893,-0.1431437781071736,-0.0114020000775099,0.0,-0.9483667191788072,1000.0,-0.0056267467821271, Amensalism,COVID
SRR13077699.bin.23.fbc2XSRR13077699.bin.20.fbc2 ,-0.0835825527932456,-0.0835825527932456,2.5276937661161583,-0.0016058127338283,1000.0,-1000.0,0.0,-97.92705676225388,-3.134434049447691,-0.1393042546554852,-0.011096165990466,113.48810916546428,-411.39204825281786,1000.0,-0.0054758214222374,-0.0800500628405416,-0.0800500628405416,997.472306233884,-0.001537945491691,-638.6447732780858,1000.0,1000.0,-633.1829248044396,-3.0019619435237246,-0.1334167714010163,-0.010627203347326,267.6861609533091,-92.4930223100929,-1000.0,-0.005244394126521, Neutralism,COVID
SRR13077699.bin.15.fbc2XSRR13077699.bin.25.fbc2 ,-0.1098077988262957,-0.1098077988262957,1000.0,-0.0021096599198244,1000.0,-1000.0,-392.2499291436548,-535.1517998156223,-4.117908487280488,-0.1830129980437504,-0.0145777500458734,1000.0,-0.2242146562776952,1000.0,-0.0071939403266014,-0.1526375140311984,-0.1526375140311984,0.0,-0.0029325170803531,-1000.0,999.7710290663676,454.7199117955838,-236.95862734103696,-5.724068064609583,-0.2543958567187019,-0.0202636930250719,-1000.0,-500.0,-999.7710290663678,-0.0099998832439496, Competition,COVID
SRR13077699.bin.27.fbc2XSRR13077699.bin.5.fbc2 ,-0.0841101399416857,-0.0841101399416857,3.305154138214334,-0.0016159488941411,0.0,-0.1261732896570038,180.2278224541119,1000.0,-3.1542191250024416,-0.1401835665694761,-0.0111662068587747,-33.592200176660754,-505.4405807767726,0.1261732896570038,-0.0055103857291669,-0.1706488536523238,-0.1706488536523238,996.6948458617858,-0.0032785562660819,-1000.0,999.7440103267402,819.7721775458881,-532.3566387435574,-6.39951233255681,-0.2844147560872443,-0.02265482379903,308.46411295918324,-425.3407311138701,-999.7440103267402,-0.0111798768675726, Amensalism,COVID
SRR13077699.bin.27.fbc2XSRR13077699.bin.32.fbc2 ,-0.0841101399416857,-0.0841101399416857,3.305154138214448,-0.0016159488941411,-1000.0,999.8738267103432,-1000.0,1000.0,-3.1542191250024416,-0.1401835665694761,-0.0111662068587747,-33.59220017666087,-505.4405807767726,-999.873826710343,-0.0055103857291669,-0.1749730128383362,-0.1749730128383362,996.6948458617856,-0.0033616332917745,1000.0,-1000.0,901.922270057168,-655.4574952408359,-6.561672871267547,-0.2916216880638558,-0.023228886046354,1000.0,-494.5594192232274,1000.0,-0.0114631695250864, Amensalism,COVID
SRR13077699.bin.20.fbc2XSRR13077699.bin.32.fbc2 ,0.0,0.0,0.0,0.0,0.0,999.5037815896872,499.7518907948436,-999.503781589687,0.0,0.0,0.0,0.0,-249.8759453974218,-999.503781589687,0.0,-0.1778432022088054,-0.1778432022088054,1000.0,-0.0034167762191827,1000.0,-1000.0,330.5244840081407,-0.496218410312963,-6.669308005522908,-0.2964053370146757,-0.0236099236745985,1000.0,-685.1094717690142,1000.0,-0.0116512069074588, Amensalism,COVID
SRR13077699.bin.23.fbc2XSRR13077699.bin.25.fbc2 ,-0.0833764886086783,-0.0833764886086783,0.0560648818694744,-0.0016018537677382,1000.0,-1000.0,-168.06500751528404,-276.1531980870609,-3.126706424783947,-0.1389608143479108,-0.0110688095347768,276.68687168830434,-324.01376266489,1000.0,-0.0054623213478635,-0.1764395703852415,-0.1764395703852415,999.9439351181304,-0.0033898092292474,-1000.0,999.735323695376,-831.934992484716,-723.8468019129391,-6.61667032895582,-0.294065950642107,-0.0234235817745229,-1000.0,-624.965168148701,-999.735323695376,-0.0115592494719294, Neutralism,COVID
SRR13077699.bin.15.fbc2XSRR13077699.bin.32.fbc2 ,-0.1300602495048224,-0.1300602495048224,0.0,-0.0024987559943383,-1000.0,1000.0,-537.0187699130016,684.0137143571021,-4.877396788009037,-0.2167670825079994,-0.0172664039207575,145.09562218543078,-35.23793588718581,-1000.0,-0.0085207579406869,-0.1333824016566041,-0.1333824016566041,1000.0,-0.002562582164387,1000.0,-1000.0,325.95412513671863,-434.8289167096741,-5.001981004142181,-0.2223040027610068,-0.0177074427559773,854.9043778145692,-554.573356465628,1000.0,-0.0087384051805656, Competition,COVID
SRR13077699.bin.20.fbc2XSRR13077699.bin.7.fbc2 ,0.0,0.0,0.0,0.0,-1000.0,1000.0,0.0,0.0,0.0,0.0,0.0,0.0,0.0,-1000.0,0.0,-0.3715256952276604,-0.3715256952276604,1000.0,-0.0071378615797357,0.0,-1.0366316372317217,-1000.0,372.3950059094925,-13.932606153424215,-0.6192094920461386,-0.0493226235163319,477.5797776984832,-1000.0,1.0366316372317217,-0.0243401079870864, Amensalism,COVID
SRR13077699.bin.25.fbc2XSRR13077699.bin.5.fbc2 ,-0.1530904211423376,-0.1530904211423376,0.0,-0.0029412184657076,-1000.0,999.7703496621943,0.0,-229.7240722619424,-5.7410525598521644,-0.2551507019038581,-0.0203238195983885,-1000.0,-500.0,-999.7703496621942,-0.0100295549682414,-0.1709313308500668,-0.1709313308500668,1000.0,-0.0032839833016851,0.0,-0.2564134161916627,-1000.0,-481.5678391436679,-6.41010552595958,-0.284885551416778,-0.0226923246142405,715.0498293082937,-500.0,0.2564134161916627,-0.0111983830586268, Amensalism,COVID
SRR13077699.bin.25.fbc2XSRR13077699.bin.7.fbc2 ,-0.1515332656574628,-0.1515332656574628,0.0,-0.0029113019338637,-1000.0,999.7726855450042,1000.0,-238.51216151938672,-5.682657583759465,-0.2525554427624001,-0.0201170963629238,-999.0080219415617,-499.5326585164408,-999.7726855450042,-0.0099275395945142,-0.2803725705308579,-0.2803725705308579,1000.0,-0.0053866007787064,0.0,-0.7822960310892313,-1000.0,-761.4878384806133,-10.514267657949858,-0.467287617551392,-0.0372214113807558,714.3343065101208,-500.4673414835592,0.7822960310892313,-0.0183683086553401, Competition,COVID
SRR13077699.bin.33.fbc2XSRR13077699.bin.32.fbc2 ,-0.0306374519303744,-0.0306374519303744,314.1080057670956,-0.0005886157911163,-1000.0,999.9540408790256,236.7854853097356,-177.29435172060423,-1.1489368212565978,-0.0510624198839195,-0.0040673351169289,83.1678456388363,-0.0510683060417704,-999.9540408790256,-0.0020071798478511,-0.1499122154162933,-0.1499122154162933,685.8919942329044,-0.0028801578370121,1000.0,-1000.0,-27.637436431299648,488.3045790732315,-5.621866486792214,-0.2498536923604888,-0.0199018906537276,916.8321543611636,-690.7494452285706,1000.0,-0.009821338224242, Competition,COVID
SRR13077699.bin.25.fbc2XSRR13077699.bin.20.fbc2 ,-0.1764431874219099,-0.1764431874219099,1000.0,-0.0033898787208954,-1000.0,999.7353182694736,1000.0,-1000.0,-6.616805971649342,-0.2940719790364028,-0.0234240619612364,-959.1584260180372,-547.9097952721517,-999.7353182694736,-0.0115594864381591,0.0,0.0,0.0,0.0,0.0,0.0,0.0,0.0,0.0,0.0,0.0,0.0,0.0,0.0,0.0, Amensalism,COVID
SRR13077699.bin.3.fbc2XSRR13077699.bin.25.fbc2 ,-0.1765287567711766,-0.1765287567711766,1000.0,-0.0033915227045326,-1000.0,999.7351899072296,-951.9621251703408,999.9773107131066,-6.620014912669035,-0.2942145946186656,-0.0234354218883936,522.3591923173756,-500.0,-999.7351899072296,-0.0115650924225292,-0.1530371120134077,-0.1530371120134077,0.0,-0.00294019427497,999.7704296310084,-1000.0,-48.037874829659245,-232.224586415889,-5.739053411188934,-0.2550618533557554,-0.0203167424401726,-1000.0,-500.0,1000.0,-0.0100260624777774, Amensalism,COVID
SRR13077699.bin.27.fbc2XSRR13077699.bin.21.fbc2 ,-0.0865493995108863,-0.0865493995108863,32.401785053290496,-0.0016628126707018,-1000.0,999.8701675866704,-287.52157661968045,1000.0,-3.245693936356588,-0.1442489991849243,-0.0114900355546296,-46.682316775523645,-506.9943720774789,-999.8701675866704,-0.005670191207173,-0.0853453086765512,-0.0853453086765512,967.5982149467096,-0.0016396793213289,999.8719738385884,-1000.0,-712.4784233803196,-586.4335474453933,-3.2005392577351586,-0.142242181127699,-0.0113301841105339,-24.64128120606938,-0.9423933923546884,1000.0,-0.0055913064858259, Amensalism,COVID
SRR13077699.bin.23.fbc2XSRR13077699.bin.21.fbc2 ,-0.0835825527932456,-0.0835825527932456,22.0826792687094,-0.0016058127338283,1000.0,-1000.0,-78.29909014567886,-443.3633202360216,-3.134434049447691,-0.1393042546554852,-0.011096165990466,446.36980312684136,-422.37627370376697,1000.0,-0.0054758214222374,-0.0858862668643496,-0.0858862668643496,977.9173207312906,-0.0016500723701255,-1000.0,999.8711623493418,120.8795166244995,-556.6366797639785,-3.220825761391893,-0.1431437781071736,-0.0114020000775099,-24.79746908599725,-0.9483667191788072,-999.8711623493416,-0.0056267467821271, Neutralism,COVID
SRR13077699.bin.3.fbc2XSRR13077699.bin.23.fbc2 ,-0.176580174719561,-0.176580174719561,997.4723062338836,-0.0033925105614116,-0.2648872246321616,0.0,-19.72935443704023,-47.2201412624903,-6.6219431400658095,-0.2943002911993062,-0.0234422479791192,820.136771909851,-598.3569966433054,0.0,-0.0115684610142352,-0.0835825527932456,-0.0835825527932456,2.527693766116272,-0.0016058127338283,1000.0,-1000.0,97.06591196465617,-21.36089032167331,-3.134434049447691,-0.1393042546554852,-0.011096165990466,17.22510356769658,-401.6430033566946,1000.0,-0.0054758214222374, Neutralism,COVID
SRR13077699.bin.3.fbc2XSRR13077699.bin.21.fbc2 ,-0.1336716437829181,-0.1336716437829181,26.096757462836194,-0.0025681391697389,0.1285761814863235,999.3878754747512,0.0,999.9828191489546,-5.012827889515847,-0.222786072971644,-0.017745841662645,900.4270268851342,-501.4682389101832,-999.3878754747512,-0.0087573545687291,-0.085711965245423,-0.085711965245423,973.9032425371638,-0.0016467236358721,999.8714238185136,-1000.0,542.9071792605571,-979.4306021587496,-3.214289266503897,-0.1428532754090383,-0.0113788603237026,-30.19537025625857,-100.55909931396832,1000.0,-0.0056153275982069, Amensalism,COVID
SRR13077699.bin.3.fbc2XSRR13077699.bin.27.fbc2 ,-0.1325188728218336,-0.1325188728218336,0.0,-0.0025459917928856,-0.5860613965700168,1000.0,-345.56042160688503,-1000.0,-4.969597760369084,-0.2208647880364651,-0.0175928032891761,1000.0,-491.930641278527,-1000.0,-0.008681832013849,-0.1676661175212075,-0.1676661175212075,1000.0,-0.0032212510570843,-0.2515152825370705,0.0,-654.439578393115,1000.0,-6.287656575853475,-0.2794435292020125,-0.0222588448044689,-95.2064265053814,-508.069358721473,0.0,-0.0109844661046736, Amensalism,COVID
SRR13077699.bin.3.fbc2XSRR13077699.bin.15.fbc2 ,-0.1502666962942385,-0.1502666962942385,401.7802844474163,-0.0028869682284948,0.0,999.0868517641064,1000.0,669.6649274394053,-5.6351598942858345,-0.2504444938236929,-0.0199489504590246,0.0,-479.310368820206,-999.0868517641064,-0.0098445616592925,-0.1770029152065717,-0.1770029152065717,598.2197155525837,-0.0034006323767243,1000.0,-1000.0,-1000.0,-7.801454020298024,-6.637796355025898,-0.2950048586775438,-0.0234983697229154,1000.0,-520.689631179794,1000.0,-0.0115961564044937, Amensalism,COVID
SRR13077699.bin.23.fbc2XSRR13077699.bin.5.fbc2 ,-0.0833764886086783,-0.0833764886086783,0.0560648818694744,-0.0016018537677382,1000.0,-1000.0,0.0,-90.94980333320495,-3.126706424783947,-0.1389608143479108,-0.0110688095347768,91.48347693445204,-407.3704117521861,1000.0,-0.0054623213478635,-0.1709265392275938,-0.1709265392275938,999.9439351181304,-0.0032838912435408,-1000.0,999.7435937717024,1000.0,-476.7401073661953,-6.409925835054992,-0.2848775653793609,-0.0226916884930687,240.77766252888887,-499.9963384612634,-999.7435937717024,-0.0111980691406188, Neutralism,COVID
SRR13077699.bin.7.fbc2XSRR13077699.bin.32.fbc2 ,-0.3252964861497958,-0.3252964861497958,502.27712729777454,-0.0062496923371782,-1000.0,999.0923571818726,-476.2570902338646,80.2589552239674,-12.198961963696432,-0.5421608102496975,-0.0431853740498127,79.08896064465694,-596.9474852355715,-999.0923571818724,-0.0213114508698026,-0.0865600232598353,-0.0865600232598353,497.7228727022255,-0.0016630167773428,1000.0,-1000.0,33.76836912495605,-601.2374781501215,-3.2460923381685234,-0.1442667054330968,-0.0114914459313695,484.20499093721673,-403.05251476442845,1000.0,-0.0056708872107265, Competition,COVID
SRR13077699.bin.15.fbc2XSRR13077699.bin.20.fbc2 ,-0.1950681838646915,-0.1950681838646915,1000.0,-0.0037477076631375,1000.0,-1000.0,-778.3338982772352,-89.12574619267218,-7.315263018846508,-0.3251136397744858,-0.0258966599520817,1000.0,-514.5551811684488,1000.0,-0.012779683131157,0.0,0.0,0.0,0.0,-89.12574619267218,1000.0,455.437126903664,-910.8742538073278,0.0,0.0,0.0,0.0,-227.718563451832,-1000.0,0.0, Amensalism,COVID
SRR13077699.bin.21.fbc2XSRR13077699.bin.32.fbc2 ,0.0,0.0,0.0,0.0,-1000.0,1000.0,0.0,0.0,0.0,0.0,0.0,0.0,0.0,-1000.0,0.0,-0.1778432022088054,-0.1778432022088054,1000.0,-0.0034167762191827,1000.0,-1000.0,1000.0,-277.1254477456589,-6.669308005522908,-0.2964053370146757,-0.0236099236745985,1000.0,-623.0270256869375,1000.0,-0.0116512069074588, Amensalism,COVID
SRR13077699.bin.3.fbc2XSRR13077699.bin.20.fbc2 ,-0.132518804732399,-0.132518804732399,0.0,-0.0025459904848048,-1000.0,1000.0,0.0,998.5357499523976,-4.969595206941904,-0.2208646745540363,-0.0175927942498219,-794.4497153014476,-684.2995550198326,-1000.0,-0.0086818275531186,-0.0802313744072762,-0.0802313744072762,1000.0,-0.0015414289031241,359.2543841309896,0.0,1000.0,-631.764876185569,-3.0087613188613886,-0.1337189573454225,-0.0106512737205548,269.3662309686224,-91.97269091163253,0.0,-0.0052562725596772, Amensalism,COVID
SRR13077699.bin.7.fbc2XSRR13077699.bin.5.fbc2 ,-0.2785870782137181,-0.2785870782137181,0.0,-0.0053522973720419,-1000.0,999.2226858526616,-621.8592963329015,67.65645235841612,-10.447309809369244,-0.4643117970227877,-0.0369843748406992,187.8652265169203,-582.1394471660174,-999.2226858526614,-0.0182513340386094,-0.1709313308500668,-0.1709313308500668,1000.0,-0.0032839833016851,0.0,-0.2564134161916627,0.0,-535.9568228349636,-6.41010552595958,-0.284885551416778,-0.0226923246142405,812.1347734830797,-417.8605528339826,0.2564134161916627,-0.0111983830586268, Amensalism,COVID
SRR13077699.bin.23.fbc2XSRR13077699.bin.32.fbc2 ,-0.0833764886086783,-0.0833764886086783,0.0560648818694744,-0.0016018537677382,-1000.0,1000.0,-1.6892829463398584,-116.90213463193528,-3.126706424783947,-0.1389608143479108,-0.0110688095347768,110.31114711936016,-321.4527061788133,-1000.0,-0.0054623213478635,-0.1778366172352434,-0.1778366172352434,999.9439351181304,-0.0034166497067644,1000.0,-1000.0,198.96796176939165,333.6562973273667,-6.669061062056812,-0.296394362058777,-0.0236090494735208,889.6888528806398,-678.5472938211867,1000.0,-0.011650775499902, Neutralism,COVID
SRR13077699.bin.33.fbc2XSRR13077699.bin.5.fbc2 ,-0.0540538145868367,-0.0540538145868367,554.1823759557683,-0.0010384978787669,-1000.0,999.91891408563,-533.3756169035807,-312.8013399089066,-2.02707516439159,-0.0900896909781749,-0.0071760203419444,147.1732735978096,-0.0901000759569115,-999.9189140856304,-0.0035412777664305,-0.12356776532215,-0.12356776532215,445.8176240442317,-0.0023740204673003,0.0,-0.1853635180856372,-466.6243830964193,101.19588184206803,-4.633921770707843,-0.2059462755370305,-0.0164044814289354,264.0422004022089,-499.997352967179,0.1853635180856372,-0.0080954097934409, Competition,COVID
SRR13077699.bin.21.fbc2XSRR13077699.bin.5.fbc2 ,-0.0488806874676583,-0.0488806874676583,554.1823759557687,-0.0009391102299787,-1000.0,999.9266742732476,1000.0,-1000.0,-1.8330774310999232,-0.0814678124461352,-0.0064892516887766,498.1901455960758,-0.5397465613233408,-999.9266742732474,-0.0032023658840216,-0.12356776532215,-0.12356776532215,445.81762404423125,-0.0023740204673003,0.0,-0.1853635180856372,0.0,87.56555501417279,-4.633921770707843,-0.2059462755370305,-0.0164044814289354,254.14549565110477,-499.997352967179,0.1853635180856372,-0.0080954097934409, Competition,COVID
SRR13077699.bin.15.fbc2XSRR13077699.bin.21.fbc2 ,-0.1328697056703731,-0.1328697056703731,32.40178505329004,-0.0025527320974561,1000.0,-1000.0,-602.1542796598909,652.087920168231,-4.982754362905553,-0.2214495094506219,-0.0176393787930919,216.29167981697765,-279.5624679854118,1000.0,-0.0087048164522229,-0.0853453086765512,-0.0853453086765512,967.59821494671,-0.0016396793213289,-1000.0,999.8719738385884,-397.8457203401091,-1000.0,-3.2005392577351586,-0.142242181127699,-0.0113301841105339,293.24501309980815,-42.0674937919689,-999.8719738385884,-0.0055913064858259, Amensalism,COVID
SRR13077699.bin.33.fbc2XSRR13077699.bin.7.fbc2 ,-0.0575045335672257,-0.0575045335672257,589.5605940873288,-0.0011047941127344,0.0,-0.0862623243214102,0.0,-332.77013450663503,-2.15648077244839,-0.0958408892787474,-0.0076341273189655,156.56860697971206,-0.0958519372198907,0.0862623243214102,-0.0037673479243949,-0.3167664678284154,-0.3167664678284154,410.4394059126712,-0.0060858111014567,-1000.0,999.1161576537422,-982.7892132609708,78.15438174202609,-11.87907726317485,-0.5279441130472833,-0.042052954710698,843.4313930202879,-999.90414806278,-999.1161576537422,-0.0207526158558266, Competition,COVID
SRR13077699.bin.23.fbc2XSRR13077699.bin.27.fbc2 ,-0.0833764886086783,-0.0833764886086783,0.0560648818694744,-0.0016018537677382,1000.0,-1000.0,0.0,-109.77747351811388,-3.126706424783947,-0.1389608143479108,-0.0110688095347768,110.31114711936038,-486.45067044746384,1000.0,-0.0054623213478635,-0.1676614174306223,-0.1676614174306223,999.9439351181304,-0.0032211607575618,-1000.0,999.7484917680504,-1000.0,1000.0,-6.287480317491827,-0.2794356957177797,-0.0222582208347148,-81.36938756888162,-513.5493295525362,-999.7484917680504,-0.0109841581833052, Neutralism,COVID
SRR13077699.bin.20.fbc2XSRR13077699.bin.5.fbc2 ,-0.0477502335450026,-0.0477502335450026,554.1823759557683,-0.0009173916147346,662.0061807049794,0.1853635180856372,942.2688086513436,-815.9904228177797,-1.790684214476414,-0.0795837225749664,-0.0063391760575086,-3.5818775812989543,-166.8328856643891,-0.1853635180856372,-0.0031283054061077,-0.12356776532215,-0.12356776532215,445.8176240442317,-0.0023740204673003,-1000.0,999.8146364819144,57.73119134865647,84.56676358051254,-4.633921770707843,-0.2059462755370305,-0.0164044814289354,-21.115179021559584,-499.997352967179,-999.8146364819144,-0.0080954097934409, Competition,COVID
SRR13077699.bin.33.fbc2XSRR13077699.bin.21.fbc2 ,-0.0726253059382315,-0.0726253059382315,790.7601314252938,-0.0013952988653045,-1000.0,999.8910550645984,97.08856463235496,-879.8746691810768,-2.7235257141227294,-0.1210421765638329,-0.00964151515916,428.6133889891119,-0.1210561295524712,-999.8910550645984,-0.0047579691306509,-0.0184149303132699,-0.0184149303132699,209.23986857470615,-0.00035379308963,999.9723758355644,-1000.0,31.0360087811182,-120.1253308189232,-0.690579345369315,-0.0306915505221923,-0.0024447102490512,-6.48737474938946,-0.2033399247953866,1000.0,-0.0012064344355167, Competition,COVID
SRR13077699.bin.33.fbc2XSRR13077699.bin.15.fbc2 ,-0.0598514476935179,-0.0598514476935179,617.4261097360832,-0.0011498837212684,-1000.0,999.9102170790412,0.0,-384.39105341329446,-2.244492532110712,-0.099752412822454,-0.0079456965141844,181.9784303812976,-0.0997639116596929,-999.9102170790412,-0.0039211034895743,-0.1632320199192918,-0.1632320199192918,382.5738902639168,-0.003136061862051,1000.0,-1000.0,-1000.0,164.66024089770167,-6.121373230375298,-0.2720533665320772,-0.0216701874667251,818.0215696187024,-25.145721590455764,1000.0,-0.0106939709495463, Competition,COVID
SRR13077699.bin.23.fbc2XSRR13077699.bin.15.fbc2 ,-0.0833734890277355,-0.0833734890277355,0.0776230408891933,-0.001601796138857,-1000.0,1000.0,100.71496651196868,-18.777343561100565,-3.126593937326561,-0.138955815046188,-0.0110684113195702,7.931758102449294,-253.4371541772191,-1000.0,-0.0054621248335706,-0.1948821426341282,-0.1948821426341282,999.9223769591108,-0.0037441333839751,1000.0,-1000.0,-766.477036056456,-81.60549954530813,-7.308286276116064,-0.3248035710569183,-0.0258719616830376,992.0682418975508,-175.96302282079523,1000.0,-0.012767494839295, Neutralism,COVID
SRR13077699.bin.32.fbc2XSRR13077699.bin.5.fbc2 ,-0.1285123351799484,-0.1285123351799484,554.1846427800269,-0.0024690170063195,1000.0,-1000.0,764.1105068575478,66.2079458245687,-4.819348365183146,-0.2141872252999519,-0.0170609075138372,409.2959910033446,-500.00264702758426,1000.0,-0.0084193479916621,-0.1235675208623661,-0.1235675208623661,445.81535721997307,-0.0023740157706697,-1000.0,999.8146368486276,-1000.0,87.56775579493683,-4.633912603204976,-0.2059458681038677,-0.0164044489752086,402.5857407844778,-499.9973529724157,-999.8146368486276,-0.0080953937779213, Competition,COVID
SRR13077718.bin.21.fbc2XSRR13077718.bin.8.fbc2 ,-0.1283966370300504,-0.1283966370300504,467.2101384532584,-0.0024667941792131,-1000.0,999.6417474813472,107.5983768307533,-372.8353604372387,-4.815009562307637,-0.2139943950501219,-0.0170455477785935,1000.0,-545.7026795830029,-999.6417474813472,-0.0084117681512907,-0.1243556825152154,-0.1243556825152154,532.7898615467416,-0.0023891581655561,126.48011995145202,0.3582525186527618,-666.4491745514972,-627.1646395627613,-4.66346949802039,-0.2072594708587303,-0.016509082923676,0.0,-31.75622948491707,-0.3582525186527618,-0.0081470293443999, Neutralism,COVID
SRR13077718.bin.9.fbc2XSRR13077718.bin.7.fbc2 ,-0.0599037888900966,-0.0599037888900966,970.672567020694,-0.0011508893157952,1000.0,-1000.0,86.91465191227849,-956.1490813351902,-2.246455382290037,-0.0998396481501231,-0.0079526451725087,638.8215856798529,-493.4456793520104,1000.0,-0.003924532566998,-0.0860390236975945,-0.0860390236975945,29.327432979305968,-0.0016530071795841,0.0,999.5927901119672,156.52066245458172,-38.24873768827763,-3.2265543040546163,-0.1433983728293242,-0.011422279610997,-9.110152348580186,-506.5543206479896,-999.5927901119672,-0.0056367544824524, Neutralism,COVID
SRR13077718.bin.11.fbc2XSRR13077718.bin.9.fbc2 ,-0.0878098835886476,-0.0878098835886476,258.88304023456067,-0.0016870294637101,-1000.0,1000.0,-523.678927318495,-510.70959049840656,-3.292963421194486,-0.1463498059811172,-0.0116573735945166,669.6107363251376,-442.0047656622522,-1000.0,-0.0057527704714175,-0.0599037888900966,-0.0599037888900966,662.2402450157037,-0.0011508893157952,0.0,0.0,395.3469739172695,-339.2844373252076,-2.246455382290037,-0.0998396481501231,-0.0079526451725087,330.3892636748624,-493.4456793520105,0.0,-0.003924532566998, Neutralism,COVID
SRR13077718.bin.8.fbc2XSRR13077718.bin.7.fbc2 ,-0.1243556825152154,-0.1243556825152154,949.9601611494654,-0.0023891581655561,302.8340036756015,0.0,-1000.0,-1000.0,-4.66346949802039,-0.2072594708587303,-0.016509082923676,502.0250389942935,-109.41908494995846,0.0,-0.0081470293443999,-0.0860390236975945,-0.0860390236975945,50.03983885053458,-0.0016530071795841,-303.4210473486713,1000.0,389.50023715277257,1000.0,-3.2265543040546163,-0.1433983728293242,-0.011422279610997,25.891508785885435,-365.3016279344504,-1000.0,-0.0056367544824524, Neutralism,COVID
SRR13077718.bin.11.fbc2XSRR13077718.bin.7.fbc2 ,-0.0878098835886476,-0.0878098835886476,164.6983557588096,-0.0016870294637101,1000.0,-1000.0,0.0,-322.3402215469044,-3.292963421194486,-0.1463498059811172,-0.0116573735945166,415.9718271729339,-425.68738061207705,1000.0,-0.0057527704714175,-0.0860390236975945,-0.0860390236975945,203.82572624550312,-0.0016530071795841,-0.4850735217133888,1000.0,0.0,-188.5123022290753,-3.2265543040546163,-0.1433983728293242,-0.011422279610997,186.02566586995704,-574.312619387923,-1000.0,-0.0056367544824524, Neutralism,COVID
SRR13077718.bin.15.fbc2XSRR13077718.bin.3.fbc2 ,-0.2325803311302934,-0.2325803311302934,968.4405432835596,-0.0044684021349894,0.0,0.0,-46.15264292926543,1000.0,-8.722008179501358,-0.387633885217042,-0.0308766587533,1000.0,-705.1689632568891,0.0,-0.0152372512806095,-0.0895132005164214,-0.0895132005164214,31.55945671644031,-0.0017197540925053,-1000.0,1000.0,675.0434229156049,-25.570047641444603,-3.3568396058404915,-0.149188667527369,-0.0118835007793904,-0.8796800146427586,-294.8310367431109,-1000.0,-0.0058643614555649, Amensalism,COVID
SRR13077718.bin.11.fbc2XSRR13077718.bin.21.fbc2 ,-0.0878098835886476,-0.0878098835886476,2.1680859153491383,-0.0016870294637101,-1000.0,1000.0,-103.49977551964264,15.516908990875663,-3.292963421194486,-0.1463498059811172,-0.0116573735945166,0.0,-401.7782581125556,-1000.0,-0.0057527704714175,-0.1283966370300504,-0.1283966370300504,467.2101384532575,-0.0024667941792131,999.6417474813472,-1000.0,107.5983768307533,-375.17235190677866,-4.815009562307637,-0.2139943950501219,-0.0170455477785935,1000.0,-545.7026795830029,1000.0,-0.0084117681512907, Neutralism,COVID
SRR13077718.bin.15.fbc2XSRR13077718.bin.7.fbc2 ,-0.206333876145436,-0.206333876145436,994.740556280478,-0.0039641474763811,1000.0,-1000.0,-343.467643205969,1000.0,-7.73773838356442,-0.3438897935757268,-0.0273922590617985,1000.0,-851.9167626844752,1000.0,-0.0135177428944643,-0.036708997574351,-0.036708997574351,5.259443719521869,-0.0007052641224163,-578.8574958036893,1000.0,260.4864661202976,0.0,-1.3766261985657593,-0.0611816626239942,-0.0048733750862766,-1.3240840214419904,-148.0832373155248,-1000.0,-0.002404950657592, Competition,COVID
SRR13077718.bin.7.fbc2XSRR13077718.bin.3.fbc2 ,-0.0719109294710733,-0.0719109294710733,715.5284086936533,-0.0013815740531981,-1000.0,1000.0,-132.4952317251939,700.0702600606787,-2.696735841739951,-0.1198515491184935,-0.0095466767079415,667.8672400299888,-401.85193054108254,-1000.0,-0.0047111675215774,-0.1194143008297032,-0.1194143008297032,43.57151383419568,-0.0022942228786178,1000.0,-1000.0,971.7474506774948,299.9297399393213,-4.478162463372769,-0.1990238347161721,-0.015853080090892,332.1327599700112,-598.1480694589175,1000.0,-0.0078233000159571, Competition,COVID
SRR13077718.bin.15.fbc2XSRR13077718.bin.9.fbc2 ,-0.2011040969729265,-0.2011040969729265,337.75975498429443,-0.0038636714116364,0.0,0.0,-56.90326377329302,1000.0,-7.541616138410291,-0.3351734949548017,-0.0266979694540623,669.6107363251376,-506.5543206479895,0.0,-0.0131751195134484,-0.0599037888900966,-0.0599037888900966,662.2402450157056,-0.0011508893157952,-1000.0,1000.0,395.3469739172697,-339.28443732520816,-2.246455382290037,-0.0998396481501231,-0.0079526451725087,330.3892636748624,-493.4456793520105,-1000.0,-0.003924532566998, Amensalism,COVID
SRR13077718.bin.21.fbc2XSRR13077718.bin.7.fbc2 ,-0.1283966370300504,-0.1283966370300504,467.210138453258,-0.0024667941792131,-0.3582525186527618,0.0,107.59837683075284,-372.8353604372387,-4.815009562307637,-0.2139943950501219,-0.0170455477785935,1000.0,-545.7026795830028,0.0,-0.0084117681512907,-0.0860390236975945,-0.0860390236975945,35.25328601985984,-0.0016530071795841,-999.6417474813472,1000.0,38.91594851254513,1000.0,-3.2265543040546163,-0.1433983728293242,-0.011422279610997,0.0,-454.2973204169972,-1000.0,-0.0056367544824524, Neutralism,COVID
SRR13077718.bin.15.fbc2XSRR13077718.bin.8.fbc2 ,-0.2222826490335592,-0.2222826490335592,508.6467875783928,-0.0042705600199042,1000.0,-1000.0,-230.48448738519775,1000.0,-8.335834219560297,-0.3704710817225987,-0.0295095697372289,1000.0,-981.5166238875228,1000.0,-0.0145626096676778,-0.1224226355612927,-0.1224226355612927,491.3532124216072,-0.0023520198955111,-926.2501412635326,1000.0,-769.5155126148022,-542.5288323940514,-4.590978194644208,-0.2040377259355636,-0.0162524574780036,-36.36901544142847,-18.48337611247723,-1000.0,-0.0080203878436577, Neutralism,COVID
SRR13077718.bin.11.fbc2XSRR13077718.bin.3.fbc2 ,-0.0878098835886476,-0.0878098835886476,1.712301165125723,-0.0016870294637101,-1000.0,1000.0,0.0,3.631887640460036,-3.292963421194486,-0.1463498059811172,-0.0116573735945166,200.280414778626,-446.9019580718344,-1000.0,-0.0057527704714175,-0.1329108807307193,-0.1329108807307193,49.066917951504365,-0.0025535231648063,0.0,0.0,122.35972047776544,444.645044022657,-4.984298471176771,-0.2215181345512746,-0.017644845069185,799.719585221374,-553.0980419281656,0.0,-0.0087075139921353, Neutralism,COVID
SRR13077718.bin.15.fbc2XSRR13077718.bin.21.fbc2 ,-0.207039868125662,-0.207039868125662,657.6537974901905,-0.003977711203106,-1000.0,1000.0,254.9590175454177,1000.0,-7.764213828830407,-0.345066446876217,-0.0274859844139427,313.18417023520146,-497.407776320882,-1000.0,-0.0135639952028441,-0.1201171552265805,-0.1201171552265805,342.3462025098095,-0.0023077263251707,999.6648489057916,-1000.0,109.4569019330986,-40.22719752398996,-4.504520245943922,-0.2001952587108917,-0.0159463889070821,686.8158297647985,-502.592223679118,1000.0,-0.0078693467688708, Amensalism,COVID
SRR13077718.bin.11.fbc2XSRR13077718.bin.15.fbc2 ,-0.0878098835886476,-0.0878098835886476,0.883370802960485,-0.0016870294637101,-1000.0,1000.0,0.0,5.289748364796992,-3.292963421194486,-0.1463498059811172,-0.0116573735945166,-14.08130596324861,-399.3474114536224,-1000.0,-0.0057527704714175,-0.2324840235393139,-0.2324840235393139,999.1166291970394,-0.0044665518450983,0.0,0.0,-27.801175590448334,994.7102516352028,-8.718396543074391,-0.3874733725654096,-0.0308638732499275,1000.0,-600.6525885463776,0.0,-0.0152309417918559, Neutralism,COVID
SRR13077718.bin.9.fbc2XSRR13077718.bin.3.fbc2 ,-0.0599037888900966,-0.0599037888900966,662.2402450157028,-0.0011508893157952,0.0,0.0,395.346973917269,-339.2844373252083,-2.246455382290037,-0.0998396481501231,-0.0079526451725087,330.38926367486147,-493.4456793520099,0.0,-0.003924532566998,-0.1329108807307193,-0.1329108807307193,49.066917951504365,-0.0025535231648063,-1000.0,1000.0,604.653026082731,484.2139415887773,-4.984298471176771,-0.2215181345512746,-0.017644845069185,531.8136599217783,-506.5543206479901,-1000.0,-0.0087075139921353, Neutralism,COVID
SRR13077718.bin.11.fbc2XSRR13077718.bin.8.fbc2 ,-0.0878098835886476,-0.0878098835886476,5.887711740649706,-0.0016870294637101,1000.0,-1000.0,0.0,0.0,-3.292963421194486,-0.1463498059811172,-0.0116573735945166,56.46221039508396,-400.1627266445007,1000.0,-0.0057527704714175,-0.1243556825152154,-0.1243556825152154,990.8527734811696,-0.0023891581655561,0.0,510.8535154974793,-1000.0,-1000.0,-4.66346949802039,-0.2072594708587303,-0.016509082923676,943.537789604916,-127.7600152417607,-510.8535154974793,-0.0081470293443999, Neutralism,COVID
SRR13077718.bin.9.fbc2XSRR13077718.bin.8.fbc2 ,-0.047042456496797,-0.047042456496797,520.0573869165178,-0.0009037935926698,1000.0,-1000.0,310.46605175119225,-266.440131394619,-1.7641418272769442,-0.0784040941613284,-0.0062452137251511,259.4547498815132,-387.5029832760574,1000.0,-0.0030819361509202,-0.1228433879081194,-0.1228433879081194,479.94261308348223,-0.0023601035140927,-901.3632497944568,1000.0,-1000.0,-551.1061181131385,-4.606756852247145,-0.2047389798468657,-0.0163083152823446,-45.03168368858712,-24.70525677198077,-1000.0,-0.0080479529830199, Amensalism,COVID
SRR13077718.bin.9.fbc2XSRR13077718.bin.21.fbc2 ,-0.0598831281878347,-0.0598831281878347,662.0118396210323,-0.0011504923763823,-1000.0,1000.0,394.6353733134854,-339.1674187712979,-2.245680584122624,-0.0998052136462774,-0.0079499023204334,330.2753130493411,-493.2754908803953,-1000.0,-0.0039231790033227,-0.1194112564681972,-0.1194112564681972,337.9881603789677,-0.0022941643893545,999.6668185057276,-1000.0,111.28430529781303,-29.07357250575876,-4.478048296599582,-0.1990187607804046,-0.0158526759307733,669.7246869506589,-501.2512824244168,1000.0,-0.0078231005678617, Neutralism,COVID
SRR13077718.bin.21.fbc2XSRR13077718.bin.3.fbc2 ,-0.1185564792849618,-0.1185564792849618,341.2799459859641,-0.0022777421572754,-1000.0,999.6692035065024,110.48770296870453,-20.2018874056256,-4.445993249004346,-0.197594132141603,-0.015739198306619,655.6247049207282,-500.1976169095632,-999.6692035065024,-0.0077671007562685,-0.1209932699196087,-0.1209932699196087,130.4448331320193,-0.0023245584999358,1000.0,-1000.0,606.6963563283102,296.69699973057254,-4.53737547270282,-0.2016554498660525,-0.0160626992343395,344.37529507927184,-499.8023830904368,1000.0,-0.0079267444846209, Neutralism,COVID
SRR13077718.bin.8.fbc2XSRR13077718.bin.3.fbc2 ,-0.1243556825152154,-0.1243556825152154,522.3454842822277,-0.0023891581655561,0.0,500.19596340808016,-1000.0,-1000.0,-4.66346949802039,-0.2072594708587303,-0.016509082923676,9.73369813649458,-128.64814458254432,-500.1959634080801,-0.0081470293443999,-0.1329108807307193,-0.1329108807307193,477.65451571777226,-0.0025535231648063,1000.0,-1000.0,0.0,230.35124513952087,-4.984298471176771,-0.2215181345512746,-0.017644845069185,895.5186897545466,-694.864185664022,1000.0,-0.0087075139921353, Neutralism,COVID
SRR13077721.bin.25.fbc2XSRR13077721.bin.35.fbc2 ,-0.1484059526611645,-0.1484059526611645,1000.0,-0.0028512190713172,1000.0,-1000.0,-817.9099733280663,-33.54399361783146,-5.565380041841195,-0.2473432544352363,-0.0197019237826907,12.104451396532454,-0.3030275628976824,1000.0,-0.0097226570330803,0.0,0.0,0.0,0.0,-1000.0,1000.0,-182.0900266719337,0.0,0.0,0.0,0.0,0.0,0.0,-1000.0,0.0, Amensalism,COVID
SRR13077721.bin.30.fbc2XSRR13077721.bin.29.fbc2 ,-0.0020132384655653,-0.0020132384655653,15.417252922710531,-3.867893303777237e-05,1000.0,-1000.0,0.0,-15.57001727990678,-0.075498569800402,-0.0033553974426467,-0.0002672714274467,30.158681970837733,-0.0680828900391361,1000.0,-0.0001318951617577,-0.1563809102945015,-0.1563809102945015,984.5827470772896,-0.0030044363169281,-1000.0,999.7654136123764,1000.0,1000.0,-5.864449380042629,-0.2606348504908737,-0.020760654949754,969.8413180291624,-751.4750147049449,-999.7654136123766,-0.0102451278406761, Amensalism,COVID
SRR13077721.bin.9.fbc2XSRR13077721.bin.4.fbc2 ,-0.0832845266805861,-0.0832845266805861,992.4245480022464,-0.0016000869679828,1000.0,-1000.0,881.0042376605995,-436.1863601234686,-3.1232577553055307,-0.1388075444676815,-0.0110566009483363,973.9565309886348,-500.0,1000.0,-0.0054562965606237,-0.0892191158337709,-0.0892191158337709,7.575451997753703,-0.0017141040506203,-1000.0,999.8661627557292,118.99576233940049,-37.06029514353168,-3.345811119487621,-0.1486985263895803,-0.0118444589896853,26.043469011365232,-500.0,-999.8661627557292,-0.005845094812571, Neutralism,COVID
SRR13077721.bin.7.fbc2XSRR13077721.bin.4.fbc2 ,-0.1294123710845269,-0.1294123710845269,999.9828909418504,-0.0024863087623998,-1000.0,999.8058690118296,166.97594979364476,71.25098695617498,-4.85310066265049,-0.2156872851408025,-0.0171803935484149,913.7050365334528,-500.0,-999.8058690118296,-0.0084783128799017,-0.0890526476686091,-0.0890526476686091,0.0171090581495718,-0.0017109058150026,999.866412473968,-1000.0,111.4999771907742,-24.634574328030112,-3.33956838739482,-0.1484210794477576,-0.0118223591813375,17.13039314511218,-500.0,1000.0,-0.0058341888289987, Neutralism,COVID
SRR13077721.bin.24.fbc2XSRR13077721.bin.30.fbc2 ,-0.1368687012042073,-0.1368687012042073,136.27403962456265,-0.0026295619827578,-1000.0,1000.0,1000.0,-27.749872786864785,-5.132720921067744,-0.228114502007088,-0.0181702733010524,314.944292561109,-405.590784486712,-1000.0,-0.0089668063612862,-0.1039681383257402,-0.1039681383257402,863.7259603754374,-0.0019974666345206,1000.0,-1000.0,-136.72587669233224,-7.191451832313078,-3.8989150478793135,-0.1732802305429004,-0.0138024944443486,685.055707438891,-154.39508655589566,1000.0,-0.0068113612236402, Competition,COVID
SRR13077721.bin.9.fbc2XSRR13077721.bin.18.fbc2 ,-0.059784773321212,-0.059784773321212,0.0,-0.0011486027535738,1000.0,-1000.0,1000.0,125.02583660524716,-2.241992172696655,-0.0996412888687245,-0.0079368450268475,0.0,-428.4989042707384,1000.0,-0.0039167353895663,-0.1885368059784014,-0.1885368059784014,1000.0,-0.0036222248987769,-1000.0,999.717176679908,-207.6970456810427,-1000.0,-7.0703294465605495,-0.3142280099640402,-0.0250295740501087,1000.0,-571.5010957292616,-999.717176679908,-0.0123517869046736, Amensalism,COVID
SRR13077721.bin.24.fbc2XSRR13077721.bin.13.fbc2 ,-0.1878087151339968,-0.1878087151339968,980.2396817374702,-0.0036082366019627,1000.0,-1000.0,1000.0,-486.01885107305714,-7.043025270535964,-0.3130145252232523,-0.0249329149197592,1000.0,-435.8814953462427,1000.0,-0.0123040868128327,-0.0424092656389802,-0.0424092656389802,19.76031826252972,-0.0008147793590751,-1000.0,999.9363820276448,-1000.0,20.58546161503364,-1.5903922743246994,-0.0706821093982625,-0.0056301253711126,0.0,-292.33712894468283,-999.9363820276448,-0.0027783976144064, Amensalism,COVID
SRR13077721.bin.4.fbc2XSRR13077721.bin.18.fbc2 ,-0.0890526476686091,-0.0890526476686091,0.0171090581496855,-0.0017109058150026,999.866412473968,-1000.0,98.27568467556466,-15.818379317890615,-3.33956838739482,-0.1484210794477576,-0.0118223591813375,-0.5019968751674924,-500.0,1000.0,-0.0058341888289987,-0.1800418837804045,-0.1800418837804045,999.9828909418502,-0.0034590179400311,-1000.0,999.7299198792398,-220.87592439319508,-984.1816206821094,-6.751760887753676,-0.3000698063007121,-0.0239018139658355,1000.0,-500.0,-999.7299198792396,-0.0117952511756129, Neutralism,COVID
SRR13077721.bin.9.fbc2XSRR13077721.bin.30.fbc2 ,-0.0658383191465645,-0.0658383191465645,0.0,-0.0012649052670212,-1000.0,1000.0,980.5459583572538,193.47205550605557,-2.4690065377866404,-0.1097305319109409,-0.008740495394818,0.966868287978059,-500.1097431809636,-1000.0,-0.004313326960414,-0.1232311555889964,-0.1232311555889964,1000.0,-0.0023675534215499,1000.0,-1000.0,19.454041642746237,-178.55512634603667,-4.621298550025813,-0.205385259314994,-0.016359794142545,999.033131712022,-150.301547474142,1000.0,-0.0080733571672908, Amensalism,COVID
SRR13077721.bin.20.fbc2XSRR13077721.bin.29.fbc2 ,-0.0877743952173659,-0.0877743952173659,5.822688622137321,-0.0016863476506614,999.8683299754356,-1000.0,137.02022808577112,992.184916923812,-3.2916325697710818,-0.1462906586955341,-0.0116526622661012,0.0,-500.1463075221721,1000.0,-0.0057504454887293,-0.158028783233135,-0.158028783233135,994.1773113778628,-0.0030360957393895,-1000.0,999.7629416446716,862.9797719142289,3.7513761080742825,-5.926246356508727,-0.2633813053886342,-0.0209794215588772,1000.0,-499.8536924778279,-999.7629416446716,-0.0103530864711274, Amensalism,COVID
SRR13077721.bin.25.fbc2XSRR13077721.bin.29.fbc2 ,-0.1483478145393064,-0.1483478145393064,999.4286970331532,-0.002850102104503,1000.0,-1000.0,-810.5411156625339,-33.53227778906148,-5.563199800838106,-0.2472463575654728,-0.0196942055421232,6.372001776054049,-0.3029088516663023,1000.0,-0.0097188481763623,-0.0909622085097225,-0.0909622085097225,0.5713029668468153,-0.0017475928627845,-1000.0,999.8635479492708,-189.4588843374661,1000.0,-3.4111789367239,-0.1516036808495755,-0.0120758666820393,993.627998223946,-500.0,-999.863547949271,-0.0059592916621795, Amensalism,COVID
SRR13077721.bin.1.fbc2XSRR13077721.bin.7.fbc2 ,-0.2090310247981506,-0.2090310247981506,334.0495792989384,-0.0040159658942684,999.6864333829732,-1000.0,-4.196937013346087,244.7503593233896,-7.838884308056663,-0.3483850413302889,-0.027750324329645,1000.0,-499.832300857404,1000.0,-0.0136944436995918,-0.1006078881065377,-0.1006078881065377,665.9504207010616,-0.0019329085131403,-1000.0,999.7192836966432,-303.02182681395686,755.2496406766104,-3.7729021139624592,-0.1676798135108583,-0.0133563978254187,0.0,-500.167699142596,-999.7192836966434,-0.0065912180295981, Amensalism,COVID
SRR13077721.bin.34.fbc2XSRR13077721.bin.18.fbc2 ,-0.1984410030852359,-0.1984410030852359,298.1227163399194,-0.0038125072638877,999.7023194328358,-1000.0,1000.0,3.565185681558887,-7.441747303595775,-0.3307350051420599,-0.0263444251934288,0.0,-407.2991582382916,1000.0,-0.0130006497698786,-0.1669158542504192,-0.1669158542504192,701.8772836600806,-0.0032068367771671,-1000.0,999.7496101844406,0.0,-820.934402943207,-6.259520910411538,-0.2781930904172895,-0.0221592421301011,1000.0,-592.7008417617084,-999.7496101844406,-0.0109353134100729, Competition,COVID
SRR13077721.bin.24.fbc2XSRR13077721.bin.8.fbc2 ,-0.1581952740039014,-0.1581952740039014,79.79333036657681,-0.0030392944092909,-1000.0,1000.0,1000.0,-32.07379547308631,-5.932489936339039,-0.2636587900065024,-0.0210015243682164,1000.0,-414.9280844520768,-1000.0,-0.010363993935698,-0.1218771270878278,-0.1218771270878278,920.2066696334232,-0.0023415394252879,36.54171377606508,0.0,-1000.0,-967.9262045269136,-4.570521050460116,-0.2031285451463418,-0.0161800374289668,-7.520594408811576,-9.18113529359846,0.0,-0.0079846494403454, Amensalism,COVID
SRR13077721.bin.34.fbc2XSRR13077721.bin.8.fbc2 ,-0.1775731256612971,-0.1775731256612971,21.401164657572053,-0.0034115874286726,-983.8383466517024,1000.0,0.0,0.0,-6.659179849605948,-0.2959552094354194,-0.0235740691319961,-24.1453948478661,-491.8862369246357,-1000.0,-0.0116335131316418,-0.0847852823168295,-0.0847852823168295,978.598835342428,-0.0016289199292032,4.333985062396209,0.0,-1000.0,-1000.0,-3.1795376774761053,-0.1413088038613068,-0.0112558367110295,-8.572305152006265,-1.1152927826177574,0.0,-0.0055546169586477, Competition,COVID
SRR13077721.bin.31.fbc2XSRR13077721.bin.29.fbc2 ,-0.0885012396677211,-0.0885012396677211,8.686749488127475,-0.0017003120012759,-999.763051508663,1000.0,764.8497307753514,0.0,-3.3188900046997105,-0.1475020661129065,-0.0117491559290101,-1.920179346189343,-326.0139966907077,-1000.0,-0.0057980639244306,-0.157955545262439,-0.157955545262439,991.3132505118724,-0.0030346886697998,-0.2369484913369888,0.0,235.15026922464855,1000.0,-5.923499855218324,-0.2632592421040272,-0.0209696987081997,974.869930700894,-500.0,0.0,-0.0103482883639571, Neutralism,COVID
SRR13077721.bin.31.fbc2XSRR13077721.bin.18.fbc2 ,-0.0885012396677211,-0.0885012396677211,8.686749488127475,-0.0017003120012759,-694.1039344018575,1000.0,1000.0,1000.0,-3.3188900046997105,-0.1475020661129065,-0.0117491559290101,-1.920179346189343,-424.1868575603222,-1000.0,-0.0057980639244306,-0.1881857753484155,-0.1881857753484155,991.3132505118724,-0.0036154807944512,-0.2822967404265455,0.0,0.0,-1000.0,-7.057165427009068,-0.3136429589139879,-0.0249829722893082,1000.0,-575.8131424396778,0.0,-0.0123287895088424, Neutralism,COVID
SRR13077721.bin.7.fbc2XSRR13077721.bin.24.fbc2 ,-0.1231709386506736,-0.1231709386506736,927.4348705727448,-0.0023663965158675,-1000.0,999.6563282340012,-374.013522002052,586.2582345569353,-4.619040351209264,-0.2052848977511985,-0.0163517999245641,0.0,-586.6755267770311,-999.6563282340012,-0.0080694121190845,-0.1576325923294916,-0.1576325923294916,72.56512942725521,-0.0030284840024705,1000.0,-1000.0,1000.0,-31.959712817612512,-5.911388778975493,-0.2627209872157436,-0.0209268244572058,1000.0,-413.3244732229689,1000.0,-0.0103271304484451, Amensalism,COVID
SRR13077721.bin.34.fbc2XSRR13077721.bin.31.fbc2 ,-0.2507152658255336,-0.2507152658255336,991.3132505118724,-0.0048168158659791,-1000.0,1000.0,-988.7055869367988,-509.12516323071736,-9.4020873933315,-0.4178587763759651,-0.0332841976340887,1000.0,-500.0940242457044,-1000.0,-0.016425342103048,-0.0885012396677211,-0.0885012396677211,8.686749488127589,-0.0017003120012759,0.0,-0.1327603610616279,304.07966091574417,1000.0,-3.3188900046997105,-0.1475020661129065,-0.0117491559290101,-1.920179346189343,-347.2762367801048,0.1327603610616279,-0.0057980639244306, Neutralism,COVID
SRR13077721.bin.11.fbc2XSRR13077721.bin.13.fbc2 ,-0.0891118456042932,-0.0891118456042932,972.117383211923,-0.0017120431432431,306.2001647356383,0.0801643411574559,-972.07124345863,-924.760011170277,-3.341788372532278,-0.1485197426737841,-0.0118302181195986,25.939524739609624,-88.66741845055594,-0.0801643411574559,-0.0058380671183613,-0.0534394717884652,-0.0534394717884652,27.88261678807703,-0.001026694943107,-1000.0,999.9198356588428,-27.928756541370035,1000.0,-2.004036660290353,-0.0890657863141086,-0.0070944620567843,974.0604752603904,-911.332581549444,-999.9198356588424,-0.0035010297559665, Neutralism,COVID
SRR13077721.bin.20.fbc2XSRR13077721.bin.34.fbc2 ,-0.0881144388687289,-0.0881144388687289,8.427955628717314,-0.001692880669907,-4.163290145633823,1000.0,639.7497003699968,-3.1591777265541623,-3.304384566013709,-0.1468573981145482,-0.0116978054290939,-5.540121280340941,-750.0,-1000.0,-0.0057727230844193,-0.2507347817559093,-0.2507347817559093,991.5720443712826,-0.0048171908118774,999.623873741412,-1000.0,-929.7084000102876,-227.5365905319843,-9.402819261342644,-0.4178913029265914,-0.0332867885098266,1000.0,-250.0,1000.0,-0.0164266206683123, Amensalism,COVID
SRR13077721.bin.9.fbc2XSRR13077721.bin.29.fbc2 ,-0.082940327179358,-0.082940327179358,228.19672666398105,-0.0015934741052205,1000.0,-1000.0,1000.0,-18.211799614401,-3.1103499103015797,-0.1382338786322634,-0.0110109060674403,224.46898521159252,-500.1382498133733,1000.0,-0.0054337466989409,-0.1438968416124453,-0.1438968416124453,771.803273336019,-0.0027645886957543,-1000.0,999.7841409146376,0.0,1000.0,-5.396283612846901,-0.2398280693541892,-0.0191033078874625,775.5310147884074,-499.8617501866267,-999.7841409146378,-0.0094272474524359, Neutralism,COVID
SRR13077721.bin.11.fbc2XSRR13077721.bin.30.fbc2 ,-0.0103064606272482,-0.0103064606272482,1.1670299414270175,-0.0001980107709869,-1000.0,1000.0,-99.056317799138,114.3387554382457,-0.386503164115652,-0.0171774343788229,-0.0013682544271205,0.0,-21.390612517641895,-1000.0,-0.0006752167289505,-0.1140085331840055,-0.1140085331840055,998.832970058573,-0.0021903656711401,1000.0,-1000.0,4.55350663475042,-298.87096420472744,-4.2754404645133945,-0.1900142219734562,-0.015135426787765,1000.0,-130.67753157114566,1000.0,-0.0074691469386607, Amensalism,COVID
SRR13077721.bin.18.fbc2XSRR13077721.bin.30.fbc2 ,-0.1211310001081074,-0.1211310001081074,339.19746322880724,-0.0023272046130387,-1000.0,999.8182918638148,362.770002833995,100.27244996105924,-4.542540500306018,-0.2018850001801411,-0.0160809838760087,915.2236051982596,-502.4863797559301,-999.8182918638148,-0.0079357677303733,-0.0688719876504819,-0.0688719876504819,660.8025367711928,-0.0013231890038696,1000.0,-1000.0,637.229997166005,411.6143712133189,-2.582772312288057,-0.1147866460840987,-0.0091432360165981,84.77639480174048,-319.43747713294897,1000.0,-0.0045120745031681, Competition,COVID
SRR13077721.bin.34.fbc2XSRR13077721.bin.4.fbc2 ,-0.2512673089659074,-0.2512673089659074,999.98320002941,-0.0048274218821688,-1000.0,1000.0,-96.48166163439578,-228.1325316540565,-9.422789594424556,-0.4187788482764745,-0.0333574852056699,493.5390713861386,-375.0628228615189,-1000.0,-0.0164615086181356,-0.0874438469217011,-0.0874438469217011,0.0167999705901138,-0.001679997059,1000.0,-500.3824656164432,1000.0,-523.8952894831681,-3.279236659402045,-0.1457397448695019,-0.0116087796777719,506.46092861386137,-624.9371771384812,500.3824656164432,-0.0057287899712719, Neutralism,COVID
SRR13077721.bin.8.fbc2XSRR13077721.bin.25.fbc2 ,-0.0433204715898227,-0.0433204715898227,0.0085142828887683,-0.0008322857173652,-1000.0,1000.0,-1000.0,-8.728875276776193,-1.6245634603325243,-0.072200785983,-0.0057510943071292,-1.3243996163581642,-0.0162462172032746,-1000.0,-0.002838094296294,-0.1484050862129606,-0.1484050862129606,999.9914857171112,-0.0028512024248357,1000.0,-1000.0,178.00806670180646,-33.244951780594306,-5.565347549118883,-0.2473418103548965,-0.0197018087555989,13.172359879351577,-0.303025793712095,1000.0,-0.0097226002686738, Amensalism,COVID
SRR13077721.bin.7.fbc2XSRR13077721.bin.29.fbc2 ,-0.1283716696625561,-0.1283716696625561,987.7064320315052,-0.0024663144987471,-545.9597623879862,1000.0,0.0,0.0,-4.814073259643578,-0.2139527827708889,-0.0170422331866575,971.148831196105,-613.772179307936,-1000.0,-0.008410132440872,-0.092325414623815,-0.092325414623815,12.293567968494926,-0.0017737831819886,-0.1384969908515358,0.0,1000.0,1000.0,-3.462300606466897,-0.1538756910396159,-0.0122568417876891,28.851168803895007,-386.227820692064,0.0,-0.0060486006506152, Amensalism,COVID
SRR13077721.bin.1.fbc2XSRR13077721.bin.24.fbc2 ,-0.2038961009644708,-0.2038961009644708,276.7127948405723,-0.003917312218391,-1000.0,999.6941362619924,-87.30133418269111,799.5137451099172,-7.64631923833781,-0.339826834940709,-0.0270686274286617,507.58817594924585,-565.7543760978971,-999.6941362619924,-0.0133580346645203,-0.17181945396635,-0.17181945396635,723.2872051594277,-0.0033010461856974,1000.0,-1000.0,1000.0,-104.09766620490996,-6.4434110812786685,-0.2863657566106212,-0.0228102291432605,492.41182405075415,-434.2456239021029,1000.0,-0.0112565674933193, Neutralism,COVID
SRR13077721.bin.20.fbc2XSRR13077721.bin.30.fbc2 ,-0.0881144388687289,-0.0881144388687289,8.427955628717314,-0.001692880669907,-0.5871809343178711,1000.0,654.2531171177882,7.872086605906475,-3.304384566013709,-0.1468573981145482,-0.0116978054290939,0.0,-750.894027302829,-1000.0,-0.0057727230844193,-0.1223294613670304,-0.1223294613670304,991.5720443712826,-0.0023502298053017,1000.0,-1000.0,345.7468828822118,-180.9608126323103,-4.587484063903844,-0.2038824356117174,-0.0162400879547703,1000.0,-148.8432017587619,1000.0,-0.0080142836361574, Amensalism,COVID
SRR13077721.bin.8.fbc2XSRR13077721.bin.30.fbc2 ,-0.0434534191649618,-0.0434534191649618,1.5430063394062472,-0.0008348399455826,-1000.0,1000.0,-1000.0,-10.290129526916417,-1.629549134884087,-0.0724223652749742,-0.0057687440236122,-1.328464108527669,-0.0162960757368182,-1000.0,-0.0028468042143003,-0.1230757912762783,-0.1230757912762783,998.4569936605938,-0.0023645685163273,1000.0,-1000.0,18.50387251619429,-180.4467937899689,-4.615472224127188,-0.2051263187937593,-0.0163391684479847,1000.0,-149.69150641919123,1000.0,-0.008063178640782, Amensalism,COVID
SRR13077721.bin.20.fbc2XSRR13077721.bin.4.fbc2 ,-0.0879371966113922,-0.0879371966113922,38.677549809410266,-0.0016894754392069,-1000.0,999.8680857577056,281.8507526520159,968.6912578189132,-3.297737794076397,-0.1465619943522824,-0.0116742752850313,-2.7120304488075817,-500.0,-999.8680857577056,-0.0057611112476934,-0.0892191158337709,-0.0892191158337709,168.3590813016624,-0.0017141040506203,999.8661627557292,-1000.0,718.1492473479841,-519.4270956545276,-3.345811119487621,-0.1486985263895803,-0.0118444589896853,990.8088952318968,-500.0,1000.0,-0.005845094812571, Amensalism,COVID
SRR13077721.bin.9.fbc2XSRR13077721.bin.7.fbc2 ,-0.0703649149263583,-0.0703649149263583,0.0,-0.0013518715643385,1000.0,-1000.0,1000.0,119.70348663688536,-2.638758662675059,-0.1172748582106351,-0.0093414325099274,286.9302201306307,-500.0,1000.0,-0.004609882034515,-0.129413847183855,-0.129413847183855,1000.0,-0.0024863371216952,-1000.0,999.6389092598174,0.0,685.8892141667541,-4.853156017936158,-0.215689745306463,-0.0171805895108718,713.0697798693693,-500.0,-999.6389092598172,-0.0084784095849954, Amensalism,COVID
SRR13077721.bin.24.fbc2XSRR13077721.bin.18.fbc2 ,-0.1227605397981506,-0.1227605397981506,1.3215213383233504,-0.0023585118117352,1000.0,-1000.0,1000.0,-30.16014196778792,-4.603649960582288,-0.2046008996636601,-0.0162973166187612,243.283318373542,-384.14752814498206,1000.0,-0.0080425252778013,-0.1666591972807509,-0.1666591972807509,998.6784786616768,-0.0032019058074865,-1000.0,999.74999519455,0.0,-794.8233486490874,-6.249896002846185,-0.2777653288011379,-0.022125169129822,756.716681626458,-578.2606600213435,-999.74999519455,-0.0109184988035622, Competition,COVID
SRR13077721.bin.24.fbc2XSRR13077721.bin.25.fbc2 ,-0.1500023688963665,-0.1500023688963665,0.7893208226132629,-0.0028818898923645,-1000.0,1000.0,1000.0,-30.412699309472487,-5.6252473375574255,-0.2500039481606109,-0.0199138591560767,995.8757037016684,-402.5840976760262,-1000.0,-0.0098272445328575,-0.1482801505309225,-0.1482801505309225,999.2106791773869,-0.0028488021235943,0.0,0.0,-814.7923911643668,-33.515558735156674,-5.560662329027082,-0.2471335842182043,-0.0196852226737291,4.124296298331501,-0.302770689691215,0.0,-0.0097144152413193, Amensalism,COVID
SRR13077721.bin.18.fbc2XSRR13077721.bin.35.fbc2 ,-0.1887506898719948,-0.1887506898719948,1000.0,-0.0036263340994082,-1000.0,999.7168558335215,-207.38803726988976,-1000.0,-7.078350318574394,-0.3145844831199156,-0.0250579686265837,1000.0,-575.9309002281153,-999.7168558335215,-0.0123657992788821,0.0,0.0,0.0,0.0,0.0,0.0,-792.6119627301102,0.0,0.0,0.0,0.0,0.0,0.0,0.0,0.0, Amensalism,COVID
SRR13077721.bin.7.fbc2XSRR13077721.bin.13.fbc2 ,-0.1285396408582073,-0.1285396408582073,989.6530595764244,-0.0024695416111626,-1000.0,999.6413484718188,-378.9370720966177,230.1889103240651,-4.820372356971348,-0.214232734763641,-0.0170645325327996,250.1119620951415,-600.2025692200916,-999.6413484718188,-0.008421136893844,-0.0501617856081111,-0.0501617856081111,10.346940423575688,-0.0009637230664338,0.0,-0.0752474970274761,-621.0629279033823,769.8110896759349,-1.881119965071207,-0.0836029760134806,-0.0066593263891263,749.8880379048585,-399.7974307799084,0.0752474970274761,-0.0032862956566077, Neutralism,COVID
SRR13077721.bin.11.fbc2XSRR13077721.bin.34.fbc2 ,-0.0887455955842142,-0.0887455955842142,1.8289094719564216,-0.0017050066394403,0.3768727684158648,0.0,-1000.0,822.7438435886161,-3.3280536097735194,-0.1479093259737283,-0.0117815958786877,170.13688603739683,-275.57610446876856,0.0,-0.0058140726405326,-0.2512324231050797,-0.2512324231050797,998.1710905280436,-0.004826751644714,999.623127231584,-1000.0,1000.0,-84.1633004739723,-9.421481337781074,-0.4187207051751329,-0.0333528538646987,88.67693537639843,-448.8357462001625,1000.0,-0.0164592231083133, Neutralism,COVID
SRR13077721.bin.18.fbc2XSRR13077721.bin.29.fbc2 ,-0.1305044756605866,-0.1305044756605866,954.4832023156002,-0.0025072905987144,-1000.0,999.804230750056,-320.4248740642913,-682.8824748968818,-4.894055738253201,-0.2175074594342732,-0.0173253780367304,947.3036968110082,-499.9959507256832,-999.804230750056,-0.0085498609414571,-0.0943862915177078,-0.0943862915177078,45.51679768439976,-0.0018133773586441,0.0,-0.1415885041633373,633.4601670896216,953.7341090814386,-3.539585667668689,-0.1573104858628085,-0.012530437548321,52.696303188991806,-500.0,0.1415885041633373,-0.0061836167930096, Competition,COVID
SRR13077721.bin.24.fbc2XSRR13077721.bin.35.fbc2 ,-0.1726039689485787,-0.1726039689485787,629.3553526415772,-0.0033161185197059,1000.0,-1000.0,1000.0,-113.20238814414688,-6.472831222089212,-0.2876732815809646,-0.0229143789708814,635.6552215589327,-432.08802937876726,1000.0,-0.0113079641520243,-0.0173764667962359,-0.0173764667962359,370.6446473584229,-0.0003338418212024,-1000.0,999.9739336305964,-1000.0,80.8240795052443,-0.6516358661602908,-0.0289607779938023,-0.0023068469848794,364.3447784410673,-16.322623788405735,-999.9739336305964,-0.0011384006104435, Amensalism,COVID
SRR13077721.bin.7.fbc2XSRR13077721.bin.25.fbc2 ,-0.0431335855171255,-0.0431335855171255,1.0436992709194328,-0.0008286952069056,-1000.0,1000.0,50.13089755292776,515.7576094289093,-1.6175550351294987,-0.071889309195285,-0.0057262838794258,987.7102484308286,-500.08807372658526,-1000.0,-0.0028258506554266,-0.1482676719735991,-0.1482676719735991,998.9563007290806,-0.0028485623818141,1000.0,-1000.0,171.00435206439192,-33.512738223973315,-5.560194369939495,-0.2471127866225515,-0.0196835660583474,12.289751569171358,-0.3027452099395304,1000.0,-0.0097135977219977, Amensalism,COVID
SRR13077721.bin.1.fbc2XSRR13077721.bin.11.fbc2 ,-0.2239579908333553,-0.2239579908333553,989.909611483824,-0.0043027471822369,999.6640415000138,-1000.0,287.6770089750114,15.723438468134075,-8.39866130734788,-0.3732633180557059,-0.0297319830290234,1000.0,-815.8833566827744,1000.0,-0.0146723678913076,-0.0891118456042932,-0.0891118456042932,10.090388516176176,-0.0017120431432431,-1000.0,999.8663236713778,-832.5346688386313,984.2765615318658,-3.341788372532278,-0.1485197426737841,-0.0118302181195986,0.0,-184.1166433172256,-999.866323671378,-0.0058380671183613, Neutralism,COVID
SRR13077721.bin.1.fbc2XSRR13077721.bin.29.fbc2 ,-0.2007778445289432,-0.2007778445289432,339.1598482120853,-0.0038574033530949,999.6988139461898,-1000.0,104.6495450049174,594.6002157049561,-7.529381327020133,-0.3346297408816099,-0.0266546571699564,361.05467609499647,-632.430549334385,1000.0,-0.0131537454341241,-0.1354459287873624,-0.1354459287873624,660.8401517879147,-0.002602227258194,-1000.0,999.7968180956829,4.150803191091882,405.3997842950439,-5.079365452025627,-0.2257432146456039,-0.0179813903539525,638.9453239050035,-367.569450665615,-999.7968180956826,-0.008873594950387, Competition,COVID
SRR13077721.bin.4.fbc2XSRR13077721.bin.13.fbc2 ,-0.0892191158337709,-0.0892191158337709,7.575451997753703,-0.0017141040506203,999.8661627557292,-1000.0,119.02758753794,-36.985930360126986,-3.345811119487621,-0.1486985263895803,-0.0118444589896853,25.926564643094707,-500.0451386913374,1000.0,-0.005845094812571,-0.0534127719657817,-0.0534127719657817,27.868685869595083,-0.0010261819782044,-1000.0,999.9198757111416,-1000.0,1000.0,-2.003035388725266,-0.0890212866096362,-0.0070909174694406,974.0734353569052,-499.9548613086626,-999.9198757111416,-0.003499280545725, Neutralism,COVID
SRR13077721.bin.9.fbc2XSRR13077721.bin.13.fbc2 ,-0.0833260312995207,-0.0833260312995207,975.1002297631696,-0.0016008843668942,1000.0,-1000.0,1000.0,-409.3222437079428,-3.124814222372038,-0.1388767188325346,-0.0110621109755584,25.939524739609624,-500.1428949385936,1000.0,-0.0054590156912581,-0.0534394717884652,-0.0534394717884652,24.899770236830364,-0.001026694943107,-1000.0,999.9198356588428,-861.2889126663099,1000.0,-2.004036660290353,-0.0890657863141086,-0.0070944620567843,974.0604752603904,-499.85710506140646,-999.9198356588424,-0.0035010297559665, Neutralism,COVID
SRR13077721.bin.20.fbc2XSRR13077721.bin.31.fbc2 ,-0.0972135910358247,-0.0972135910358247,333.7313111607273,-0.0018676962735071,4.759348191016329,0.1327603610616279,731.2999594763141,1000.0,-3.645612387137362,-0.1620226517263745,-0.0129057812498558,1000.0,-715.042558378242,-0.1327603610616279,-0.0063688442926377,-0.0885012396677211,-0.0885012396677211,201.38544787669525,-0.0017003120012759,-1000.0,999.8672396389384,-513.2524628268276,-17.87365425299754,-3.3188900046997105,-0.1475020661129065,-0.0117491559290101,-1.920179346189343,-284.957441621758,-999.8672396389384,-0.0057980639244306, Neutralism,COVID
SRR13077721.bin.7.fbc2XSRR13077721.bin.8.fbc2 ,-0.0453465639890282,-0.0453465639890282,25.5238565827774,-0.0008712116040214,-353.0570960231595,1000.0,1000.0,0.0,-1.7005440662276214,-0.0755776066483804,-0.0060200721837873,323.15539272774595,-661.8283183634849,-1000.0,-0.0029708315696552,-0.127747828399265,-0.127747828399265,974.4761434172226,-0.0024543290758174,-0.1916340142441868,0.0,-1000.0,-1000.0,-4.7906785530705065,-0.2129130473321083,-0.0169594139142645,-6.999795610973933,0.0,0.0,-0.0083692621486761, Amensalism,COVID
SRR13077721.bin.34.fbc2XSRR13077721.bin.13.fbc2 ,-0.25057686225216,-0.25057686225216,989.4779296112038,-0.0048141568156552,999.6241106358376,-1000.0,1000.0,-256.7285799147114,-9.396897113081424,-0.4176281037536,-0.0332658235957978,174.40309363115284,-584.5924918397191,1000.0,-0.0164162747412319,-0.0510108126063642,-0.0510108126063642,10.522070388796353,-0.0009800348243516,-1000.0,999.9234788809164,-728.5632783659169,845.942199013733,-1.9129593746524731,-0.0850180210105691,-0.0067720406360649,825.5969063688472,-415.40750816028094,-999.9234788809164,-0.003341918750948, Neutralism,COVID
SRR13077721.bin.13.fbc2XSRR13077721.bin.18.fbc2 ,-0.0420501523077518,-0.0420501523077518,12.313492376273077,-0.0008078799675104,0.0,-0.0630792678615534,214.76368289018183,13.13164857694801,-1.5769251449404464,-0.0700835871796243,-0.0055824505753889,0.0,-424.236021775582,0.0630792678615534,-0.0027548706891593,-0.1879499219105582,-0.1879499219105582,987.6865076237268,-0.0036109495083564,-1000.0,999.7180570623866,785.2363171098182,-1000.0,-7.048320673868034,-0.3132498698508925,-0.0249516611028184,1000.0,-575.763978224418,-999.7180570623866,-0.0123133378235706, Amensalism,COVID
SRR13077721.bin.9.fbc2XSRR13077721.bin.8.fbc2 ,-0.0712127299702842,-0.0712127299702842,16.2744368929923,-0.0013681600378276,1000.0,-1000.0,1000.0,125.54943101092796,-2.670552622689684,-0.1186878832838829,-0.0094539858615689,1000.0,-500.12022706332647,1000.0,-0.0046654257290583,-0.1285084666092188,-0.1285084666092188,983.7255631070076,-0.0024689426821851,-1000.0,999.8072249553728,-1000.0,-1000.0,-4.8192032896917,-0.2141807776819178,-0.0170603939341162,-20.514099094530707,0.0,-999.8072249553728,-0.0084190945462978, Amensalism,COVID
SRR13077721.bin.4.fbc2XSRR13077721.bin.8.fbc2 ,-0.0888827745902745,-0.0888827745902745,2.475483461763929,-0.001707642163069,-1000.0,999.8666672999038,1000.0,-4.27351397064615,-3.333197967454794,-0.1481379576505332,-0.0117998073471881,-6.620750659889495,-510.0179959828702,-999.8666672999036,-0.0058230597762758,-0.1225456653633045,-0.1225456653633045,997.5245165382362,-0.0023543835804957,1000.0,-956.900944252782,-1000.0,-995.726486029354,-4.595591942220153,-0.2042427756055076,-0.0162687905410621,24.875170837776523,-10.820721504295191,956.9009442527822,-0.0080284480094405, Neutralism,COVID
SRR13077721.bin.1.fbc2XSRR13077721.bin.34.fbc2 ,-0.2084812650231242,-0.2084812650231242,327.91093756835926,-0.0040054037468735,999.6872580754466,-1000.0,1000.0,311.9031369892173,-7.818267735571908,-0.3474687750384646,-0.0276773398907153,920.8110373883078,-503.2433143617682,1000.0,-0.0136584267767148,-0.2266422177123104,-0.2266422177123104,672.0890624316407,-0.0043543173431999,-1000.0,999.6600149018448,0.0,-106.93479448727804,-8.49932265166558,-0.3777370295205173,-0.0300883328413874,79.1889626116922,-496.7566856382318,-999.6600149018448,-0.0148482221402446, Neutralism,COVID
SRR13077721.bin.24.fbc2XSRR13077721.bin.31.fbc2 ,-0.1880403027971624,-0.1880403027971624,991.3132505118724,-0.0036126859326941,1000.0,-1000.0,1000.0,-491.55057851365456,-7.051710052621729,-0.3134005046620132,-0.0249636597949347,1000.0,-435.90518922685305,1000.0,-0.0123192590305052,-0.0885012396677211,-0.0885012396677211,8.686749488127475,-0.0017003120012759,-1000.0,999.8672396389384,0.0,1000.0,-3.3188900046997105,-0.1475020661129065,-0.0117491559290101,-1.920179346189343,-564.094810773147,-999.8672396389384,-0.0057980639244306, Neutralism,COVID
SRR13077721.bin.20.fbc2XSRR13077721.bin.25.fbc2 ,-0.0877719019225651,-0.0877719019225651,5.803586078300555,-0.0016862997487123,0.0,999.3432847772584,636.6827971602893,-2.530092088279389,-3.291539068580392,-0.1462865032042373,-0.0116523312638037,984.7776587874978,-750.0150411316118,-999.3432847772582,-0.0057502821432535,-0.1475928804483146,-0.1475928804483146,994.1964139216992,-0.0028355980873584,1000.0,-1000.0,176.28910473665337,-33.343968045428255,-5.534888974706405,-0.2459881340805623,-0.0195939827838174,15.222341212502217,-0.3013673647270707,1000.0,-0.0096693894779491, Amensalism,COVID
SRR13077721.bin.20.fbc2XSRR13077721.bin.9.fbc2 ,-0.0881144388687289,-0.0881144388687289,38.75550653876007,-0.001692880669907,-1000.0,999.8678198772936,282.4188383490091,970.6437083381684,-3.304384566013709,-0.1468573981145482,-0.0116978054290939,-2.7174966953699595,-501.00777750573184,-999.8678198772936,-0.0057727230844193,-0.0831521753663082,-0.0831521753663082,961.24449346124,-0.001597544195306,1000.0,-1000.0,717.5811616509909,-127.16098353939437,-3.118294441166995,-0.1385869589438471,-0.011039030389611,1000.0,-498.99222249426816,1000.0,-0.0054476257059832, Amensalism,COVID
SRR13077721.bin.4.fbc2XSRR13077721.bin.30.fbc2 ,-0.0887560152322066,-0.0887560152322066,2.2881317778923176,-0.0017052068247949,-1000.0,999.8668574511177,84.09298734273057,-15.932801182163304,-3.3284443575819296,-0.1479266920536019,-0.011782979159534,-1.1445552833051806,-500.0,-999.8668574511177,-0.005814755272695,-0.1203767469731929,-0.1203767469731929,997.7118682221076,-0.0023127136786342,1000.0,-1000.0,915.9070126572694,-131.06307582007798,-4.514255210745318,-0.2006279116219502,-0.0159808515194299,1000.0,-170.595929613728,1000.0,-0.0078863536441531, Neutralism,COVID
SRR13077721.bin.20.fbc2XSRR13077721.bin.11.fbc2 ,-0.0966003219245976,-0.0966003219245976,317.82519140507884,-0.0018559139658691,-992.9541649999824,1000.0,1000.0,1000.0,-3.62261414743864,-0.1610005365408824,-0.0128243655043434,2.416901080358912,-705.9843502190399,-1000.0,-0.0063286666236308,-0.0886315227427303,-0.0886315227427303,295.0950166332841,-0.0017028150382429,724.7634705363839,0.0,0.0,-1000.0,-3.323775757680892,-0.1477192045713309,-0.0117664519145819,997.5830989196412,-200.47748012614036,0.0,-0.005806599280504, Neutralism,COVID
SRR13077721.bin.31.fbc2XSRR13077721.bin.35.fbc2 ,-0.0885012396677211,-0.0885012396677211,8.686749488127703,-0.0017003120012759,-1000.0,999.8672396389384,1000.0,800.8890723020152,-3.3188900046997105,-0.1475020661129065,-0.0117491559290101,-1.920179346189343,-906.5142217967178,-999.8672396389384,-0.0057980639244306,-0.0468378585591153,-0.0468378585591153,991.3132505118724,-0.0008998627964729,0.0,-0.0702612871526753,0.0,199.11092769798483,-1.756469188419942,-0.0780630975984877,-0.0062180519239518,1000.0,455.1769098510604,0.0702612871526753,-0.0030685321361261, Neutralism,COVID
SRR13077721.bin.25.fbc2XSRR13077721.bin.18.fbc2 ,-0.1483872363691034,-0.1483872363691034,1000.0,-0.002850859488376,1000.0,-1000.0,-815.4475377713859,-33.541188629796466,-5.564678161112738,-0.2473120606151724,-0.0196994390645386,4.127274807082131,-0.3029893464228053,1000.0,-0.0097214308552793,-0.1127525691925939,-0.1127525691925939,0.0,-0.0021662357194145,-1000.0,999.8308603150326,160.5209912226544,-235.79050539639277,-4.228340487686637,-0.1879209486543231,-0.0149686888207725,995.872725192918,-619.80169932179,-999.8308603150324,-0.0073868638030489, Amensalism,COVID
SRR13077721.bin.4.fbc2XSRR13077721.bin.31.fbc2 ,-0.0892191158337709,-0.0892191158337709,7.575451997753589,-0.0017141040506203,-1000.0,1000.0,119.06268096153576,-26.324104412001816,-3.345811119487621,-0.1486985263895803,-0.0118444589896853,4.4372503040347056,-505.468473298968,-1000.0,-0.005845094812571,-0.0885012396677211,-0.0885012396677211,992.4245480022464,-0.0017003120012759,0.0,0.0,-292.8457141072605,1000.0,-3.3188900046997105,-0.1475020661129065,-0.0117491559290101,-1.920179346189343,-494.531526701032,0.0,-0.0057980639244306, Neutralism,COVID
SRR13077721.bin.4.fbc2XSRR13077721.bin.25.fbc2 ,-0.0890526476686091,-0.0890526476686091,0.0171090581496855,-0.0017109058150026,-58.31176193625674,1000.0,582.4108899856619,-966.456399917806,-3.33956838739482,-0.1484210794477576,-0.0118223591813375,958.6848070075192,-735.4554563974439,-1000.0,-0.0058341888289987,-0.1484042115735064,-0.1484042115735064,999.9828909418502,-0.0028511856210116,1000.0,-1000.0,188.97792496216312,-33.54360008219396,-5.565314749216668,-0.2473403526225865,-0.0197016926412061,5.265602005584242,-0.3030240078009001,1000.0,-0.0097225429676655, Neutralism,COVID
SRR13077721.bin.11.fbc2XSRR13077721.bin.4.fbc2 ,-0.0891118456042932,-0.0891118456042932,990.2290393599532,-0.0017120431432431,-634.244057349503,1000.0,139.00834469990969,-985.1576948277308,-3.341788372532278,-0.1485197426737841,-0.0118302181195986,1000.0,-269.16207153316043,-1000.0,-0.0058380671183613,-0.0891823358402916,-0.0891823358402916,9.770960640046836,-0.0017133974224634,1000.0,-999.588793756723,860.9916553000903,-14.842305172269334,-3.344431830869553,-0.148637226400524,-0.0118395761893452,-10.286631581907386,-511.2810731676055,999.5887937567232,-0.0058426852107231, Neutralism,COVID
SRR13077721.bin.11.fbc2XSRR13077721.bin.7.fbc2 ,-0.0887455955842142,-0.0887455955842142,1.8289094719561945,-0.0017050066394403,-1000.0,999.8668730815904,0.0,311.7921068913847,-3.3280536097735194,-0.1479093259737283,-0.0117815958786877,681.5986224214548,-249.8548347055828,-999.8668730815904,-0.0058140726405326,-0.1292746473299075,-0.1292746473299075,998.1710905280438,-0.0024836627728745,999.3916795412408,0.1331269184095163,1000.0,124.52415041628684,-4.847935876323049,-0.2154577455497701,-0.0171621097607612,318.4013775785452,-750.1451652944172,-0.1331269184095163,-0.0084692900555864, Neutralism,COVID
SRR13077721.bin.20.fbc2XSRR13077721.bin.24.fbc2 ,-0.0881144388687289,-0.0881144388687289,8.427955628717314,-0.001692880669907,-1000.0,999.8678198772936,139.16010801396465,1000.0,-3.304384566013709,-0.1468573981145482,-0.0116978054290939,-5.540121280340941,-502.7445424173957,-999.8678198772936,-0.0057727230844193,-0.1857403630286853,-0.1857403630286853,991.5720443712826,-0.0035684988093862,1000.0,-1000.0,860.8398919860354,-441.8249651533585,-6.96545988101218,-0.3095672717145135,-0.024658326772851,1000.0,-444.2045442004079,1000.0,-0.012168580940056, Amensalism,COVID
SRR13077721.bin.8.fbc2XSRR13077721.bin.18.fbc2 ,-0.126787789119362,-0.126787789119362,963.8590652427628,-0.00243588451724,999.8098061368984,-1000.0,-286.74284090346066,-979.9155938690136,-4.754676065626313,-0.2113129818657171,-0.0168319620137253,-20.239423429446788,0.0,1000.0,-0.0083063662035556,-0.1135919928622115,-0.1135919928622115,36.14093475723712,-0.0021823629753043,-1000.0,999.829601098892,194.183209404938,-20.084406130986395,-4.25981976229491,-0.189319988103648,-0.0150801281590702,1000.0,-996.1596616457794,-999.829601098892,-0.0074418577456754, Amensalism,COVID
SRR13077721.bin.31.fbc2XSRR13077721.bin.30.fbc2 ,-0.0882746847690896,-0.0882746847690896,6.104605721926191,-0.001695959361541,-1000.0,1000.0,905.7146273618308,1000.0,-3.3103939566047984,-0.1471244746151114,-0.0117190791883103,0.0,-645.9054253175084,-1000.0,-0.0057832214229165,-0.1225971120680924,-0.1225971120680924,993.8953942780738,-0.002355371989779,1000.0,-1000.0,94.28537263816906,-179.36536973748753,-4.597521248010821,-0.2043285201134494,-0.0162756204493916,1000.0,-149.54491703290546,1000.0,-0.0080318184851648, Neutralism,COVID
SRR13077721.bin.11.fbc2XSRR13077721.bin.29.fbc2 ,0.0,0.0,0.0,0.0,1000.0,-29.717471055180795,418.9523516676886,-1000.0,0.0,0.0,0.0,29.717471055180795,-245.27222051394847,29.717471055180795,0.0,-0.158217334662595,-0.158217334662595,1000.0,-0.0030397182451906,-1000.0,999.762658799415,226.63212773507396,997.9489414291422,-5.933317234351421,-0.2636955577710296,-0.0210044530742834,970.2825289448192,-500.0,-999.7626587994148,-0.0103654392161161, Amensalism,COVID
SRR13077721.bin.11.fbc2XSRR13077721.bin.24.fbc2 ,-0.0891118456042932,-0.0891118456042932,10.090388516176176,-0.0017120431432431,-1000.0,1000.0,-855.4496122333562,984.1428852032432,-3.341788372532278,-0.1485197426737841,-0.0118302181195986,0.0,-184.54284245010285,-1000.0,-0.0058380671183613,-0.1880109477185669,-0.1880109477185669,989.909611483824,-0.0036121219542337,1000.0,-1000.0,1000.0,-490.8493999969238,-7.050609206152558,-0.3133515795309449,-0.0249597627038156,1000.0,-435.9021858901483,1000.0,-0.0123173358639405, Neutralism,COVID
SRR13077721.bin.1.fbc2XSRR13077721.bin.18.fbc2 ,-0.1792795143808234,-0.1792795143808234,1.992327560102467,-0.0034443710735558,999.7310635065732,-1000.0,2.358965705655237,487.80618138199134,-6.723171229691957,-0.2987991906347815,-0.0238006041186054,166.69235099732532,-451.7215401649919,1000.0,-0.0117453053609324,-0.1782970886216617,-0.1782970886216617,998.0076724398976,-0.0034254964192541,-1000.0,999.7325372395852,775.4313776759059,-866.4350973683415,-6.686329225614713,-0.2971618143693604,-0.0236701802569996,833.3076490026747,-548.2784598350081,-999.7325372395854,-0.0116809427896669, Amensalism,COVID
SRR13077721.bin.7.fbc2XSRR13077721.bin.18.fbc2 ,-0.115736790521737,-0.115736790521737,955.6704997166762,-0.0022235694624441,-1000.0,999.677071006965,795.8430250919077,889.284238127454,-4.340251940887015,-0.1928946508696754,-0.0153648649857132,0.0,-385.80253087816607,-999.6770710069648,-0.007582371866988,-0.1173858569110279,-0.1173858569110279,44.3295002833238,-0.0022552518138354,0.0,-0.1760900616257004,204.15697490809225,-273.7158917766408,-4.402093673015202,-0.1956430948517891,-0.0155837900337019,1000.0,-614.1974691218339,0.1760900616257004,-0.0076904086852209, Competition,COVID
SRR13077721.bin.1.fbc2XSRR13077721.bin.13.fbc2 ,-0.2203975488982905,-0.2203975488982905,980.3863296494544,-0.0042343429182665,999.669382504938,-1000.0,1000.0,-46.2137991580862,-8.265140972545282,-0.3673292481637418,-0.029259309565532,1000.0,-708.8324853267607,1000.0,-0.0144391093514286,-0.042094532334886,-0.042094532334886,19.61367035054559,-0.0008087326096983,-1000.0,999.9368541578348,0.0,25.249480194273477,-1.5785894428537404,-0.0701575538915904,-0.0055883423329987,-10.39567136656467,-291.16751467323934,-999.9368541578344,-0.0027577781991112, Amensalism,COVID
SRR13077721.bin.1.fbc2XSRR13077721.bin.35.fbc2 ,-0.206850794186721,-0.206850794186721,446.94539656697634,-0.0039740786587572,999.6897039383266,-1000.0,94.79537879930376,530.7976912194647,-7.757123356326474,-0.3447513236444592,-0.0274608835318304,456.3456982591756,-924.4592882189836,1000.0,-0.0135516082262938,-0.0259281633271939,-0.0259281633271939,553.0546034330237,-0.0004981395452432,-1000.0,999.9611052643112,-365.70702573986216,120.14086177218496,-0.9723335224465472,-0.0432136055453611,-0.003442144257292,543.6543017408244,403.09173359022793,-999.9611052643114,-0.0016986558490543, Amensalism,COVID
SRR13077721.bin.25.fbc2XSRR13077721.bin.31.fbc2 ,-0.1475481927431019,-0.1475481927431019,993.895394278074,-0.0028347395340233,1000.0,-1000.0,-1000.0,-33.33387226431478,-5.5332131385403045,-0.2459136545718365,-0.0195880501797773,15.217732240207395,-0.301276117670227,1000.0,-0.0096664618108661,-0.0882746847690896,-0.0882746847690896,6.104605721926077,-0.001695959361541,-1000.0,999.8675794930496,1000.0,1000.0,-3.3103939566047984,-0.1471244746151114,-0.0117190791883103,3.2045491328500475,-418.949183870315,-999.8675794930496,-0.0057832214229165, Neutralism,COVID
SRR13077721.bin.20.fbc2XSRR13077721.bin.18.fbc2 ,-0.0881144388687289,-0.0881144388687289,8.427955628717314,-0.001692880669907,999.8678198772936,-1000.0,145.94485925381696,1000.0,-3.304384566013709,-0.1468573981145482,-0.0116978054290939,-9.719725152697263,-501.00777750573184,1000.0,-0.0057727230844193,-0.1793553226192443,-0.1793553226192443,991.5720443712826,-0.003445827523933,-1000.0,999.7309497869336,773.8542243192642,-1000.0,-6.726014118735861,-0.2989255376987785,-0.0238106681902081,1000.0,-498.99222249426816,-999.7309497869336,-0.0117502718564992, Amensalism,COVID
SRR13077721.bin.4.fbc2XSRR13077721.bin.29.fbc2 ,-0.0891010980516284,-0.0891010980516284,1.105247338271511,-0.0017118366580461,999.8663397937394,-1000.0,110.32978273588878,-24.915534341638818,-3.34138532795248,-0.1485018300860474,-0.0118287913071526,11.690118272534846,-500.0,1000.0,-0.0058373630039341,-0.1581840262267633,-0.1581840262267633,998.8947526617284,-0.0030390783136908,-1000.0,999.762708765268,-838.4385385382254,1000.0,-5.932068132812219,-0.2636400437113479,-0.0210000311475369,988.3098817274652,-500.0,-999.7627087652684,-0.0103632570496756, Neutralism,COVID
SRR13077721.bin.20.fbc2XSRR13077721.bin.7.fbc2 ,-0.0881144388687289,-0.0881144388687289,8.427955628717314,-0.001692880669907,-1000.0,999.8678198772936,141.76525538146052,1000.0,-3.304384566013709,-0.1468573981145482,-0.0116978054290939,0.0,-501.00777750573184,-999.8678198772936,-0.0057727230844193,-0.1285997708332615,-0.1285997708332615,991.5720443712826,-0.0024706968459895,0.0,-0.3588193029415834,858.2347446185395,-65.6182986675692,-4.822627294572726,-0.2143329513887693,-0.0170725152057684,1000.0,-498.99222249426816,0.3588193029415834,-0.0084250762447481, Amensalism,COVID
SRR13077721.bin.9.fbc2XSRR13077721.bin.25.fbc2 ,-0.0703256659004409,-0.0703256659004409,0.0,-0.0013511175004623,-1000.0,1000.0,1000.0,142.6750054723757,-2.6372867827283244,-0.1172094431673258,-0.009336221928379,292.1765100788712,-500.1187294503554,-1000.0,-0.0046073106766471,-0.1484059526611645,-0.1484059526611645,1000.0,-0.0028512190713172,1000.0,-1000.0,-811.0383928052818,-33.54541922736712,-5.565380041841195,-0.2473432544352363,-0.0197019237826907,5.23144526421197,-0.3030275628976824,1000.0,-0.0097226570330803, Amensalism,COVID
SRR13077721.bin.8.fbc2XSRR13077721.bin.13.fbc2 ,-0.1285373011859292,-0.1285373011859292,984.1859525278178,-0.0024694966606375,999.8071817007378,-1000.0,-1000.0,-1000.0,-4.820284616788854,-0.214228835309882,-0.0170642219250112,-20.51870202366501,0.0,1000.0,-0.0084209836127229,-0.0530881539523306,-0.0530881539523306,15.814047472182324,-0.001019945320877,-1000.0,999.920362669345,0.0,1000.0,-1.9908618702044123,-0.0884802565872178,-0.0070478221673511,988.1171379775756,-1000.0,-999.920362669345,-0.0034780135442815, Neutralism,COVID
SRR13077721.bin.30.fbc2XSRR13077721.bin.35.fbc2 ,-0.1232575083404299,-0.1232575083404299,1000.0,-0.0023680597183783,1000.0,-1000.0,20.097512436693364,-179.03059684711923,-4.622286806051761,-0.2054291805674211,-0.0163632926538639,1000.0,-150.26172652151945,1000.0,-0.0080750836395964,0.0,0.0,0.0,0.0,-1000.0,1000.0,979.9024875633067,0.0,0.0,0.0,0.0,0.0,0.0,-1000.0,0.0, Amensalism,COVID
SRR13077721.bin.11.fbc2XSRR13077721.bin.31.fbc2 ,-0.0891118456042932,-0.0891118456042932,19.506223473710747,-0.0017120431432431,-813.7833038635995,1000.0,194.25719236289345,0.0,-3.341788372532278,-0.1485197426737841,-0.0118302181195986,778.9786994331346,-141.7846766202557,-1000.0,-0.0058380671183613,-0.0885012396677211,-0.0885012396677211,980.4937765262894,-0.0017003120012759,813.2877275259616,0.0,805.7428076371066,1000.0,-3.3188900046997105,-0.1475020661129065,-0.0117491559290101,-1.920179346189343,-634.477850939307,0.0,-0.0057980639244306, Neutralism,COVID
SRR13077721.bin.8.fbc2XSRR13077721.bin.31.fbc2 ,-0.1286431958334333,-0.1286431958334333,991.3132505118724,-0.0024715311399177,-1000.0,999.807022848594,-334.39828238546306,-1000.0,-4.824255777966755,-0.2144053263890555,-0.0170782801769746,-19.5209191178335,0.0,-999.807022848594,-0.0084279211871489,-0.0885012396677211,-0.0885012396677211,8.686749488127589,-0.0017003120012759,0.0,0.1929771514058984,1000.0,1000.0,-3.3188900046997105,-0.1475020661129065,-0.0117491559290101,-1.920179346189343,-941.9418562838316,-0.1929771514058984,-0.0057980639244306, Neutralism,COVID
SRR13077721.bin.9.fbc2XSRR13077721.bin.11.fbc2 ,-0.0833260312995207,-0.0833260312995207,989.909611483824,-0.0016008843668942,1000.0,-1000.0,0.0,-29.691122088426937,-3.124814222372038,-0.1388767188325346,-0.0110621109755584,953.78868783219,-564.7454869271365,1000.0,-0.0054590156912581,-0.0891118456042932,-0.0891118456042932,10.090388516176176,-0.0017120431432431,-0.356139410929245,1000.0,-458.1820223236041,-53.25482866702566,-3.341788372532278,-0.1485197426737841,-0.0118302181195986,46.21131216781009,-435.25451307286346,-1000.0,-0.0058380671183613, Neutralism,COVID
SRR13077721.bin.1.fbc2XSRR13077721.bin.25.fbc2 ,-0.1769655499507507,-0.1769655499507507,480.730692253665,-0.0033999145043708,-1000.0,999.7345346755014,400.5956052529164,-491.12057201219454,-6.636395118450878,-0.2949425832512133,-0.0234934092250114,999.3399866863992,-769.0556135104339,-999.7345346755012,-0.0115937084598272,-0.0767285930648995,-0.0767285930648995,519.269307746335,-0.0014741324315536,1000.0,-1000.0,96.3708770282733,-15.32792583452158,-2.877403317215908,-0.1278809884414613,-0.0101862551023259,0.6600133136007571,-0.1566707948305747,1000.0,-0.0050267915917174, Competition,COVID
SRR13077721.bin.13.fbc2XSRR13077721.bin.31.fbc2 ,-0.0534394717884652,-0.0534394717884652,27.88261678807703,-0.001026694943107,-0.0801643411574559,0.0,-684.438702502995,1000.0,-2.004036660290353,-0.0890657863141086,-0.0070944620567843,976.3300357668664,-583.0776085686305,0.0,-0.0035010297559665,-0.0885012396677211,-0.0885012396677211,972.117383211923,-0.0017003120012759,-999.9198356588424,1000.0,582.6220031356552,0.0,-3.3188900046997105,-0.1475020661129065,-0.0117491559290101,-3.824452273606653,-416.92239143136953,-1000.0,-0.0057980639244306, Neutralism,COVID
SRR13077721.bin.34.fbc2XSRR13077721.bin.35.fbc2 ,-0.2513703431855704,-0.2513703431856129,1000.0,-0.0048294014060628,-1000.0,1000.0,0.0,-84.76957495315673,-9.426653486536225,-0.4189505719759507,-0.0333711637158941,1000.0,-548.8060966630286,-1000.0,-0.0164682587946742,0.0,0.0,0.0,0.0,0.0,0.0,-1000.0,0.0,0.0,0.0,0.0,0.0,0.0,0.0,0.0, Amensalism,COVID
SRR13077721.bin.7.fbc2XSRR13077721.bin.34.fbc2 ,-0.1275857905613975,-0.1275857905613975,978.598835342428,-0.0024512159569667,-1000.0,999.6440099065662,0.0,620.945250777881,-4.784601962930424,-0.2126429842689958,-0.016937902262839,952.9272164443288,-500.2126674964286,-999.644009906566,-0.0083586464132849,-0.1775731256612971,-0.1775731256612971,21.401164657572053,-0.0034115874286726,1000.0,-1000.0,1000.0,37.97693077757231,-6.659179849605948,-0.2959552094354194,-0.0235740691319961,47.07278355567132,-499.7873325035714,1000.0,-0.0116335131316418, Amensalism,COVID
SRR13077721.bin.1.fbc2XSRR13077721.bin.30.fbc2 ,-0.1792929090687494,-0.1792929090687494,1.992476414844532,-0.0034446284163323,-1000.0,999.7310434132546,30.525962160586914,502.49410766168944,-6.723673544642338,-0.298821515114696,-0.0238023823567345,164.20807243502395,-500.29713364719066,-999.7310434132548,-0.0117461828996283,-0.1169106782037943,-0.1169106782037943,998.0075235851556,-0.0022461225399865,1000.0,-1000.0,13.723548222786576,-29.172091577047127,-4.384273969381184,-0.1948511303396571,-0.0155207067509763,835.791927564976,-236.49425985549988,1000.0,-0.0076592778611939, Amensalism,COVID
SRR13077721.bin.11.fbc2XSRR13077721.bin.35.fbc2 ,-0.0891118456042932,-0.0891118456042932,10.090388516176176,-0.0017120431432431,181.97388853139432,0.070190403414017,-652.2908847223985,802.0988062684364,-3.341788372532278,-0.1485197426737841,-0.0118302181195986,0.0,-259.37938429458904,-0.070190403414017,-0.0058380671183613,-0.0467906057594973,-0.0467906057594973,989.909611483824,-0.0008989549617126,-1000.0,999.929809596586,-347.70911527760154,197.9011937315636,-1.7546971585024949,-0.0779843429323818,-0.0062117787857687,1000.0,716.9687984408483,-999.929809596586,-0.003065436419547, Neutralism,COVID
SRR13077721.bin.4.fbc2XSRR13077721.bin.35.fbc2 ,-0.0891623032025563,-0.0891623032025563,2.479842617314602,-0.0017130125495441,-999.9294252641932,1000.0,108.20723058001865,-16.851145008292633,-3.343680585787297,-0.1486038386709651,-0.0118369167172431,0.0,-503.8851082029217,-1000.0,-0.0058413727938386,-0.0470468109471085,-0.0470468109471085,997.5201573826852,-0.0009038772516305,-0.070574735806872,0.0,331.775745705962,204.46038430185013,-1.7643051237637335,-0.0784113515784383,-0.0062457918087375,1000.0,225.2750656774274,0.0,-0.0030822214280306, Neutralism,COVID
SRR13077721.bin.1.fbc2XSRR13077721.bin.9.fbc2 ,-0.2141227747757739,-0.2141227747757739,586.9305893374853,-0.0041137901013144,-1000.0,999.6787952688858,0.0,6.930036495610466,-8.029830312547801,-0.3568712912930323,-0.028426289600361,984.782033236988,-500.0,-999.6787952688858,-0.0140280242455901,-0.0832297934581447,-0.0832297934581447,413.06941066251466,-0.0015990354170298,1000.0,-1000.0,1000.0,-28.82140345576886,-3.1212052016286407,-0.1387163224302412,-0.0110493347318652,15.217966763012214,-500.0,1000.0,-0.0054527107721469, Neutralism,COVID
SRR13077721.bin.8.fbc2XSRR13077721.bin.29.fbc2 ,-0.1285084666092188,-0.1285084666092188,983.725563107008,-0.0024689426821851,999.8072249553728,-1000.0,-1000.0,-1000.0,-4.8192032896917,-0.2141807776819178,-0.0170603939341162,-14.562589311922691,0.0,1000.0,-0.0084190945462978,-0.0926285881980675,-0.0926285881980675,16.27443689299207,-0.0017796078424225,-1000.0,999.8610482196636,1000.0,1000.0,-3.473669935856833,-0.1543809803300746,-0.0122970901911685,1000.0,-1000.0,-999.8610482196638,-0.0060684627426326, Amensalism,COVID
SRR13077721.bin.11.fbc2XSRR13077721.bin.8.fbc2 ,-0.0891118456042932,-0.0891118456042932,10.10750894760838,-0.0017120431432431,-1000.0,999.8663236713778,67.20683807965816,461.4404895495434,-3.341788372532278,-0.1485197426737841,-0.0118302181195986,531.3038031277936,-228.2644452350464,-999.866323671378,-0.0058380671183613,-0.1286431958334333,-0.1286431958334333,989.8924910523916,-0.0024715311399177,0.0,-0.1929771514058984,-1000.0,-1000.0,-4.824255777966755,-0.2144053263890555,-0.0170782801769746,-25.47866850719572,0.0,0.1929771514058984,-0.0084279211871489, Neutralism,COVID
SRR13077721.bin.13.fbc2XSRR13077721.bin.29.fbc2 ,-0.0427645712344428,-0.0427645712344428,19.925870566761542,-0.0008216055953198,-1000.0,999.9358490351206,42.27055176957583,51.15496214980362,-1.6037166095984503,-0.0712742853907002,-0.0056772946634282,30.3970351645894,-296.88083923185354,-999.9358490351204,-0.0028016750799224,-0.1576168359707708,-0.1576168359707708,980.0741294332385,-0.0030281812867087,0.0,-0.2364403948627114,957.7294482304242,948.8450378501966,-5.910797898876467,-0.262694726618065,-0.020924732690787,969.6029648354106,-703.1191607681465,0.2364403948627114,-0.0103260981875337, Amensalism,COVID
SRR13077721.bin.9.fbc2XSRR13077721.bin.34.fbc2 ,-0.0703369564141667,-0.0703369564141667,0.0,-0.0013513344172224,1000.0,-1000.0,1000.0,138.3631657977578,-2.637710188923279,-0.1172282606902399,-0.0093377208227138,287.7281261595708,-500.1172417740344,1000.0,-0.0046080503625489,-0.2431327656929625,-0.2431327656929625,1000.0,-0.0046711386299875,-234.9316102071101,1000.0,0.0,-1000.0,-9.11773562611279,-0.4052212761549754,-0.0322775679335336,164.8057713506205,-499.8827582259656,-1000.0,-0.0159285827284065, Amensalism,COVID
SRR13077721.bin.34.fbc2XSRR13077721.bin.30.fbc2 ,-0.1775731256612971,-0.1775731256612971,21.401164657572053,-0.0034115874286726,-1000.0,999.7336232535708,-767.4637277942621,18.693965280213888,-6.659179849605948,-0.2959552094354194,-0.0235740691319961,0.0,-490.04516458643394,-999.733623253571,-0.0116335131316418,-0.1208349432661179,-0.1208349432661179,978.598835342428,-0.002321516681377,1000.0,-1000.0,1000.0,-189.8695069738974,-4.5314380558957055,-0.2013915721101966,-0.0160416802683585,1000.0,-144.92493748716117,1000.0,-0.0079163718835388, Amensalism,COVID
SRR13077721.bin.11.fbc2XSRR13077721.bin.18.fbc2 ,-0.0891118456042932,-0.0891118456042932,10.090388516176064,-0.0017120431432431,999.8663236713778,-1000.0,-817.1269210111705,950.3770097202756,-3.341788372532278,-0.1485197426737841,-0.0118302181195986,38.75771391649914,-230.4137217780135,1000.0,-0.0058380671183613,-0.1323656805552673,-0.1323656805552673,989.909611483824,-0.002543048617781,-1000.0,999.801438763924,449.6590411087732,49.62299027972449,-4.96385288849433,-0.2206094675919985,-0.0175724659487741,961.2422860835007,-449.7714178729354,-999.801438763924,-0.008671795786654, Amensalism,COVID
SRR13077721.bin.34.fbc2XSRR13077721.bin.25.fbc2 ,-0.1775530070962077,-0.1775530070962077,21.228793933192836,-0.003411200904793,-0.900833221062726,1000.0,770.6210991671662,-961.2964847161618,-6.658425382157702,-0.2959216784936416,-0.0235713982523293,0.0,-780.0190333384,-1000.0,-0.0116321950854398,-0.1453029397213185,-0.1453029397213185,978.7712060668072,-0.0027916030686583,1000.0,-1000.0,180.283233636766,-32.826627980019225,-5.449013777720211,-0.2421715662022734,-0.0192899772041528,8.256863976195064,-0.2966915741322964,1000.0,-0.0095193664640191, Amensalism,COVID
SRR13077721.bin.20.fbc2XSRR13077721.bin.8.fbc2 ,-0.0884404849455222,-0.0884404849455222,15.859655403416127,-0.00169914476362,-920.6079043034956,1000.0,185.06803658739116,1000.0,-3.316611638419204,-0.1474008082425371,-0.0117410903164909,-11.294894901573343,-536.9278960014228,-1000.0,-0.0057940836438774,-0.1285353367237576,-0.1285353367237576,984.140344596584,-0.0024694589187674,-0.1928153523801938,0.0,-318.960505304197,-1000.0,-4.820210947381952,-0.2142255612062626,-0.0170639611288834,-20.518388432097368,0.0,0.0,-0.0084208549130835, Amensalism,COVID
SRR13077721.bin.7.fbc2XSRR13077721.bin.31.fbc2 ,-0.1286828959237027,-0.1286828959237027,991.3132505118724,-0.0024722938698005,-999.8672396389384,1000.0,-852.3637336109081,-266.1018054971802,-4.825744573301222,-0.2144714932061333,-0.01708355064045,1000.0,-550.6860702624103,-1000.0,-0.0084305220960914,-0.0885012396677211,-0.0885012396677211,8.686749488127475,-0.0017003120012759,-0.1327603610616279,0.0,1000.0,1000.0,-3.3188900046997105,-0.1475020661129065,-0.0117491559290101,-1.920179346189343,-449.31392973758966,0.0,-0.0057980639244306, Neutralism,COVID
SRR13077721.bin.9.fbc2XSRR13077721.bin.24.fbc2 ,-0.082940327179358,-0.082940327179358,428.1967266639808,-0.0015934741052205,-1000.0,1000.0,0.0,-18.211799614400206,-3.1103499103015797,-0.1382338786322634,-0.0110109060674403,424.4689852115921,-500.1400265370007,-1000.0,-0.0054337466989409,-0.1695265237151488,-0.1695265237151488,571.8032733360192,-0.00325699373127,1000.0,-1000.0,1000.0,-41.64973558246106,-6.357423773974688,-0.2825442061920284,-0.0225058266834139,575.5310147884079,-431.1303423014855,1000.0,-0.0111063486237981, Neutralism,COVID
SRR13077721.bin.7.fbc2XSRR13077721.bin.35.fbc2 ,-0.1294324608322767,-0.1294324608322767,1000.0,-0.0024866947326245,-1000.0,999.805838875278,-857.9481042558373,581.5615201645664,-4.853854049420761,-0.2157207680537567,-0.0171830606022922,906.362968987518,-500.2157456350011,-999.805838875278,-0.00847962903822,0.0,0.0,0.0,0.0,0.0,0.0,985.4217769970292,0.0,0.0,0.0,0.0,0.0,0.0,0.0,0.0, Amensalism,COVID
SRR13077721.bin.29.fbc2XSRR13077721.bin.35.fbc2 ,-0.1573184826445413,-0.1573184826445413,970.174108262158,-0.0030224492343222,-1000.0,999.764007163787,685.2988397234749,994.174584409031,-5.899609333879312,-0.2621974710742734,-0.0208851242089167,969.6605034637772,-500.0,-999.7640071637868,-0.0103065518889025,-0.0014126191330205,-0.0014126191330205,29.825891737842085,-2.713965670864127e-05,0.0,-0.0021190643977888,314.7011602765251,5.825415590969101,-0.0529747101674047,-0.0023543652216631,-0.000187535027976,30.33949653622267,21.5260391557124,0.0021190643977888,-9.254622943899447e-05, Amensalism,COVID
SRR13077721.bin.25.fbc2XSRR13077721.bin.30.fbc2 ,-0.1483478145393064,-0.1483478145393064,999.4286970331532,-0.002850102104503,-1000.0,1000.0,189.45888433746632,-33.53227778906171,-5.563199800838106,-0.2472463575654728,-0.0196942055421232,6.372001776053935,-0.3029088516663023,-1000.0,-0.0097188481763623,-7.490572022561537e-05,-7.490572022561537e-05,0.5713029668467016,-1.4391108607014758e-06,1000.0,-1000.0,-991.8605195035008,-0.5750479467843661,-0.0028090436588854,-0.0001248428669669,-9.944256021299225e-06,993.6279982239462,-0.0034730609220332,1000.0,-4.907368065687479e-06, Amensalism,COVID
SRR13077721.bin.13.fbc2XSRR13077721.bin.30.fbc2 ,-0.0379167594035152,-0.0379167594035152,17.667064543781976,-0.0007284680000338,-1000.0,999.9431212185546,-506.7995792026631,691.8537924707216,-1.4219185433721575,-0.0631945990058966,-0.0050337138804934,62.08397782912425,-386.21347552372913,-999.9431212185548,-0.0024840758802611,-0.1201672237707498,-0.1201672237707498,982.332935456218,-0.0023086882569032,1000.0,-1000.0,997.991262633625,-141.35913683199192,-4.506397869258194,-0.2002787062846209,-0.015953035855091,937.9160221708756,-153.8252872820949,1000.0,-0.0078726269559865, Amensalism,COVID
SRR13077721.bin.4.fbc2XSRR13077721.bin.24.fbc2 ,-0.0383157341378819,-0.0383157341378819,0.6476447494851527,-0.0007361332206983,-1000.0,999.9425227181272,-807.8574341664569,972.7448489020762,-1.436880517498139,-0.0638595568964319,-0.0050866805551095,0.0,-564.6161539648574,-999.9425227181272,-0.0025102142826654,-0.1881575175866601,-0.1881575175866601,999.3523552505148,-0.0036149378979644,1000.0,-1000.0,1000.0,-494.5912105454653,-7.056105731084017,-0.3135958626444335,-0.0249792208745702,1000.0,-435.3838460351426,1000.0,-0.0123269382319222, Amensalism,COVID
SRR13077721.bin.13.fbc2XSRR13077721.bin.25.fbc2 ,-0.0417422865853041,-0.0417422865853041,8.017817106105554,-0.0008019651601216,-1000.0,999.937382560296,267.3755528346287,15.18144363329941,-1.5653798550338252,-0.0695704776421735,-0.0055415792566009,0.0,-503.9967752382082,-999.9373825602962,-0.0027347011961182,-0.1472188792187125,-0.1472188792187125,991.9821828938944,-0.0028284126650532,1000.0,-1000.0,-1000.0,-33.25947423371713,-5.520863533396323,-0.2453647986977785,-0.0195443315158172,4.094777867650919,-0.3006036980472117,1000.0,-0.0096448871879601, Amensalism,COVID
SRR13077721.bin.20.fbc2XSRR13077721.bin.13.fbc2 ,-0.0971112202055337,-0.0971112202055337,329.1676728093562,-0.0018657294948525,1000.0,-994.0528829542802,726.1182730410287,998.5888230023206,-3.641773372830926,-0.1618520336759275,-0.0128921908092252,1000.0,-712.2730127866998,994.0528829542802,-0.0063621375772981,-0.0421852907695665,-0.0421852907695665,24.79186583282808,-0.0008104762875973,-1000.0,999.936718011464,-826.1293955796822,1.411176997679263,-1.5819929800536556,-0.0703088179492397,-0.0056003911472544,-5.768463667452011,-287.72698721330016,-999.9367180114642,-0.0027637241406637, Amensalism,COVID
SRR13077721.bin.20.fbc2XSRR13077721.bin.35.fbc2 ,-0.0918015727963847,-0.0918015727963847,92.47028684684484,-0.001763718977827,-887.02657521424,1000.0,357.35728408033947,873.0983718045304,-3.4426559844087024,-0.1530026213273458,-0.0121872981368369,0.0,-581.7047649228804,-1000.0,-0.0060142817144424,-0.0440173280488807,-0.0440173280488807,907.5297131531552,-0.0008456739298026,-0.0660302204429399,0.0,414.25136125923086,126.90162819546958,-1.6506963138978108,-0.0733622134147253,-0.0058436068552509,1000.0,463.8980161723253,0.0,-0.0028837481007712, Neutralism,COVID
SRR13077721.bin.34.fbc2XSRR13077721.bin.24.fbc2 ,-0.2469734495597322,-0.2469734495597322,942.3650684646944,-0.0047449269848129,-788.4355507357984,1000.0,0.0,-290.49628318791974,-9.26176532947511,-0.4116224159329249,-0.0327874454651464,81.05665440465009,-585.5332527109902,-1000.0,-0.0161802010181872,-0.1514539028688659,-0.1514539028688659,57.63493153530567,-0.0029097771924853,1000.0,-1000.0,1000.0,-60.90942029271014,-5.679681395327975,-0.252423171448072,-0.0201065604001087,918.94334559535,-407.71923252259023,1000.0,-0.0099223402263532, Amensalism,COVID
SRR13077721.bin.8.fbc2XSRR13077721.bin.35.fbc2 ,-0.1285279967567021,-0.1285279967567021,984.1412502568588,-0.0024693179011592,-1000.0,999.8071956582752,-1000.0,-1000.0,-4.819935690860802,-0.2142133279278368,-0.0170629866971694,-20.517216736443515,0.0,-999.8071956582754,-0.0084203740429984,-0.0008159742444604,-0.0008159742444604,15.85874974314106,-1.5676738598813245e-05,0.0,-0.0012240397503546,0.0,0.0,-0.030599896388253,-0.0013599570741007,-0.0001083262637848,29.821784159473737,-4.727328387570196,0.0012240397503546,-5.345767863218498e-05, Amensalism,COVID
SRR13077721.bin.1.fbc2XSRR13077721.bin.4.fbc2 ,-0.2191182881255144,-0.2191182881255144,997.7997744601917,-0.0042097653818018,999.6713015189848,-1000.0,0.0,-347.3356854463418,-8.217167341801428,-0.3651971468757438,-0.0290894787885918,999.4167082778852,-500.0,1000.0,-0.0143552999521716,-0.0891011743149192,-0.0891011743149192,2.2002255398082298,-0.0017118381232421,-1000.0,999.866339679337,1000.0,-18.72753759894817,-3.341388187907796,-0.14850195719157,-0.0118288014316476,0.5832917221148364,-500.0,-999.866339679337,-0.0058373680002432, Neutralism,COVID
SRR13077721.bin.11.fbc2XSRR13077721.bin.25.fbc2 ,-0.0887440476911933,-0.0887440476911933,1.811435658579171,-0.0017049769008963,-0.6608918998271065,1000.0,-180.0611201304024,-966.537478292136,-3.327995562149681,-0.1479067461519889,-0.0117813903851811,960.354746359722,-274.27935258799266,-1000.0,-0.0058139712319871,-0.1481176433230757,-0.1481176433230757,998.1885643414208,-0.00284567998699,1000.0,-1000.0,-819.9388798695976,-33.462521707864084,-5.554568137013575,-0.246862738871755,-0.0196636487100931,12.20090699724551,-0.302438869017692,1000.0,-0.0097037687556849, Neutralism,COVID
SRR13077721.bin.1.fbc2XSRR13077721.bin.8.fbc2 ,-0.2090692450972255,-0.2090692450972255,334.4763488326239,-0.0040167001940289,999.6863760488532,-1000.0,-4.136756035345684,245.58743950373517,-7.840317609658541,-0.3484487418287472,-0.0277553983404459,1000.0,-730.5597590679639,1000.0,-0.0136969476615149,-0.1009803488848319,-0.1009803488848319,665.5236511673761,-0.0019400643398057,-685.8508789940255,1000.0,-995.8632439646544,-1000.0,-3.7868697867186256,-0.168300581474682,-0.0134058445877371,-7.763807676804049,-78.5751503074058,-1000.0,-0.0066156193986444, Amensalism,COVID
SRR13077721.bin.9.fbc2XSRR13077721.bin.31.fbc2 ,-0.0833260312995207,-0.0833260312995207,313.24378061891184,-0.0016008843668942,1000.0,-1000.0,1000.0,-29.691122088426027,-3.124814222372038,-0.1388767188325346,-0.0110621109755584,1000.0,-545.1811212044148,1000.0,-0.0054590156912581,-0.0885012396677211,-0.0885012396677211,686.7562193810882,-0.0017003120012759,-1000.0,1000.0,0.0,-77.29261982974026,-3.3188900046997105,-0.1475020661129065,-0.0117491559290101,-1.9201793461894567,-454.8188787955852,-1000.0,-0.0057980639244306, Neutralism,COVID
SRR13077721.bin.13.fbc2XSRR13077721.bin.35.fbc2 ,-0.0424207141835495,-0.0424207141835495,19.765652636563004,-0.0008149993118422,-1000.0,999.9363648537284,0.0,20.59101873969405,-1.5908216068454522,-0.0707011903059537,-0.0056316452451028,0.0,-465.42255801925296,-999.9363648537282,-0.0027791476535412,-0.0464648928747237,-0.0464648928747237,980.2343473634368,-0.000892697269478,0.0,-0.0697018027984768,-1000.0,189.562514479532,-1.7424825811518758,-0.0774414881245775,-0.0061685381318739,1000.0,-43.66987681698322,0.0697018027984768,-0.0030440976888712, Amensalism,COVID
SRR13077721.bin.7.fbc2XSRR13077721.bin.30.fbc2 ,-0.0434375196219889,-0.0434375196219889,3.399835049253056,-0.0008345344788267,-1000.0,999.9348395478946,0.0,941.126378743309,-1.628952885220997,-0.0723958660366861,-0.0057666332485268,-1.7671601402565784,-500.0724042113815,-999.9348395478946,-0.0028457625727469,-0.1229087025711805,-0.1229087025711805,996.6001649507472,-0.002361358358712,1000.0,-1000.0,1000.0,-177.5080054467154,-4.609206221130762,-0.2048478376186722,-0.0163169862587437,1000.0,-150.3618318198354,1000.0,-0.0080522320032514, Amensalism,COVID
SRR13077721.bin.9.fbc2XSRR13077721.bin.35.fbc2 ,-0.082940327179358,-0.082940327179358,280.0847725777119,-0.0015934741052205,1000.0,-1000.0,1000.0,-18.211799614400547,-3.1103499103015797,-0.1382338786322634,-0.0110109060674403,276.35703112532315,-500.1400265370007,1000.0,-0.0054337466989409,-0.0339657603789191,-0.0339657603789191,719.9152274222881,-0.0006525602378815,-1000.0,999.9490480966306,0.0,146.52810413089355,-1.2737519050219817,-0.0566096006315319,-0.0045091912434145,723.6429688746769,518.8811867419697,-999.9490480966303,-0.0022252304109997, Amensalism,COVID
SRR13077721.bin.34.fbc2XSRR13077721.bin.29.fbc2 ,-0.2493005035903479,-0.2493005035903479,972.5525882246944,-0.0047896350353084,999.6260252964394,-1000.0,875.43328818961,-413.23445056171545,-9.349032314563829,-0.4155008393172466,-0.033096378094342,950.3180277438684,-500.0,1000.0,-0.0163326554705918,-0.0934794955737743,-0.0934794955737743,27.44741177530568,-0.0017959557267204,-1000.0,999.8597717768608,124.56671181038996,1000.0,-3.5055798615820777,-0.1557991592896996,-0.0124100540713243,49.68197225613153,-500.0,-999.8597717768608,-0.0061242090280302, Amensalism,COVID
SRR13077721.bin.1.fbc2XSRR13077721.bin.20.fbc2 ,-0.2189377730215937,-0.2189377730215937,991.5720443712826,-0.004206297272276,999.6715723089812,-1000.0,-66.73181519926118,-313.00792691308334,-8.210397834660057,-0.364896288369323,-0.029065514151398,1000.0,-498.99222249426816,1000.0,-0.0143434736984318,-0.0881144388687289,-0.0881144388687289,8.427955628717314,-0.001692880669907,-1000.0,999.8678198772936,141.76525538146052,992.8097122505188,-3.304384566013709,-0.1468573981145482,-0.0116978054290939,-5.540121280341054,-501.00777750573184,-999.8678198772936,-0.0057727230844193, Amensalism,COVID
SRR13077721.bin.24.fbc2XSRR13077721.bin.29.fbc2 ,-0.1693817845616649,-0.1693817845616649,571.5248218009187,-0.0032542129598596,1000.0,-1000.0,1000.0,-41.61417567513536,-6.351995902775116,-0.2823029742694416,-0.022486611552722,570.9350166112815,-431.1899535980299,1000.0,-0.0110968661931565,-0.1203566084627709,-0.1203566084627709,428.47517819908126,-0.00231232677163,-1000.0,999.819453525672,0.0,1000.0,-4.513499995325446,-0.2005943474379137,-0.015978177991883,429.0649833887185,-500.0,-999.819453525672,-0.0078850342912346, Competition,COVID
SRR13077721.bin.1.fbc2XSRR13077721.bin.31.fbc2 ,-0.2224246125640547,-0.2224246125640547,991.3132505118724,-0.0042732874652529,999.6663417147164,-1000.0,1000.0,-238.7519054354043,-8.341158001963322,-0.3707076876067958,-0.0295284163845508,1000.0,-715.042558378242,1000.0,-0.0145719102563361,-0.0885012396677211,-0.0885012396677211,8.686749488127703,-0.0017003120012759,-1000.0,999.8672396389384,0.0,-18.718624302042716,-3.3188900046997105,-0.1475020661129065,-0.0117491559290101,-1.9201793461894567,-284.957441621758,-999.8672396389384,-0.0057980639244306, Neutralism,COVID
SRR13077726.bin.6.fbc2XSRR13077726.bin.28.fbc2 ,-0.0986001542559051,-0.0986001542559051,36.21908544331609,-0.0018943353363738,999.8520902969394,-1000.0,-419.6994880459838,40.29969086901497,-3.697609973042063,-0.1643335904266223,-0.013089857174009,1000.0,-232.68639434703744,1000.0,-0.0064596834969279,-0.2479183511838982,-0.2479183511838982,963.780914556684,-0.0047630807143832,-1000.0,999.6280986578204,-580.3005119540162,959.700309130985,-9.297200138836844,-0.4131972519732017,-0.0329128877364155,-33.11417552741659,-767.3136056529626,-999.6280986578204,-0.0162421052360741, Amensalism,COVID
SRR13077726.bin.4.fbc2XSRR13077726.bin.22.fbc2 ,-0.1715435882617839,-0.1715435882617839,1000.0,-0.0032957461721707,-1000.0,999.7426681388764,1000.0,-1000.0,-6.43306582585592,-0.2859059804362687,-0.0227736060497818,988.0927327396212,-425.70815583565945,-999.7426681388764,-0.0112384944470704,0.0,0.0,0.0,0.0,0.0,0.0,0.0,0.0,0.0,0.0,0.0,0.0,0.0,0.0,0.0, Amensalism,COVID
SRR13077726.bin.7.fbc2XSRR13077726.bin.28.fbc2 ,-0.0108874988089837,-0.0108874988089837,123.17705387325464,-0.0002091738483613,-1000.0,999.9836677059176,-951.5092740615956,-113.73535639527164,-0.4082927098980917,-0.0181458313483062,-0.0014453912924636,-3.239728490453331,0.0,-999.9836677059174,-0.0007132828229714,-0.2449494485457535,-0.2449494485457535,876.8229461267454,-0.0047060412784958,0.0,-0.3674477030249363,-48.49072593840447,1000.0,-9.185863152734214,-0.4082490809095134,-0.0325187452343698,92.40336183300336,-978.8008513291946,0.3674477030249363,-0.0160476007596344, Amensalism,COVID
SRR13077726.bin.4.fbc2XSRR13077726.bin.18.fbc2 ,-0.1711384070548547,-0.1711384070548547,995.2760553631732,-0.0032879617109529,-1000.0,999.7432759496093,600.6037261239599,1000.0,-6.41787110245275,-0.2852306784247957,-0.0227198154226471,827.1903027050053,-669.5970627868435,-999.7432759496093,-0.0112119494343687,-0.0848539594667272,-0.0848539594667272,4.723944636826673,-0.0016302393750038,1000.0,-404.1132076328165,-1000.0,-522.8239590958593,-3.1821131431689764,-0.1414232657779166,-0.011264954080957,18.80692899728092,-149.14495993256674,404.1132076328165,-0.0055591162686141, Amensalism,COVID
SRR13077726.bin.15.fbc2XSRR13077726.bin.6.fbc2 ,-0.0870165301816996,-0.0870165301816996,-2.2316856158465725,-0.0016717873234028,-1000.0,1000.0,886.8456512887387,93.71069706012986,-3.263211830115438,-0.1450275503027569,-0.0115520504044752,-6.018618260755716,-436.0964163532577,-1000.0,-0.0057007947726788,-0.1855360712777383,-0.1855360712777383,941.2074984566598,-0.003564573895801,999.7216780702138,-1000.0,-1000.0,354.678595917195,-6.957798724481449,-0.3092267854630108,-0.0246312056201531,1000.0,-563.9035836467423,1000.0,-0.0121551969847359, Amensalism,COVID
SRR13077726.bin.31.fbc2XSRR13077726.bin.15.fbc2 ,-0.0892792533476267,-0.0892792533476267,235.5133374195157,-0.0017152594302842,0.0,784.8346812420284,15.86927878376764,-137.58130435143016,-3.3480663398025854,-0.1487987555792642,-0.0118524426634394,455.5397603924196,-203.63006613502955,-784.8346812420284,-0.0058490346573307,-0.164106680894065,-0.164106680894065,764.4866625804843,-0.0031528661074844,1000.0,-1000.0,67.46200799737335,1000.0,-6.154173941162071,-0.2735111348233658,-0.0217863048026174,2.7425521122474947,-796.3699338649704,1000.0,-0.0107512734265355, Neutralism,COVID
SRR13077726.bin.7.fbc2XSRR13077726.bin.15.fbc2 ,-0.0643916249481435,-0.0643916249481435,733.6427535553548,-0.0012371109500008,-1000.0,999.9034063770232,-923.035546284659,-714.3981062120332,-2.414753976656584,-0.1073193749135725,-0.0085484366645687,-11.148595507692676,0.0,-999.9034063770232,-0.0042185483395087,-0.1423915381760707,-0.1423915381760707,266.3572464446452,-0.0027356683607422,1000.0,-1000.0,102.25237495582633,1000.0,-5.33983314336308,-0.2373192302934512,-0.0189034683726276,1.640552959247202,-594.7527889817331,1000.0,-0.0093286291100866, Amensalism,COVID
SRR13077726.bin.18.fbc2XSRR13077726.bin.22.fbc2 ,-0.1130421115143462,-0.1130421115143462,338.4892927154974,-0.0021717984920996,1000.0,-995.7508618058336,-153.60689454545184,-332.3171447855909,-4.239198630705005,-0.188403519190615,-0.0150071275804748,310.4775784824442,-1.2931032922831491,995.7508618058336,-0.0074058328581259,-0.056434680920347,-0.056434680920347,661.5107072845026,-0.0010842397871329,-1000.0,999.9153425574204,60.38899583082184,-667.6828552144091,-2.1163601677011457,-0.0940578015339497,-0.007492096929127,4.724267014049815,-0.0940686439317914,-999.9153425574206,-0.0036972576741618, Competition,COVID
SRR13077726.bin.31.fbc2XSRR13077726.bin.18.fbc2 ,-0.0805120312701319,-0.0805120312701319,22.73577205412721,-0.0015468209658138,-0.1441173093840007,1000.0,-273.63969186565566,583.787812637634,-3.0192862477839526,-0.1341867187835532,-0.0106885328737007,422.11544395984674,-251.1094766729858,-1000.0,-0.0052746594933523,-0.166989847857053,-0.166989847857053,977.2642279458728,-0.003208258364225,1000.0,-1000.0,229.5212006573479,-43.67007648191077,-6.262295748847464,-0.2783164130950126,-0.0221690652966799,0.0,-0.3409736989480052,1000.0,-0.0109401610219492, Neutralism,COVID
SRR13077726.bin.21.fbc2XSRR13077726.bin.15.fbc2 ,-0.0351460719308533,-0.0351460719308533,391.0500954008708,-0.0006752367326043,-1000.0,999.9472775159202,-811.175539456122,-781.9630828577965,-1.318014835426311,-0.0585767865513844,-0.004665885822078,-1.311047517740576,-387.6488548282157,-999.94727751592,-0.0023025572580763,-0.157326308589063,-0.157326308589063,608.9499045991292,-0.0030225995886894,1000.0,-1000.0,-188.824460543878,1000.0,-5.899902815067662,-0.262210514315143,-0.02088616315757,-7.396511055156907,-612.3511451717843,1000.0,-0.0103070645973275, Amensalism,COVID
SRR13077726.bin.7.fbc2XSRR13077726.bin.6.fbc2 ,-0.0580519472716787,-0.0580519472716787,656.7759641507578,-0.0011153111868225,-1000.0,999.9129165025364,21.969845881600804,-644.596765991159,-2.177009364804462,-0.0967532454528736,-0.0077068003006388,-17.274173876142072,0.0,-999.9129165025364,-0.0038032111468737,-0.1659600553667815,-0.1659600553667815,343.2240358492422,-0.0031884736862366,999.7510439745816,-1000.0,-740.71953852479,860.4607738092459,-6.223677442306212,-0.2766000922779312,-0.022032353171653,1000.0,-524.0672293121359,1000.0,-0.0108726952699953, Competition,COVID
SRR13077726.bin.7.fbc2XSRR13077726.bin.27.fbc2 ,-0.0582651392381876,-0.0582651392381876,659.1879307758004,-0.0011194070939382,-1000.0,999.9125966941074,22.050528698744984,-646.9640053102646,-2.185004288822597,-0.0971085653969794,-0.0077351030189447,-17.33761214602214,0.0,-999.9125966941072,-0.0038171781902747,-0.0906292889733322,-0.0906292889733322,340.8120692241996,-0.0017411967141924,999.8640473605564,-1000.0,977.949471301255,-14.501752718721264,-3.3986941023192685,-0.1510488149555158,-0.01203166929497,-0.1507687724840707,-500.1510662269227,1000.0,-0.00593748079541, Amensalism,COVID
SRR13077726.bin.22.fbc2XSRR13077726.bin.27.fbc2 ,-0.0562365206341155,-0.0562365206341155,659.1879307758004,-0.0010804326731204,-1000.0,999.9156398168856,60.17695067515524,-665.3384063124078,-2.1089289475752366,-0.0937275343901546,-0.0074657897710039,4.707678595570428,-0.0937383387168893,-999.9156398168856,-0.003684275415253,-0.0906292889733322,-0.0906292889733322,340.8120692241996,-0.0017411967141924,1000.0,-1000.0,764.1463117741823,-14.684876553647086,-3.3986941023192685,-0.1510488149555158,-0.01203166929497,-4.395181707345955,-500.1850543867836,1000.0,-0.00593748079541, Amensalism,COVID
SRR13077726.bin.21.fbc2XSRR13077726.bin.28.fbc2 ,-0.0444034110631719,-0.0444034110631719,491.9508850779548,-0.0008530914709581,-1000.0,999.933390617948,-459.44481415389976,-986.4437524046568,-1.665174834899858,-0.0740056851052486,-0.005894862064224,-3.141748207401065,-491.01423471923954,-999.933390617948,-0.0029090419159274,-0.21972306783573,-0.21972306783573,508.0491149220452,-0.004221384588618,0.0,0.0,1000.0,955.2000494875206,-8.239847219991248,-0.36620511305955,-0.0291697675071418,31.321449445748385,-508.98576528076046,0.0,-0.0143949214470922, Amensalism,COVID
SRR13077726.bin.18.fbc2XSRR13077726.bin.28.fbc2 ,-0.0949087924933564,-0.0949087924933564,123.77945559448426,-0.0018234158019367,1000.0,-665.1063183308255,-1000.0,-439.421533197049,-3.55918000636791,-0.1581813208222229,-0.0125998031917333,89.57296963756608,-83.91721304872851,665.1063183308256,-0.0062178478847272,-0.2461473824528184,-0.2461473824528184,876.2205444055157,-0.0047290563391015,-1000.0,1000.0,0.0,1000.0,-9.230786940080748,-0.4102456374214398,-0.0326777793035262,169.63775170435633,-797.7745621822398,-1000.0,-0.0161260821165569, Amensalism,COVID
SRR13077726.bin.31.fbc2XSRR13077726.bin.22.fbc2 ,-0.0794499393417709,-0.0794499393417709,9.24413122443366,-0.0015264157414094,1000.0,-0.1422161546296365,-322.79678234113624,562.8949320887878,-2.97945667818226,-0.1324165655696561,-0.0105475327733302,442.9304504185116,-251.09484077074217,0.1422161546296365,-0.0052050776782834,-0.0845231841428812,-0.0845231841428812,990.7558687755665,-0.0016238844215195,-1000.0,999.8732071043636,90.44562902761528,-1000.0,-3.1697087190018465,-0.1408719735715067,-0.0112210413531101,7.075615282247668,-0.1408882124156889,-999.8732071043636,-0.0055374458776213, Amensalism,COVID
SRR13077726.bin.4.fbc2XSRR13077726.bin.7.fbc2 ,-0.1087611828617127,-0.1087611828617127,268.0297056137026,-0.0020895520242447,-1000.0,999.8368477779472,1000.0,-179.29006895220778,-4.078659282676767,-0.1812686381028925,-0.014438804487554,900.5598510044481,-252.13267739342507,-999.8368477779472,-0.0071253724026973,-0.0639228942277441,-0.0639228942277441,731.9702943862974,-0.00122810555672,0.0,-0.0958904818693326,-420.3486136048391,-730.149517368947,-2.397176079345627,-0.1065381570462022,-0.0084862093970059,-18.459421283134475,0.0,0.0958904818693326,-0.0041878399484858, Amensalism,COVID
SRR13077726.bin.22.fbc2XSRR13077726.bin.28.fbc2 ,-0.0105010294206522,-0.0105010294206522,123.08997386039118,-0.0002017488841374,-1000.0,999.9842474471244,11.236824795753591,-124.23845039900004,-0.3937996994650348,-0.0175017157012007,-0.001394084789581,0.879063478285957,-0.0175037331899829,-999.9842474471244,-0.0006879636949861,-0.2447762815437499,-0.2447762815437499,876.9100261396088,-0.004702714342784,0.0,0.0,120.21679872132586,1000.0,-9.17936920717898,-0.4079604692395833,-0.0324957561089149,98.46811572181537,-999.98249626681,0.0,-0.0160362559090572, Amensalism,COVID
SRR13077726.bin.22.fbc2XSRR13077726.bin.6.fbc2 ,-0.0547230268932708,-0.0547230268932708,642.8391367200832,-0.0010513549835877,-1000.0,999.9179102028852,64.1251432593449,-651.6207307904499,-2.0521713330225566,-0.091205044822118,-0.0072648629362674,0.4307369508323972,-0.0912155583720277,-999.9179102028852,-0.0035851204938808,-0.1671955069687101,-0.1671955069687101,357.16086327991684,-0.0032122095478825,999.7491906784992,-1000.0,-1000.0,748.321519711184,-6.270008182853189,-0.2786591782812593,-0.0221963679761074,999.5692630491676,-411.546252230459,1000.0,-0.0109536345584047, Amensalism,COVID
SRR13077726.bin.15.fbc2XSRR13077726.bin.27.fbc2 ,-0.1594163043706657,-0.1594163043706657,656.8928719529804,-0.0030627532059952,-1000.0,1000.0,-124.115985965773,1000.0,-5.978279865326385,-0.2656938406178142,-0.0211636246532407,2.6641665037439,-647.8928797746464,-1000.0,-0.010443988432371,-0.0873360376807568,-0.0873360376807568,343.1071280470196,-0.0016779257960024,999.8689875538498,-1000.0,824.1210448224174,-164.61037328588645,-3.2751936989453725,-0.1455600628012234,-0.0115944672502337,-4.280928438340197,-352.1071202253536,1000.0,-0.0057217269643388, Neutralism,COVID
SRR13077726.bin.21.fbc2XSRR13077726.bin.6.fbc2 ,-0.0450201159478638,-0.0450201159478638,498.8555131145299,-0.0008649397876752,-1000.0,999.9324655013792,-230.46767218393643,-1000.0,-1.6883019197341582,-0.075033526579773,-0.0059767339328118,-2.032129900993596,-498.0500105475082,-999.9324655013792,-0.0029494446758917,-0.1722144005075279,-0.1722144005075279,501.1444868854701,-0.003308634015525,999.7416618560688,-1000.0,-769.5323278160636,714.7899192499756,-6.458221993902725,-0.2870240008459177,-0.0228626610471565,1000.0,-501.9499894524918,1000.0,-0.0112824419928756, Neutralism,COVID
SRR13077726.bin.7.fbc2XSRR13077726.bin.18.fbc2 ,-0.0606866825128236,-0.0606866825128236,686.5842799716061,-0.0011659304997237,-1000.0,999.8306719135188,-32.90743042218082,-655.1753254991826,-2.275814720409926,-0.1011444708548197,-0.0080565797534291,-18.058176425794045,0.0,-999.8306719135188,-0.0039758230042252,-0.1109245229649786,-0.1109245229649786,313.41572002839393,-0.0021311147543201,1000.0,-322.7047826020374,-835.7306251278023,-344.8246745008174,-4.159786822496699,-0.1848742049415932,-0.0147260029526705,-29.270024942429583,-169.55029922558504,322.70478260203754,-0.0072671013124363, Amensalism,COVID
SRR13077726.bin.21.fbc2XSRR13077726.bin.22.fbc2 ,0.0,0.0,0.0,0.0,-1000.0,1000.0,-1.7050281311654771,0.0,0.0,0.0,0.0,0.0,0.0,-1000.0,0.0,-0.0846987492534481,-0.0846987492534481,998.3739955577994,-0.0016272574304139,0.0,-0.1270562601673646,90.39916208954672,-1000.0,-3.176292596163421,-0.141164582089118,-0.0112443488442295,9.059241678458534,-0.1411808546633892,0.1270562601673646,-0.0055489478377239, Amensalism,COVID
SRR13077726.bin.4.fbc2XSRR13077726.bin.6.fbc2 ,-0.1404393812937314,-0.1404393812937314,961.6710461984244,-0.0026981629450801,-1000.0,999.7893274372444,179.65874463562477,-304.79617655402694,-5.266625197476969,-0.2340656354895145,-0.0186443059508292,0.0,-338.41056008055943,-999.7893274372448,-0.0092007356428212,-0.1227536914634583,-0.1227536914634583,38.32895380157561,-0.0023583802394568,999.8158576709034,-1000.0,-1000.0,308.6612249322409,-4.603393140794992,-0.2045894857725443,-0.0162964074546607,1000.0,-234.9136813768788,1000.0,-0.0080420766165616, Competition,COVID
SRR13077726.bin.28.fbc2XSRR13077726.bin.27.fbc2 ,-0.2329631321739498,-0.2329631321739498,659.1879501350497,-0.0044757566220141,999.650532922956,-1000.0,231.37767565586185,1000.0,-8.736363623135617,-0.3882718869565451,-0.0309274782578086,39.97016519263843,-499.8489341641232,1000.0,-0.0152623300809864,-0.0906290543728118,-0.0906290543728118,340.81204986495027,-0.0017411922069641,-1000.0,999.8640477124796,271.14690286948894,-14.548886253260662,-3.39868530455351,-0.1510484239547622,-0.0120316381501197,-0.2011751711031593,-500.1510658358768,-999.8640477124796,-0.0059374654257453, Neutralism,COVID
SRR13077726.bin.31.fbc2XSRR13077726.bin.7.fbc2 ,-0.0892792533476267,-0.0892792533476267,248.1919819054565,-0.0017152594302842,999.6588933465677,0.0974701259713128,138.64326061307565,-244.81716492893065,-3.3480663398025854,-0.1487987555792642,-0.0118524426634394,450.270767936192,-258.86522804493563,-0.0974701259713128,-0.0058490346573307,-0.0649759228587072,-0.0649759228587072,751.8080180945435,-0.0012483366543847,-1000.0,999.9025298740288,91.37824497056364,-755.1828350710693,-2.436665765715702,-0.1082932047644362,-0.0086260062814744,-6.599366676621571,0.0,-999.9025298740288,-0.0042568279912984, Neutralism,COVID
SRR13077726.bin.18.fbc2XSRR13077726.bin.15.fbc2 ,-0.166989847857053,-0.166989847857053,977.2642279458728,-0.003208258364225,-466.5152088462967,1000.0,508.9787595518462,-525.0980218541458,-6.262295748847464,-0.2783164130950126,-0.0221690652966799,-39.88460049475157,-133.71217148737378,-1000.0,-0.0109401610219492,-0.1317712557471395,-0.1317712557471395,22.735772054127096,-0.0025316283524716,1000.0,-1000.0,402.7491294426373,1000.0,-4.941561330075842,-0.2196187595784522,-0.0174935519156633,-8.510726930266856,-632.4237185000228,1000.0,-0.0086328526820125, Amensalism,COVID
SRR13077726.bin.18.fbc2XSRR13077726.bin.27.fbc2 ,-0.140126714583971,-0.140126714583971,659.1879307758004,-0.0026921558998083,-1.5982520549968058,1000.0,0.0,-985.4982472812792,-5.254899865472567,-0.2335445243065805,-0.0186027972674764,-34.70855071114647,-249.88655931528024,-1000.0,-0.0091802516183179,-0.0906292889733322,-0.0906292889733322,340.8120692241996,-0.0017411967141924,999.8640473605564,-1000.0,1000.0,-14.501752718720924,-3.3986941023192685,-0.1510488149555158,-0.01203166929497,-4.348010511862867,-500.1510662269227,1000.0,-0.00593748079541, Amensalism,COVID
SRR13077726.bin.31.fbc2XSRR13077726.bin.27.fbc2 ,-0.0892792533476267,-0.0892792533476267,634.4995775289965,-0.0017152594302842,-756.6515505894622,1000.0,0.0,-143.1969870019367,-3.3480663398025854,-0.1487987555792642,-0.0118524426634394,1000.0,-303.7184880483567,-1000.0,-0.0058490346573307,-0.0909226682363169,-0.0909226682363169,365.5004224710035,-0.0017468332033558,999.8636072634796,-1000.0,771.634092212387,-37.552704004816405,-3.409696134688602,-0.1515377803939372,-0.0120706174353699,-5.3209616588999324,-500.1515552487259,1000.0,-0.0059567012235675, Neutralism,COVID
SRR13077726.bin.4.fbc2XSRR13077726.bin.27.fbc2 ,-0.1423107633828522,-0.1423107633828522,659.18795013505,-0.0027341164915242,-1000.0,999.7865201843432,0.0,329.4787885941428,-5.33680400326341,-0.2371846056380491,-0.018892744956247,-2.676946115667647,-499.8489341641232,-999.7865201843432,-0.0093233372360828,-0.0906290543728118,-0.0906290543728118,340.81204986495004,-0.0017411922069641,999.8640477124796,-1000.0,759.8899124262373,-14.548886253260662,-3.39868530455351,-0.1510484239547622,-0.0120316381501197,-0.2011751711031593,-500.1510658358768,1000.0,-0.0059374654257453, Amensalism,COVID
SRR13077726.bin.21.fbc2XSRR13077726.bin.7.fbc2 ,-0.0450136269350878,-0.0450136269350878,498.71154222298514,-0.0008648151188026,-1000.0,999.932475235522,541.9305307679122,-1000.0,-1.6880585748965586,-0.0750227115584039,-0.0059758724710263,-3.1849238233223787,-497.7620199046252,-999.9324752355218,-0.002949019555217,-0.0414077263134231,-0.0414077263134231,501.28845777701486,-0.0007955374892389,0.0,-0.1155359095581616,-977.2289233831776,0.0,-1.5528334913163917,-0.0690128771890385,-0.005497164050439,53.31533864526091,-213.194208489268,0.1155359095581616,-0.0027127828382162, Amensalism,COVID
SRR13077726.bin.18.fbc2XSRR13077726.bin.6.fbc2 ,-0.1405059005653584,-0.1405059005653584,663.6777299244625,-0.0026994409330427,-450.6002598707686,1000.0,-59.30143438222194,-177.95843732740127,-5.269119740451515,-0.234176500942226,-0.0186531368474334,48.84954953976376,-137.6368316146726,-1000.0,-0.0092050935817269,-0.1631394788649913,-0.1631394788649913,336.3222700755375,-0.0031342839358785,999.755275110283,-1000.0,-695.6881826888787,803.2585630480594,-6.11790284305232,-0.2718991314416144,-0.0216579019972869,951.1504504602362,-502.0227680791131,1000.0,-0.0106879082214845, Competition,COVID
SRR13077726.bin.22.fbc2XSRR13077726.bin.15.fbc2 ,-0.0845231841428812,-0.0845231841428812,990.755868775566,-0.0016238844215195,-1000.0,999.8732071043636,90.44562902761572,-1000.0,-3.1697087190018465,-0.1408719735715067,-0.0112210413531101,7.075615282247668,-0.1408882124156889,-999.8732071043636,-0.0055374458776213,-0.1311831095814568,-0.1311831095814568,9.244131224433886,-0.002520328714354,1000.0,-1000.0,-339.72726925624363,1000.0,-4.919505227382501,-0.2186385159690189,-0.0174154714161431,-9.073460607784114,-756.6180209066052,1000.0,-0.008594320915904, Amensalism,COVID
SRR13077726.bin.31.fbc2XSRR13077726.bin.21.fbc2 ,-0.0892792533476267,-0.0892792533476267,322.41293248110264,-0.0017152594302842,-573.9149788781882,1000.0,0.0,0.0,-3.3480663398025854,-0.1487987555792642,-0.0118524426634394,507.45716522095154,-113.94265110497554,-1000.0,-0.0058490346573307,-0.0450259383791262,-0.0450259383791262,499.5666776066387,-0.0008650516499528,-0.0675432328268925,0.0,-939.5416000188222,-1000.0,-1.6885202670564468,-0.0750432306317634,-0.0059775069009901,-2.1617222623564203,-497.72643448894735,0.0,-0.0029498261262688, Neutralism,COVID
SRR13077726.bin.4.fbc2XSRR13077726.bin.15.fbc2 ,-0.1284060121837456,-0.1284060121837456,1000.0,-0.0024669742974765,-1000.0,999.8073786468528,952.9745168754883,-508.3151767695733,-4.8153611404779895,-0.2140100203063184,-0.0170467923956039,-7.038351679936341,-255.65365505261752,-999.8073786468528,-0.0084123823544359,-0.1307801266971182,-0.1307801266971182,0.0,-0.00251258648791,1000.0,-1000.0,47.02548312451154,1000.0,-4.904392943400808,-0.2179668778286441,-0.0173619726316474,-9.045587741090571,-623.9416954565132,1000.0,-0.0085679199238484, Competition,COVID
SRR13077726.bin.4.fbc2XSRR13077726.bin.28.fbc2 ,-0.0141488657189938,-0.0141488657189938,84.32255601662428,-0.0002718321943575,-1000.0,999.9787753422606,-500.0,-54.094035807509385,-0.5305974152337285,-0.0235814428650655,-0.0018783604633654,48.4297134282474,-125.13466702827144,-999.9787753422604,-0.0009269477828866,-0.2452430080236354,-0.2452430080236354,915.6774439833756,-0.0047116812299918,0.0,0.0,1000.0,705.606857775339,-9.196871943354836,-0.408738346706059,-0.0325577172995963,214.6481959209018,-874.8653329717285,0.0,-0.0160668329943973, Amensalism,COVID
SRR13077726.bin.31.fbc2XSRR13077726.bin.4.fbc2 ,-0.0889092915579112,-0.0889092915579112,251.6250222814142,-0.0017081516149346,-455.8274682713958,1000.0,-123.04177427689694,-47.87203083819497,-3.3341923817599763,-0.1481821525965188,-0.0118033276593223,506.07265407667046,-137.3081131513568,-1000.0,-0.0058247970069942,-0.1498648808802727,-0.1498648808802727,748.3749777185858,-0.0028792484318955,-0.2248117175624884,0.0,0.0,-258.1704931401448,-5.620091391671963,-0.2497748014670833,-0.0198956066643631,493.9273459233296,-251.9565235212251,0.0,-0.0098182371527855, Amensalism,COVID
SRR13077726.bin.21.fbc2XSRR13077726.bin.18.fbc2 ,-0.0359621399834395,-0.0359621399834395,398.42899837115465,-0.0006909152734806,-1000.0,999.9460533354486,-1000.0,-798.9167377100885,-1.348618249719948,-0.0599368999723992,-0.0047742245395738,-2.5444889507838298,-397.6704090981873,-999.9460533354484,-0.0023560210825053,-0.1352606769061139,-0.1352606769061139,601.5710016288454,-0.0025986681441736,999.7970959913,-1000.0,6.109514479993436,-201.08326228991157,-5.072418310726789,-0.2254344615101899,-0.0179567968764331,179.9729939950364,-0.2254604481915976,1000.0,-0.0088614583717117, Competition,COVID
SRR13077726.bin.31.fbc2XSRR13077726.bin.6.fbc2 ,-0.0890993039945442,-0.0890993039945442,341.1102469288335,-0.0017118021901296,-0.1594886100511985,1000.0,784.3670599959537,5.240130348772141,-3.341318048914104,-0.1484988399907933,-0.0118285531335686,5.521101280749463,-254.3892063185923,-1000.0,-0.0058372454682285,-0.1766464956838263,-0.1766464956838263,658.8897530711665,-0.0033937847393872,999.7350132875506,-1000.0,-683.2337686883634,594.9769595123885,-6.6244302463027225,-0.2944108261395968,-0.023451052549035,994.4788987192504,-549.1082867183297,1000.0,-0.0115728059612365, Neutralism,COVID
SRR13077726.bin.6.fbc2XSRR13077726.bin.27.fbc2 ,-0.1770139568675404,-0.1770139568675404,659.1246800839663,-0.0034008445123845,-1000.0,999.734462060476,-987.7687391238476,443.5123826417764,-6.638210428982575,-0.2950232614459764,-0.0234998355803099,1000.0,-401.84581951704695,-999.734462060476,-0.0115968797871346,-0.0906335642669091,-0.0906335642669091,340.87531991603373,-0.0017412788523643,1000.0,-1000.0,275.4424984858404,-14.732742710216712,-3.3988544303459776,-0.1510559404448486,-0.0120322368700271,-4.442562463811555,-500.185063116432,1000.0,-0.0059377608866952, Neutralism,COVID
SRR13077726.bin.7.fbc2XSRR13077726.bin.22.fbc2 ,-0.0007184540618254,-0.0007184540618254,9.236564245350792,-1.3803152000946284e-05,-1000.0,999.9979953682346,-1000.0,0.0,-0.0269427864911904,-0.0011974234363378,-9.537978030493832e-05,2.0027521535263304,0.0,-999.9979953682345,-4.706874835846975e-05,-0.0844539959032317,-0.0844539959032317,990.7634357546492,-0.0016225551565867,0.0,-0.1266891066306925,90.37454294576492,-1000.0,-3.167114086905599,-0.1407566598387575,-0.0112118561323768,7.069528377714391,-0.1407728853903336,0.1266891066306925,-0.0055329130841528, Amensalism,COVID
SRR13077726.bin.31.fbc2XSRR13077726.bin.28.fbc2 ,-0.0889092915579112,-0.0889092915579112,251.6250222814142,-0.0017081516149346,1000.0,-455.8274682713952,-123.0417742768949,-47.87203083819509,-3.3341923817599763,-0.1481821525965188,-0.0118033276593223,506.07265407667023,-137.3081131513569,455.8274682713952,-0.0058247970069942,-0.2406788948003395,-0.2406788948003395,748.3749777185858,-0.0046239941364092,-1000.0,1000.0,1000.0,1000.0,-9.025712874689248,-0.4011314913338992,-0.0319517994826128,43.43941980880413,-500.491438096818,-1000.0,-0.0157678200051805, Neutralism,COVID
SRR13077726.bin.15.fbc2XSRR13077726.bin.28.fbc2 ,-0.0936654761695763,-0.0936654761695763,0.0,-0.0017995288409338,1000.0,-1000.0,824.3494077062151,148.61719135270187,-3.512554330446619,-0.1561091269493317,-0.0124347442907719,-6.5357627831833724,-429.3626100729226,1000.0,-0.0061363933475604,-0.2474115585673644,-0.2474115585673644,1000.0,-0.0047533440647384,-1000.0,1000.0,-68.80947191421774,851.3828086472981,-9.278194880198498,-0.4123525976121982,-0.0328456074870473,253.8535914889285,-570.6373899270774,-1000.0,-0.0162089032605763, Amensalism,COVID
SRR13077726.bin.21.fbc2XSRR13077726.bin.4.fbc2 ,-0.0450136269350878,-0.0450136269350878,498.7115422229854,-0.0008648151188026,-1000.0,999.932475235522,41.93053076791239,-1000.0,-1.6880585748965586,-0.0750227115584039,-0.0059758724710263,-3.1849238233223787,-497.7620199046252,-999.9324752355218,-0.002949019555217,-0.128768204531525,-0.128768204531525,501.2884577770146,-0.0024739328440546,0.0,-0.1931646764614925,169.36425501421786,487.7622865452568,-4.828943736238557,-0.2146136742192084,-0.0170948759522389,987.6032462152308,-495.4274917727088,0.1931646764614925,-0.0084361109981045, Amensalism,COVID
SRR13077726.bin.21.fbc2XSRR13077726.bin.27.fbc2 ,-0.0443729833548331,-0.0443729833548331,492.3220851814733,-0.0008525068848257,-1000.0,999.9334362624334,-962.2974913985216,-985.4982472812786,-1.664033763683051,-0.0739549722579795,-0.0058908225740879,-2.130373500661108,-490.5085288144175,-999.9334362624334,-0.0029070484772546,-0.0906292889733322,-0.0906292889733322,340.8120692241996,-0.0017411967141924,999.8640473605564,-1000.0,271.0935306815752,-14.501752718721376,-3.3986941023192685,-0.1510488149555158,-0.01203166929497,-0.1507687724840707,-500.1510662269227,1000.0,-0.00593748079541, Neutralism,COVID
SRR13077727.bin.7.fbc2XSRR13077727.bin.3.fbc2 ,-0.1460660088149552,-0.1460660088149552,721.7275242088003,-0.0028062633778063,0.0,0.0,-344.9944734016882,941.833122089044,-5.477629675045364,-0.2434433480249254,-0.0193912799406916,66.25842967189737,-411.75244910834726,0.0,-0.0095693581183695,-0.0121408233324018,-0.0121408233324018,278.27247579119967,-0.0002332530899593,-1000.0,1000.0,-655.0055265983118,58.16687791095592,-0.4552937038831715,-0.0202347055538894,-0.0016117788516112,528.8206338672401,-278.2946464974002,-1000.0,-0.0007953930368103, Amensalism,COVID
SRR13077727.bin.5.fbc2XSRR13077727.bin.2.fbc2 ,-0.0009506833346222,-0.0009506833346222,10.574103812357407,-1.8264809455104117e-05,1000.0,-1000.0,-61.15953520553626,-21.16842995815159,-0.0356516296139943,-0.0015844722244082,-0.0001262098336383,41.69218968197424,-0.0166837162687443,1000.0,-6.228300037491863e-05,-0.0569326912776659,-0.0569326912776659,989.4258961876426,-0.0010938077094806,-1000.0,999.914595494045,-533.4393601421439,-978.8315700418484,-2.135036082335432,-0.0948878187961099,-0.0075582112724532,940.2626498965728,-0.0948987568731354,-999.914595494045,-0.0037298842893278, Amensalism,COVID
SRR13077727.bin.3.fbc2XSRR13077727.bin.5.fbc2 ,-0.0265031588476176,-0.0265031588476176,607.4628900295511,-0.000509186529257,0.0,0.0,-276.87028221032085,304.1831443848755,-0.9938964620441766,-0.0441719314126203,-0.003518478917158,1.4113479461867655,-759.1325859069074,0.0,-0.0017363260647016,-0.0348891232384858,-0.0348891232384858,392.5371099704489,-0.0006703001582764,-1000.0,1000.0,-723.1297177896791,-776.8420760130059,-1.3083789879531196,-0.0581485387308475,-0.0046317740936956,771.4295027799119,-3.885314431455754,-1000.0,-0.002285723539785, Competition,COVID
SRR13077727.bin.4.fbc2XSRR13077727.bin.5.fbc2 ,-0.0416921094391682,-0.0416921094391682,751.172825776438,-0.0008010011420083,-1000.0,1000.0,247.2641920487704,-501.8697846449445,-1.5634981590301322,-0.0694868490652425,-0.0055349178909409,102.04320085577751,-0.015235041720075,-1000.0,-0.0027314138941392,-0.0223712431749163,-0.0223712431749163,248.827174223562,-0.00042980294279,1000.0,-1000.0,-468.7291519455844,-498.1302153550555,-0.8389452582209742,-0.0372854052915272,-0.0029699383350134,495.8593214203452,-0.3925970510946399,1000.0,-0.0014656280351346, Competition,COVID
SRR13077727.bin.7.fbc2XSRR13077727.bin.4.fbc2 ,-0.1306362628787383,-0.1306362628787383,565.8630213486972,-0.0025098225337387,-1000.0,1000.0,-142.47723218501392,728.9660132951392,-4.898997898192761,-0.2177271047979729,-0.0173428737077756,14.182203994692372,-388.2632180038679,-1000.0,-0.0085584948399173,-0.0240958651988876,-0.0240958651988876,434.1369786513028,-0.0004629368913811,1000.0,-1000.0,-857.5227678149861,-290.0589261269563,-0.9036204064872208,-0.0401597753315172,-0.0031988939198299,58.98524290250885,-0.0088050596749553,1000.0,-0.0015786147997687, Competition,COVID
SRR13077727.bin.3.fbc2XSRR13077727.bin.2.fbc2 ,0.0,0.0,0.0,0.0,1000.0,-1000.0,-30.063944243792665,0.0,0.0,0.0,0.0,30.063944243792776,0.0,1000.0,0.0,-0.0577432127511201,-0.0577432127511201,1000.0,-0.0011093796878185,-1000.0,999.9133796339748,-290.9016103935247,-1000.0,-2.1654314940498125,-0.0962386879185714,-0.0076658136428022,969.9360557562072,-0.0962497817154144,-999.9133796339748,-0.0037829847354942, Amensalism,COVID
SRR13077727.bin.4.fbc2XSRR13077727.bin.2.fbc2 ,-0.0002651023996804,-0.0002651023996804,4.776369468244184,-5.0932256954183686e-06,1000.0,-1000.0,-709.5183796445274,-3.1912245831915698,-0.0099416201168196,-0.0004418373329144,-3.519418987707468e-05,0.6489548855104204,-9.68731535522238e-05,1000.0,-1.736789977258013e-05,-0.0574820017884576,-0.0574820017884576,995.2236305317558,-0.0011043612255434,-1000.0,999.9137714755112,-290.4816203554726,-996.8087754168084,-2.155635806932992,-0.0958033363140202,-0.0076311360683121,967.9375936484053,-0.0958143799263098,-999.9137714755112,-0.0037658717790236, Amensalism,COVID
SRR13077727.bin.3.fbc2XSRR13077727.bin.4.fbc2 ,0.0,0.0,0.0,0.0,-1000.0,1000.0,0.0,0.0,0.0,0.0,0.0,0.0,0.0,-1000.0,0.0,-0.0555029089522349,-0.0555029089522349,1000.0,-0.0010663383084192,1000.0,-1000.0,329.1661383182502,-668.1276656691584,-2.081417734316119,-0.0925048482537249,-0.0073683977110476,135.86781546633824,-0.0202817546257847,1000.0,-0.0036362136316938, Amensalism,COVID
SRR13077727.bin.7.fbc2XSRR13077727.bin.5.fbc2 ,-0.1311998058235985,-0.1311998058235985,505.3374561620346,-0.002520649487451,-1000.0,1000.0,151.3372725731747,993.0246318797758,-4.9201313541077525,-0.2186663430393309,-0.0174176879585274,14.243383645945189,-420.15261470205,-1000.0,-0.0085954147523352,-0.0444735029132061,-0.0444735029132061,494.66254383796536,-0.0008544380963257,0.0,0.0,-931.8224803859196,-990.271099846604,-1.6678033533410144,-0.0741225048553815,-0.0059041672454895,985.7566163540548,-0.7804736625079158,0.0,-0.0029136339084061, Amensalism,COVID
SRR13077727.bin.7.fbc2XSRR13077727.bin.2.fbc2 ,-0.1295049207928968,-0.1295049207928968,559.1512770171514,-0.0024880868547825,1000.0,-1000.0,288.263243053957,708.7100691705411,-4.856571374511645,-0.2158415346548281,-0.0171926801667723,14.059382628744515,-386.0814029419232,1000.0,-0.0084843761749198,-0.0205108629361348,-0.0205108629361348,440.8487229828486,-0.0003940607672348,-1000.0,999.969231735292,-258.1728337036392,-582.4099484714351,-0.7691790334459938,-0.0341847715601488,-0.0027229599018028,424.002173588666,-0.034188712167861,-999.969231735292,-0.0013437472164241, Competition,COVID
SRR13077738.bin.37.fbc2XSRR13077738.bin.9.fbc2 ,-0.0866334900457559,-0.0866334900457559,998.1029491542964,-0.0016644282429751,-1000.0,999.87004144279,105.01762322836704,-544.8104767716378,-3.248847420270522,-0.1443891500763356,-0.0115011991588289,47.17341667107098,-227.4393820208735,-999.87004144279,-0.0056757003085294,-0.0906359256848645,-0.0906359256848645,1.8970508457038024,-0.0017413242206885,1000.0,-1000.0,108.05839400755076,-6.960351521815255,-3.398942986015072,-0.1510598761415167,-0.0120325503646654,-2.7136100124935183,-285.70841745166217,1000.0,-0.0059379155924261, Neutralism,COVID
SRR13077738.bin.5.fbc2XSRR13077738.bin.31.fbc2 ,-0.0855570678216963,-0.0855570678216963,1000.0,-0.0016437477006547,-1000.0,999.871656179529,135.53183054138162,-947.5396770696568,-3.2084804494373884,-0.1425951130361227,-0.0113582966118883,1000.0,-40.925742596309306,-999.8716561795288,-0.0056051796593692,0.0,0.0,0.0,0.0,1000.0,-1000.0,0.0,0.0,0.0,0.0,0.0,0.0,0.0,1000.0,0.0, Amensalism,COVID
SRR13077738.bin.37.fbc2XSRR13077738.bin.24.fbc2 ,-0.0864410508191895,-0.0864410508191895,995.8858601334688,-0.0016607310435574,-1000.0,999.870330120116,-1000.0,-543.6002876548679,-3.2416307459266136,-0.1440684180320204,-0.0114756515112048,47.06863022167136,-226.93417025167756,-999.870330120116,-0.00566309285864,-0.0776992858559424,-0.0776992858559424,4.114139866531218,-0.0014927816687304,1000.0,-1000.0,873.4004264555201,101.94403858243822,-2.913805322590065,-0.1294988097599798,-0.0103151213306773,662.4836246141463,-387.8440001880792,1000.0,-0.0050903854902344, Amensalism,COVID
SRR13077738.bin.4.fbc2XSRR13077738.bin.24.fbc2 ,-0.1138856139286872,-0.1138856139286872,808.787415334707,-0.002188004110053,-387.7426484107445,1000.0,1000.0,-881.1829309039308,-4.27083086255368,-0.1898093565479257,-0.0151191084005404,820.4540628602333,-926.9046901017356,-1000.0,-0.0074610940152979,-0.0339342989482247,-0.0339342989482247,191.21258466529295,-0.000651955791568,1000.0,-1000.0,-968.7459606973704,-118.8170690960692,-1.2725720681283974,-0.0565571649137837,-0.0045050145193954,179.5459371397667,-63.04333182645007,1000.0,-0.0022231692490777, Competition,COVID
SRR13077738.bin.36.fbc2XSRR13077738.bin.4.fbc2 ,-0.0841009712719369,-0.0841009712719369,544.1160854711293,-0.0016157727429799,-1000.0,999.8738404642286,-795.2771556830032,0.4311043255527238,-3.1538752901964244,-0.1401682854531145,-0.0111649896539347,0.0,-539.8761362162866,-999.8738404642284,-0.0055097850535048,-0.1395011219743764,-0.1395011219743764,34.05164764451865,-0.00268013682944,999.7907349163544,-1000.0,602.119108804362,499.3178180126981,-5.2314394815633705,-0.2325018699572183,-0.0185197454917442,1000.0,-460.12386378371343,1000.0,-0.0091392665884768, Neutralism,COVID
SRR13077738.bin.37.fbc2XSRR13077738.bin.4.fbc2 ,-0.086288856420424,-0.086288856420424,994.1324310824087,-0.0016578070398054,-1000.0,999.870558426334,-844.4899289753447,-542.6415276590182,-3.2359232951531567,-0.1438147607007067,-0.0114554466448453,46.98409996214696,-226.5346134523228,-999.870558426334,-0.0056531220056967,-0.1395112931957101,-0.1395112931957101,5.867568917591257,-0.0026803322419937,1000.0,-577.1113164599922,1000.0,146.0664265846965,-5.23182091311287,-0.2325188219929259,-0.0185210957921526,953.015900037853,-748.8122419711063,577.1113164599922,-0.0091399329452315, Neutralism,COVID
SRR13077738.bin.35.fbc2XSRR13077738.bin.24.fbc2 ,-0.0974456001653152,-0.0974456001653152,527.8692731534363,-0.0018721537015835,-1000.0,999.728107117925,-1000.0,-335.1829232144128,-3.6543129746515888,-0.1624093336088208,-0.0129365820777138,36.55812569766522,-210.981251208171,-999.728107117925,-0.0063840441222282,-0.108819292347789,-0.108819292347789,472.1307268465637,-0.0020906684409283,1000.0,-1000.0,1000.0,-416.38243070835006,-4.080838449807061,-0.181365487246353,-0.0144465189264337,963.4418743023348,-281.7827624410718,1000.0,-0.0071291793833552, Amensalism,COVID
SRR13077738.bin.24.fbc2XSRR13077738.bin.9.fbc2 ,-0.1169679443771656,-0.1169679443771656,599.5388319251124,-0.0022472227545904,0.0,0.0,0.0,-532.077286815967,-4.386421511397089,-0.1949465739620564,-0.0155283092343552,1000.0,-251.5376573352039,0.0,-0.0076630295932318,-0.0910808955724178,-0.0910808955724178,400.4611680748876,-0.0017498731137948,-1000.0,1000.0,-1000.0,-212.87337454510796,-3.415629826988493,-0.1518014926207342,-0.0120916232162926,0.0,-285.70838864189227,-1000.0,-0.0059670673180107, Neutralism,COVID
SRR13077738.bin.36.fbc2XSRR13077738.bin.24.fbc2 ,-0.0843870293776944,-0.0843870293776944,508.59235645793547,-0.0016212685759455,-1000.0,999.8734113495904,-851.6809865377726,10.98430536691626,-3.1646027714366483,-0.1406450489629378,-0.0112029658597521,125.86314155823356,-543.0580885823588,-999.8734113495904,-0.0055285258439425,-0.1099398023314961,-0.1099398023314961,491.4076435420645,-0.0021121960102163,1000.0,-1000.0,1000.0,-383.0939590967539,-4.122858758213511,-0.1832330038859027,-0.0145952744305759,874.1368584417664,-278.48563776599985,1000.0,-0.0072025883948754, Neutralism,COVID
SRR13077738.bin.35.fbc2XSRR13077738.bin.37.fbc2 ,-0.1275575101581125,-0.1275575101581125,1000.0,-0.002450672625514,0.0,-0.3559111854037837,-460.1679060949598,-747.7711564401976,-4.783541417924198,-0.2125958502635967,-0.0169341478423348,47.85504406697214,-308.2258614441139,0.3559111854037837,-0.0083567936529789,0.0,0.0,0.0,0.0,-1000.0,1000.0,-539.8320939050402,-252.2288435598024,0.0,0.0,0.0,504.457687119605,-373.8855782200988,-1000.0,0.0, Amensalism,COVID
SRR13077738.bin.35.fbc2XSRR13077738.bin.4.fbc2 ,-0.1271832839172475,-0.1271832839172475,994.1324310824087,-0.0024434828802668,-1000.0,999.6451329813008,-580.0347525631162,-742.6435725839032,-4.769507538454263,-0.2119721398620413,-0.0168844667025496,47.714647682413215,-246.71315324226293,-999.6451329813008,-0.0083322766216724,-0.1395112931957101,-0.1395112931957101,5.867568917591029,-0.0026803322419937,1000.0,-567.9794699566648,1000.0,138.39567552190124,-5.23182091311287,-0.2325188219928122,-0.0185210957921526,952.2853523175868,-753.2868467577371,567.9794699566648,-0.0091399329452315, Neutralism,COVID
SRR13077738.bin.5.fbc2XSRR13077738.bin.9.fbc2 ,-0.0855570678216963,-0.0855570678216963,782.7634090811057,-0.0016437477006547,-1000.0,999.871656179529,0.0,1000.0,-3.2084804494373884,-0.1425951130361227,-0.0113582966118883,155.7442727679645,-649.5406845964196,-999.8716561795288,-0.0056051796593692,-0.0910885645216694,-0.0910885645216694,217.2365909188943,-0.0017500204519365,1000.0,-1000.0,439.0951783535181,-35.34675558574975,-3.415917420688288,-0.1518142742028203,-0.0120926413226243,13.259519959590762,-350.4593154035804,1000.0,-0.0059675697409602, Neutralism,COVID
SRR13077738.bin.34.fbc2XSRR13077738.bin.36.fbc2 ,-0.1089291158650667,-0.1089291158650667,708.6015656584411,-0.0020927784028117,-1000.0,1000.0,0.0,-42.13831573565551,-4.084956947753767,-0.1815485264418157,-0.0144610987632631,-27.45323451004401,-299.6286250869375,-1000.0,-0.0071363743535357,-0.0872105078731237,-0.0872105078731237,291.39843434155887,-0.0016755140801478,999.86917586062,-1000.0,-1000.0,696.2118967402471,-3.2704861985162097,-0.1453508464552442,-0.0115778022940276,1000.0,-544.4987553300928,1000.0,-0.0057135030134531, Neutralism,COVID
SRR13077738.bin.34.fbc2XSRR13077738.bin.5.fbc2 ,-0.116714586178432,-0.116714586178432,959.7447271335903,-0.0022423551619112,1000.0,-1000.0,-495.9495820941871,-60.90302618214014,-4.37692031122333,-0.1945243102973108,-0.0154946741689627,-13.66242791093589,-342.3834476093956,1000.0,-0.0076464311022164,-0.085394800176914,-0.085394800176914,40.25527286640954,-0.001640630166662,-1000.0,999.8718995965836,156.9764131030638,957.4463355204516,-3.202395241293175,-0.1423246669614855,-0.0113367544519178,-2.450642092608064,-500.0,-999.8718995965838,-0.0055945488684301, Neutralism,COVID
SRR13077738.bin.34.fbc2XSRR13077738.bin.4.fbc2 ,-0.1177077296409834,-0.1177077296409834,994.132898196382,-0.0022614357279735,-1000.0,1000.0,-538.4609324680494,-64.19748763936775,-4.4141642405007815,-0.1961795494015632,-0.0156265208802324,-11.002456072277935,-345.1233300156593,-1000.0,-0.0077114958323818,-0.1395001867774681,-0.1395001867774681,5.86710180361797,-0.0026801188621448,999.7907363192394,-1000.0,-354.06102778340835,508.8858568634864,-5.231404410693017,-0.2325003112957802,-0.0185196213377594,1000.0,-498.20345869401206,1000.0,-0.0091392053201388, Neutralism,COVID
SRR13077738.bin.34.fbc2XSRR13077738.bin.24.fbc2 ,-0.0947488893187937,-0.0947488893187937,400.46663990604907,-0.0018203436949306,-1000.0,1000.0,309.4286344167572,-36.65281391488861,-3.553183468357247,-0.157914815531285,-0.0125785749316946,-23.87941421699929,-176.5224701537436,-1000.0,-0.0062073719996078,-0.1169678655841153,-0.1169678655841153,599.5333600939509,-0.0022472212408501,0.0,0.0,-738.672388358601,-532.0721878004988,-4.386418556572153,-0.1949464426401164,-0.0155282987740292,1000.0,-251.5397133890599,0.0,-0.0076630244311672, Amensalism,COVID
SRR13077738.bin.34.fbc2XSRR13077738.bin.9.fbc2 ,-0.1178400124238123,-0.1178400124238123,993.9505477605458,-0.0022639771839294,-1000.0,1000.0,457.5753858098544,-45.92515381959947,-4.419124984638415,-0.1964000207063918,-0.0156440823409411,-29.86890002514508,-346.80635089361067,-1000.0,-0.007720162197188,-0.0907933290841356,-0.0907933290841356,6.049452239454126,-0.0017443483013721,0.0,0.0,-858.8999130215595,-11.128924718990788,-3.404845779811808,-0.151322215140226,-0.0120534467621382,-2.049504593163192,-285.7084072605103,0.0,-0.005948227707563, Neutralism,COVID
SRR13077738.bin.36.fbc2XSRR13077738.bin.37.fbc2 ,-0.0833500443110324,-0.0833500443110324,250.1036033808059,-0.0016013457120607,-1000.0,999.874966926805,-1000.0,10.849325373925012,-3.125714735676297,-0.1389167405183116,-0.0110652988701076,964.558839286987,-494.2063952677168,-999.874966926805,-0.0054605888780088,-0.0650896203311504,-0.0650896203311504,749.8963966191941,-0.0012505210438575,0.0,-0.0976406831019858,0.0,-409.32667874477625,-2.4409295410766845,-0.1084827005519173,-0.0086411004128876,35.441160713013005,-170.88014134339903,0.0976406831019858,-0.0042642767594998, Amensalism,COVID
SRR13077738.bin.5.fbc2XSRR13077738.bin.4.fbc2 ,0.0,0.0,0.0,0.0,-1000.0,1000.0,0.0,0.0,0.0,0.0,0.0,0.0,0.0,-1000.0,0.0,-0.1400187519201344,-0.1400187519201344,930.9765000888948,-0.0026900816891476,999.7899584217114,-1000.0,186.91423601705287,-189.0972092299577,-5.250851151497946,-0.2333645865335574,-0.0185884644720101,1000.0,-1000.0,1000.0,-0.0091731785599931, Amensalism,COVID
SRR13077738.bin.31.fbc2XSRR13077738.bin.9.fbc2 ,-0.0841890872342219,-0.0841890872342219,8.601375023726177,-0.0016174656528846,0.0,0.0,118.31330196474325,189.8907635884916,-3.1571797318937342,-0.1403151453903319,-0.0111766876616457,785.8113115309802,-112.7870631239125,0.0,-0.0055155578764924,-0.0910885645216694,-0.0910885645216694,991.3986249762738,-0.0017500204519365,-1000.0,1000.0,-1000.0,-993.2635167706428,-3.415917420688288,-0.1518142742028203,-0.0120926413226243,14.204233500142436,-500.18599217362856,-1000.0,-0.0059675697409602, Neutralism,COVID
SRR13077738.bin.35.fbc2XSRR13077738.bin.31.fbc2 ,-0.1270089251671606,-0.1270089251671606,991.3986249762738,-0.0024401330483669,-1000.0,999.6456194773866,-1000.0,-740.2545388541004,-4.762968901085628,-0.2116815419452677,-0.0168613193641249,47.64923447657338,-305.8702842905202,-999.6456194773866,-0.0083208536949541,-0.0841890872342219,-0.0841890872342219,8.601375023726177,-0.0016174656528846,1000.0,-1000.0,121.05626491758244,186.2334796513724,-3.1571797318937342,-0.1403151453903319,-0.0111766876616457,792.211558420938,-112.3299026317726,1000.0,-0.0055155578764924, Neutralism,COVID
SRR13077738.bin.34.fbc2XSRR13077738.bin.35.fbc2 ,-0.0979743923836622,-0.0979743923836622,469.891701834101,-0.0018823130141072,1000.0,-1000.0,410.742798457389,-37.90057274847595,-3.674143241603929,-0.1632906539728083,-0.0130067829273912,-24.692332703949432,-202.86278817393907,1000.0,-0.0064186873780727,-0.0975531924735833,-0.0975531924735833,530.108298165899,-0.0018742207968216,-1000.0,999.72780691368,-1000.0,-338.58935666875414,-3.6583477999048455,-0.1625886541227146,-0.012950865705875,37.70261740678757,-234.8962988619587,-999.7278069136802,-0.006391092917056, Competition,COVID
SRR13077738.bin.31.fbc2XSRR13077738.bin.24.fbc2 ,-0.0249509939137624,-0.0249509939137624,16.523013154609885,-0.0004793658772541,-1000.0,1000.0,49.28264596596932,271.0133745087487,-0.9356886368902906,-0.0415849898563465,-0.0033124182122037,0.0,-143.60793045910168,-1000.0,-0.0016346376415867,-0.1041546253565002,-0.1041546253565002,755.9080976031964,-0.0020010494785083,0.0,0.0,-564.4933004297516,-787.6178697110622,-3.905908508591778,-0.1735910422609095,-0.0138272518964868,1000.0,-94.45529116519788,0.0,-0.0068235787217645, Competition,COVID
SRR13077738.bin.5.fbc2XSRR13077738.bin.35.fbc2 ,-0.0838449850720053,-0.0838449850720053,11.052557081158398,-0.0016108546603845,0.0,-0.1257755318812314,0.0,308.0854936339624,-3.1442755372050897,-0.1397416417865997,-0.0111310057030777,750.7995937990136,-189.2962419943858,0.1257755318812314,-0.0054930143918454,-0.1268525918270597,-0.1268525918270597,988.9474429188416,-0.0024371295260152,-1000.0,999.6460556789424,-1000.0,-738.1124862045181,-4.757106235638275,-0.2114209863784708,-0.0168405650244949,47.59058376388612,-142.44053157370104,-999.6460556789424,-0.0083106116835551, Neutralism,COVID
SRR13077738.bin.36.fbc2XSRR13077738.bin.31.fbc2 ,-0.0857167065835255,-0.0857167065835255,420.0866069708493,-0.0016468147277919,-1000.0,999.8714167060511,-1000.0,602.8672490136082,-3.2144670716901373,-0.1428611776391335,-0.0113794897692969,499.50812060762087,-541.3121054222984,-999.8714167060511,-0.0056156382219114,-0.0841890872342219,-0.0841890872342219,55.75158250817663,-0.0016174656528846,1000.0,-1000.0,157.87707794801554,397.1327509863918,-3.1571797318937342,-0.1403151453903319,-0.0111766876616457,500.49187939237913,-221.6957461381187,1000.0,-0.0055155578764924, Neutralism,COVID
SRR13077738.bin.35.fbc2XSRR13077738.bin.9.fbc2 ,-0.1274211077553673,-0.1274211077553673,997.8613191403352,-0.0024480520221459,-1000.0,999.6444694048164,-1000.0,-745.9021940805208,-4.778426183688225,-0.21236851292565,-0.016916039473358,47.80387073357974,-145.31976068481015,-999.6444694048164,-0.0083478573957336,-0.0906523276183861,-0.0906523276183861,2.138680859664987,-0.0017416393394569,1000.0,-1000.0,0.0,-7.060553632951951,-3.399558075853406,-0.1510872126973481,-0.0120347278356121,-2.7141010810260013,-351.39867436118084,1000.0,-0.0059389901475697, Neutralism,COVID
SRR13077738.bin.5.fbc2XSRR13077738.bin.36.fbc2 ,-0.0855570678216963,-0.0855570678216963,704.18714201075,-0.0016437477006547,-1000.0,999.871656179529,143.133111658615,304.0825362340204,-3.2084804494373884,-0.1425951130361227,-0.0113582966118883,0.0,-354.810036725029,-999.8716561795288,-0.0056051796593692,-0.0873356240131215,-0.0873356240131215,295.81285798925,-0.0016779178484966,999.8689881743912,-1000.0,-1000.0,0.4476852611493314,-3.275178185973232,-0.1455593733551268,-0.0115944123330109,1000.0,-541.4098337630663,1000.0,-0.0057216998633293, Neutralism,COVID
SRR13077738.bin.35.fbc2XSRR13077738.bin.36.fbc2 ,-0.1083284472543937,-0.1083284472543937,698.5036336960857,-0.0020812381796986,-1000.0,999.6977417791592,-390.79843030630377,-484.29783004144247,-4.062431240139972,-0.1805474120906183,-0.0143813558219108,40.64098311921907,-261.7613728309667,-999.6977417791592,-0.0070970221928519,-0.0870792367331887,-0.0870792367331887,301.4963663039144,-0.0016729920602074,999.86937277994,-1000.0,-609.2015696936962,326.94383720599853,-3.265563392057516,-0.1451320612219433,-0.0115603751359003,959.3590168807808,-544.4317748425301,1000.0,-0.0057049029252311, Amensalism,COVID
SRR13077738.bin.34.fbc2XSRR13077738.bin.31.fbc2 ,-0.1176113269482357,-0.1176113269482357,991.3986249762738,-0.0022595836109076,0.0,0.0,465.665569693668,-66.29260478556046,-4.410549037659052,-0.1960188782471732,-0.0156137227514818,-8.84575013251299,-344.7064428936552,0.0,-0.0077051801132483,-0.0841890872342219,-0.0841890872342219,8.601375023726177,-0.0016174656528846,-1000.0,1000.0,126.78817499975594,186.65282259842547,-3.1571797318937342,-0.1403151453903319,-0.0111766876616457,791.7922154738858,-112.5395741052988,-1000.0,-0.0055155578764924, Neutralism,COVID
SRR13077738.bin.4.fbc2XSRR13077738.bin.9.fbc2 ,-0.1398049047865015,-0.1398049047865015,402.0715700568437,-0.0026859731947297,-1000.0,999.7902792129544,946.3577151498898,218.53914142086117,-5.242831658019213,-0.2330081746441692,-0.018560074775678,999.7404019661644,-714.2916118546372,-999.7902792129544,-0.0091591685941239,-0.0910885645216694,-0.0910885645216694,597.9284299431563,-0.0017500204519365,1000.0,-1000.0,-1000.0,-600.2091615973078,-3.415917420688288,-0.1518142742028203,-0.0120926413226243,0.259598033835573,-285.70838814536285,1000.0,-0.0059675697409602, Neutralism,COVID
SRR13077738.bin.34.fbc2XSRR13077738.bin.37.fbc2 ,-0.0880184405313002,-0.0880184405313002,258.1687637394805,-0.0016910363214037,1000.0,-1000.0,95.64559236793208,-27.53711678537445,-3.3007845269195286,-0.1466974008853867,-0.0116850609812217,-18.929646596258976,-124.7210755369515,1000.0,-0.005766433856138,-0.0643895793281217,-0.0643895793281217,741.8312362605195,-0.0012370716489158,-1000.0,999.9034094456496,449.6749536937432,-972.4628832146255,-2.4146772637463982,-0.1073159655469453,-0.0085481650943393,1000.0,-385.2718195756714,-999.9034094456496,-0.0042184143229633, Competition,COVID
SRR13077738.bin.31.fbc2XSRR13077738.bin.4.fbc2 ,0.0,0.0,2.387423592153937e-12,0.0,-1000.0,1000.0,-2.387423592153937e-12,2.6261659513693303e-11,0.0,0.0,0.0,0.0,-2.387423592153937e-12,-1000.0,0.0,-0.1400187519201381,-0.1400187519201381,930.9765000888938,-0.0026900816891384,999.7899584217114,-1000.0,1000.0000000000024,-189.09720922995385,-5.250851151497955,-0.2333645865335256,-0.0185884644720317,1000.0,-999.9999999999976,1000.0,-0.0091731785599904, Amensalism,COVID
SRR13077738.bin.5.fbc2XSRR13077738.bin.37.fbc2 ,-0.0829303642574359,-0.0829303642574359,0.023516852573266,-0.0015932826946709,-1000.0,999.8755964872004,112.68445652832544,1000.0,-3.109976290200848,-0.1382172737623932,-0.0110095834201047,1.562134017986068,-510.6503061389135,-999.8755964872004,-0.0054330939888131,-0.0867961093314306,-0.0867961093314306,999.9764831474268,-0.0016675525328082,0.0,-0.1302025017597543,-387.1713249980869,-546.8988995724667,-3.2549458153164323,-0.1446601822190132,-0.0115227880015709,49.39599060727846,-227.33217576264656,0.1302025017597543,-0.005686354136742, Neutralism,COVID
SRR13077738.bin.36.fbc2XSRR13077738.bin.9.fbc2 ,-0.0873347843036072,-0.0873347843036072,295.8773170188988,-0.0016779017157659,-1000.0,999.868989434036,-1000.0,0.4476809567719328,-3.27514669597997,-0.1455579738393453,-0.0115943008556769,999.7404019661648,-541.409435618199,-999.868989434036,-0.0057216448506096,-0.0910885645216694,-0.0910885645216694,704.1226829811012,-0.0017500204519365,1000.0,-1000.0,1000.0,-706.403414635253,-3.415917420688288,-0.1518142742028203,-0.0120926413226243,0.2595980338353456,-285.70838814536273,1000.0,-0.0059675697409602, Neutralism,COVID
SRR13077738.bin.31.fbc2XSRR13077738.bin.37.fbc2 ,-0.0841890872342219,-0.0841890872342219,8.601375023726064,-0.0016174656528846,1000.0,-1000.0,118.31330196474435,189.89076358849135,-3.1571797318937342,-0.1403151453903319,-0.0111766876616457,785.8113115309814,-112.7870631239125,1000.0,-0.0055155578764924,-0.0860515671064376,-0.0860515671064376,991.3986249762738,-0.0016532481672584,-1000.0,999.8709143830996,-1000.0,-703.9997379611777,-3.22702469514104,-0.1434192785106915,-0.011423944835883,209.70988566556616,-144.4856084754099,-999.8709143830996,-0.0056375762503648, Neutralism,COVID
SRR13077738.bin.5.fbc2XSRR13077738.bin.24.fbc2 ,-0.0252040105295918,-0.0252040105295918,244.0919023968038,-0.0004842269073606,-1000.0,999.962191563071,40.61064835748448,1000.0,-0.9451770273404918,-0.0420066842160622,-0.0033460079300766,0.0,-125.94818815584586,-999.9621915630712,-0.001651213754144,-0.1041546253565002,-0.1041546253565002,755.9080976031962,-0.0020010494785083,1000.0,-1000.0,959.3893516425156,-787.6178697110629,-3.905908508591778,-0.1735910422609095,-0.0138272518964868,1000.0,-94.45529116519776,1000.0,-0.0068235787217645, Competition,COVID
SRR13077741.bin.46.fbc2XSRR13077741.bin.40.fbc2 ,-0.1464884254286289,-0.1464884254286289,996.3218547932884,-0.002814378970811,-1000.0,999.7802532899624,850.9100987364964,-1000.0,-5.493470744418914,-0.2441473757144194,-0.0194473586880121,930.7673432023256,-164.91872126148974,-999.7802532899622,-0.009597032290344,-0.1830071674467035,-0.1830071674467035,3.67814520671152,-0.0035159878472086,1000.0,-1000.0,149.08990126350363,859.1656489530881,-6.862962158583059,-0.305011945744468,-0.0242954760241218,69.23265679767428,-383.798993829409,1000.0,-0.0119895185589484, Neutralism,COVID
SRR13077741.bin.44.fbc2XSRR13077741.bin.8.fbc2 ,-0.1237413813580587,-0.1237413813580587,422.4446101815445,-0.0023773560299105,-1000.0,999.8143760411826,-192.47958556048104,-275.09998591631347,-4.64043255550871,-0.2062356355967267,-0.0164275301668794,1000.0,-323.5689215408124,-999.8143760411828,-0.0081067840620789,-0.2031089177131662,-0.2031089177131662,577.5553898184555,-0.0039021886208274,1000.0,-940.267501329204,1000.0,1000.0,-7.616799034618566,-0.338514862855277,-0.0269641233697939,-82.26051646174358,-651.1918401746267,940.267501329204,-0.0133064631969546, Neutralism,COVID
SRR13077741.bin.35.fbc2XSRR13077741.bin.40.fbc2 ,-0.1677213857770993,-0.1677213857770993,996.321854793288,-0.0032223128871464,-1000.0,999.7484018097698,-605.653560106091,-12.604817990123706,-6.289729193850803,-0.2795356429618323,-0.0222661820503162,731.6930424495449,-497.4192471949279,-999.74840180977,-0.0109880869451899,-0.1830071674467035,-0.1830071674467035,3.6781452067118607,-0.0035159878472086,1000.0,-1000.0,960.7594573152256,479.4665256380117,-6.862962158583059,-0.305011945744468,-0.0242954760241218,268.3069575504551,-502.5807528050721,1000.0,-0.0119895185589484, Neutralism,COVID
SRR13077741.bin.29.fbc2XSRR13077741.bin.8.fbc2 ,-0.0628997920508709,-0.0628997920508709,422.42194199386586,-0.001208449415003,-1000.0,999.9056442696764,-0.8628077119024056,-1000.0,-2.358808666626487,-0.1048329867514894,-0.0083503854576747,998.9357611658738,-475.3958999266556,-999.9056442696766,-0.004120812505107,-0.2031106160901572,-0.2031106160901572,577.5780580061341,-0.0039022212505415,1000.0,-940.282610736866,1000.0,1000.0,-7.616862725550845,-0.3385176934835954,-0.0269643488411475,-82.2455954311747,-524.6041000733444,940.282610736866,-0.013306574464309, Amensalism,COVID
SRR13077741.bin.35.fbc2XSRR13077741.bin.44.fbc2 ,-0.1463500952111189,-0.1463500952111189,508.34190272122646,-0.0028117213297491,-1000.0,999.7804607985768,616.4100306317368,-834.042703224379,-5.48828321509086,-0.2439168253519028,-0.0194289943882495,0.0,-705.1250440893009,-999.7804607985768,-0.0095879697342979,-0.1297624049119576,-0.1297624049119576,491.6580972787736,-0.0024930337158366,999.8053439274636,-1000.0,-242.06360167783052,-165.957296775621,-4.866227301052618,-0.2162706748532628,-0.0172268629768268,1000.0,-294.8749559106991,1000.0,-0.0085012449711712, Amensalism,COVID
SRR13077741.bin.6.fbc2XSRR13077741.bin.17.fbc2 ,-0.0747426437014837,-0.0747426437014837,877.8764739024487,-0.0014359777848085,999.7914529463062,-1000.0,-651.6712296962137,-865.6415032078891,-2.802928117582269,-0.1245710728356925,-0.0099226064933191,843.6110643020247,-1.3125092238468596,1000.0,-0.0048966842463187,-0.0869200010353097,-0.0869200010353097,122.12352609755136,-0.0016699327768492,-1000.0,1000.0,1000.0,-11.362166949302946,-3.259591885128657,-0.1448666683922965,-0.0115392354880441,156.38893569797528,-608.3491027914488,-1000.0,-0.0056944707690718, Amensalism,COVID
SRR13077741.bin.28.fbc2XSRR13077741.bin.44.fbc2 ,-0.0890324370398047,-0.0890324370398047,6.139475017198606,-0.0017105175223832,-1000.0,999.8664427918524,1000.0,-14.538167367605295,-3.3388104674572787,-0.1483873950663792,-0.0118196760796536,0.0,-447.4769515888816,-999.8664427918526,-0.005832864751369,-0.1314838289436011,-0.1314838289436011,993.8605249828016,-0.0025261062237404,999.8027616260532,-1000.0,0.0,-985.4618326323948,-4.930782521229389,-0.2191397149060776,-0.0174553940057649,1000.0,-500.21916497596834,1000.0,-0.0086140222227868, Neutralism,COVID
SRR13077741.bin.46.fbc2XSRR13077741.bin.29.fbc2 ,-0.116223775388903,-0.116223775388903,572.0748191840307,-0.0022329255598378,-1000.0,999.8256531722888,1000.0,-590.5012181452449,-4.358514387988066,-0.1937062923148005,-0.0154295156183934,50.35482728154375,-0.2000812947881058,-999.8256531722888,-0.0076142761589608,-0.0616827467197254,-0.0616827467197254,427.92518081596927,-0.0011850671800175,999.9074699545844,-1000.0,-209.73810875786648,-409.4987818547551,-2.3131681806863758,-0.1028045778663226,-0.008188814213895,949.6451727184564,-493.5959206605433,1000.0,-0.0040410790838905, Competition,COVID
SRR13077741.bin.40.fbc2XSRR13077741.bin.8.fbc2 ,-0.1830071674467035,-0.1830071674467035,3.67814520671152,-0.0035159878472086,-1000.0,1000.0,215.39400388355125,648.0616255294146,-6.862962158583059,-0.305011945744468,-0.0242954760241218,717.4197397481651,-339.6523995096318,-1000.0,-0.0119895185589484,-0.2216905964797888,-0.2216905964797888,996.3218547932884,-0.0042591853310796,1000.0,-679.63735620991,784.6059961164488,351.93837447058536,-8.313631623183369,-0.3694843274662389,-0.0294309706373496,282.58026025183494,-660.3476004903682,679.63735620991,-0.0145238219787415, Neutralism,COVID
SRR13077741.bin.40.fbc2XSRR13077741.bin.44.fbc2 ,-0.183043229361715,-0.183043229361715,13.943301292392109,-0.003516680679354,-1000.0,1000.0,222.734087598858,975.9296465382672,-6.864314518500351,-0.3050720489361538,-0.0243002634945241,0.0,-508.8450743611182,-1000.0,-0.0119918811167281,-0.1314838289436011,-0.1314838289436011,571.7108840229555,-0.0025261062237404,999.8027616260532,-1000.0,-292.6109528900847,-94.79597730467016,-4.930782521229389,-0.2191397149060776,-0.0174553940057649,1000.0,-258.01041308770914,1000.0,-0.0086140222227868, Neutralism,COVID
SRR13077741.bin.6.fbc2XSRR13077741.bin.46.fbc2 ,-0.0851402741996025,-0.0851402741996025,1000.0,-0.0016357401383402,999.7624414597116,-1000.0,-1000.0,-982.6413679849624,-3.19285024819294,-0.1419004569993376,-0.0113029643557638,960.967846138873,-18.715714960536843,1000.0,-0.0055778738716298,-0.0732718228117619,-0.0732718228117619,0.0,-0.0014077199386974,-1000.0,999.8900852271828,273.3059393645285,-17.358632015037642,-2.747770780039559,-0.1221197046863835,-0.0097273447767065,39.03215386112697,-0.1261387451114615,-999.8900852271826,-0.0048003249911516, Amensalism,COVID
SRR13077741.bin.28.fbc2XSRR13077741.bin.17.fbc2 ,-0.0890324370398047,-0.0890324370398047,5.304648387814154,-0.0017105175223832,999.8664427918524,-1000.0,906.3938518315106,-13.70334073822039,-3.3388104674572787,-0.1483873950663792,-0.0118196760796536,1.917626983988612,-400.6719702775997,1000.0,-0.005832864751369,-0.0875676011786481,-0.0875676011786481,994.6953516121856,-0.0016823746624368,-1000.0,1000.0,-871.96119853611,-986.2966592617796,-3.283877574807093,-0.1459460019644893,-0.0116252089172803,993.098306992649,-500.0328399534104,-1000.0,-0.0057368975988083, Neutralism,COVID
SRR13077741.bin.17.fbc2XSRR13077741.bin.8.fbc2 ,-0.0871175037375451,-0.0871175037375451,228.7466341690804,-0.0016737272571845,-1000.0,1000.0,891.4892075265152,-228.69998181133224,-3.266998445157583,-0.1451958395625752,-0.011565455347295,217.77098356995657,-505.6357024062286,-1000.0,-0.0057074099470355,-0.2117041366365128,-0.2117041366365128,771.2533658309196,-0.0040673225098544,999.6824234584328,-1000.0,13.660943627221968,1000.0,-7.939128826606179,-0.3528402277274836,-0.028105198542903,111.71923726393538,-494.3642975937714,1000.0,-0.0138695697585262, Neutralism,COVID
SRR13077741.bin.46.fbc2XSRR13077741.bin.35.fbc2 ,-0.1286590395229723,-0.1286590395229723,686.3434345447381,-0.0024718355335835,-1000.0,999.806999081538,342.4971400758475,-989.6420870959944,-4.824849933064343,-0.2144317325381735,-0.0170803835370634,861.3123607379907,-0.2144564508935218,-999.806999081538,-0.0084289591694641,-0.1378237676560729,-0.1378237676560729,313.6565654552619,-0.0026479110019863,0.0,-0.206748891039183,657.5028599241525,-10.357912904005502,-5.168536922209682,-0.229706279426864,-0.0182970650240577,138.68763926200927,-999.7855435491064,0.206748891039183,-0.0090293765169917, Competition,COVID
SRR13077741.bin.29.fbc2XSRR13077741.bin.35.fbc2 ,-0.0810644838089729,-0.0810644838089729,686.3434345447379,-0.0015574348474274,-1000.0,999.8783954871124,521.7771053288732,-989.6420870959946,-3.0400038017547786,-0.1351074730150685,-0.0107618747957758,812.0305690644377,-491.5836532331555,-999.8783954871122,-0.0053108528297798,-0.1378237676560729,-0.1378237676560729,313.6565654552621,-0.0026479110019863,0.0,-0.206748891039183,-210.14399497407877,-10.357912904005389,-5.168536922209682,-0.229706279426864,-0.0182970650240577,187.9694309355623,-508.4163467668445,0.206748891039183,-0.0090293765169917, Competition,COVID
SRR13077741.bin.6.fbc2XSRR13077741.bin.29.fbc2 ,-0.0221837735965664,-0.0221837735965664,260.5555808359095,-0.000426201221785,-1000.0,999.9381027965526,408.9264867533918,-259.1978288805548,-0.8319149509400177,-0.0369729559943152,-0.0029450504429178,254.91228668467147,-0.3895554936694907,-999.9381027965526,-0.0014533461664996,-0.0838759463897531,-0.0838759463897531,739.4444191640905,-0.0016114494983412,999.874178023168,-1000.0,591.0735132466082,-740.8021711194452,-3.14543661933692,-0.1397932439829219,-0.0111351160336425,745.0877133153285,-491.291759139844,1000.0,-0.0054950427894482, Competition,COVID
SRR13077741.bin.46.fbc2XSRR13077741.bin.44.fbc2 ,-0.1135823334718679,-0.1135823334718679,508.341902721226,-0.0021821773962074,-1000.0,999.8296155889052,559.7182289677658,-894.3557454903766,-4.25945752495079,-0.189303889119742,-0.0150788458076931,0.0,-0.1955340055858414,-999.8296155889052,-0.0074412249209672,-0.1297624049119576,-0.1297624049119576,491.658097278774,-0.0024930337158366,999.8053439274636,-1000.0,-171.50429554695268,-105.64425450962337,-4.866227301052618,-0.2162706748532628,-0.0172268629768268,1000.0,-500.2162956051904,1000.0,-0.0085012449711712, Amensalism,COVID
SRR13077741.bin.28.fbc2XSRR13077741.bin.8.fbc2 ,-0.0890324370398047,-0.0890324370398047,5.304648387813813,-0.0017105175223832,-1000.0,999.8664427918524,1000.0,-13.703340738221073,-3.3388104674572787,-0.1483873950663792,-0.0118196760796536,1.9176269839883844,-447.4750443618441,-999.8664427918526,-0.005832864751369,-0.2216184272979262,-0.2216184272979262,994.6953516121862,-0.0042577987953791,1000.0,-1000.0,0.0,612.5597150726908,-8.310925202605517,-0.3693640454964679,-0.0294213896759174,342.3362513935065,-498.0515693289348,1000.0,-0.0145190938920904, Neutralism,COVID
SRR13077741.bin.28.fbc2XSRR13077741.bin.40.fbc2 ,-0.0890324370398047,-0.0890324370398047,6.139475017198606,-0.0017105175223832,-1000.0,999.8664427918524,906.2250280172392,-14.538167367604842,-3.3388104674572787,-0.1483873950663792,-0.0118196760796536,1.9176269839883844,-400.5894655975011,-999.8664427918526,-0.005832864751369,-0.1830492684755427,-0.1830492684755427,8.578803545318124,-0.0035167967046163,1000.0,-1000.0,93.77497198276068,751.6316683423802,-6.864540991650529,-0.3050821141258666,-0.024301065228883,118.93910971963692,-279.640791264713,1000.0,-0.0119922767627258, Neutralism,COVID
SRR13077741.bin.46.fbc2XSRR13077741.bin.17.fbc2 ,-0.1385513425891531,-0.1385513425891531,879.8889666643452,-0.0026618893868999,-1000.0,999.7921596766694,0.0,-1000.0,-5.195821751007543,-0.2309189043152173,-0.0183936556636581,840.7281186820601,-198.3914323214226,-999.7921596766694,-0.0090770428093946,-0.0868544631966869,-0.0868544631966869,120.11103333565484,-0.0016686736445308,0.0,0.0,1000.0,0.0,-3.2571341469264325,-0.144757438661145,-0.0115305348836045,159.27188131793991,-612.7668557669508,0.0,-0.0056901771278035, Neutralism,COVID
SRR13077741.bin.6.fbc2XSRR13077741.bin.40.fbc2 ,-0.0643150743753722,-0.0643150743753722,996.323630734691,-0.0012356402377236,-1000.0,999.82054796827,-852.7849139549196,-1000.0,-2.411883249288394,-0.1071917906256203,-0.0085382740428485,969.4589205536518,-7.492348155155355,-999.8205479682704,-0.0042135332107591,-0.1829188049739514,-0.1829188049739514,3.676369265308949,-0.0035142902012239,1000.0,-1000.0,1000.0,985.0219545907584,-6.859648472483741,-0.3048646749565478,-0.0242837452904041,2.927140165857736,-898.4787990799581,1000.0,-0.0119837295861771, Amensalism,COVID
SRR13077741.bin.29.fbc2XSRR13077741.bin.17.fbc2 ,-0.0880846301148494,-0.0880846301148494,863.459664511443,-0.0016923079753041,999.8678645932878,-1000.0,327.91894776470554,757.2848185831854,-3.303266706247541,-0.1468077168581203,-0.0116938481094166,659.5811261721128,-332.84804178463,1000.0,-0.0057707701957951,-0.0869306694592069,-0.0869306694592069,136.54033548855705,-0.0016701377418257,-1000.0,1000.0,672.0810522352945,-11.970573085998469,-3.2599919622950893,-0.1448844490986403,-0.0115406517955989,340.4188738278872,-628.1098865682807,-1000.0,-0.0056951696994929, Amensalism,COVID
SRR13077741.bin.28.fbc2XSRR13077741.bin.6.fbc2 ,-0.0889952892212022,-0.0889952892212022,4.467956773782476,-0.0017098038274525,-1000.0,999.866498517149,1000.0,0.0,-3.3374173850040734,-0.1483254820352613,-0.0118147444479745,-2.278912031477944,-434.842434545729,-999.8664985171492,-0.0058304310517769,-0.0847598711347927,-0.0847598711347927,995.5320432262174,-0.0016284317221106,999.7635028610008,-1000.0,-345.03997526057435,-1000.0,-3.1785847312988835,-0.1412664518912834,-0.0112524631996393,978.2534951595552,-251.46107824635283,1000.0,-0.0055529521723656, Neutralism,COVID
SRR13077741.bin.35.fbc2XSRR13077741.bin.8.fbc2 ,-0.1378237676560729,-0.1378237676560729,313.65656545526235,-0.0026479110019863,-1000.0,999.7932511089608,-1000.0,-235.58483304379783,-5.168536922209682,-0.229706279426864,-0.0182970650240577,972.1565606915606,-326.5455412957192,-999.7932511089608,-0.0090293765169917,-0.2079366184779019,-0.2079366184779019,686.3434345447376,-0.003994939836275,999.6880750975838,-1000.0,196.5243029890455,1000.0,-7.797842914613625,-0.3465610307965789,-0.0276050342686176,-23.932413839969627,-673.4544587042808,1000.0,-0.0136227448416548, Amensalism,COVID
SRR13077741.bin.28.fbc2XSRR13077741.bin.29.fbc2 ,-0.0889952892212022,-0.0889952892212022,4.467956773782476,-0.0017098038274525,-1000.0,999.866498517149,906.0540409671896,-12.863144860901912,-3.3374173850040734,-0.1483254820352613,-0.0118147444479745,1.0823485679004534,-400.73259989022495,-999.8664985171492,-0.0058304310517769,-0.0962061558276445,-0.0962061558276445,995.5320432262174,-0.0018483411301986,999.8556815245528,-1000.0,93.94595903281038,641.0781705971972,-3.607832502299289,-0.1603435930461501,-0.0127720372097428,998.9176514320995,-273.4012360384746,1000.0,-0.0063028432540477, Neutralism,COVID
SRR13077741.bin.6.fbc2XSRR13077741.bin.8.fbc2 ,-0.035967049945043,-0.035967049945043,422.4446101815438,-0.0006910096051342,-1000.0,999.8996446750524,633.8584535751986,-852.8850998064802,-1.3488023784659615,-0.0599450832417005,-0.0047748763711297,451.1725638426056,-0.6315950636686694,-999.8996446750526,-0.0023563427533872,-0.2031089177131662,-0.2031089177131662,577.5553898184562,-0.0039021886208274,1000.0,-345.30721103347,366.1415464248014,862.2301133148039,-7.616799034618566,-0.338514862855277,-0.0269641233697939,-82.26051646174346,-827.4987359270215,345.30721103347014,-0.0133064631969546, Amensalism,COVID
SRR13077741.bin.17.fbc2XSRR13077741.bin.35.fbc2 ,-0.0871175037375451,-0.0871175037375451,121.5315572111424,-0.0016737272571845,-1000.0,1000.0,1000.0,-23.53234859813256,-3.266998445157583,-0.1451958395625752,-0.011565455347295,166.23735621246624,-612.0159044775689,-1000.0,-0.0057074099470355,-0.1625599452272581,-0.1625599452272581,878.4684427888576,-0.0031231497641783,0.0,-0.2438555335896808,-966.7862171101708,-12.21691862716375,-6.096169719259706,-0.2709332420454302,-0.0215809648707363,618.9067279721307,-387.9840955224311,0.2438555335896808,-0.0106499406959983, Neutralism,COVID
SRR13077741.bin.46.fbc2XSRR13077741.bin.8.fbc2 ,-0.1103942168632556,-0.1103942168632556,422.42194199386586,-0.0021209263566106,-1000.0,999.8343980700732,183.4137347272142,-1000.0,-4.1398997833227895,-0.1839903614387594,-0.0146556011244456,904.6636714420644,-0.1840115707024097,-999.8343980700732,-0.0072323588761946,-0.2031106160901572,-0.2031106160901572,577.5780580061341,-0.0039022212505415,1000.0,-897.0271125301175,816.5862652727858,1000.0,-7.616862725550845,-0.3385176934835954,-0.0269643488411475,-82.24559543117459,-551.638786452562,897.0271125301174,-0.013306574464309, Amensalism,COVID
SRR13077741.bin.29.fbc2XSRR13077741.bin.40.fbc2 ,-0.1018007261520779,-0.1018007261520779,996.3218547932884,-0.0019558256705067,-1000.0,999.8472891316436,917.0326029905788,-1000.0,-3.817634801115787,-0.1696678769201298,-0.0135147553835395,864.6448389482425,-487.07344940779217,-999.8472891316436,-0.0066693655365952,-0.1830071674467035,-0.1830071674467035,3.678145206711747,-0.0035159878472086,1000.0,-1000.0,82.96739700942112,726.920640444921,-6.862962158583059,-0.305011945744468,-0.0242954760241218,135.3551610517577,-251.55398532124295,1000.0,-0.0119895185589484, Neutralism,COVID
SRR13077741.bin.17.fbc2XSRR13077741.bin.44.fbc2 ,-0.0874978720198669,-0.0874978720198669,508.7966219764173,-0.0016810350051628,-1000.0,1000.0,1000.0,798.9353246484116,-3.281262657668208,-0.1458297866996645,-0.0116159518858012,78.64058136500535,-529.7443778071759,-1000.0,-0.0057323293676745,-0.1280371740275541,-0.1280371740275541,491.2033780235827,-0.0024598880696657,999.8079319395184,-1000.0,0.0,-842.0964436077329,-4.801529319878114,-0.2133952900459235,-0.0169978265615782,921.3594186349948,-470.25562219282415,1000.0,-0.008388218317691, Neutralism,COVID
SRR13077741.bin.28.fbc2XSRR13077741.bin.46.fbc2 ,-0.0889952892212022,-0.0889952892212022,4.467956773782476,-0.0017098038274525,999.866498517149,-1000.0,936.5580702087582,0.0,-3.3374173850040734,-0.1483254820352613,-0.0118147444479745,1.082348567900567,-403.1214696501066,1000.0,-0.0058304310517769,-0.1450671375494039,-0.1450671375494039,995.5320432262174,-0.0027870727675463,-1000.0,999.782385358312,63.44192979124182,-1000.0,-5.44017094710523,-0.2417785625823398,-0.0192586728235255,998.9176514320992,-145.63745145521864,-999.782385358312,-0.009503918137284, Neutralism,COVID
SRR13077741.bin.17.fbc2XSRR13077741.bin.40.fbc2 ,-0.0875602327766955,-0.0875602327766955,972.268299585711,-0.0016822330984496,-1000.0,999.7556892871056,784.1582023963974,42.54047415387572,-3.283601251944788,-0.1459337212944547,-0.0116242307105949,752.8381806419593,-608.835222955942,-999.7556892871056,-0.0057364148658507,-0.1830492684755427,-0.1830492684755427,27.73170041428898,-0.0035167967046163,1000.0,-1000.0,215.84179760360257,957.4595258461244,-6.864540991650529,-0.3050821141258666,-0.024301065228883,247.1618193580407,-175.10000670829004,1000.0,-0.0119922767627258, Neutralism,COVID
SRR13077741.bin.29.fbc2XSRR13077741.bin.44.fbc2 ,-0.08667551553674,-0.08667551553674,841.2828047790099,-0.0016652356491704,-1000.0,999.8699784005166,299.2327086217324,719.0073681918477,-3.2504234205882767,-0.1444591925612712,-0.0115067783353879,669.6056609725101,-335.5988445074028,-999.8699784005166,-0.0056784535635188,-0.1007991912750867,-0.1007991912750867,158.7171952209901,-0.0019365838861631,999.848791530168,-1000.0,700.7672913782676,-111.65917123346082,-3.7800761849314313,-0.1679986521252203,-0.0133817946534691,330.3943390274899,-454.8797068266231,1000.0,-0.0066037510517844, Competition,COVID
SRR13077741.bin.28.fbc2XSRR13077741.bin.35.fbc2 ,-0.0890324370398047,-0.0890324370398047,5.304648387814154,-0.0017105175223832,-1000.0,999.8664427918524,1000.0,-13.703340738220732,-3.3388104674572787,-0.1483873950663792,-0.0118196760796536,1.917626983988612,-447.4750443618442,-999.8664427918526,-0.005832864751369,-0.1676501523751312,-0.1676501523751312,994.6953516121856,-0.0032209443299962,0.0,-0.2514913332843207,0.0,-12.599464563887976,-6.287057866005512,-0.2794169206251808,-0.0222567253200622,331.0682939678277,-552.5249556381558,0.2514913332843207,-0.0109834201651892, Neutralism,COVID
SRR13077741.bin.6.fbc2XSRR13077741.bin.44.fbc2 ,-0.0790074523318935,-0.0790074523318935,927.9680277589086,-0.0015179145500496,-1000.0,999.7795532698912,-1000.0,-935.50999169097,-2.96286294774518,-0.1316790872198225,-0.0104887895411138,891.7474369212164,-251.36191889341467,-999.7795532698912,-0.0051760886158263,-0.0922215705347753,-0.0922215705347753,72.03197224109135,-0.0017717880986083,999.8616587852576,-1000.0,1000.0,-64.49000830902992,-3.458406343397428,-0.153702617557883,-0.0122430557617008,108.25256307878362,-500.1537203354388,1000.0,-0.006041797416401, Amensalism,COVID
SRR13077741.bin.6.fbc2XSRR13077741.bin.35.fbc2 ,-0.0584354682122238,-0.0584354682122238,686.3434345447376,-0.0011226795045331,-1000.0,999.836953255553,-1000.0,-683.9039907569941,-2.1913918053318184,-0.097392447020411,-0.0077577153764423,669.0554780961679,-1.026149025912673,-999.836953255553,-0.0038283371105762,-0.1378237676560729,-0.1378237676560729,313.65656545526235,-0.0026479110019863,0.0,-0.206748891039183,0.0,-316.09600924300594,-5.168536922209682,-0.229706279426864,-0.0182970650240577,5.293658596963041,-768.2246159262694,0.206748891039183,-0.0090293765169917, Competition,COVID
SRR13077751.bin.29.fbc2XSRR13077751.bin.41.fbc2 ,-0.2328239640257834,-0.2328239640257834,935.5784814052422,-0.0044730828823276,-1000.0,999.650741688547,1000.0,591.5525740638545,-8.731144670523463,-0.3880399400428587,-0.0309090027169531,298.4977519939507,-999.947276221124,-999.650741688547,-0.0152532126287496,-0.0113612917789396,-0.0113612917789396,64.4215185947578,-0.0002182764991403,0.0,-0.0170430290510239,0.0,-985.9277264709884,-0.4260604469196778,-0.0189354862983464,-0.0015082906088537,-928.0317849954788,-0.052723778876043,0.0170430290510239,-0.0007443228620331, Amensalism,COVID
SRR13077751.bin.14.fbc2XSRR13077751.bin.35.fbc2 ,-0.1778918472934947,-0.1778918472934947,309.97418435836903,-0.003417710802978,-1000.0,1000.0,-1000.0,-241.70900526490092,-6.671132247601804,-0.2964864121559003,-0.0236163816483667,774.4117380037733,-500.0667137148736,-1000.0,-0.0116543938380573,-0.0898463624612304,-0.0898463624612304,690.025815641631,-0.0017261548983924,999.7493105241064,-1000.0,440.24182976752127,101.69780029118692,-3.3693335308170163,-0.1497439374354598,-0.0119277303479066,225.58826199622672,-440.722255277851,1000.0,-0.0058861882034761, Neutralism,COVID
SRR13077751.bin.11.fbc2XSRR13077751.bin.62.fbc2 ,-0.1799025130012523,-0.1799025130012523,485.20743771725006,-0.0034563403073661,-1000.0,1000.0,649.4975543143528,505.0329143583306,-6.746534336264176,-0.2998375216687918,-0.0238833115242869,-5.0256295878532455,-706.0999515007563,-1000.0,-0.0117861204482778,-0.0451921350785369,-0.0451921350785369,514.7925622827499,-0.0008682446700731,999.9322074561588,-1000.0,-934.001753229097,-1000.0,-1.6947528189039076,-0.0753202251310085,-0.005999570670383,1000.0,-13.682090373365211,1000.0,-0.0029607143250132, Amensalism,COVID
SRR13077751.bin.42.fbc2XSRR13077751.bin.66.fbc2 ,-0.2082097819146611,-0.2082097819146611,2.763407178584089,-0.004000187933002,-1000.0,999.6876653261884,1000.0,959.2870733049176,-7.808086832135586,-0.347016303191026,-0.0276412986172545,11.734219196524691,-762.078113481832,-999.6876653261884,-0.0136406408516904,-0.1720420646390721,-0.1720420646390721,997.2365928214158,-0.0033053230478117,1000.0,-999.1859402998224,-327.02717707386137,40.71292669508239,-6.451759216734672,-0.2867367743984914,-0.022839782260462,988.2657808034752,-237.921886518168,999.1859402998224,-0.0112711515930641, Amensalism,COVID
SRR13077751.bin.67.fbc2XSRR13077751.bin.29.fbc2 ,-0.1124397159080672,-0.1124397159080672,233.8306301462885,-0.0021602250894829,-1000.0,999.8313296250126,-1000.0,270.20169191053947,-4.216608158932331,-0.1873995265134453,-0.0149271553683547,490.9603247907926,-498.3690975644675,-999.8313296250124,-0.0073663675551642,-0.18059650215082,-0.18059650215082,766.1693698537115,-0.0034696734322778,0.0,-0.5039006725717172,944.265043727707,729.7983080894605,-6.772559662693311,-0.3009941702513288,-0.0239754434171572,103.4129376029248,-501.6309024355325,0.5039006725717172,-0.0118315864041278, Competition,COVID
SRR13077751.bin.67.fbc2XSRR13077751.bin.19.fbc2 ,-0.1822611842513879,-0.1822611842513879,1000.0,-0.0035016557973222,-1000.0,999.726590715344,-263.3352178953031,-27.44849933170451,-6.834987000496767,-0.3037686404189799,-0.0241964415596385,1000.0,-868.3323910523485,-999.726590715344,-0.0119406462689539,0.0,0.0,0.0,0.0,1000.0,-1000.0,-736.6647821046969,1000.0,0.0,0.0,0.0,0.0,-131.6676089476515,1000.0,0.0, Amensalism,COVID
SRR13077751.bin.42.fbc2XSRR13077751.bin.29.fbc2 ,-0.2203543633651179,-0.2203543633651179,0.0,-0.0042335132251309,-1000.0,999.6694472873862,185.3205114529437,416.1051560312667,-8.26352146941997,-0.3672572722751965,-0.0292535763852583,705.7755300569929,-553.3575460938337,-999.6694472873862,-0.0144362800974704,-0.189306882791584,-0.189306882791584,1000.0,-0.0036370198422446,0.0,-0.2839785092866123,814.6794885470563,583.8948439687333,-7.099208140777137,-0.3155114713193825,-0.0251318071102559,294.2244699430071,-446.6424539061664,0.2839785092866123,-0.012402237662286, Competition,COVID
SRR13077751.bin.29.fbc2XSRR13077751.bin.66.fbc2 ,-0.2356474221735425,-0.2356474221735425,957.0476547404776,-0.0045273279956745,-1000.0,999.6465062300996,360.2334316415513,351.95435913366464,-8.837027334547429,-0.3927457036226087,-0.0312838364499157,961.7321920990572,-1000.0,-999.6465062300996,-0.0154381884651684,-0.0898399696078513,-0.0898399696078513,42.95234525952242,-0.0017260320770446,999.8652314154278,-1000.0,77.84033825573351,648.0456408663354,-3.369093792056788,-0.1497332826796764,-0.0119268816520161,38.2678079009429,0.0,1000.0,-0.0058857693825302, Amensalism,COVID
SRR13077751.bin.14.fbc2XSRR13077751.bin.67.fbc2 ,-0.1778918472934947,-0.1778918472934947,14.506883628416745,-0.003417710802978,-1000.0,1000.0,-487.238482667028,1000.0,-6.671132247601804,-0.2964864121559003,-0.0236163816483667,28.13158524787377,-500.0667137148736,-1000.0,-0.0116543938380573,-0.1809391633564701,-0.1809391633564701,985.4931163715833,-0.0034762567407824,999.7285738736816,-1000.0,-512.7615173329721,0.0,-6.785409819987763,-0.3015652722607456,-0.024020934078635,971.8684147521262,-499.9332862851264,1000.0,-0.0118540354859533, Neutralism,COVID
SRR13077751.bin.11.fbc2XSRR13077751.bin.9.fbc2 ,-0.1796076168812987,-0.1796076168812987,497.7441305113448,-0.0034506746759461,-1000.0,1000.0,660.0015825883743,493.98246287219513,-6.735475420154103,-0.2993460281354601,-0.0238441620105049,-8.521027031204994,-703.5186402540165,-1000.0,-0.0117668006448639,-0.052062787785303,-0.052062787785303,5.150385049783608,-0.0010002456826896,999.9219008170936,-1000.0,339.9984174116257,506.01753712780487,-1.9524095554627363,-0.0867713129755429,-0.0069116976675331,1.0286026478204349,-296.48135974598347,1000.0,-0.0034108377780057, Amensalism,COVID
SRR13077751.bin.70.fbc2XSRR13077751.bin.11.fbc2 ,-0.0760086072355079,-0.0760086072355079,541.1186290453954,-0.0014602998508053,-1000.0,999.8859797876476,123.19660114803992,469.9798920951703,-2.8504030878219737,-0.1266810120590662,-0.0100906719692375,26.36241965000977,-165.52702777800937,-999.8859797876476,-0.0049796224913052,-0.1796458026733489,-0.1796458026733489,458.88137095460456,-0.003451408312685,1000.0,-1000.0,646.7671348617089,530.0201079048297,-6.736907427706797,-0.2994096711222482,-0.0238492314404084,-8.400210121738041,-715.8007198257177,1000.0,-0.0117693023461242, Amensalism,COVID
SRR13077751.bin.14.fbc2XSRR13077751.bin.19.fbc2 ,-0.1778918472934947,-0.1778918472934947,14.506883628416858,-0.003417710802978,-1000.0,1000.0,-135.76624023100248,978.1370351648338,-6.671132247601804,-0.2964864121559003,-0.0236163816483667,21.60109919165791,-500.0667137148736,-1000.0,-0.0116543938380573,-0.0833439988593909,-0.0833439988593909,985.4931163715833,-0.0016012295650398,0.0,0.0,-864.2337597689975,1.0241464297884022,-3.1254880248544623,-0.1389066647657273,-0.0110644962943524,978.3989008083422,-499.9332862851264,0.0,-0.005460192816713, Neutralism,COVID
SRR13077751.bin.56.fbc2XSRR13077751.bin.62.fbc2 ,-0.0885503014197865,-0.0885503014197865,491.1056177127823,-0.0017012545902161,-1000.0,999.8671660415972,339.352237745225,23.382740602057083,-3.3207298722443284,-0.1475838356996064,-0.0117556692182461,0.0,-497.8981658774263,-999.8671660415972,-0.0058012781526031,-0.0887710785971194,-0.0887710785971194,508.8943822872177,-0.0017054962266911,1000.0,-992.3177040655784,-888.1357969991318,-544.0514506959198,-3.329009249683736,-0.1479517976617899,-0.0117849789261299,1000.0,-502.1018341225737,992.3177040655784,-0.0058157421328814, Neutralism,COVID
SRR13077751.bin.66.fbc2XSRR13077751.bin.13.fbc2 ,-0.1722801046780659,-0.1722801046780659,1000.0,-0.0033098963434667,-9.331157716400869,1000.0,169.70773185000553,-1000.0,-6.460685969728388,-0.2871335077968524,-0.0228713837334453,993.9736275954753,-729.2233277084244,-1000.0,-0.0112867465312547,0.0,0.0,0.0,0.0,1000.0,-1000.0,-1000.0,0.0,0.0,0.0,0.0,0.0,0.0,1000.0,0.0, Amensalism,COVID
SRR13077751.bin.65.fbc2XSRR13077751.bin.13.fbc2 ,-0.1691632033229098,-0.1691632033229098,1000.0,-0.0032500135124564,-1000.0,1000.0,1000.0,859.929146383191,-6.343798875350785,-0.2819386722047738,-0.0224575933709729,1000.0,-781.5629123488493,-1000.0,-0.0110825460774321,0.0,0.0,0.0,0.0,1000.0,-1000.0,0.0,0.0,0.0,0.0,0.0,0.0,0.0,1000.0,0.0, Amensalism,COVID
SRR13077751.bin.46.fbc2XSRR13077751.bin.41.fbc2 ,0.0,0.0,0.0,0.0,-499.9999999999994,1000.0,-1000.0,0.0,0.0,0.0,0.0,0.0,-125.00000000000011,-1000.0,0.0,-0.1748478973408964,-0.1748478973408964,1000.0,-0.0033592295358175,-0.2622886421589783,0.0,750.0000000000005,1000.0,-6.556980907907132,-0.2914131622347895,-0.0232122760927495,-358.93879168198043,-874.9999999999999,0.0,-0.0114549727172743, Amensalism,COVID
SRR13077751.bin.10.fbc2XSRR13077751.bin.13.fbc2 ,-0.0039717416175335,-0.0039717416175335,27.672598946629023,-7.630627510479826e-05,-1000.0,1000.0,0.0,-18.07702194289857,-0.1489445075030744,-0.0066195693625559,-0.000527276360799,-1.0894228678577065,-0.4837727286480913,-1000.0,-0.0002602043980459,-0.0792673601994238,-0.0792673601994238,972.327401053371,-0.0015229079768914,1000.0,-1000.0,1000.0,-978.621564492956,-2.972609767415179,-0.1321122669990018,-0.0105232941206168,0.8734181829307772,-486.4871433373664,1000.0,-0.0051931162013261, Amensalism,COVID
SRR13077751.bin.66.fbc2XSRR13077751.bin.17.fbc2 ,-0.1722801046780659,-0.1722801046780659,1000.0,-0.0033098963434667,-747.0733255300261,1000.0,-50.70572148291512,268.91742871067413,-6.460685969728388,-0.2871335077968524,-0.0228713837334453,991.016775828979,-749.6945899646673,-1000.0,-0.0112867465312547,-0.0715084308702671,-0.0715084308702671,0.0,-0.0013738411309986,999.892730484489,-1000.0,137.34749392369554,731.0825712893259,-2.6816417188952077,-0.1191807181170361,-0.0094932422153988,8.983224171021106,-250.30541003533267,1000.0,-0.0046847982567896, Amensalism,COVID
SRR13077751.bin.50.fbc2XSRR13077751.bin.19.fbc2 ,-0.1756212383393261,-0.1756212383393261,998.6164418826312,-0.0033740871919178,-1000.0,1000.0,-589.6268010274526,-4.391831585109227,-6.585982012520285,-0.2927020638988769,-0.0233149424961526,998.6264091041702,-599.0705788151706,-1000.0,-0.01150563732444,-0.0001170085076017,-0.0001170085076017,1.3835581173686933,-2.2480020672767387e-06,0.0,0.0,799.2417976349811,0.0014325767841683,-0.0043879426751805,-0.0001950141793363,-1.5533694284886142e-05,1.373590895829753,-400.92942118482944,0.0,-7.665687049415593e-06, Amensalism,COVID
SRR13077751.bin.65.fbc2XSRR13077751.bin.50.fbc2 ,-0.1656806597608238,-0.1656806597608238,999.9389743893772,-0.0031831058551006,-1000.0,1000.0,894.6370947347464,854.1453074146943,-6.213199811853883,-0.2761344329347821,-0.0219952614590965,998.2238615578552,-498.420327465763,-1000.0,-0.0108543909660738,-0.087951904552824,-0.087951904552824,0.0610256106230053,-0.0016897580125032,1000.0,-1000.0,105.36290526525364,-1.344388372358594,-3.2982893574233003,-0.1465865075881538,-0.011676227866701,1.7761384421445428,-501.579672534237,1000.0,-0.0057620748227691, Amensalism,COVID
SRR13077751.bin.65.fbc2XSRR13077751.bin.73.fbc2 ,-0.1614352374009513,-0.1614352374009513,971.2938485284812,-0.0031015415446518,-1000.0,1000.0,213.42968271012364,700.0894219159763,-6.053991987320501,-0.2690587290015855,-0.0214316520738293,978.0343709871522,-499.9903494095721,-1000.0,-0.0105762566673774,-0.0441012494968617,-0.0441012494968617,28.70615147151875,-0.0008472862535882,999.9338438893232,-1000.0,786.5703172898764,299.91057808402365,-1.653843456877894,-0.0735020824948833,-0.0058547480119841,21.965629012847785,-500.0096505904279,1000.0,-0.0028892461245959, Amensalism,COVID
SRR13077751.bin.66.fbc2XSRR13077751.bin.50.fbc2 ,-0.086683946422454,-0.086683946422454,6.314067250293192,-0.001665397625743,0.0,670.1194031114176,733.9196248617957,-36.06220509548041,-3.250739587712133,-0.1444732440374991,-0.0115078975942424,2.8948795830254994,-167.56235933950984,-670.1194031114176,-0.0056790059039713,-0.17533777477081,-0.17533777477081,993.6859327497068,-0.0033686412059523,1000.0,-1000.0,-176.34615161118472,-2.6801246298832666,-6.575351829172519,-0.2922296246180167,-0.0232773107333059,997.1051204169744,-804.3586756125707,1000.0,-0.0114870665123589, Amensalism,COVID
SRR13077751.bin.42.fbc2XSRR13077751.bin.55.fbc2 ,-0.2765045500809719,-0.2765045500809719,971.378421399408,-0.0053122872253652,-1000.0,999.5852166134424,679.0226392606037,63.369611346827696,-10.369212803833308,-0.4608409168015441,-0.0367079047273364,990.447430469548,-493.9237557009801,-999.5852166134424,-0.0181148994385011,-0.089139025419854,-0.089139025419854,28.621578600591874,-0.0017125653298535,1000.0,-1000.0,-335.91588927189525,936.6303886531724,-3.3428076443367445,-0.1485650423663855,-0.0118338264294379,9.552569530452049,-506.0762442990199,1000.0,-0.0058398477748369, Amensalism,COVID
SRR13077751.bin.10.fbc2XSRR13077751.bin.35.fbc2 ,-0.0770207749203564,-0.0770207749203564,536.6323442375028,-0.0014797459158444,-1000.0,1000.0,136.50940041126933,-342.49873688551,-2.8883604455376144,-0.1283679582005561,-0.0102250442785134,-21.12629712055605,-9.381413504142188,-1000.0,-0.0050459335731147,-0.0838057664382176,-0.0838057664382176,463.3676557624972,-0.0016101011804039,999.766165005575,-1000.0,376.9178628247794,189.53150119475023,-3.142804796998348,-0.1396762773970294,-0.0111257991563888,150.05517817599593,-601.0454511237069,1000.0,-0.0054904450250887, Neutralism,COVID
SRR13077751.bin.67.fbc2XSRR13077751.bin.46.fbc2 ,-0.1822611842513879,-0.1822611842513879,1000.0,-0.0035016557973222,-1000.0,999.726590715344,0.0,-27.44849933170417,-6.834987000496767,-0.3037686404189799,-0.0241964415596385,1000.0,-753.7429771815961,-999.726590715344,-0.0119406462689539,0.0,0.0,0.0,0.0,1000.0,-24.95318121064031,490.0187275157439,-972.5515006682958,0.0,0.0,0.0,0.0,-246.25702281840395,24.9531812106402,0.0, Amensalism,COVID
SRR13077751.bin.70.fbc2XSRR13077751.bin.41.fbc2 ,-0.0024088437645559,-0.0024088437645559,17.148981975532365,-4.627941905255284e-05,-1000.0,999.996386502956,0.0,18.7987854139908,-0.0903341865392803,-0.0040147396075553,-0.0003197907860794,0.835470514491476,-5.245836797073821,-999.996386502956,-0.0001578128191113,-0.1733470140372901,-0.1733470140372901,982.8510180244676,-0.0033303941218036,0.0,-0.2600371730266033,1000.0,981.2012145860092,-6.500696198076184,-0.2889116900621502,-0.0230130233812815,-246.09356906473988,-994.7541632029262,0.2600371730266033,-0.0113566439551959, Amensalism,COVID
SRR13077751.bin.50.fbc2XSRR13077751.bin.17.fbc2 ,-0.1229314461968442,-0.1229314461968442,597.5284231773683,-0.0023617953160055,-1000.0,1000.0,148.9749623410803,-201.25155258989253,-4.610059131126036,-0.2048857436615208,-0.0163200056334744,400.55317261352366,-502.2685484162777,-1000.0,-0.0080537220275118,-0.0813418614130796,-0.0813418614130796,402.4715768226317,-0.0015627639080548,999.877979394061,-1000.0,527.9675509062424,113.92742266226536,-3.050405755003794,-0.1355697690216857,-0.0107986986045034,599.4468273864763,-205.6948283851873,1000.0,-0.0053290249263682, Competition,COVID
SRR13077751.bin.67.fbc2XSRR13077751.bin.73.fbc2 ,-0.1814337835255628,-0.1814337835255628,990.9207138181569,-0.0034857595297808,-1000.0,999.7278318959138,-246.7561755353156,10.477635425025484,-6.8039585989834,-0.3023896392093093,-0.0240865983508911,972.019949634966,-499.9905874517399,-999.727831895914,-0.0118864399966014,-0.0430134448586159,-0.0430134448586159,9.079286181843145,-0.0008263870289511,999.9354757007768,-1000.0,788.843616371247,327.06315948792326,-1.6130496334850477,-0.0716890747643219,-0.005710334370292,27.980050365034003,-500.0094125482601,1000.0,-0.0028179797687926, Amensalism,COVID
SRR13077751.bin.55.fbc2XSRR13077751.bin.62.fbc2 ,-0.089139025419854,-0.089139025419854,459.2561409776813,-0.0017125653298535,-1000.0,1000.0,0.0,365.2414293568122,-3.3428076443367445,-0.1485650423663855,-0.0118338264294379,7.840004200580211,-453.9594893317556,-1000.0,-0.0058398477748369,-0.0903024412207287,-0.0903024412207287,540.7438590223187,-0.001734917218414,1000.0,-816.5755053349329,-773.8740895213177,-748.1970829264225,-3.3864369662258014,-0.1505040687012524,-0.0119882779795261,992.15999579942,-546.0405106682445,816.575505334933,-0.0059160677149066, Amensalism,COVID
SRR13077751.bin.65.fbc2XSRR13077751.bin.17.fbc2 ,-0.1352025655010038,-0.1352025655010038,846.1080042572339,-0.0025975516906555,-1000.0,1000.0,-77.2274813582494,318.78426545237926,-5.070239071628862,-0.2253376091682639,-0.0179490821827812,1000.0,-749.667582580405,-1000.0,-0.0088576512653162,-0.077831915520619,-0.077831915520619,153.89199574276608,-0.0014953297890087,999.88324465007,-1000.0,273.9727497773847,681.2157345476207,-2.9187790751626608,-0.1297198592010318,-0.0103327288423997,0.0,-250.332417419595,1000.0,-0.0050990745806984, Competition,COVID
SRR13077751.bin.29.fbc2XSRR13077751.bin.35.fbc2 ,-0.1875283659517208,-0.1875283659517208,965.8184967778566,-0.0036028504505338,-1000.0,999.71868943682,992.7020816011212,-20.472995485906267,-7.032511879966364,-0.3125472765863151,-0.0248956966133846,263.52556884649425,-284.8473529997177,-999.71868943682,-0.0122857200364023,-0.0546955630029515,-0.0546955630029515,34.18150322214342,-0.0010508273390996,999.8473883455348,-1000.0,-15.663114409123978,650.9590310285339,-2.051141408113608,-0.0911592716715858,-0.0072612169135481,9.478618683172954,-715.1526470002823,1000.0,-0.0035833212265288, Competition,COVID
SRR13077751.bin.42.fbc2XSRR13077751.bin.17.fbc2 ,-0.2826547210820536,-0.2826547210820536,846.1080042572339,-0.0054304461302763,-1000.0,999.5759907661464,726.0272502226146,318.78426545238017,-10.599850715114371,-0.4710912018034605,-0.0375243827603526,1000.0,-749.667582580405,-999.5759907661462,-0.0185178213042718,-0.077831915520619,-0.077831915520619,153.89199574276608,-0.0014953297890087,999.88324465007,-1000.0,273.9727497773854,681.2157345476198,-2.9187790751626608,-0.1297198592010318,-0.0103327288423997,0.0,-250.332417419595,1000.0,-0.0050990745806984, Amensalism,COVID
SRR13077751.bin.56.fbc2XSRR13077751.bin.54.fbc2 ,-0.0885503014197865,-0.0885503014197865,501.40346698672965,-0.0017012545902161,-1000.0,999.8671660415972,-151.62256305912683,19.294625821812247,-3.3207298722443284,-0.1475838356996064,-0.0117556692182461,495.4423729779526,-507.5146626879993,-999.8671660415972,-0.0058012781526031,-0.087413668243812,-0.087413668243812,498.5965330132704,-0.0016794172573781,1000.0,-1000.0,230.23524215794032,207.52606627084333,-3.278104927093296,-0.1456894470730958,-0.0116047732481092,137.73444415201084,-426.5303698933248,1000.0,-0.0057268128474561, Neutralism,COVID
SRR13077751.bin.13.fbc2XSRR13077751.bin.54.fbc2 ,-0.0809989919243889,-0.0809989919243889,988.6452485205466,-0.001556176598001,-1000.0,999.8784937312304,92.9472380347488,-1000.0,-3.0375477868764165,-0.1349983198739437,-0.0107531802919993,1.1355109400072934,-497.2361836767065,-999.8784937312304,-0.0053065621990526,-0.0681624124906647,-0.0681624124906647,11.354751479453398,-0.0013095564358991,1000.0,-1000.0,116.44855029712404,847.7984309164567,-2.55616249400407,-0.1136040208177746,-0.0090490349723495,173.05877533888383,-455.7519787405178,1000.0,-0.0044655874465888, Amensalism,COVID
SRR13077751.bin.29.fbc2XSRR13077751.bin.9.fbc2 ,-0.2153781642275589,-0.2153781642275589,989.2026221169732,-0.0041379090149575,-1000.0,999.6769120641136,322.66962001343563,0.0,-8.076908743529316,-0.3589636070458937,-0.0285929512932625,1000.0,-498.99534065909126,-999.6769120641136,-0.0141102697409678,-0.0877920620245049,-0.0877920620245049,10.797377883026684,-0.0016866870705598,999.868303473528,-1000.0,677.3303799865644,1000.0,-3.2922950937066844,-0.146320103374137,-0.0116550076578505,-0.377919105037563,-501.0046593409088,1000.0,-0.0057516029107773, Neutralism,COVID
SRR13077751.bin.42.fbc2XSRR13077751.bin.56.fbc2 ,-0.2593706974430461,-0.2593706974430461,508.8962454355301,-0.0049831065790613,-1000.0,999.6109190383028,326.4885789083128,243.56521066503436,-9.726675224977043,-0.4322844957384859,-0.0344332664617468,1000.0,-502.1056199320137,-999.6109190383024,-0.016992393434748,-0.0885499654791601,-0.0885499654791601,491.1037545644699,-0.001701248135987,999.8671665455406,-1000.0,339.34905342468664,23.375064326316533,-3.3207172741146,-0.1475832757985244,-0.0117556246198091,0.0,-497.8943800679863,1000.0,-0.0058012561437408, Amensalism,COVID
SRR13077751.bin.14.fbc2XSRR13077751.bin.13.fbc2 ,-0.1778918472934947,-0.1778918472934947,14.506883628416745,-0.003417710802978,-1000.0,1000.0,-1000.0,868.1035565917596,-6.671132247601804,-0.2964864121559003,-0.0236163816483667,164.75011128351184,-500.0667137148736,-1000.0,-0.0116543938380573,-0.0807407400116062,-0.0807407400116062,985.4931163715833,-0.0015512149858523,999.8788811339076,-1000.0,596.0717936034689,-997.7895044912276,-3.027863067258977,-0.1345679000193058,-0.0107188955519177,2.1097299414558397,-499.9332862851264,1000.0,-0.0052896431016051, Neutralism,COVID
SRR13077751.bin.29.fbc2XSRR13077751.bin.62.fbc2 ,-0.2332813500878501,-0.2332813500878501,957.4789276319608,-0.0044818703187274,-1000.0,999.6500555655166,401.57197926419553,-285.4806558768438,-8.748297131163781,-0.3888022501464547,-0.0309697239021033,917.1608746551236,-965.1034135648464,-999.6500555655166,-0.0152831777867277,-0.0069132782792848,-0.0069132782792848,42.52107236803931,-0.0001328199476802,999.9896294184814,-1000.0,-75.0657993862668,-51.13867230898575,-0.2592552405701553,-0.0115221304654369,-0.0009177858388511,82.83912534487627,-34.89658643515361,1000.0,-0.0004529160217998, Amensalism,COVID
SRR13077751.bin.35.fbc2XSRR13077751.bin.54.fbc2 ,-0.0674492949602836,-0.0674492949602836,277.7335204400088,-0.0012958558110085,-1000.0,999.811802860575,209.1274593974861,338.7229886047228,-2.529419833080169,-0.1124154916004727,-0.0089543636537428,90.21604070257648,-596.3560359325731,-999.811802860575,-0.0044188683153834,-0.0862511314038556,-0.0862511314038556,722.2664795599912,-0.0016570822556332,1000.0,-1000.0,790.8725406025139,-627.089355155911,-3.2345085671705647,-0.1437518856731685,-0.0114504383861913,17.156454322624654,-403.6439640674269,1000.0,-0.0056506504915887, Amensalism,COVID
SRR13077751.bin.19.fbc2XSRR13077751.bin.55.fbc2 ,-0.079658704144208,-0.079658704144208,941.9182330992217,-0.0015304265925806,-1000.0,1000.0,-770.8772933162668,-18.292699324700838,-2.987285578871252,-0.1327645069070513,-0.0105752477547866,944.7727235626533,-497.6062792385019,-1000.0,-0.0052187546807545,-0.089139025419854,-0.089139025419854,58.08176690077835,-0.0017125653298535,0.0,0.0,-229.1227066837332,840.8847766776053,-3.3428076443367445,-0.1485650423663855,-0.0118338264294379,9.552569530452049,-502.3937207614981,0.0,-0.0058398477748369, Amensalism,COVID
SRR13077751.bin.65.fbc2XSRR13077751.bin.55.fbc2 ,-0.1525549933709271,-0.1525549933709271,943.3183223715388,-0.0029309316689705,-1000.0,1000.0,1000.0,170.92888676650318,-5.7209734526499005,-0.2542583222848407,-0.0202527378327204,997.549485999825,-497.8881234963919,-1000.0,-0.0099944769912099,-0.0885119453374727,-0.0885119453374727,56.6816776284611,-0.0017005176817974,1000.0,-1000.0,-211.82116958262645,829.0711132334968,-3.3192914786276333,-0.1475199088957879,-0.0117505771812602,2.4505140001749623,-502.1118765036081,1000.0,-0.0057987652949123, Amensalism,COVID
SRR13077751.bin.9.fbc2XSRR13077751.bin.13.fbc2 ,-0.0877920620245049,-0.0877920620245049,11.111738941914156,-0.0016866870705598,-1000.0,999.868303473528,291.2010796493264,1000.0,-3.2922950937066844,-0.146320103374137,-0.0116550076578505,-0.377919105037563,-501.5940034444687,-999.868303473528,-0.0057516029107773,-0.0809989919243889,-0.0809989919243889,988.8882610580858,-0.001556176598001,1000.0,-1000.0,596.5108433719997,-1000.0,-3.0375477868764165,-0.1349983198739437,-0.0107531802919993,-0.0884686395942253,-498.4059965555313,1000.0,-0.0053065621990526, Neutralism,COVID
SRR13077751.bin.46.fbc2XSRR13077751.bin.19.fbc2 ,-0.0847970849742978,-0.0847970849742978,1000.0,-0.0016291466853317,-1000.0,999.8727962268048,164.88761034641902,-502.6852736071229,-3.179980289605965,-0.1413284749572767,-0.0112574035960051,-5.194012879414572,-274.2000842751655,-999.872796226805,-0.0055553901971734,0.0,0.0,0.0,0.0,1000.0,-1000.0,-3.940856957548931,3.940856957548931,0.0,0.0,0.0,0.0,0.0,1000.0,0.0, Amensalism,COVID
SRR13077751.bin.70.fbc2XSRR13077751.bin.55.fbc2 ,-0.1224168572709913,-0.1224168572709913,871.814204777243,-0.0023519088813372,-1000.0,999.816362954549,559.7330653764254,387.2825753198927,-4.590761502652185,-0.2040280954516902,-0.0162516903696996,47.71306309005922,-264.5235633658484,-999.816362954549,-0.0080200092852464,-0.089139025419854,-0.089139025419854,128.18579522275695,-0.0017125653298535,1000.0,-1000.0,25.827545861021463,612.7174246801073,-3.3428076443367445,-0.1485650423663855,-0.0118338264294379,9.552569530452049,-494.1246071477909,1000.0,-0.0058398477748369, Competition,COVID
SRR13077751.bin.55.fbc2XSRR13077751.bin.54.fbc2 ,-0.1167409795475578,-0.1167409795475578,652.8116534782966,-0.0022428622391998,0.0,0.0,-321.8652234041816,625.2396427336653,-4.377910090458613,-0.1945682992460433,-0.015498178072562,641.7463767402478,-505.97083384089393,0.0,-0.007648160235476,-0.0873125668738339,-0.0873125668738339,347.1883465217033,-0.0016774748678471,-1000.0,1000.0,267.4482351867737,324.76442205977173,-3.27431351888697,-0.1455209447897232,-0.0115913513371879,154.25171232545654,-429.8349992189467,-1000.0,-0.0057201892994953, Amensalism,COVID
SRR13077751.bin.73.fbc2XSRR13077751.bin.11.fbc2 ,-0.0373745564724004,-0.0373745564724004,522.7573387615614,-0.0007180510369835,-1000.0,999.943934575036,347.34328143139555,-165.07420911645784,-1.401585360521608,-0.0622909274540006,-0.0049617326652651,354.18738951004093,-291.4624667655203,-999.9439345750362,-0.0024485540359364,-0.1799651707751763,-0.1799651707751763,477.2426612384386,-0.0034575441071638,1000.0,-1000.0,652.6567185686044,513.5684139530053,-6.748884068995494,-0.2999419512919985,-0.0238916297801097,-8.430564371812352,-708.5375332344797,1000.0,-0.0117902254052069, Amensalism,COVID
SRR13077751.bin.19.fbc2XSRR13077751.bin.16.fbc2 ,-0.0782178990874626,-0.0782178990874626,924.8800415461974,-0.0015027454195433,-1000.0,1000.0,-735.8592986608824,0.9611559703429292,-2.933253866777477,-0.130363165145809,-0.010383970849034,918.2221580198006,-506.79446805757976,-1000.0,-0.0051243618806893,-0.0875589966063898,-0.0875589966063898,75.11995845380261,-0.0016822093488144,999.8686530940436,-1000.0,1000.0,166.5051119323689,-3.283554894252916,-0.1459316610106498,-0.0116240666003477,-26.31539802799557,83.806489918019,1000.0,-0.0057363338794402, Neutralism,COVID
SRR13077751.bin.35.fbc2XSRR13077751.bin.11.fbc2 ,0.0,0.0,0.0,0.0,-1000.0,1000.0,0.0,0.0,0.0,0.0,0.0,0.0,0.0,-1000.0,0.0,-0.1799651707751763,-0.1799651707751763,613.6705929862503,-0.0034575441070501,1000.0,-1000.0,814.0435720992612,419.0949620465624,-6.748884068995608,-0.2999419512919985,-0.0238916297801097,-10.708014099726595,-787.5267278655597,1000.0,-0.0117902254052069, Amensalism,COVID
SRR13077751.bin.66.fbc2XSRR13077751.bin.70.fbc2 ,-0.0891375292159182,-0.0891375292159182,34.79771367028161,-0.0017125365843639,213.52444156250704,0.2033081075679774,418.9799680931346,0.0,-3.342751535108277,-0.1485625486931212,-0.0118336277979551,34.60243312356715,-53.4653661316454,-0.2033081075679774,-0.0058397497526812,-0.1355300589000307,-0.1355300589000307,965.2022863297184,-0.0026038435908048,-1000.0,999.796691892432,48.45924347337677,1000.0,-5.082520420146807,-0.2258834314999376,-0.0179925592123026,52.82405050292255,-292.85912841261586,-999.796691892432,-0.0088791066445992, Amensalism,COVID
SRR13077751.bin.66.fbc2XSRR13077751.bin.11.fbc2 ,-0.1326001912619858,-0.1326001912619858,539.355824164521,-0.0025475541068544,-883.5949154136816,1000.0,-18.92001929244202,470.95513659445305,-4.972647287799646,-0.2210003187699385,-0.0176035988783951,541.5466442697957,-284.1412053672024,-1000.0,-0.0086871595043476,-0.1798626961640366,-0.1798626961640366,460.644175835479,-0.0034555753345557,1000.0,-1000.0,647.1430625393016,529.044863405547,-6.745041162795815,-0.2997711602733943,-0.0238780255618848,-4.7797518027691694,-715.8587946327976,1000.0,-0.011783511890826, Amensalism,COVID
SRR13077751.bin.42.fbc2XSRR13077751.bin.73.fbc2 ,-0.2761449093819692,-0.2761449093819692,971.2938485284826,-0.0053053777019158,-1000.0,999.5857561090386,213.42968271012228,464.1296550546865,-10.355725897595905,-0.4602415156365396,-0.0366601599198475,978.0343709871534,-499.9903494095722,-999.5857561090386,-0.0180913379633693,-0.0441012494968617,-0.0441012494968617,28.706151471517387,-0.0008472862535882,999.9338438893232,-1000.0,786.5703172898777,299.910578084025,-1.653843456877894,-0.0735020824948833,-0.0058547480119841,21.965629012846648,-500.0096505904278,1000.0,-0.0028892461245959, Amensalism,COVID
SRR13077751.bin.65.fbc2XSRR13077751.bin.56.fbc2 ,-0.1249457761846315,-0.1249457761846315,510.7212278057575,-0.0024004952197174,-1000.0,1000.0,658.0475998738361,896.542148752091,-4.6855986341610105,-0.2082429603077571,-0.0165874219679835,1000.0,-391.4330936172692,-1000.0,-0.0081856886990863,-0.0883870819621961,-0.0883870819621961,489.2787721942425,-0.0016981187696956,999.867410886463,-1000.0,341.95240012616387,28.99373081720205,-3.314608970115387,-0.1473118032703269,-0.0117340006985386,0.0,-497.9020400621539,1000.0,-0.0057905850046608, Amensalism,COVID
SRR13077751.bin.67.fbc2XSRR13077751.bin.62.fbc2 ,-0.1780537149256815,-0.1780537149256815,1000.0,-0.0034208206517405,-1000.0,999.732902323508,-196.72918130126448,-35.887230016814215,-6.677202454850544,-0.2967561915428405,-0.0236378707038511,889.1120134666198,-497.4173873085432,-999.732902323508,-0.0116649984225887,-0.0388978763916156,-0.0388978763916156,0.0,-0.0007473175098766,1000.0,-989.9872488539918,-59.01889927977197,422.4968354884893,-1.4587114671471682,-0.0648297939859503,-0.0051639639935956,110.88798653338016,-502.58261269145686,989.9872488539918,-0.0025483527087999, Amensalism,COVID
SRR13077751.bin.50.fbc2XSRR13077751.bin.62.fbc2 ,-0.1206840299590794,-0.1206840299590794,583.2986395452313,-0.0023186172902569,-1000.0,1000.0,764.7823796750597,-212.90024758494732,-4.525778647416587,-0.2011400499318369,-0.0160216454758028,163.54098272269675,-473.954895480774,-1000.0,-0.0079064849599035,-0.0805718498226042,-0.0805718498226042,416.7013604547688,-0.0015479702175298,1000.0,-896.4776550219733,-693.8092533366323,-462.8906793421857,-3.021529506708248,-0.1342864163709691,-0.0106964742032005,836.4590172773032,-526.045104519226,896.4776550219733,-0.0052785784417892, Competition,COVID
SRR13077751.bin.70.fbc2XSRR13077751.bin.73.fbc2 ,-0.1381249583137105,-0.1381249583137105,996.5112899577972,-0.0026536975660746,-1000.0,999.7927992940416,304.54759252697363,731.1364172997135,-5.17983189012898,-0.2302082638560705,-0.0183370501814579,85.05146267621376,-316.4133666213545,-999.7927992940416,-0.0090491087003101,-0.0415019442741595,-0.0415019442741595,3.488710042202797,-0.000797347632556,999.9377430968508,-1000.0,695.4524074730264,268.86358270028654,-1.556366764399968,-0.0691699071235234,-0.0055096721408745,91.86270020174923,-500.0090817895347,1000.0,-0.0027189554269853, Amensalism,COVID
SRR13077751.bin.46.fbc2XSRR13077751.bin.16.fbc2 ,-0.0784271314740863,-0.0784271314740863,924.8800415461972,-0.001506765254021,-1000.0,1000.0,-1000.0,-427.4812457425514,-2.941100302366749,-0.1307118857901059,-0.0104117479055503,-4.803838847704355,-137.74809200288246,-1000.0,-0.0051380695163061,-0.0875589966063898,-0.0875589966063898,75.11995845380284,-0.0016822093488144,999.8686530940436,-1000.0,1000.0,699.0440832248969,-3.283554894252916,-0.1459316610106498,-0.0116240666003477,16.655009064204023,-3.261406505413902,1000.0,-0.0057363338794402, Neutralism,COVID
SRR13077751.bin.14.fbc2XSRR13077751.bin.16.fbc2 ,-0.1778918472934947,-0.1778918472934947,29.729948555591815,-0.003417710802978,-1000.0,1000.0,-1000.0,-44.02641052669651,-6.671132247601804,-0.2964864121559003,-0.0236163816483667,818.007188106222,-500.0667137148736,-1000.0,-0.0116543938380573,-0.0884234108395958,-0.0884234108395958,970.2700514444082,-0.0016988167308227,999.8673563896572,-1000.0,1000.0,-955.9735894733036,-3.315971341403497,-0.1473723513992126,-0.0117388236100168,-36.73320838366385,-107.69545310282264,1000.0,-0.0057929650521373, Neutralism,COVID
SRR13077751.bin.66.fbc2XSRR13077751.bin.35.fbc2 ,-0.1519915314768241,-0.1519915314768241,764.4699225224992,-0.0029201062723132,-1000.0,999.7719981022532,-346.2059015218133,481.2802852934931,-5.699843036224365,-0.2533192191280022,-0.0201779343420867,756.5446080939769,-249.7573320824538,-999.7719981022534,-0.0099575623887631,-0.0747834029978093,-0.0747834029978093,235.53007747750075,-0.0014367608645216,999.7913392196468,-1000.0,162.5522219990189,518.7197147065069,-2.804456634265648,-0.124639004996311,-0.0099280175737703,75.28805606274682,-750.2426679175462,1000.0,-0.0048993545480016, Competition,COVID
SRR13077751.bin.17.fbc2XSRR13077751.bin.41.fbc2 ,-0.084580829474703,-0.084580829474703,0.0,-0.0016249919207211,0.0,-0.1268793691716609,411.4130471843287,0.0,-3.171870479856466,-0.1409680491244671,-0.0112286941723596,986.4992258741606,-148.92070967413224,0.1268793691716609,-0.0055412224497786,-0.1748478973408964,-0.1748478973408964,1000.0,-0.0033592295358175,-1000.0,999.7377113578408,588.5869528156713,-1000.0,-6.556980907907132,-0.2914131622347895,-0.0232122760927495,-88.2643798871809,-800.5138219232645,-999.737711357841,-0.0114549727172743, Amensalism,COVID
SRR13077751.bin.42.fbc2XSRR13077751.bin.9.fbc2 ,-0.2779282131098171,-0.2779282131098171,989.5844774469724,-0.0053396390607076,-1000.0,999.58308098214,351.2028048005827,102.05331396651992,-10.4226016717663,-0.4632136885163618,-0.0368969059095434,1000.0,-499.37349653175886,-999.58308098214,-0.0182081691970097,-0.0877588962609934,-0.0877588962609934,10.415522553027472,-0.0016860498801634,999.8683532253592,-1000.0,648.7971951994173,897.9466860334801,-3.291051342528704,-0.1462648271016178,-0.0116506046716722,0.0,-500.62650346824114,1000.0,-0.0057494300912139, Neutralism,COVID
SRR13077751.bin.46.fbc2XSRR13077751.bin.54.fbc2 ,-0.0843491030880159,-0.0843491030880159,994.7170131321508,-0.0016205399248292,-499.12126449490495,1000.0,-947.7376734312536,-1000.0,-3.163180495495908,-0.1405818384799886,-0.0111979308805985,-5.166572977581154,-217.39182706721624,-1000.0,-0.0055260411437529,-0.0677895424903454,-0.0677895424903454,5.282986867849104,-0.0013023927472204,1000.0,-1000.0,113.30813380422616,855.7084998654323,-2.5421794749888704,-0.1129825708172802,-0.0089995338829567,173.42496505473014,-456.1982040615437,1000.0,-0.0044411592679125, Amensalism,COVID
SRR13077751.bin.35.fbc2XSRR13077751.bin.13.fbc2 ,-0.0791896660675774,-0.0791896660675774,348.5805829091448,-0.0015214152942917,-1000.0,999.779044856811,267.35085725459066,353.35547099152245,-2.9696961553738674,-0.1319827767791821,-0.0105129796835399,113.42062823978496,-672.8812944238259,-999.779044856811,-0.0051880261535188,-0.0533703228567219,-0.0533703228567219,651.4194170908552,-0.0010253664333959,999.9199393888828,-1000.0,720.144110111363,-659.9225758494773,-2.0014435022812904,-0.0889505380945365,-0.0070852820546178,0.7481893790987897,-327.1187055761741,1000.0,-0.0034964995377322, Competition,COVID
SRR13077751.bin.65.fbc2XSRR13077751.bin.19.fbc2 ,-0.1691632033229098,-0.1691632033229098,1000.0,-0.0032500135124564,-1000.0,1000.0,1000.0,859.9291463831914,-6.343798875350785,-0.2819386722047738,-0.0224575933709729,1000.0,-1000.0,-1000.0,-0.0110825460774321,0.0,0.0,0.0,0.0,1000.0,-1000.0,0.0,0.0,0.0,0.0,0.0,0.0,0.0,1000.0,0.0, Amensalism,COVID
SRR13077751.bin.65.fbc2XSRR13077751.bin.35.fbc2 ,-0.1549833486287752,-0.1549833486287752,996.734695440226,-0.0029775859486562,-1000.0,1000.0,308.56205829888904,143.28696890009817,-5.812039340808269,-0.2583055810480346,-0.0205751189054126,1000.0,-93.4760137622976,-1000.0,-0.010153568085002,-0.0656298905402081,-0.0656298905402081,3.2653045597741084,-0.0012609008749677,999.8168793659338,-1000.0,-53.55964238237687,856.7130310999019,-2.461190244804243,-0.1093831509002711,-0.0087128250457908,-2.350344448889018,-906.5239862377024,1000.0,-0.0042996719835173, Amensalism,COVID
SRR13077751.bin.67.fbc2XSRR13077751.bin.42.fbc2 ,-0.171427540968807,-0.171427540968807,907.9385145394444,-0.0032935166371999,999.7428422209636,-1000.0,0.0,-16.919152858513144,-6.42871392974746,-0.285712568281383,-0.0227581999633912,836.4422713327676,-497.5134978612712,1000.0,-0.011230891733021,-0.2066313810747715,-0.2066313810747715,92.06148546055556,-0.0039698632291447,-1000.0,999.6900330790718,1000.0,1000.0,-7.748895132781627,-0.3443856351245813,-0.0274317549130955,163.55772866723237,-502.4865021387288,-999.6900330790716,-0.0135372336112595, Amensalism,COVID
SRR13077751.bin.55.fbc2XSRR13077751.bin.41.fbc2 ,-0.0884365088815002,-0.0884365088815002,17.111683556399612,-0.0016990683742506,1000.0,-1000.0,-377.0484255124934,962.093019659294,-3.316462531818388,-0.1473941814692807,-0.0117405624663433,11.871841973159576,-503.7375234500891,1000.0,-0.0057938231562957,-0.1733519263959806,-0.1733519263959806,982.8883164436004,-0.0033304884993867,-1000.0,999.7399554579636,1000.0,-1000.0,-6.500880416716427,-0.2889198773266344,-0.0230136755311605,-612.0150922137859,-496.2624765499109,-999.7399554579636,-0.0113569657830794, Amensalism,COVID
SRR13077751.bin.10.fbc2XSRR13077751.bin.42.fbc2 ,-0.077041206102649,-0.077041206102649,542.6106019965482,-0.0014801384457996,1000.0,-1000.0,-843.8113454171528,-357.8083143902236,-2.8891266364653347,-0.1284020101711576,-0.0102277566603561,-18.75766160109401,-7.659657106246072,1000.0,-0.0050472721001142,-0.2665745060357949,-0.2665745060357949,457.3893980034518,-0.0051215082811495,-1000.0,999.6001126334048,0.0,1000.0,-9.99682565929652,-0.4442908433929915,-0.035389622222965,1000.0,-854.2657272391174,-999.6001126334048,-0.0174643432388847, Neutralism,COVID
SRR13077751.bin.29.fbc2XSRR13077751.bin.56.fbc2 ,-0.2302006035359909,-0.2302006035359909,936.9592219637964,-0.0044226821044048,-1000.0,999.3576938779725,360.7764574736966,853.2251336968311,-8.632765880116722,-0.3836676725600227,-0.0305607333416446,937.074648800304,-935.8479148476443,-999.3576938779725,-0.0150813459761138,-0.0113882152555788,-0.0113882152555788,63.04077803620362,-0.0002187937609505,999.982916583148,-1000.0,-18.86595519382172,3.735203327565728,-0.4270701057401993,-0.0189803587592223,-0.0015118648879024,62.92535119969602,-64.15208515235554,1000.0,-0.0007460867246891, Amensalism,COVID
SRR13077751.bin.66.fbc2XSRR13077751.bin.46.fbc2 ,-0.1722801046780659,-0.1722801046780659,1000.0,-0.0033098963434667,-1000.0,1000.0,0.0,706.6788048748397,-6.460685969728388,-0.2871335077968524,-0.0228713837334453,993.9736275954753,-763.3089475846783,-1000.0,-0.0112867465312547,0.0,0.0,0.0,0.0,1000.0,-793.3211951251603,-1000.0,293.3211951251604,0.0,0.0,0.0,0.0,-169.24435532099722,793.3211951251603,0.0, Amensalism,COVID
SRR13077751.bin.14.fbc2XSRR13077751.bin.56.fbc2 ,-0.1778918472934947,-0.1778918472934947,14.506883628416745,-0.003417710802978,-1000.0,1000.0,-1000.0,32.85366787527164,-6.671132247601804,-0.2964864121559003,-0.0236163816483667,1000.0,-500.0667137148736,-1000.0,-0.0116543938380573,-0.0885503014197865,-0.0885503014197865,985.4931163715833,-0.0017012545902161,999.8671660415972,-1000.0,672.6335444681047,-544.7610236309164,-3.3207298722443284,-0.1475838356996064,-0.0117556692182461,-4.572087686064037,-499.9332862851264,1000.0,-0.0058012781526031, Neutralism,COVID
SRR13077751.bin.46.fbc2XSRR13077751.bin.56.fbc2 ,-0.0431527601778043,-0.0431527601778043,508.8943822872177,-0.0008290635961429,0.1328339584026707,989.5419443470256,54.29300511594556,-1000.0,-1.6182741051645737,-0.0719212669629314,-0.0057288294491399,-2.6432039758615247,-247.50680745535212,-989.5419443470256,-0.0028271068626963,-0.0885503014197865,-0.0885503014197865,491.1056177127823,-0.0017012545902161,999.8671660415972,-1000.0,-147.15499088552838,23.38274060205833,-3.3207298722443284,-0.1475838356996064,-0.0117556692182461,486.5072286307536,-497.8981658774263,1000.0,-0.0058012781526031, Amensalism,COVID
SRR13077751.bin.65.fbc2XSRR13077751.bin.54.fbc2 ,-0.1455004644907376,-0.1455004644907376,982.4516986275668,-0.0027953979729318,-1000.0,1000.0,156.52753494319245,163.02470256712877,-5.4564211652926815,-0.2425007741512672,-0.0193161999928861,827.2880704943909,-544.7259904326434,-1000.0,-0.0095323070876247,-0.0685155857240715,-0.0685155857240715,17.548301372433343,-0.0013163417046371,1000.0,-1000.0,118.5906318859636,836.9752974328712,-2.5694068634446694,-0.1141926428733768,-0.0090959211787549,172.71192950560908,-455.27400956735664,1000.0,-0.0044887252126954, Competition,COVID
SRR13077751.bin.19.fbc2XSRR13077751.bin.9.fbc2 ,-0.0835808843455652,-0.0835808843455652,989.2026221169732,-0.0016057806790286,-1000.0,1000.0,-896.2381835580674,0.0,-3.1343714808954246,-0.1393014739091995,-0.0110959444923537,985.5048195261396,-488.9105599128941,-1000.0,-0.0054757121156399,-0.0877920620245049,-0.0877920620245049,10.797377883026796,-0.0016866870705598,999.868303473528,-1000.0,416.9305266625281,1000.0,-3.2922950937066844,-0.146320103374137,-0.0116550076578505,-0.377919105037563,-501.8768620919841,1000.0,-0.0057516029107773, Neutralism,COVID
SRR13077751.bin.10.fbc2XSRR13077751.bin.65.fbc2 ,-0.0768452187348884,-0.0768452187348884,533.1298436055215,-0.0014763730785034,1000.0,-1000.0,-371.91929240673767,-340.3504660685103,-2.881776903076116,-0.1280753645580716,-0.0102017379722383,-14.784069493656943,-9.132096566774637,1000.0,-0.0050344321975899,-0.1070828203241944,-0.1070828203241944,466.8701563944785,-0.0020573068266003,-1000.0,1000.0,1000.0,541.9441334775038,-4.015718914030799,-0.1784713672069529,-0.0142159901718059,1000.0,-414.7281561563223,-1000.0,-0.0070154162787048, Amensalism,COVID
SRR13077751.bin.42.fbc2XSRR13077751.bin.41.fbc2 ,-0.2269762473197261,-0.2269762473197261,33.293552088241995,-0.0043607348188743,0.0,-0.3404861746537335,1000.0,1000.0,-8.511849114905658,-0.3782937455329147,-0.0301326775980896,1000.0,-755.089727798857,0.3404861746537335,-0.0148701057321432,-0.1037375729812311,-0.1037375729812311,966.706447911758,-0.0019930369448957,-1000.0,999.8443836753436,-527.1176328413553,-1000.0,-3.890268603828531,-0.1728959549686806,-0.0137718852892021,0.0,-244.91027220114304,-999.8443836753436,-0.0067962559820671, Competition,COVID
SRR13077751.bin.70.fbc2XSRR13077751.bin.35.fbc2 ,-0.1244941565870476,-0.1244941565870476,889.4644104091117,-0.002391818570345,-1000.0,999.8132468060268,572.7366503316828,388.0797735140448,-4.668662422036505,-0.2074902609784885,-0.0165274663211221,48.18266906856229,-260.1047467706753,-999.8132468060264,-0.0081561013249711,-0.0631749927649707,-0.0631749927649707,110.53558959088832,-0.0012137366525166,999.8237290259508,-1000.0,50.810402109156485,611.9202264859553,-2.36912898420394,-0.1052916546083224,-0.0083869202691175,34.63306573069531,-739.8952532293247,1000.0,-0.0041388419851955, Amensalism,COVID
SRR13077751.bin.29.fbc2XSRR13077751.bin.70.fbc2 ,-0.235122937128267,-0.235122937128267,956.2661850713412,-0.0045172514337536,-1000.0,999.6472930080504,326.72467457479706,8.291635432229441,-8.817358591138941,-0.3918715618804071,-0.0312142074074017,996.9369402544908,-990.116712166346,-999.6472930080504,-0.0154038273891501,-0.0060171989653099,-0.0060171989653099,43.73381492865883,-0.0001156042068259,0.0,-0.0090263764689098,-942.3253983464556,991.7083645677706,-0.2256513194289482,-0.0100286649420695,-0.0007988250691823,3.063059745509236,-9.883287833653869,0.0090263764689098,-0.0003942103452345, Amensalism,COVID
SRR13077751.bin.10.fbc2XSRR13077751.bin.56.fbc2 ,-0.0743404282389974,-0.0743404282389974,510.7212278057573,-0.0014282503024105,-1000.0,1000.0,-349.67240465810323,-327.2378602902904,-2.787844612727895,-0.1239007137315866,-0.0098692095895103,-9.895815573499137,-7.307443644360887,-1000.0,-0.0048703335311302,-0.0883870819621961,-0.0883870819621961,489.2787721942427,-0.0016981187696956,999.867410886463,-1000.0,-650.3275953418968,28.99373081720205,-3.314608970115387,-0.1473118032703269,-0.0117340006985386,994.1854205771516,-497.9020400621539,1000.0,-0.0057905850046608, Neutralism,COVID
SRR13077751.bin.14.fbc2XSRR13077751.bin.17.fbc2 ,-0.1778918472934947,-0.1778918472934947,39.41619381783221,-0.003417710802978,-1000.0,1000.0,-380.2649742356466,1000.0,-6.671132247601804,-0.2964864121559003,-0.0236163816483667,1.5107648833359235,-500.0667137148736,-1000.0,-0.0116543938380573,-0.1114919770960796,-0.1114919770960796,960.5838061821678,-0.002142016851053,999.8327513242716,-1000.0,1000.0,-267.0330445737171,-4.181066952028914,-0.1858199618267235,-0.0148013364406551,998.489235116664,-193.7350176988256,1000.0,-0.0073042774620262, Neutralism,COVID
SRR13077751.bin.66.fbc2XSRR13077751.bin.19.fbc2 ,-0.1722801046780659,-0.1722801046780659,1000.0,-0.0033098963434667,-509.3311577164002,1000.0,0.0,0.0,-6.460685969728388,-0.2871335077968524,-0.0228713837334453,993.9736275954756,-554.432090672706,-1000.0,-0.0112867465312547,0.0,0.0,0.0,0.0,1000.0,-1000.0,-1000.0,1000.0,0.0,0.0,0.0,0.0,0.0,1000.0,0.0, Amensalism,COVID
SRR13077751.bin.55.fbc2XSRR13077751.bin.13.fbc2 ,-0.0889432416111049,-0.0889432416111049,22.60258293976085,-0.0017088038733845,-1000.0,1000.0,-380.3885630672671,959.1793907535248,-3.3354655446305514,-0.1482387360185839,-0.0118078347652499,20.02914310324377,-503.08483271731126,-1000.0,-0.0058270212083471,-0.0800774652078644,-0.0800774652078644,977.3974170602391,-0.0015384719540634,999.8798761098284,-1000.0,1000.0,-988.6229853659448,-3.0029895612534574,-0.1334624420131831,-0.0106308412024418,1.1225922154258114,-491.5791203384348,1000.0,-0.0052461893633335, Amensalism,COVID
SRR13077751.bin.73.fbc2XSRR13077751.bin.54.fbc2 ,-0.0588655611304602,-0.0588655611304602,649.964098769804,-0.0011309425769923,-1000.0,999.9116960035911,730.5839318772937,394.0639181289689,-2.2075207442354667,-0.0981092685508429,-0.0078148132067781,569.8622931250443,-500.0128814359516,-999.9116960035914,-0.0038565141874187,-0.087413668243812,-0.087413668243812,350.03590123019603,-0.0016794172573781,1000.0,-1000.0,269.4160681227063,324.97402007419987,-3.278104927093296,-0.1456894470730958,-0.0116047732481092,154.05978830399658,-429.7954387237219,1000.0,-0.0057268128474561, Amensalism,COVID
SRR13077751.bin.65.fbc2XSRR13077751.bin.46.fbc2 ,-0.1691632033229098,-0.1691632033229098,1000.0,-0.0032500135124564,-1000.0,1000.0,1000.0,859.9291463831898,-6.343798875350785,-0.2819386722047738,-0.0224575933709729,1000.0,-806.3749085299471,-1000.0,-0.0110825460774321,0.0,0.0,0.0,0.0,1000.0,-640.0708536168103,-112.7498170598942,140.07085361681015,0.0,0.0,0.0,0.0,-193.6250914700529,640.0708536168104,0.0, Amensalism,COVID
SRR13077751.bin.17.fbc2XSRR13077751.bin.19.fbc2 ,-0.0722323306328007,-0.072232330632687,10.897591706952651,-0.0013877489074047,-1000.0,999.8916445653064,122.339185685933,674.1614748958361,-2.7087887249180085,-0.1203872177212588,-0.0095893449504274,18.02259898827083,-250.30850178618448,-999.8916445653064,-0.0047322237744538,-0.0836491038625126,-0.0836491038625126,989.1024082930472,-0.0016070913326302,1000.0,-1000.0,-1000.0,120.24840724772844,-3.136929784869494,-0.1394151731042257,-0.0111050011083762,981.9774010117292,-495.0716597716026,1000.0,-0.0054801814442271, Amensalism,COVID
SRR13077751.bin.56.fbc2XSRR13077751.bin.13.fbc2 ,-0.0885503014197865,-0.0885503014197865,491.1056177127823,-0.0017012545902161,-1000.0,999.8671660415972,0.0,23.382740602057083,-3.3207298722443284,-0.1475838356996064,-0.0117556692182461,339.35223774522547,-497.8981658774263,-999.8671660415972,-0.0058012781526031,-0.0416933495840794,-0.0416933495840794,508.8943822872177,-0.000801024968041,999.9374559704988,-1000.0,1000.0,-516.0420642508763,-1.5635446657772718,-0.0694889159734657,-0.0055350825288087,1.0894340077207971,-474.7615055646743,1000.0,-0.0027314951408925, Amensalism,COVID
SRR13077751.bin.16.fbc2XSRR13077751.bin.11.fbc2 ,-0.0884234108395958,-0.0884234108395958,535.153980098125,-0.0016988167308227,-1000.0,999.8673563896572,348.54883789331143,-39.72240383280837,-3.315971341403497,-0.1473723513992126,-0.0117388236100168,795.9153351097343,-0.0016988167308227,-999.8673563896572,-0.0057929650521373,-0.1799651707751763,-0.1799651707751763,464.846019901875,-0.0034575441071638,1000.0,-1000.0,651.4511621066886,525.976620774617,-6.748884068995608,-0.2999419512919985,-0.0238916297801097,-4.78247500895759,-713.9837024873412,1000.0,-0.0117902254052069, Neutralism,COVID
SRR13077751.bin.66.fbc2XSRR13077751.bin.54.fbc2 ,-0.1587869501087198,-0.1587869501087198,843.3579478655972,-0.0030506618657,0.0,245.27790943518855,-216.5718390180284,229.26957968741544,-5.95467841548134,-0.2646449168479421,-0.0210800734918166,835.0782990290422,-555.4601260460031,-245.2779094351887,-0.0104027569619802,-0.076446934941373,-0.076446934941373,156.64205213440275,-0.0014687211323689,1000.0,-1000.0,181.40456317042367,620.8419951247229,-2.8668408399638565,-0.1274115582356216,-0.010148863024824,164.92170097095777,-444.5398739539969,1000.0,-0.0050083390615327, Amensalism,COVID
SRR13077751.bin.66.fbc2XSRR13077751.bin.16.fbc2 ,-0.1674887471554029,-0.1674887471554029,944.3771231544524,-0.0032178433651779,-0.5743667614048036,1000.0,184.57504492620296,-541.5344832673138,-6.281004999712422,-0.2791479119256337,-0.0222352976530828,935.6437353693018,-928.082252495662,-1000.0,-0.0109728458751305,-0.0829694591473071,-0.0829694591473071,55.62287684554758,-0.0015940337972324,999.87553784111,-1000.0,815.424955073797,-15.980258003391214,-3.1114423898818586,-0.1382824319121027,-0.0110147735390455,64.3562646306982,-12.141086575929876,1000.0,-0.0054356552486751, Neutralism,COVID
SRR13077751.bin.65.fbc2XSRR13077751.bin.41.fbc2 ,-0.0798576506047084,-0.0798576506047084,17.1116835563995,-0.0015342488107989,-1000.0,1000.0,193.1255766363968,933.876108584378,-2.9947462813627226,-0.1330960843412185,-0.0106016592829973,1000.0,-196.89138986421528,-1000.0,-0.0052317884450303,-0.1733519263959806,-0.1733519263959806,982.8883164436006,-0.0033304884993867,0.0,-0.2600445420364394,-276.49670837178337,66.12389141562198,-6.500880416716427,-0.2889198773266344,-0.0230136755311605,0.0,-803.1086101357847,0.2600445420364394,-0.0113569657830794, Amensalism,COVID
SRR13077751.bin.17.fbc2XSRR13077751.bin.56.fbc2 ,-0.1047941603827666,-0.1047941603827666,508.8943822872177,-0.0020133364146204,-1000.0,999.8427986927436,618.6469271919491,13.850734395528434,-3.929891747858164,-0.1746569339713914,-0.0139121546252454,1000.0,-223.1389810253786,-999.8427986927436,-0.0068654771739602,-0.0885503014197865,-0.0885503014197865,491.1056177127823,-0.0017012545902161,999.8671660415972,-1000.0,339.35223774522547,23.38274060205549,-3.3207298722443284,-0.1475838356996064,-0.0117556692182461,0.0,-497.8981658774263,1000.0,-0.0058012781526031, Neutralism,COVID
SRR13077751.bin.10.fbc2XSRR13077751.bin.54.fbc2 ,-0.0770527170033119,-0.0770527170033119,546.8254138291443,-0.0014803595965986,-1000.0,1000.0,-845.5311519354883,-361.8959063231615,-2.8895583074016717,-0.1284211950055578,-0.0102292848125671,-19.00948465682393,-7.536291337343869,-1000.0,-0.0050480262244718,-0.087413668243812,-0.087413668243812,453.1745861708557,-0.0016794172573781,0.0,0.0,243.2141598831763,241.90599264874345,-3.278104927093296,-0.1456894470730958,-0.0116047732481092,142.57668730382784,-427.4988185236882,0.0,-0.0057268128474561, Neutralism,COVID
SRR13077751.bin.46.fbc2XSRR13077751.bin.35.fbc2 ,-0.0845201966661761,-0.0845201966661761,996.734695440226,-0.0016238270252415,-1000.0,999.8732115858656,-790.0391391034178,-499.41120081119374,-3.169596685466217,-0.1408669944435132,-0.0112206447447533,-5.1770528454759415,-46.92689303767429,-999.8732115858656,-0.0055372501561805,-0.0656298905402081,-0.0656298905402081,3.2653045597741084,-0.0012609008749677,999.8168793659338,-1000.0,-53.55964238237687,856.7130310999021,-2.461190244804243,-0.1093831509002711,-0.0087128250457908,-2.350344448889018,-906.5239862377024,1000.0,-0.0042996719835173, Amensalism,COVID
SRR13077751.bin.50.fbc2XSRR13077751.bin.70.fbc2 ,-0.0910068759940259,-0.0910068759940259,34.79771367028161,-0.0017484510277654,1000.0,-1000.0,37.88985605603148,-1.3910851221838811,-3.412854014584468,-0.1516781266567477,-0.0120817966017057,36.57240020569702,-501.2398307737589,1000.0,-0.0059622180045835,-0.1355300589000307,-0.1355300589000307,965.2022863297184,-0.0026038435908048,-1000.0,999.796691892432,48.45924347337723,1000.0,-5.082520420146807,-0.2258834314999376,-0.0179925592123026,52.82405050292209,-292.8591284126161,-999.796691892432,-0.0088791066445992, Amensalism,COVID
SRR13077751.bin.29.fbc2XSRR13077751.bin.50.fbc2 ,-0.2133418990608788,-0.2133418990608788,961.113366646386,-0.0040987876860754,-1000.0,999.6799666574702,331.94452589341154,680.4703184972227,-8.000546648107274,-0.3555698317682072,-0.0283226229108777,959.3316675802984,-498.80017262729206,-999.6799666574702,-0.0139768660095569,-0.0913664823225417,-0.0913664823225417,38.88663335361412,-0.0017553598909216,1000.0,-1000.0,30.046931130679692,-1.396581882818282,-3.426339631891324,-0.1522774705376832,-0.0121295368462597,40.66833241970153,-501.199827372708,1000.0,-0.0059857772280338, Competition,COVID
SRR13077751.bin.14.fbc2XSRR13077751.bin.11.fbc2 ,-0.1421507192501394,-0.1421507192501394,502.2558694886552,-0.0027310416762702,0.0,0.0,-462.2372062540147,114.8134661976078,-5.330802179173588,-0.236917865416899,-0.0188714979830137,1000.0,-296.48135974598347,0.0,-0.0093128521160679,-0.1796076168812987,-0.1796076168812987,497.7441305113448,-0.0034506746759461,-1000.0,1000.0,660.001582588375,493.9824628721942,-6.735475420154103,-0.2993460281354601,-0.0238441620105049,-8.521027031204994,-703.5186402540165,-1000.0,-0.0117668006448639, Amensalism,COVID
SRR13077751.bin.50.fbc2XSRR13077751.bin.46.fbc2 ,-0.175471440645083,-0.175471440645083,995.2057864918628,-0.0033712092342739,-1000.0,1000.0,-284.97978308492816,-2.682167778897565,-6.5803644406973945,-0.2924524010751383,-0.0232950558089442,998.6275807207184,-751.4846003882816,-1000.0,-0.0114958234889854,-0.0004065353302848,-0.0004065353302848,4.794213508137091,-7.810477086422907e-06,1000.0,-5.941721943127959,496.0411219294692,-997.3178322211024,-0.0152455044600401,-0.0006775588836944,-5.3970396379554586e-05,-0.0249012067079092,-248.5153996117184,5.941721943127959,-2.663372674760467e-05, Amensalism,COVID
SRR13077751.bin.29.fbc2XSRR13077751.bin.65.fbc2 ,-0.222902945595024,-0.222902945595024,938.6969364115298,-0.0042824773408938,-1000.0,999.3780558157778,875.2067131549773,307.3930820361859,-8.35909599606589,-0.37150490932504,-0.0295919184258082,0.0,-999.9651173188064,-999.378055815778,-0.0146032477325661,-0.0794071093869206,-0.0794071093869206,61.3030635884702,-0.0015255928797159,0.0,0.0,124.79328684502276,692.6069179638141,-2.977850509617156,-0.1323451823114965,-0.01054184679856,1000.0,-0.0348826811937215,0.0,-0.0052022717196678, Amensalism,COVID
SRR13077751.bin.11.fbc2XSRR13077751.bin.13.fbc2 ,-0.1798632198341465,-0.1798632198341465,460.6469727499257,-0.0034555853954998,-1000.0,1000.0,647.146402445049,529.0478594685201,-6.745060800975693,-0.2997720330567972,-0.0238780950826367,-4.779765719011152,-715.860150980159,-1000.0,-0.0117835461985578,-0.0441888043906146,-0.0441888043906146,539.3530272500743,-0.000848968384048,999.9337125485722,-1000.0,96.2547256872781,-546.928516465721,-1.657126857910043,-0.073648007317729,-0.005866371533898,1.1546394507490731,-271.3782792405814,1000.0,-0.0028949821896731, Amensalism,COVID
SRR13077751.bin.67.fbc2XSRR13077751.bin.70.fbc2 ,-0.1124396916185332,-0.1124396916185332,233.8303636111577,-0.0021602246227985,999.831329661449,-1000.0,-352.72113456094587,270.20141751844494,-4.216607248050195,-0.1873994860309267,-0.0149271521437412,488.98145297781775,-498.3696379729348,1000.0,-0.0073663659638896,-0.1076205546106621,-0.1076205546106621,766.1696363888423,-0.0020676379367614,-1000.0,999.8385588298944,110.07976165216904,729.7985824815551,-4.035884517986005,-0.179367591017808,-0.0142873781433081,37.32653875400706,-234.3696481286064,-999.8385588298944,-0.0070506453645293, Competition,COVID
SRR13077751.bin.10.fbc2XSRR13077751.bin.41.fbc2 ,-0.0025047352819456,-0.0025047352819456,17.14898197553225,-4.8121715281013167e-05,1000.0,-1000.0,-996.091363379234,-10.761702180041423,-0.0939302197656388,-0.004174558803129,-0.0003325210527691,0.0011013906695325,-0.2315497593966711,1000.0,-0.0001640950491719,-0.1733470140372901,-0.1733470140372901,982.8510180244676,-0.0033303941218036,-1000.0,999.7399628269736,1000.0,-989.2382978199586,-6.500696198076184,-0.2889116900621502,-0.0230130233812815,630.1864625900807,-994.9104251798676,-999.7399628269736,-0.0113566439551959, Amensalism,COVID
SRR13077751.bin.67.fbc2XSRR13077751.bin.65.fbc2 ,-0.1365977053172855,-0.1365977053172855,498.9226134830872,-0.0026243555296332,999.7950903202463,-1000.0,-317.23489464094905,7.88839282518677,-5.122558288953769,-0.2276628421955138,-0.018134296709718,484.6926229818764,-498.019349675121,1000.0,-0.0089490523560016,-0.0960925843504583,-0.0960925843504583,501.0773865169128,-0.0018461591613458,-1000.0,1000.0,1000.0,992.1116071748132,-3.60357345189766,-0.1601543072508775,-0.0127569598051877,515.3073770181236,-501.980650324879,-1000.0,-0.0062954027403065, Competition,COVID
SRR13077751.bin.67.fbc2XSRR13077751.bin.55.fbc2 ,-0.1802892291191256,-0.1802892291191256,978.361216729692,-0.0034637700118764,-1000.0,999.7295488374712,-618.1945485084785,-31.67048709616336,-6.761036599317208,-0.300482048531876,-0.0239346507821665,980.6206986439544,-497.3849618838326,-999.7295488374712,-0.0118114557405988,-0.0888122023461619,-0.0888122023461619,21.638783270307957,-0.0017062863082628,1000.0,-1000.0,-381.8054514915215,960.4801973714888,-3.330551433729397,-0.148020337243679,-0.0117904383902214,19.37930135604552,-502.6150381161674,1000.0,-0.0058184363113014, Amensalism,COVID
SRR13077751.bin.17.fbc2XSRR13077751.bin.13.fbc2 ,-0.1043760166045331,-0.1043760166045331,485.31704349811776,-0.0020053029127211,-1000.0,999.8434259485788,594.6316599568886,27.361957182813512,-3.914210914330056,-0.1739600276741839,-0.0138566431265871,1000.0,-225.0417251044373,-999.8434259485788,-0.0068380829321768,-0.0420974439624615,-0.0420974439624615,514.6829565018822,-0.0008087885487384,999.9368497901136,-1000.0,405.3683400431114,-519.8886401932822,-1.5786986319608332,-0.0701624066040267,-0.0055887288718849,0.0,-258.4677269750173,1000.0,-0.0027579689511867, Amensalism,COVID
SRR13077751.bin.62.fbc2XSRR13077751.bin.54.fbc2 ,-0.0875854040012882,-0.0875854040012882,480.6704377351202,-0.0016827166955408,-674.3243158731194,1000.0,-672.0454602572515,-799.5838703424483,-3.284545199465469,-0.1459756733354424,-0.0116275723660237,933.4304781730082,-581.5977601621189,-1000.0,-0.0057380639316306,-0.0820368548961596,-0.0820368548961596,519.3295622648798,-0.0015761163284651,1000.0,-1000.0,583.9807474636182,-190.8043756936638,-3.0764687450030124,-0.1367280914935236,-0.0108909638296381,66.56952182699183,-418.4022398378811,1000.0,-0.0053745566800671, Neutralism,COVID
SRR13077751.bin.55.fbc2XSRR13077751.bin.56.fbc2 ,-0.1102520267611453,-0.1102520267611453,508.8943822872177,-0.0021181945583066,-1000.0,1000.0,-376.67819665669685,705.6567320679028,-4.134567504244387,-0.1837533779353179,-0.0146367243980876,512.5926230165437,-502.1018341225737,-1000.0,-0.0072230434439006,-0.0885503014197865,-0.0885503014197865,491.1056177127823,-0.0017012545902161,999.8671660415972,-1000.0,-148.05513923822946,27.200628103191093,-3.3207298722443284,-0.1475838356996064,-0.0117556692182461,487.4073769834563,-497.8981658774263,1000.0,-0.0058012781526031, Amensalism,COVID
SRR13077751.bin.11.fbc2XSRR13077751.bin.56.fbc2 ,-0.1796076168812987,-0.1796076168812987,497.7441305113457,-0.0034506746759461,-1000.0,1000.0,660.0015825883756,493.98246287219285,-6.735475420154103,-0.2993460281354601,-0.0238441620105049,-8.521027031205335,-703.5186402540162,-1000.0,-0.0117668006448639,-0.0527288823126355,-0.0527288823126355,502.2558694886543,-0.0010130428878483,999.9209016113168,-1000.0,101.3104497797408,10.062407853879565,-1.977388804081329,-0.0878814705209833,-0.0070001263550238,-2.724791585879529,-296.4813597459838,1000.0,-0.0034544762476116, Amensalism,COVID
SRR13077751.bin.35.fbc2XSRR13077751.bin.62.fbc2 ,-0.0850134457224385,-0.0850134457224385,580.9547507302364,-0.0016333034720901,-1000.0,999.7627953367478,490.82212360034737,-24.176149827414637,-3.188094046283936,-0.1416890762041021,-0.0112861269922177,188.69686494028565,-477.7953769314517,-999.762795336748,-0.0055695648397886,-0.0409184739479542,-0.0409184739479542,419.0452492697637,-0.0007861378279585,1000.0,-805.353747015664,-654.1922928483499,-975.8238501725854,-1.5344860106270062,-0.06819745657981,-0.0054322123914971,811.3031350597144,-99.69118793889402,805.3537470156639,-0.0026807299934716, Amensalism,COVID
SRR13077751.bin.67.fbc2XSRR13077751.bin.54.fbc2 ,-0.1687891338040117,-0.1687891338040117,852.1676406007646,-0.0032428267782051,-1000.0,999.74680008516,-39.08238064880118,9.747418442908042,-6.329770873123493,-0.2813152230066862,-0.0224079330372433,834.5841258180008,-554.7802831350846,-999.74680008516,-0.0110580393135251,-0.0759447407034485,-0.0759447407034485,147.83235939923543,-0.0014590728280836,1000.0,-1000.0,177.42381344735895,635.8697548042585,-2.8480080253864344,-0.1265745678391567,-0.0100821932422832,165.41587418199924,-445.2197168649154,1000.0,-0.0049754383438767, Amensalism,COVID
SRR13077751.bin.55.fbc2XSRR13077751.bin.11.fbc2 ,-0.0741644582667504,-0.0741644582667504,515.6531647391639,-0.0014248695151763,-1000.0,1000.0,-200.8434939627641,282.3852117296556,-2.781245552827386,-0.1236074304446219,-0.0098458483500962,523.6851043259785,-293.382513798599,-1000.0,-0.0048588050468652,-0.1799651707751763,-0.1799651707751763,484.3468352608361,-0.0034575441071638,0.0,0.0,648.8166245024313,506.4642399306176,-6.748884068995608,-0.2999419512919985,-0.0238916297801097,-4.78247500895759,-706.617486201401,0.0,-0.0117902254052069, Amensalism,COVID
SRR13077751.bin.50.fbc2XSRR13077751.bin.16.fbc2 ,-0.1692865348755958,-0.1692865348755958,924.8800415461968,-0.003252382994674,-1000.0,1000.0,0.0,52.57613595359953,-6.3484239389009645,-0.2821442247927734,-0.0224739664935214,983.3449909357968,-933.2904458911032,-1000.0,-0.0110906260119918,-0.0875589966063898,-0.0875589966063898,75.11995845380306,-0.0016822093488144,999.8686530940436,-1000.0,1000.0,699.0440832248967,-3.283554894252916,-0.1459316610106498,-0.0116240666003477,16.655009064203114,-3.261406505413902,1000.0,-0.0057363338794402, Neutralism,COVID
SRR13077751.bin.17.fbc2XSRR13077751.bin.73.fbc2 ,-0.0889502167715363,-0.0889502167715363,141.9244062557202,-0.0017089378823129,-1000.0,999.8665661301534,279.15871470134243,421.4021190341855,-3.3357271205177312,-0.1482503612859318,-0.011808760766371,533.9266300076665,-250.3799032997432,-999.8665661301532,-0.005827478178503,-0.0635969111579015,-0.0635969111579015,858.0755937442798,-0.0012218426735444,999.9045985240498,-1000.0,720.8412852986576,-545.9390262458562,-2.384951369769283,-0.1059948519298359,-0.0084429328742317,466.0733699923335,-500.0139167880516,1000.0,-0.0041664835167694, Amensalism,COVID
SRR13077751.bin.14.fbc2XSRR13077751.bin.54.fbc2 ,-0.1778918472934947,-0.1778918472934947,167.39517523619543,-0.003417710802978,0.0,0.0,-666.1377375035628,256.27141846828385,-6.671132247601804,-0.2964864121559003,-0.0236163816483667,240.9735932920687,-500.0667137148736,0.0,-0.0116543938380573,-0.087413668243812,-0.087413668243812,832.6048247638046,-0.0016794172573781,-1000.0,1000.0,804.9788234106679,-715.4671554476121,-3.278104927093296,-0.1456894470730958,-0.0116047732481092,759.0264067079313,-419.4096955357308,-1000.0,-0.0057268128474561, Neutralism,COVID
SRR13077751.bin.14.fbc2XSRR13077751.bin.66.fbc2 ,-0.1778918472934947,-0.1778918472934947,14.506883628416858,-0.003417710802978,-1000.0,1000.0,-809.4661570562585,1000.0,-6.671132247601804,-0.2964864121559003,-0.0236163816483667,23.424948505609223,-496.7416356910993,-1000.0,-0.0116543938380573,-0.1710304809630543,-0.1710304809630543,985.4931163715833,-0.0032858882029813,1000.0,-512.8878942801352,-84.89281719121959,0.0,-6.413823759967045,-0.2850508016051662,-0.0227054874823124,976.5750514943908,-383.50498009119815,512.8878942801352,-0.0112048787719913, Neutralism,COVID
SRR13077751.bin.73.fbc2XSRR13077751.bin.62.fbc2 ,-0.0521903183148424,-0.0521903183148424,541.2855941372723,-0.0010026958369735,-1000.0,999.9217095090484,1000.0,-177.30446373431187,-1.957192085078077,-0.0869838638581086,-0.0069286282334815,84.25378731809724,-500.0114207055833,-999.9217095090486,-0.0034191928041309,-0.0839447995907676,-0.0839447995907676,458.7144058627277,-0.0016127723264389,0.0,-0.1259252632478364,-814.6756095448767,-442.5939641723935,-3.14801868713198,-0.1399079993179839,-0.0111442567756512,915.7462126819028,-499.9885792944168,0.1259252632478364,-0.0054995536331716, Amensalism,COVID
SRR13077751.bin.14.fbc2XSRR13077751.bin.70.fbc2 ,-0.1778918472934947,-0.1778918472934947,14.506883628416745,-0.003417710802978,1000.0,-1000.0,-1000.0,-18.80719319199784,-6.671132247601804,-0.2964864121559003,-0.0236163816483667,926.2941924908772,-500.0667137148736,1000.0,-0.0116543938380573,-0.1372118186515081,-0.1372118186515081,985.4931163715833,-0.0026361540567449,-1000.0,999.7941690912526,611.3115070295726,428.8767932585324,-5.145588187903513,-0.2286863644191044,-0.0182158245318078,73.70580750912268,-308.12635753392044,-999.7941690912525,-0.008989285333314, Neutralism,COVID
SRR13077751.bin.29.fbc2XSRR13077751.bin.16.fbc2 ,-0.2328817986864351,-0.2328817986864351,939.7447036326262,-0.0044741940189396,-1000.0,999.6506549310002,543.9859273701031,951.7912382824196,-8.733313531414183,-0.3881363311440964,-0.0309166806709981,733.5063993817887,-1000.0,-999.6506549310002,-0.0152570016045956,-0.0858044018845021,-0.0858044018845021,60.25529636737383,-0.0016484995559267,999.8712851546754,-1000.0,456.0140726298969,-66.31205682819768,-3.2177557381446604,-0.1430073364741702,-0.0113911319313046,266.4936006182113,0.0,1000.0,-0.005621383485618, Neutralism,COVID
SRR13077751.bin.67.fbc2XSRR13077751.bin.50.fbc2 ,-0.182255622951402,-0.182255622951402,999.9389743893772,-0.0035015489520446,-1000.0,999.726599057828,-269.1611940554501,-24.017436137943832,-6.834778445869119,-0.3037593715856701,-0.0241957032583286,998.2238615578558,-498.420327465763,-999.726599057828,-0.0119402819262859,-0.087951904552824,-0.087951904552824,0.0610256106230053,-0.0016897580125032,1000.0,-1000.0,1000.0,-1.34438837235939,-3.2982893574233003,-0.1465865075881538,-0.011676227866701,1.7761384421443154,-501.579672534237,1000.0,-0.0057620748227691, Amensalism,COVID
SRR13077751.bin.70.fbc2XSRR13077751.bin.16.fbc2 ,-0.1320018980053419,-0.1320018980053419,939.7447036326262,-0.002536059519798,-1000.0,999.8019844726946,30.15205524907969,1000.0,-4.950210658472884,-0.2200031633421986,-0.0175241712818206,45.7828337655692,-287.465888832641,-999.8019844726944,-0.0086479629625273,-0.0858044018845021,-0.0858044018845021,60.25529636737383,-0.0016484995559267,999.8712851546754,-1000.0,969.8479447509204,-1000.0,-3.2177557381446604,-0.1430073364741702,-0.0113911319313046,954.2171662344308,370.1574391930585,1000.0,-0.005621383485618, Neutralism,COVID
SRR13077751.bin.16.fbc2XSRR13077751.bin.62.fbc2 ,-0.0884234108395958,-0.0884234108395958,481.93629436665583,-0.0016988167308227,-1000.0,999.8673563896572,1000.0,-39.72240383280928,-3.315971341403497,-0.1473723513992126,-0.0117388236100168,0.0,-7.507665719381066,-999.8673563896572,-0.0057929650521373,-0.0906578200658714,-0.0906578200658714,518.0637056333442,-0.001741744861988,1000.0,-821.9851106200231,-801.7713926797278,-724.1373166001989,-3.399764048436168,-0.1510963667764144,-0.0120354569962728,1000.0,-544.688834988925,821.9851106200231,-0.0059393499793714, Neutralism,COVID
SRR13077751.bin.14.fbc2XSRR13077751.bin.29.fbc2 ,-0.1778918472934947,-0.1778918472934947,14.506883628416858,-0.003417710802978,1000.0,-1000.0,0.0,527.959048715742,-6.671132247601804,-0.2964864121559003,-0.0236163816483667,504.8946191595298,-496.7416356910992,1000.0,-0.0116543938380573,-0.2154300741492534,-0.2154300741492534,985.4931163715833,-0.0041389063237602,-1000.0,999.6768341942444,823.6654550859894,-56.61797033523521,-8.078855420445166,-0.3590501235820511,-0.028599842696849,495.10538084047016,-503.2583643089008,-999.6768341942444,-0.0141136705639155, Neutralism,COVID
SRR13077751.bin.14.fbc2XSRR13077751.bin.50.fbc2 ,-0.1778918472934947,-0.1778918472934947,14.506883628416745,-0.003417710802978,0.0,0.0,1000.0,869.0879674604757,-6.671132247601804,-0.2964864121559003,-0.0236163816483667,23.33677618161005,-496.7416356910993,0.0,-0.0116543938380573,-0.173790347381896,-0.173790347381896,985.4931163715833,-0.0033389115731097,-1000.0,1000.0,-746.0944323564671,-12.058746710875994,-6.517321666958878,-0.2896505789699404,-0.0230718789704269,976.66322381839,-503.2583643089008,-1000.0,-0.0113856884644292, Neutralism,COVID
SRR13077751.bin.9.fbc2XSRR13077751.bin.62.fbc2 ,-0.0877920620245049,-0.0877920620245049,10.797377883026684,-0.0016866870705598,-1000.0,999.868303473528,516.4338343821751,1000.0,-3.2922950937066844,-0.146320103374137,-0.0116550076578505,-0.377919105037563,-501.0046593409087,-999.868303473528,-0.0057516029107773,-0.0890346978751495,-0.0890346978751495,971.4241299819512,-0.0017105609582586,999.8664394003828,-1000.0,-584.7616181125661,-1000.0,-3.338895251170129,-0.1483911631252112,-0.011819976221318,1000.0,-498.9953406590913,1000.0,-0.0058330128674697, Neutralism,COVID
SRR13077751.bin.16.fbc2XSRR13077751.bin.9.fbc2 ,-0.0884234108395958,-0.0884234108395958,989.1950994926384,-0.0016988167308227,-1000.0,999.8673563896572,193.2072578220516,-39.72240383280973,-3.315971341403497,-0.1473723513992126,-0.0117388236100168,966.9001868638948,-7.507665719380839,-999.8673563896572,-0.0057929650521373,-0.0877920620245049,-0.0877920620245049,10.804900507361708,-0.0016866870705598,999.868303473528,-1000.0,349.34969992577066,1000.0,-3.2922950937066844,-0.146320103374137,-0.0116550076578505,-0.377919105037563,-501.00842065307614,1000.0,-0.0057516029107773, Neutralism,COVID
SRR13077751.bin.66.fbc2XSRR13077751.bin.9.fbc2 ,-0.1713500179821494,-0.1713500179821494,989.2026221169732,-0.0032920272426508,-899.7567018167115,1000.0,-276.3676602258721,608.5678643151446,-6.425806735829042,-0.2855833633035445,-0.0227479082469699,980.2678955789434,-497.7412392756712,-1000.0,-0.0112258128975781,-0.0877920620245049,-0.0877920620245049,10.797377883026796,-0.0016866870705598,999.868303473528,-1000.0,1000.0,-9.22394341578638,-3.2922950937066844,-0.146320103374137,-0.0116550076578505,-0.377919105037563,-502.25876072432885,1000.0,-0.0057516029107773, Neutralism,COVID
SRR13077751.bin.42.fbc2XSRR13077751.bin.65.fbc2 ,-0.217942680759279,-0.217942680759279,0.0,-0.0041871792652727,-1000.0,999.6730650429648,1000.0,709.3015069811804,-8.173080823334658,-0.3632378012655408,-0.0289334087233328,255.1842800764716,-747.4865615303788,-999.6730650429648,-0.0142782812946506,-0.1413980348207815,-0.1413980348207815,1000.0,-0.0027165808803601,0.0,0.0,0.0,290.6984930188196,-5.302575717729724,-0.235663391368007,-0.0187715738829865,744.8157199235284,-252.5134384696212,0.0,-0.0092635408019532, Competition,COVID
SRR13077751.bin.17.fbc2XSRR13077751.bin.16.fbc2 ,-0.1005166269615074,-0.1005166269615074,395.8413998354158,-0.001931155176976,-1000.0,999.8492154037816,493.85098183464015,156.42586314335017,-3.7694797245918608,-0.1675277116025881,-0.0133442822728966,874.766387013763,-243.57210540981143,-999.8492154037818,-0.0065852391535372,-0.0884234108395958,-0.0884234108395958,604.1586001645842,-0.0016988167308227,999.8673563896572,-1000.0,506.1490181653599,-39.72240383280928,-3.315971341403497,-0.1473723513992126,-0.0117388236100168,125.23361298623696,-7.507665719380952,1000.0,-0.0057929650521373, Neutralism,COVID
SRR13077751.bin.10.fbc2XSRR13077751.bin.70.fbc2 ,-0.0732565971809435,-0.0732565971809435,501.5604138776821,-0.0014074274193944,1000.0,-1000.0,-546.3915487648617,-314.7501004520875,-2.7471998027921245,-0.1220943286348301,-0.0097253234681602,0.0322126386770378,-6.772191685896473,1000.0,-0.0047993275002227,-0.070013665578358,-0.070013665578358,498.4395861223179,-0.0013451232580337,-1000.0,999.8949727760164,-453.6084512351383,1000.0,-2.6255864409660035,-0.1166894426305589,-0.0092948017127127,24.283166082666867,-152.4716001060218,-999.8949727760164,-0.0045868703097085, Amensalism,COVID
SRR13077751.bin.10.fbc2XSRR13077751.bin.29.fbc2 ,-0.0094076984252069,-0.0094076984252069,64.41097863375467,-0.0001807434855436,1000.0,-1000.0,14.68070292606751,-40.42057832765022,-0.3527986318382545,-0.0156794973754585,-0.0012489374854567,0.0041367849696598,-0.8696928264564576,1000.0,-0.0006163352858266,-0.2327858718547304,-0.2327858718547304,935.5890213662452,-0.0044723510442281,-1000.0,999.3504804578392,323.566922756826,1000.0,-8.729716173860538,-0.3879764530912553,-0.0309039457159769,974.6492063503416,-999.1303071735437,-999.3504804578394,-0.0152507170610078, Amensalism,COVID
SRR13077751.bin.50.fbc2XSRR13077751.bin.56.fbc2 ,-0.1327020364684585,-0.1327020364684585,508.8943822872179,-0.0025495107870483,-1000.0,1000.0,138.25451142614293,-2.0284162773248227,-4.976466590661289,-0.2211700607807643,-0.0176171195388405,511.4821484836768,-502.1018341225737,-1000.0,-0.0086938317840576,-0.0885503014197865,-0.0885503014197865,491.1056177127821,-0.0017012545902161,999.8671660415972,-1000.0,343.9243254312896,23.38274060205765,-3.3207298722443284,-0.1475838356996064,-0.0117556692182461,-4.572087686064037,-497.8981658774263,1000.0,-0.0058012781526031, Amensalism,COVID
SRR13077751.bin.29.fbc2XSRR13077751.bin.19.fbc2 ,-0.2356441986183881,-0.2356441986183881,957.0482423100376,-0.0045272660637465,-1000.0,999.646511065742,365.5444919978686,78.13485143462276,-8.836906447824504,-0.3927403310307227,-0.0312834085005988,956.425781923988,-999.9230363635102,-999.646511065742,-0.0154379772774291,-0.0036324670202247,-0.0036324670202247,42.951757689962506,-6.978803116908239e-05,1000.0,-1000.0,-476.8105843338183,395.3424116804069,-0.1362213516018755,-0.0060541117004504,-0.0004822352950668,43.57421807601236,-0.076963636489836,1000.0,-0.0002379771862024, Amensalism,COVID
SRR13077751.bin.9.fbc2XSRR13077751.bin.54.fbc2 ,-0.0877920620245049,-0.0877920620245049,10.797377883026796,-0.0016866870705598,-1000.0,999.868303473528,489.64119550420537,377.6118542163956,-3.2922950937066844,-0.146320103374137,-0.0116550076578505,-0.377919105037563,-501.0046593409088,-999.868303473528,-0.0057516029107773,-0.087413668243812,-0.087413668243812,989.2026221169732,-0.0016794172573781,1000.0,-1000.0,510.3588044957946,-583.1642688197182,-3.278104927093296,-0.1456894470730958,-0.0116047732481092,496.8656004053653,-415.7810229066953,1000.0,-0.0057268128474561, Neutralism,COVID
SRR13077751.bin.67.fbc2XSRR13077751.bin.17.fbc2 ,-0.1822611842513879,-0.1822611842513879,1000.0,-0.0035016557973222,-1000.0,999.726590715344,154.8683979621669,10.525417061868666,-6.834987000496767,-0.3037686404189799,-0.0241964415596385,981.0130418032136,-530.557381453669,-999.726590715344,-0.0119406462689539,-0.0717939257423267,-0.0717939257423267,0.0,-0.0013793261430237,999.8923022147558,-1000.0,139.38637688616564,731.0003979046717,-2.6923480782768365,-0.1196565429039537,-0.0095311436480187,18.98695819678653,-250.30662937405864,1000.0,-0.0047035021475494, Amensalism,COVID
SRR13077751.bin.42.fbc2XSRR13077751.bin.35.fbc2 ,-0.2462247157101273,-0.2462247157101273,391.3545369802473,-0.0047305420886232,-1000.0,999.6306392737242,491.83417801842666,1000.0,-9.233687018946624,-0.4103745261836593,-0.0326880458320602,800.2503422416908,-500.0,-999.6306392737245,-0.0161311485220494,-0.0894496792794825,-0.0894496792794825,608.6454630197527,-0.0017185337037517,999.7504173502064,-1000.0,508.1658219815733,-20.068228881398795,-3.3544574923352,-0.1490827987992133,-0.0118750678927881,199.74965775830924,-500.0,1000.0,-0.0058601999297707, Amensalism,COVID
SRR13077751.bin.19.fbc2XSRR13077751.bin.56.fbc2 ,-0.043037634776283,-0.043037634776283,508.8943822872175,-0.0008268517727856,-1000.0,1000.0,0.0,-2.297779734130017,-1.6139567809570965,-0.0717293912937293,-0.0057135457502681,510.8843003007664,-481.2972162808571,-1000.0,-0.0028195645453479,-0.0885503014197865,-0.0885503014197865,491.1056177127825,-0.0017012545902161,999.8671660415972,-1000.0,-149.76346195400674,27.200628103193598,-3.3207298722443284,-0.1475838356996064,-0.0117556692182461,489.1156996992336,-497.8981658774263,1000.0,-0.0058012781526031, Amensalism,COVID
SRR13077751.bin.19.fbc2XSRR13077751.bin.35.fbc2 ,-0.0643265424929495,-0.0643265424929495,760.6230285843299,-0.0012358605666804,-1000.0,1000.0,-1000.0,62.41980737633298,-2.412313315816732,-0.1072109041549538,-0.0085397965153788,765.4183653205337,-252.3018063687491,-1000.0,-0.0042142845321677,-0.0749363604796826,-0.0749363604796826,239.3769714156701,-0.0014396995288734,999.7909124374166,-1000.0,166.14787702403623,513.1523375311576,-2.810192701463734,-0.1248939341328423,-0.0099483237447657,76.56376401865555,-747.6981936312509,1000.0,-0.0049093753935949, Competition,COVID
SRR13077751.bin.10.fbc2XSRR13077751.bin.17.fbc2 ,-0.0514240895973898,-0.0514240895973898,356.7654214012623,-0.0009879748241701,-1000.0,1000.0,88.0919542163474,-233.13689654658424,-1.9284576985172637,-0.0857068159956497,-0.0068269060349166,-12.27492142450012,-6.111112178392773,-1000.0,-0.003368994150378,-0.107054321450164,-0.107054321450164,643.2345785987377,-0.0020567592978295,999.8394082340284,-1000.0,747.6187945609349,-57.43841020109335,-4.014650176143391,-0.1784238690836446,-0.014212206747743,1000.0,-213.34201099484005,1000.0,-0.0070135492054532, Amensalism,COVID
SRR13077751.bin.66.fbc2XSRR13077751.bin.55.fbc2 ,-0.1703331170007231,-0.1703331170007231,977.3974170602388,-0.0032724902401923,-529.3060457426927,1000.0,-92.11837078648546,40.820609246475215,-6.387671874489115,-0.2838885283345007,-0.0226129075595054,971.7031204178364,-340.731175571583,-1000.0,-0.0111591917190025,-0.0889432416111049,-0.0889432416111049,22.60258293976108,-0.0017088038733845,1000.0,-1000.0,-380.38856306726734,959.1793907535248,-3.3354655446305514,-0.1482387360185839,-0.0118078347652499,20.02914310324377,-503.0848327173112,1000.0,-0.0058270212083471, Amensalism,COVID
SRR13077751.bin.17.fbc2XSRR13077751.bin.70.fbc2 ,-0.084580829474703,-0.084580829474703,0.0,-0.0016249919207211,999.8731206308285,-1000.0,382.62453065428326,74.95856584351054,-3.171870479856466,-0.1409680491244671,-0.0112286941723596,911.5406600306504,-157.56629987192855,1000.0,-0.0055412224497786,-0.1382925201413627,-0.1382925201413627,1000.0,-0.002656916813521,-1000.0,999.792547935204,105.1438677374731,925.0414341564896,-5.186115635724832,-0.2304875335688621,-0.0183592951810851,88.45933996934946,-314.4415688256063,-999.792547935204,-0.0090600863339886, Amensalism,COVID
SRR13077751.bin.73.fbc2XSRR13077751.bin.19.fbc2 ,-0.0435925862522026,-0.0435925862522026,18.925672028742497,-0.0008375136648055,-1000.0,999.9346069330534,784.8785495037093,311.2705095712988,-1.6347680477081212,-0.0726543104202619,-0.0057872194237234,25.988078300859343,-500.009539280642,-999.9346069330534,-0.0028559215969607,-0.0829702981310447,-0.0829702981310447,981.0743279712574,-0.0015940499160933,1000.0,-1000.0,-855.761092827332,1.0195543263134823,-3.111473852659742,-0.1382838302183699,-0.0110148849199731,974.0119216991408,-499.99046071935805,1000.0,-0.0054357102137601, Amensalism,COVID
SRR13077751.bin.10.fbc2XSRR13077751.bin.19.fbc2 ,-0.076623822251804,-0.076623822251804,531.5938590075029,-0.0014721195437914,-1000.0,1000.0,131.26031582727455,-339.3698924238714,-2.8734743010155626,-0.1277063704195598,-0.010172346047284,-18.29009331519489,-9.105786353901635,-1000.0,-0.0050199276441844,-0.0396135094523515,-0.0396135094523515,468.40614099249706,-0.0007610664640651,0.0,0.0,-1000.0,1000.0,-1.485548463119244,-0.0660225157539571,-0.0052589692663786,465.0342512449752,-442.7612492261314,0.0,-0.0025952366422643, Amensalism,COVID
SRR13077751.bin.35.fbc2XSRR13077751.bin.41.fbc2 ,-0.0472992481550136,-0.0472992481550136,17.133018035937653,-0.0009087271499765,0.0,-0.1319744439874739,-25.594711102847327,587.4077149506129,-1.7737717858046835,-0.0788320802582802,-0.0062793046062097,4.054779092717581,-633.506816910055,0.1319744439874739,-0.0030987595813485,-0.1733357802373802,-0.1733357802373802,982.8669819640622,-0.0033301782946182,-1000.0,999.7399796787528,644.0420753017936,-356.93559100851985,-6.500274918706396,-0.2888929670622246,-0.0230115320160848,-619.3794263176304,-366.493183089945,-999.7399796787524,-0.0113559079848073, Amensalism,COVID
SRR13077751.bin.10.fbc2XSRR13077751.bin.66.fbc2 ,-0.0768448027297381,-0.0768448027297381,533.1269574828784,-0.0014763650860913,-1000.0,1000.0,131.63886608074836,-348.3845599293304,-2.8817613024458524,-0.1280746712162681,-0.0102016827447641,-18.34284131764241,-9.13204712975471,-1000.0,-0.0050344049434443,-0.1263565206571684,-0.1263565206571684,466.8730425171216,-0.0024275988598674,999.81045308102,-1000.0,868.3611339192516,973.02368071264,-4.738503042581556,-0.2105942010953185,-0.0167747081218294,468.9607047086597,-797.6902400932272,1000.0,-0.0082781121121797, Amensalism,COVID
SRR13077751.bin.50.fbc2XSRR13077751.bin.55.fbc2 ,-0.1719930717688385,-0.1719930717688385,955.6548391475708,-0.0033043817822999,-1000.0,1000.0,-721.0820963910134,-2.6289991898179323,-6.449921932329403,-0.2866551196146929,-0.0228332781157405,959.0088031785168,-495.8892034824597,-1000.0,-0.0112679418776906,-0.089139025419854,-0.089139025419854,44.34516085242922,-0.0017125653298535,0.0,0.0,-278.91790360898665,885.5287463347022,-3.3428076443367445,-0.1485650423663855,-0.0118338264294379,9.552569530452049,-504.1107965175403,0.0,-0.0058398477748369, Amensalism,COVID
SRR13077751.bin.73.fbc2XSRR13077751.bin.16.fbc2 ,-0.0647945434191115,-0.0647945434191115,910.14946017065,-0.0012448519388499,-1000.0,999.9028019606116,668.9711736759768,-512.2433374788247,-2.42986384507401,-0.107990905698557,-0.0086019268977679,527.3540990718509,-500.014178863584,-999.9028019606116,-0.0042449451116226,-0.0883431644310803,-0.0883431644310803,89.85053982935005,-0.0016972750130435,999.867476766978,-1000.0,331.0288263240232,-41.57503149590866,-3.31296201629209,-0.1472386073851339,-0.0117281703404614,472.6459009281491,-7.047090097518662,1000.0,-0.0057877077946386, Neutralism,COVID
SRR13077751.bin.70.fbc2XSRR13077751.bin.54.fbc2 ,-0.1188636427950768,-0.1188636427950768,847.5678913759566,-0.0022836434734472,-1000.0,999.82169311759,544.1418129870478,372.6137801159996,-4.457512205205376,-0.1981060713251281,-0.0157799764017454,46.202147192941766,-253.22258467162035,-999.82169311759,-0.0077872242445664,-0.0762070310433955,-0.0762070310433955,152.4321086240434,-0.0014641120277474,1000.0,-1000.0,179.50095078387403,627.3862198840004,-2.8578441902870964,-0.1270117184055834,-0.0101170141116426,165.15828299757345,-444.86474461608896,1000.0,-0.0049926220145835, Competition,COVID
SRR13077751.bin.17.fbc2XSRR13077751.bin.55.fbc2 ,-0.0883821686272767,-0.0883821686272767,311.9579675096054,-0.0016980243732405,-1000.0,999.8674182569372,448.3158790551079,409.0268197507055,-3.314424714864458,-0.1473036143788704,-0.0117333484190567,337.2255178695084,-255.50737861976813,-999.8674182569372,-0.0057902631127717,-0.1181144130533766,-0.1181144130533766,688.0420324903946,-0.0022692490499593,1000.0,-1000.0,-282.5789732527593,590.9731802492945,-4.429415298197682,-0.1968573550889232,-0.0156805109355673,662.7744821304916,-508.0513784570469,1000.0,-0.0077381392605957, Competition,COVID
SRR13077751.bin.10.fbc2XSRR13077751.bin.46.fbc2 ,-0.0768452187348884,-0.0768452187348884,533.1298436055213,-0.0014763730785034,-1000.0,1000.0,128.0807075932628,-348.38644593519166,-2.881776903076116,-0.1280753645580716,-0.0102017379722383,-14.784069493656943,-9.132096566774637,-1000.0,-0.0050344321975899,-0.0395892283237344,-0.0395892283237344,466.8701563944787,-0.000760599967748,999.9406123545144,-1000.0,-171.50923414978206,31.876549796586005,-1.4846378951397128,-0.065982047206262,-0.0052557457775037,-2.424929605327179,-137.05331799043483,1000.0,-0.0025936458902151, Amensalism,COVID
SRR13077751.bin.16.fbc2XSRR13077751.bin.56.fbc2 ,-0.0884234108395958,-0.0884234108395958,508.8943822872175,-0.0016988167308227,-1000.0,999.8673563896572,697.3809706384391,972.7993718968036,-3.315971341403497,-0.1473723513992126,-0.0117388236100168,963.266791616336,-287.84342305103746,-999.8673563896572,-0.0057929650521373,-0.0885503014197865,-0.0885503014197865,491.1056177127825,-0.0017012545902161,999.8671660415972,-1000.0,302.61902936156093,27.200628103196323,-3.3207298722443284,-0.1475838356996064,-0.0117556692182461,36.73320838366408,-497.8981658774263,1000.0,-0.0058012781526031, Neutralism,COVID
SRR13077751.bin.17.fbc2XSRR13077751.bin.62.fbc2 ,-0.0452507484011448,-0.0452507484011448,470.6663361289538,-0.0008693707666225,-1000.0,999.9321195305442,540.4801644575725,150.56696710466576,-1.6969508804369298,-0.0754179140019459,-0.006007351997141,0.0,-158.50765288110233,-999.9321195305444,-0.0029645543140759,-0.0896160431622092,-0.0896160431622092,529.3336638710462,-0.0017217299358662,1000.0,-851.3346423258646,-794.7255240841539,-694.264664812132,-3.360696313728454,-0.1493600719369396,-0.0118971538569212,1000.0,-537.3493248761184,851.3346423258645,-0.0058710990813324, Amensalism,COVID
SRR13077751.bin.14.fbc2XSRR13077751.bin.55.fbc2 ,-0.1778918472934947,-0.1778918472934947,14.506883628416745,-0.003417710802978,-1000.0,1000.0,1000.0,555.7358462573584,-6.671132247601804,-0.2964864121559003,-0.0236163816483667,13.131493250795302,-496.7416356910992,-1000.0,-0.0116543938380573,-0.1312291536231669,-0.1312291536231669,985.4931163715833,-0.0025212133260765,0.0,0.0,-322.2053845400501,444.2641537426416,-4.92123192760198,-0.2187152560386493,-0.0174215840833085,986.8685067492048,-503.2583643089008,0.0,-0.0085973374419836, Neutralism,COVID
SRR13077751.bin.19.fbc2XSRR13077751.bin.54.fbc2 ,-0.0711453464906526,-0.0711453464906526,841.2513220852256,-0.0013668654464709,-1000.0,1000.0,-1000.0,382.4287753915123,-2.6680256709971677,-0.1185755774843073,-0.0094450402353913,835.1954520617928,-486.4078185298663,-1000.0,-0.0046610111726295,-0.076567219180788,-0.076567219180788,158.74867791477436,-0.0014710320688209,0.0,0.0,182.35336322446665,617.5712246084877,-2.87135162604352,-0.1276120319679421,-0.0101648315953752,164.80454793820718,-444.3772817792219,0.0,-0.0050162193546157, Competition,COVID
SRR13077751.bin.67.fbc2XSRR13077751.bin.11.fbc2 ,-0.1406239298025866,-0.1406239298025866,543.103435655868,-0.0027017085457146,-1000.0,999.7890505967534,-322.98146244698546,313.0107421684679,-5.273545961564878,-0.2343732163375307,-0.0186688060506412,844.4687062919604,-497.9602944764053,-999.7890505967534,-0.0092128261408106,-0.1421270537423424,-0.1421270537423424,456.896564344132,-0.0027305870075906,1000.0,-1000.0,604.2675192933202,115.350750089161,-5.329914697621803,-0.2368784229038283,-0.0188683562221285,-5.370682361644299,-502.0397055235947,1000.0,-0.0093113016956749, Competition,COVID
SRR13077751.bin.73.fbc2XSRR13077751.bin.9.fbc2 ,-0.0673116846011225,-0.0673116846011225,990.2319837133382,-0.0012932120000641,-1000.0,999.8990260070382,776.7713744138309,0.0,-2.52425929920264,-0.1121861410018709,-0.0089360949201591,717.795122987126,-500.0147296846803,-999.8990260070384,-0.0044098529200482,-0.0877026575809623,-0.0877026575809623,9.768016286661693,-0.0016849694060283,999.8684375887816,-1000.0,223.22862558616907,1000.0,-3.288942332602005,-0.1461710959681568,-0.0116431385953319,0.640831669657814,-499.9852703153197,1000.0,-0.0057457456744032, Neutralism,COVID
SRR13077751.bin.50.fbc2XSRR13077751.bin.54.fbc2 ,-0.1718277592142385,-0.1718277592142385,953.7751454245442,-0.0033012057485848,-1000.0,1000.0,-623.14964472752,-2.6264723056376624,-6.443722536849464,-0.2863795986903596,-0.022811331722778,957.1258857653938,-543.8964075561441,-1000.0,-0.0112571116027311,-0.0453534845925105,-0.0453534845925105,46.224854575455765,-0.0008713445646435,0.0,0.0,522.6166908464074,384.7809712017729,-1.700803596169976,-0.0755891409875175,-0.0060209909420336,42.87411423460617,-456.1035924438559,0.0,-0.0029712849656107, Amensalism,COVID
SRR13077751.bin.16.fbc2XSRR13077751.bin.13.fbc2 ,-0.0875589966063898,-0.0875589966063898,75.11995845380284,-0.0016822093488144,-1000.0,999.8686530940436,0.0,153.64703262733133,-3.283554894252916,-0.1459316610106498,-0.0116240666003477,925.763608880338,-3.4073549885180228,-999.8686530940436,-0.0057363338794402,-0.0757747545221718,-0.0757747545221718,924.8800415461972,-0.0014558070032535,999.8863305891816,-1000.0,1000.0,-935.5024392523296,-2.8416333639684126,-0.126291257536991,-0.0100596263928309,1.0622732541741016,-953.938259136276,1000.0,-0.004964301881273, Neutralism,COVID
SRR13077751.bin.17.fbc2XSRR13077751.bin.11.fbc2 ,-0.0435841773590937,-0.0435841773590937,646.745512394489,-0.0008373521106932,-1000.0,999.9346195472008,481.0951956421159,-792.4870982531179,-1.6344527053321372,-0.0726402955984895,-0.0057861030845742,1000.0,-19.143962971059292,-999.9346195472008,-0.0028553706972616,-0.1597559809503081,-0.1597559809503081,353.25448760551103,-0.0030692791729052,1000.0,-1000.0,518.9048043578841,414.00871387633833,-5.9910180959917625,-0.2662599682505515,-0.0212087190848251,-4.245426951978743,-663.7807911709076,1000.0,-0.0104662419796568, Competition,COVID
SRR13077751.bin.42.fbc2XSRR13077751.bin.19.fbc2 ,-0.2289915342697668,-0.2289915342697668,254.8173749413365,-0.0043994531080215,-1000.0,999.65649070133,1000.0,585.5338564489787,-8.587424505037689,-0.3816525571163538,-0.0304002209760483,260.1853040707556,-750.320183903149,-999.6564907013296,-0.0150021350981432,-0.0630206319158332,-0.0630206319158332,745.1826250586635,-0.0012107710261943,1000.0,-1000.0,-910.176493553126,0.7707768353051279,-2.3633402892506865,-0.1050343865264267,-0.0083664277913158,739.8146959292444,-249.67981609685103,1000.0,-0.0041287291994649, Competition,COVID
SRR13077751.bin.46.fbc2XSRR13077751.bin.11.fbc2 ,-0.0457355644829249,-0.0457355644829249,539.3530272500745,-0.0008786851966533,-858.2573578294284,1000.0,-1000.0,-548.7266388297815,-1.715131995794536,-0.0762259408048748,-0.0060717147084687,-2.8014065700881474,-35.52904720533729,-1000.0,-0.0029963165203525,-0.1798632198341465,-0.1798632198341465,460.6469727499255,-0.0034555853954998,1000.0,-1000.0,647.1464024450484,529.0478594685192,-6.745060800975693,-0.2997720330567972,-0.0238780950826367,-4.779765719011152,-715.8601509801589,1000.0,-0.0117835461985578, Amensalism,COVID
SRR13077751.bin.73.fbc2XSRR13077751.bin.55.fbc2 ,-0.0439323827357611,-0.0439323827357611,28.596233614938228,-0.0008440419353519,-1000.0,999.9340972056866,783.5584846680824,298.76219955639294,-1.6475107748973414,-0.0732206378929731,-0.0058323297733977,21.881521087025817,-498.0950787541036,-999.9340972056868,-0.0028781829995523,-0.1305510963559299,-0.1305510963559299,971.4037663850618,-0.0025081862892193,1000.0,-1000.0,-356.8922450664903,465.0129440288515,-4.895804063593232,-0.2175851605932166,-0.0173315672587932,978.1184789129744,-501.9049212458964,1000.0,-0.008552915246355, Amensalism,COVID
SRR13077751.bin.16.fbc2XSRR13077751.bin.55.fbc2 ,-0.0880863178898607,-0.0880863178898607,81.83631580969563,-0.0016923404012914,-1000.0,999.8678620614633,1000.0,498.1789318426679,-3.303329999591938,-0.1468105298164346,-0.0116940721733271,63.16563123281321,-5.572915019278867,-999.8678620614633,-0.005770880768523,-0.1284181960396608,-0.1284181960396608,918.1636841903044,-0.0024672083773111,1000.0,-1000.0,-328.7118118740718,501.8210681573321,-4.815818047947687,-0.2140303267327681,-0.017048409887252,913.038676959182,-506.5680767256828,1000.0,-0.0084131805666629, Neutralism,COVID
SRR13077751.bin.10.fbc2XSRR13077751.bin.9.fbc2 ,-0.0761933994645005,-0.0761933994645005,540.7270348614657,-0.0014638501338595,-1000.0,1000.0,-847.2538399276239,-357.8599227573002,-2.8573329916755483,-0.1269889991074251,-0.0101152044245509,-18.797484558646715,-7.452244108697073,-1000.0,-0.0049917289562699,-0.0877920620245049,-0.0877920620245049,10.797377883026684,-0.0016866870705598,999.868303473528,-1000.0,503.2682988577883,1000.0,-3.2922950937066844,-0.146320103374137,-0.0116550076578505,-0.377919105037563,-501.4892164248395,1000.0,-0.0057516029107773, Neutralism,COVID
SRR13077751.bin.10.fbc2XSRR13077751.bin.62.fbc2 ,-0.0766566488157423,-0.0766566488157423,531.0628307445127,-0.0014727502174309,-1000.0,1000.0,125.78876751829056,-338.3529123409287,-2.874705331851601,-0.1277610813594947,-0.0101767040022195,-12.689427054988755,-9.125831412666455,-1000.0,-0.0050220782413816,-0.0862407305374972,-0.0862407305374972,468.9371692554873,-0.0016568824311207,1000.0,-791.9243013997325,-715.9657469387253,-661.6470876590713,-3.234118523689176,-0.1437345508958287,-0.0114490575987247,917.0378057035688,-552.1950181148416,791.9243013997325,-0.0056499690899727, Neutralism,COVID
SRR13077751.bin.16.fbc2XSRR13077751.bin.35.fbc2 ,-0.0884234108395958,-0.0884234108395958,241.7668754965985,-0.0016988167308227,-1000.0,999.8673563896572,376.8049237325297,-335.9219622294888,-3.315971341403497,-0.1473723513992126,-0.0117388236100168,751.6759683831829,-7.50892850648404,-999.8673563896572,-0.0057929650521373,-0.0898463624612304,-0.0898463624612304,758.2331245034015,-0.0017261548983924,999.7493105241064,-1000.0,372.0345209057514,215.3766483941381,-3.3693335308170163,-0.1497439374354598,-0.0119277303479066,248.32403161681717,-383.8828312263759,1000.0,-0.0058861882034761, Neutralism,COVID
SRR13077751.bin.67.fbc2XSRR13077751.bin.35.fbc2 ,-0.1821652518926839,-0.1821652518926839,998.947308949299,-0.0034998127164271,-1000.0,999.7267346230974,-968.512006148646,-29.539434038305444,-6.831389435673259,-0.3036087531544353,-0.0241837058708824,1000.0,-497.3577507682072,-999.7267346230976,-0.0119343613631599,-0.0364296147261029,-0.0364296147261029,1.0526910507009006,-0.0006998965365028,999.8983540260006,-1000.0,-31.48799385135408,476.3362705138868,-1.3661490465368615,-0.060716024543467,-0.0048362850674266,-0.9247196349743944,-502.6422492317928,1000.0,-0.0023866471894962, Amensalism,COVID
SRR13077751.bin.29.fbc2XSRR13077751.bin.73.fbc2 ,-0.2133795689028375,-0.2133795689028375,977.7250069673424,-0.0040995114102315,-996.690235739313,1000.0,269.0378066165388,281.0292491185737,-8.001959306984986,-0.3556326148381004,-0.0283276238446887,953.2371634889852,-499.99051302123,-1000.0,-0.0139793339088782,-0.0433535772589266,-0.0433535772589266,22.27499303265779,-0.0008329217532718,999.9349654695028,-1000.0,730.9621933834612,284.0387722058181,-1.6258049579047338,-0.0722559620980973,-0.00575548931522,46.76283651101471,-500.00948697877,1000.0,-0.0028402631787685, Competition,COVID
SRR13077751.bin.65.fbc2XSRR13077751.bin.70.fbc2 ,-0.0792338071298672,-0.0792338071298672,93.3736765139538,-0.0015222633454641,-1000.0,1000.0,393.41491974758446,594.548160059647,-2.971351491856012,-0.1320563452164833,-0.0105188397169513,977.0628309659124,-540.9851173926585,-1000.0,-0.0051909180078837,-0.1272078219236618,-0.1272078219236618,906.6263234860462,-0.0024439543117296,0.0,-0.1908239526570696,606.5850802524155,405.451839940353,-4.770427739624893,-0.2120130365394743,-0.0168877242938378,22.937169034087788,-273.96587831728,0.1908239526570696,-0.0083338842028979, Amensalism,COVID
SRR13077751.bin.19.fbc2XSRR13077751.bin.41.fbc2 ,0.0,0.0,0.0,0.0,1000.0,-1000.0,0.0,0.0,0.0,0.0,0.0,0.0,0.0,1000.0,0.0,-0.1748478973408964,-0.1748478973408964,1000.0,-0.0033592295358175,-1000.0,999.7377113578408,1000.0,-92.96185371824912,-6.556980907907132,-0.2914131622347895,-0.0232122760927495,-307.42431150068103,-718.5873065446734,-999.737711357841,-0.0114549727172743, Amensalism,COVID
SRR13077751.bin.67.fbc2XSRR13077751.bin.9.fbc2 ,-0.1814713876242422,-0.1814713876242422,991.33335350099,-0.0034864819908762,-1000.0,999.727775486154,0.0,-39.37660662625581,-6.8053687924174255,-0.3024523127070324,-0.0240915905568499,998.269151636152,-500.3024871775269,-999.7277754861536,-0.0118889035887832,-0.0876069989188863,-0.0876069989188863,8.666646499009971,-0.0016831315834906,999.8685810859638,-1000.0,1000.0,58.85788583272984,-3.285355031697236,-0.1460116648648863,-0.011630439241685,1.730848363848054,-499.6975128224731,1000.0,-0.0057394786996383, Neutralism,COVID
SRR13077751.bin.73.fbc2XSRR13077751.bin.35.fbc2 ,-0.0508155086693022,-0.0508155086693022,383.25292879508015,-0.0009762825873167,-1000.0,999.9237718555833,488.4520419099426,-112.25121316885532,-1.9056352706389816,-0.0846925144487613,-0.0067461126782291,284.34774071107404,-500.01111985866953,-999.9237718555833,-0.0033291236227341,-0.0898042050935146,-0.0898042050935146,616.7470712049198,-0.0017253449585723,999.749428151667,-1000.0,511.54795809005736,-17.31599331962127,-3.367752584980849,-0.1496736751558955,-0.0119221336636883,200.87692728349705,-499.98888014133047,1000.0,-0.0058834263087419, Amensalism,COVID
SRR13077751.bin.46.fbc2XSRR13077751.bin.62.fbc2 ,-0.0411744383065979,-0.0411744383065979,485.5643129596229,-0.0007910554910495,-1000.0,1000.0,-192.861596009432,-276.2858850388934,-1.5440849445476488,-0.0686240638442541,-0.0054661934427713,-2.5220272952963114,-19.87654846448845,-1000.0,-0.0026974992242685,-0.0906010378857899,-0.0906010378857899,514.4356870403772,-0.0017406539459443,1000.0,-818.1572721919592,-807.138403990568,-723.7141149611066,-3.3976346566846587,-0.15100172980965,-0.0120279187664209,1000.0,-545.6456786533839,818.1572721919592,-0.0059356299556156, Amensalism,COVID
SRR13077751.bin.66.fbc2XSRR13077751.bin.41.fbc2 ,-0.0861490743112654,-0.0861490743112654,0.1047360888072717,-0.001655121504541,-1000.0,1000.0,223.46109100466924,706.3309887896849,-3.230681318353959,-0.1435817905187377,-0.0114368895963252,1.5280909290651152,-0.0323079717685459,-1000.0,-0.0056439643304884,-0.1748387408983944,-0.1748387408983944,999.8952639111926,-0.0033590536195333,0.0,-0.2622749066157439,776.5389089953308,293.66901121031515,-6.556637531639808,-0.291397901497362,-0.0232110605112438,-711.6944297385829,-772.1547945869889,0.2622749066157439,-0.0114543728427634, Amensalism,COVID
SRR13077751.bin.46.fbc2XSRR13077751.bin.13.fbc2 ,-0.0847970849742978,-0.0847970849742978,1000.0,-0.0016291466853317,-1000.0,999.8727962268048,-107.83262002404511,-502.6844590337785,-3.179980289605965,-0.1413284749572767,-0.0112574035960051,-5.194012879414572,-137.8403763766047,-999.872796226805,-0.0055553901971734,0.0,0.0,0.0,0.0,1000.0,-1000.0,1000.0,0.0,0.0,0.0,0.0,0.0,-500.0,1000.0,0.0, Amensalism,COVID
SRR13077751.bin.65.fbc2XSRR13077751.bin.9.fbc2 ,-0.1611929288717419,-0.1611929288717419,989.2026221169732,-0.0030968862415647,-1000.0,1000.0,562.1766503163444,797.331519753408,-6.044905161431871,-0.2686548814527896,-0.0213994839290307,1000.0,-498.5107835751605,-1000.0,-0.0105603820836677,-0.0877920620245049,-0.0877920620245049,10.797377883026684,-0.0016866870705598,999.868303473528,-1000.0,368.0692763872112,202.66848024659205,-3.2922950937066844,-0.146320103374137,-0.0116550076578505,-0.377919105037563,-501.4892164248395,1000.0,-0.0057516029107773, Neutralism,COVID
SRR13077751.bin.10.fbc2XSRR13077751.bin.73.fbc2 ,-0.0770207749203564,-0.0770207749203564,536.6323442375028,-0.0014797459158444,-1000.0,1000.0,0.0,-342.4987368855104,-2.8883604455376144,-0.1283679582005561,-0.0102250442785134,-21.12629712055593,-9.381413504142188,-1000.0,-0.0050459335731147,-0.0557437950049006,-0.0557437950049006,463.3676557624972,-0.0010709662825547,999.9163789526611,-1000.0,1000.0,816.18195759984,-2.090451215829603,-0.0929063250081299,-0.0074003770122317,471.58579450156685,-500.01219830595767,1000.0,-0.0036519950233468, Amensalism,COVID
SRR13077751.bin.41.fbc2XSRR13077751.bin.11.fbc2 ,-0.0954379624834018,-0.0954379624834018,541.1186290453954,-0.0018335823724555,-1000.0,999.8568338883632,353.23286513829066,-30.91914139432174,-3.5790244401578093,-0.1590632708056318,-0.012670054193336,-963.6075052091232,-284.1992801742823,-999.8568338883632,-0.0062525158898552,-0.1796458026733489,-0.1796458026733489,458.88137095460456,-0.003451408312685,1000.0,-1000.0,646.7671348617093,530.0201079048297,-6.736907427706797,-0.2994096711222482,-0.0238492314404084,-8.400210121738041,-715.8007198257177,1000.0,-0.0117693023461242, Amensalism,COVID
SRR13077751.bin.65.fbc2XSRR13077751.bin.62.fbc2 ,-0.1637472576167056,-0.1637472576167056,1000.0,-0.0031459607611168,-1000.0,1000.0,448.701729331036,794.9565421710856,-6.140695188468044,-0.2729120960278806,-0.0217385888594208,998.9364221750992,-250.05547115220747,-1000.0,-0.010727726195455,-0.0437025986425396,-0.0437025986425396,0.0,-0.0008396272553454,1000.0,-0.5788269476375945,551.298270668964,-513.487373390216,-1.638893628595156,-0.0728376644042327,-0.0058018243346396,1.0635778249009036,-749.9445288477925,0.5788269476375945,-0.0028631289408167, Amensalism,COVID
SRR13077751.bin.42.fbc2XSRR13077751.bin.11.fbc2 ,-0.2428323573433317,-0.2428323573433317,533.5607983663695,-0.0046653670959813,-1000.0,999.6357281371496,0.0,198.4479122666112,-9.10646999556468,-0.4047205955721438,-0.032237686632925,1000.0,-287.2377368403384,-999.6357281371496,-0.0159089017971609,-0.1799651707751763,-0.1799651707751763,466.43920163363055,-0.0034575441071638,1000.0,-1000.0,653.044343838443,524.3834390428606,-6.748884068995608,-0.2999419512919985,-0.0238916297801097,-6.800505202514728,-712.7622631596616,1000.0,-0.0117902254052069, Amensalism,COVID
SRR13077751.bin.29.fbc2XSRR13077751.bin.17.fbc2 ,-0.207708131471918,-0.207708131471918,993.5235499631832,-0.0039905500763097,-1000.0,999.6884178500418,1000.0,760.5065148812721,-7.789274410449934,-0.3461802191197876,-0.0275747010273335,309.8855119064956,-804.8824713988552,-999.6884178500416,-0.0136077757601924,-0.0814520841286139,-0.0814520841286139,6.476450036816914,-0.0015648815394797,999.8778140493994,-1000.0,0.0,239.4934851187279,-3.0545392233073017,-0.135753473547652,-0.0108133314375891,690.1144880935044,-195.11752860114484,1000.0,-0.0053362460495236, Competition,COVID
SRR13077751.bin.41.fbc2XSRR13077751.bin.56.fbc2 ,-0.0900777114599122,-0.0900777114599122,510.7268267722427,-0.0017305996437926,-1000.0,999.864874779812,-1000.0,971.0102755445135,-3.3780093627284487,-0.1501295190998917,-0.0119584435386741,287.91120461493256,-502.10173082501353,-999.864874779812,-0.005901344785343,-0.0883864125580657,-0.0883864125580657,489.2731732277573,-0.001698105908872,999.8674118906332,-1000.0,0.0,28.98972445548634,-3.3145838667508087,-0.1473106875967005,-0.0117339118304471,343.8599544802339,-497.89826917498647,1000.0,-0.0057905411492811, Amensalism,COVID
SRR13077751.bin.46.fbc2XSRR13077751.bin.70.fbc2 ,-0.0029507446830621,-0.0029507446830621,34.79771367028161,-5.66905798677908e-05,999.9955735995228,-1000.0,-223.11021894513544,465.101215245918,-0.1106560435948722,-0.0049179078050656,-0.0003917319070296,-0.1807397729776312,-136.4143273536837,1000.0,-0.0001933148773787,-0.1355300589000307,-0.1355300589000307,965.2022863297184,-0.0026038435908048,-1000.0,999.796691892432,533.7727164773987,534.898784754082,-5.082520420146807,-0.2258834314999376,-0.0179925592123026,32.61179274481833,-292.85912841261586,-999.796691892432,-0.0088791066445992, Amensalism,COVID
SRR13077751.bin.66.fbc2XSRR13077751.bin.65.fbc2 ,-0.0865214061190045,-0.0865214061190045,4.427136617034307,-0.0016622748534018,507.36090454077225,0.0,301.563579838893,135.97164664316097,-3.2446441545780544,-0.1442023435315604,-0.0114863192369512,1.534695258392503,-126.87267374033128,0.0,-0.0056683572501015,-0.1679194966831119,-0.1679194966831119,995.5728633829658,-0.0032261190525559,-1000.0,1000.0,698.436420161107,864.028353356839,-6.29715856216535,-0.2798658278052244,-0.0222924826528014,998.4653047416076,-873.1273262596687,-1000.0,-0.011001065969026, Amensalism,COVID
SRR13077751.bin.17.fbc2XSRR13077751.bin.35.fbc2 ,-0.0603622327644188,-0.0603622327644188,633.0906191393985,-0.0011596970751952,-1000.0,999.909450852368,691.947321563842,-458.7751181536111,-2.263647512005832,-0.1006037212740693,-0.0080135067896662,880.3365699121618,-67.60390675783674,-999.909450852368,-0.003954567026426,-0.0536535625641363,-0.0536535625641363,366.9093808606015,-0.0010308081184575,999.8502957369608,-1000.0,308.052678436158,-14.52480381272835,-2.0120652906016403,-0.0894226042735226,-0.0071228840982939,119.66343008783838,-300.8140051068506,1000.0,-0.0035150556838061, Competition,COVID
SRR13077751.bin.50.fbc2XSRR13077751.bin.11.fbc2 ,-0.1135745464653155,-0.1135745464653155,538.6777771814895,-0.0021820277898996,0.0,0.0,-262.52868018877905,-249.0094101530026,-4.259165503979375,-0.1892909107756395,-0.0150778120283803,384.3351948249581,-400.2319574714247,0.0,-0.0074407147636748,-0.1596755131693044,-0.1596755131693044,461.32222281851045,-0.0030677332021014,-1000.0,1000.0,626.8891028610924,305.0508226421887,-5.988000469173926,-0.2661258552820982,-0.02119803642654,-6.033801725881403,-599.7680425285753,-1000.0,-0.0104609702191282, Competition,COVID
SRR13077751.bin.50.fbc2XSRR13077751.bin.9.fbc2 ,-0.1751308735715611,-0.1751308735715611,991.33335350099,-0.0033646661588591,-1000.0,1000.0,-1000.0,-2.6769620426946403,-6.567592815572425,-0.291884789285973,-0.0232498431580552,994.7485064756202,-501.04229872677735,-1000.0,-0.0114735116019346,-0.0876069989188863,-0.0876069989188863,8.666646499009971,-0.0016831315834906,999.8685810859638,-1000.0,803.0765910656396,993.8803955904536,-3.285355031697236,-0.1460116648648863,-0.011630439241685,1.7308483638479402,-498.95770127322265,1000.0,-0.0057394786996383, Neutralism,COVID
SRR13077751.bin.67.fbc2XSRR13077751.bin.41.fbc2 ,-0.1124396916185332,-0.1124396916185332,233.8303636111582,-0.0021602246227985,-1000.0,999.831329661449,-353.28637893575706,270.76666189325374,-4.216607248050195,-0.1873994860309267,-0.0149271521437412,490.11194172743967,-498.3696379729348,-999.831329661449,-0.0073663659638896,-0.1351305704307606,-0.1351305704307606,766.1696363888418,-0.0025961685000766,0.0,-0.2027088364885685,-162.3803290785861,729.2333381067463,-5.067539180419658,-0.2252176173844873,-0.0179395243358158,-680.7955714318817,-501.6303620270653,0.2027088364885685,-0.0088529345853203, Competition,COVID
SRR13077751.bin.73.fbc2XSRR13077751.bin.56.fbc2 ,-0.0568427814021106,-0.0568427814021106,508.8943822872177,-0.0010920803343879,-1000.0,999.9147303674954,1000.0,770.7780647966947,-2.131664366995551,-0.094737969003404,-0.0075462751102577,495.1115529268591,-500.01243879500817,-999.9147303674952,-0.0037239939400706,-0.0885503014197865,-0.0885503014197865,491.1056177127823,-0.0017012545902161,999.8671660415972,-1000.0,-165.53620932791557,23.382740602055836,-3.3207298722443284,-0.1475838356996064,-0.0117556692182461,504.8884470731409,-497.8981658774263,1000.0,-0.0058012781526031, Amensalism,COVID
SRR13077751.bin.50.fbc2XSRR13077751.bin.13.fbc2 ,-0.1754708302759127,-0.1754708302759127,995.198846262724,-0.0033711975077039,-1000.0,1000.0,-179.2480592102787,-2.682158449102872,-6.580341551210267,-0.2924513837932636,-0.0232949747781958,998.6206285890298,-804.3438742247462,-1000.0,-0.0114957835012319,-0.0003933550617603,-0.0003933550617603,4.801153737275968,-7.557253866252722e-06,999.9994099296208,-1000.0,-820.7519407897213,-4.861059634937533,-0.0147512304650945,-0.0006555917696005,-5.222062395660032e-05,0.0102782430691377,-89.38968192232221,1000.0,-2.577023553840263e-05, Amensalism,COVID
SRR13077751.bin.66.fbc2XSRR13077751.bin.56.fbc2 ,-0.1299762410643552,-0.1299762410643552,508.8943822872177,-0.0024971419993562,-1000.0,1000.0,130.36941607212657,972.799371896805,-4.874246382722504,-0.2166270684405162,-0.0172552512152606,502.1170140439774,-137.27616810623977,-1000.0,-0.0085152542176274,-0.0885503014197865,-0.0885503014197865,491.1056177127823,-0.0017012545902161,999.8671660415972,-1000.0,-158.53074821079576,27.20062810319496,-3.3207298722443284,-0.1475838356996064,-0.0117556692182461,497.8829859560226,-497.8981658774263,1000.0,-0.0058012781526031, Amensalism,COVID
SRR13077751.bin.19.fbc2XSRR13077751.bin.13.fbc2 ,-0.0841403758986416,-0.0841403758986416,994.9098002477511,-0.0016165297963652,-1000.0,1000.0,-871.1912403347391,-6.7595193433313625,-3.155353005339748,-0.1402339598311073,-0.0111702208926089,991.6445232162604,-503.4122034246778,-1000.0,-0.0055123666054441,-0.0004170363931734,-0.0004170363931734,5.09019975224885,-8.01222654445155e-06,999.999374405349,-1000.0,993.6804876143816,-5.161694212056318,-0.0156393054185173,-0.0006950606554028,-5.5364485660902574e-05,0.0108970287533338,-496.5877965753222,1000.0,-2.732169264163531e-05, Amensalism,COVID
SRR13077751.bin.17.fbc2XSRR13077751.bin.54.fbc2 ,-0.0891574787091258,-0.0891574787091258,365.8734124053494,-0.0017129198599832,-1000.0,999.8662552173369,242.2658031196884,-72.81547731491696,-3.3434996621864457,-0.1485957978486567,-0.0118362762320884,980.0925495691736,-222.91782230695844,-999.866255217337,-0.0058410567223745,-0.0808026321075203,-0.0808026321075203,634.1265875946506,-0.0015524040750278,1000.0,-1000.0,757.7341968803116,-495.657255957046,-3.0301840862563267,-0.1346710535125339,-0.0107271121587473,19.90745043082632,-410.4977464536239,1000.0,-0.005293697896036, Amensalism,COVID
SRR13077751.bin.42.fbc2XSRR13077751.bin.70.fbc2 ,-0.2398602902411539,-0.2398602902411539,62.90644852110427,-0.0046082668634426,-1000.0,999.6401865233038,384.3104395644823,586.8419692741786,-8.99501433872149,-0.399767150401999,-0.0318431240262953,968.6196855513136,-720.7212478295739,-999.640186523304,-0.0157141900042461,-0.1313242771723253,-0.1313242771723253,937.0935514788956,-0.0025230408679135,0.0,-0.1969990309628428,615.6895604355177,413.1580307258214,-4.924799161209876,-0.2188737952872088,-0.0174342123968926,31.38031444868648,-278.3777182907029,0.1969990309628428,-0.0086035693593657, Amensalism,COVID
SRR13077751.bin.46.fbc2XSRR13077751.bin.55.fbc2 ,-0.0828804518281458,-0.0828804518281458,977.3974170602391,-0.0015923237623383,-1000.0,1000.0,-292.3099104193932,-480.1455290254196,-3.108104521363316,-0.1381340863803188,-0.0110029571975474,-5.07661477251736,-46.918180505518535,-1000.0,-0.0054298240294201,-0.0889432416111049,-0.0889432416111049,22.602582939760737,-0.0017088038733845,1000.0,-1000.0,-380.3885630672671,959.1793907535252,-3.3354655446305514,-0.1482387360185839,-0.0118078347652499,20.02914310324388,-503.08483271731126,1000.0,-0.0058270212083471, Amensalism,COVID
SRR13077751.bin.17.fbc2XSRR13077751.bin.9.fbc2 ,-0.1075141649231454,-0.1075141649231454,989.2026221169732,-0.0020655939466678,-1000.0,999.8387184246458,775.6518357148689,-391.912124281519,-4.031894792283538,-0.1791902748718712,-0.0142732541713712,1000.0,-211.0192632036974,-999.8387184246455,-0.0070436753580906,-0.0877920620245049,-0.0877920620245049,10.797377883026684,-0.0016866870705598,999.868303473528,-1000.0,224.34816428513116,1000.0,-3.2922950937066844,-0.146320103374137,-0.0116550076578505,-0.377919105037563,-501.0046593409087,1000.0,-0.0057516029107773, Neutralism,COVID
SRR13077751.bin.42.fbc2XSRR13077751.bin.54.fbc2 ,-0.2622404983784463,-0.2622404983784463,649.9640987698035,-0.0050382420437244,-1000.0,999.606614061222,729.744223248631,1.9990914883452435,-9.834295792503326,-0.4370674972973347,-0.0348142525224375,845.9402116960034,-570.2045612762781,-999.606614061222,-0.0171804053692312,-0.087413668243812,-0.087413668243812,350.0359012301965,-0.0016794172573781,1000.0,-1000.0,270.255776751369,323.43600974994024,-3.278104927093296,-0.1456894470730958,-0.0116047732481092,154.05978830399658,-429.7954387237219,1000.0,-0.0057268128474561, Neutralism,COVID
SRR13077751.bin.35.fbc2XSRR13077751.bin.56.fbc2 ,-0.0808918948306427,-0.0808918948306427,508.8962454355301,-0.0015541190168733,-1000.0,999.774295295173,421.2894473203132,59.93661450294576,-3.033531532693246,-0.1348198247176242,-0.01073896240689,166.7995773007874,-502.1056199320137,-999.7742952951728,-0.0052995458477198,-0.0885499654791601,-0.0885499654791601,491.1037545644699,-0.001701248135987,999.8671665455406,-1000.0,-491.9424327660762,27.19293734321741,-3.3207172741146,-0.1475832757985244,-0.0117556246198091,833.2004226992126,-497.8943800679863,1000.0,-0.0058012561437408, Neutralism,COVID
SRR13077751.bin.19.fbc2XSRR13077751.bin.62.fbc2 ,-0.0648433897132463,-0.0648433897132463,767.8765795690472,-0.0012457903883387,-1000.0,1000.0,-1000.0,97.77813842546584,-2.4316956327172647,-0.108072316188668,-0.0086084115833955,760.0716031228508,-272.5038437242755,-1000.0,-0.00424814522421,-0.0562046027492897,-0.0562046027492897,232.1234204309528,-0.0010798194572316,1000.0,-90.4744277447636,349.8545139321309,-779.0085939625842,-2.1077319931689544,-0.0936743379155586,-0.0074615524495129,239.92839687714925,-727.4961562757245,90.47442774476347,-0.0036821843491452, Competition,COVID
SRR13077751.bin.14.fbc2XSRR13077751.bin.62.fbc2 ,-0.1778918472934947,-0.1778918472934947,14.549468305021604,-0.003417710802978,-1000.0,1000.0,-354.3639757394701,1000.0,-6.671132247601804,-0.2964864121559003,-0.0236163816483667,1.5107648833359235,-496.7416356910992,-1000.0,-0.0116543938380573,-0.0891533939907276,-0.0891533939907276,960.8569887137292,-0.001712841383096,1000.0,-987.694705893183,-583.7492283279523,-1000.0,-3.3433464809272664,-0.148588989984546,-0.0118357339572412,998.489235116664,-503.2583643089008,987.694705893183,-0.0058407891164051, Neutralism,COVID
SRR13077751.bin.67.fbc2XSRR13077751.bin.56.fbc2 ,-0.13767292002683,-0.13767292002683,510.7212278057573,-0.0026450128727901,-1000.0,999.7934773948956,-1000.0,342.22736265184835,-5.162879976713498,-0.2294548667113076,-0.018277038950714,842.2395945890455,-500.22948131684007,-999.7934773948954,-0.0090194938960621,-0.0883870819621961,-0.0883870819621961,489.2787721942427,-0.0016981187696956,999.867410886463,-1000.0,184.1919947152089,25.18288059902079,-3.314608970115387,-0.1473118032703269,-0.0117340006985386,157.7604054109545,-497.9020400621538,1000.0,-0.0057905850046608, Amensalism,COVID
SRR13077751.bin.70.fbc2XSRR13077751.bin.9.fbc2 ,-0.137519272681061,-0.137519272681061,989.2026221169732,-0.0026420609544857,-1000.0,999.7937078806737,38.67623246228391,1000.0,-5.157118038893259,-0.2291987878018062,-0.0182566411955349,77.52334466400862,-310.9174643553183,-999.7937078806737,-0.0090094278548349,-0.0877920620245049,-0.0877920620245049,10.797377883026796,-0.0016866870705598,999.868303473528,-1000.0,961.323767537716,0.0,-3.2922950937066844,-0.146320103374137,-0.0116550076578505,-0.377919105037563,-501.4892164248394,1000.0,-0.0057516029107773, Neutralism,COVID
SRR13077751.bin.14.fbc2XSRR13077751.bin.41.fbc2 ,-0.1778918472934947,-0.1778918472934947,14.506883628416745,-0.003417710802978,1000.0,-1000.0,-1000.0,446.4082797138783,-6.671132247601804,-0.2964864121559003,-0.0236163816483667,586.4453881613938,-500.0667137148736,1000.0,-0.0116543938380573,-0.1735796482911382,-0.1735796482911382,985.4931163715833,-0.0033348635598713,-1000.0,999.7396138532454,0.0,322.8541994454665,-6.509420228414683,-0.2892994138186395,-0.023043907198712,-682.4336511506025,-499.9332862851264,-999.7396138532454,-0.0113718847391055, Neutralism,COVID
SRR13077751.bin.65.fbc2XSRR13077751.bin.16.fbc2 ,-0.1603817745079823,-0.1603817745079823,924.8800415461972,-0.0030813021038511,-1000.0,1000.0,220.0367984376476,849.882303345873,-6.014486015666876,-0.2673029575133796,-0.0212917975379696,1000.0,-937.4348200440908,-1000.0,-0.01050724017432,-0.0875589966063898,-0.0875589966063898,75.11995845380284,-0.0016822093488144,999.8686530940436,-1000.0,779.9632015623524,-55.06259789065348,-3.283554894252916,-0.1459316610106498,-0.0116240666003477,0.0,0.0,1000.0,-0.0057363338794402, Neutralism,COVID
SRR13077751.bin.62.fbc2XSRR13077751.bin.13.fbc2 ,-0.0850270486618001,-0.0850270486618001,466.9149867483284,-0.0016335648157337,-1000.0,999.8724512591834,-840.9095242834729,-460.7924186664488,-3.1886041708812627,-0.141711747769591,-0.0112879328770532,936.5143788612676,-500.1417280834178,-999.8724512591832,-0.0055704560218146,-0.0436752705260232,-0.0436752705260232,533.0850132516716,-0.0008391022195155,999.9344828987,-1000.0,-159.09047571652707,-539.2075813335512,-1.637868795346776,-0.0727921175433721,-0.0057981963368547,0.6122761075390599,-393.9055637206277,1000.0,-0.0028613385685503, Amensalism,COVID
SRR13077751.bin.10.fbc2XSRR13077751.bin.16.fbc2 ,-0.0770527170033119,-0.0770527170033119,546.8254138291445,-0.0014803595965986,-1000.0,1000.0,-845.5311519354881,-353.83822761906106,-2.8895583074016717,-0.1284211950055578,-0.0102292848125671,-19.00948465682393,-7.536291337343869,-1000.0,-0.0050480262244718,-0.0884234108395958,-0.0884234108395958,453.1745861708555,-0.0016988167308227,999.8673563896572,-1000.0,655.9233984282234,1000.0,-3.315971341403497,-0.1473723513992126,-0.0117388236100168,460.7054646617253,-267.4382666775832,1000.0,-0.0057929650521373, Neutralism,COVID
SRR13077751.bin.35.fbc2XSRR13077751.bin.55.fbc2 ,-0.0896243175895961,-0.0896243175895961,612.4407044253612,-0.0017218889066725,-1000.0,999.7499300740916,509.5880126868194,-18.72720306113638,-3.36100661349974,-0.1493738626493268,-0.0118982523447357,200.28552542461605,-499.9606847609613,-999.7499300740916,-0.0058716411715522,-0.1048339237686377,-0.1048339237686377,387.5592955746388,-0.0020141003606113,1000.0,-1000.0,-374.6305531645155,749.4914658070345,-3.931382916842267,-0.1747232062809871,-0.013917433491656,398.9127088137602,-500.0393152390387,1000.0,-0.00686808222963, Amensalism,COVID
SRR13077751.bin.73.fbc2XSRR13077751.bin.13.fbc2 ,-0.0435851400440014,-0.0435851400440014,11.35475147945317,-0.0008373706060638,-1000.0,999.934618103081,853.3740051812938,1000.0,-1.6344888070323125,-0.0726419000733358,-0.0057862308876792,210.83504746577705,-500.0095376512027,-999.934618103081,-0.0028554337665127,-0.0809989919243889,-0.0809989919243889,988.6452485205468,-0.001556176598001,999.8784937312304,-1000.0,92.94723803474903,-1000.0,-3.0375477868764165,-0.1349983198739437,-0.0107531802919993,1.1355109400071797,-497.23618367670656,1000.0,-0.0053065621990526, Amensalism,COVID
SRR13077751.bin.55.fbc2XSRR13077751.bin.9.fbc2 ,-0.1313238378110099,-0.1313238378110099,991.33335350099,-0.0025230324267795,-1000.0,1000.0,-327.6667078594769,432.0832115197391,-4.92478268469722,-0.2188730630183499,-0.0174341540687237,998.2691516361522,-501.1054292781098,-1000.0,-0.008603540575109,-0.0876069989188863,-0.0876069989188863,8.666646499010085,-0.0016831315834906,999.8685810859638,-1000.0,639.9290575167765,567.916788480261,-3.285355031697236,-0.1460116648648863,-0.011630439241685,1.7308483638478265,-498.8945707218902,1000.0,-0.0057394786996383, Neutralism,COVID
SRR13077751.bin.41.fbc2XSRR13077751.bin.54.fbc2 ,-0.1743860377681585,-0.1743860377681585,994.7170131321508,-0.0033503561530778,-1000.0,999.738404191567,-1000.0,143.0987688567061,-6.5396606858925,-0.2906433962801884,-0.0231509610177909,826.5750349452696,-543.8017959384563,-999.738404191567,-0.0114247144820183,-0.0677895424903454,-0.0677895424903454,5.282986867849218,-0.0013023927472204,1000.0,-1000.0,113.30813380422546,856.9012311432939,-2.5421794749888704,-0.1129825708172802,-0.0089995338829567,173.42496505473036,-456.1982040615437,1000.0,-0.0044411592679125, Amensalism,COVID
SRR13077751.bin.10.fbc2XSRR13077751.bin.14.fbc2 ,-0.0770527170033119,-0.0770527170033119,546.8254138291445,-0.0014803595965986,0.0,0.0,158.03732889010848,-353.8382276190613,-2.8895583074016717,-0.1284211950055578,-0.0102292848125671,-22.577965482420723,-7.536291337343869,0.0,-0.0050480262244718,-0.1778918472934947,-0.1778918472934947,453.1745861708555,-0.003417710802978,-1000.0,1000.0,841.9626711098915,-646.1617723809387,-6.671132247601804,-0.2964864121559003,-0.0236163816483667,1000.0,-500.0667137148736,-1000.0,-0.0116543938380573, Neutralism,COVID
SRR13077751.bin.19.fbc2XSRR13077751.bin.11.fbc2 ,-0.0456135485283084,-0.0456135485283084,539.3530272500743,-0.0008763409899756,-1000.0,1000.0,-449.8160371510995,-4.547771567489804,-1.7105562685670748,-0.0760225808805898,-0.0060555162407354,539.3495832299827,-284.1398490198412,-1000.0,-0.0029883227758773,-0.1798632198341465,-0.1798632198341465,460.6469727499257,-0.0034555853954998,0.0,0.0,647.1464024450477,529.0478594685192,-6.745060800975693,-0.2997720330567972,-0.0238780950826367,-4.779765719011152,-715.8601509801588,0.0,-0.0117835461985578, Amensalism,COVID
SRR13077751.bin.70.fbc2XSRR13077751.bin.19.fbc2 ,-0.1355300589000307,-0.1355300589000307,965.2022863297184,-0.0026038435908048,-1000.0,999.796691892432,68.67150123148076,1000.0,-5.082520420146807,-0.2258834314999376,-0.0179925592123026,32.61179274481833,-292.85912841261586,-999.796691892432,-0.0088791066445992,-0.0029428725175648,-0.0029428725175648,34.79771367028161,-5.653933749272255e-05,1000.0,-1000.0,0.0,0.0,-0.1103608290733291,-0.0049047875293126,-0.0003906868222429,34.565298546350505,-32.892564436113844,1000.0,-0.0001927991409047, Amensalism,COVID
SRR13077751.bin.67.fbc2XSRR13077751.bin.13.fbc2 ,-0.1822611842513879,-0.1822611842513879,1000.0,-0.0035016557973222,-1000.0,999.726590715344,254.63632139923172,28.596132002723834,-6.834987000496767,-0.3037686404189799,-0.0241964415596385,1000.0,-515.9492542843175,-999.726590715344,-0.0119406462689539,0.0,0.0,0.0,0.0,1000.0,-1000.0,0.0,0.0,0.0,0.0,0.0,0.0,0.0,1000.0,0.0, Amensalism,COVID
SRR13077751.bin.14.fbc2XSRR13077751.bin.65.fbc2 ,-0.1778918472934947,-0.1778918472934947,14.506883628416858,-0.003417710802978,1000.0,-1000.0,518.8902102328466,539.9862936125962,-6.671132247601804,-0.2964864121559003,-0.0236163816483667,1.5107648833359235,-496.7416356910993,1000.0,-0.0116543938380573,-0.1609420352331199,-0.1609420352331199,985.4931163715833,-0.0030920659986577,-1000.0,1000.0,307.83839955222425,460.0137063874038,-6.035496384870385,-0.2682367253884195,-0.0213661760510603,998.489235116664,-503.2583643089008,-1000.0,-0.0105439450555877, Neutralism,COVID
SRR13077751.bin.65.fbc2XSRR13077751.bin.11.fbc2 ,-0.1204632763482322,-0.1204632763482322,539.3530272500743,-0.0023143761065966,-1000.0,1000.0,128.30400437070853,470.9521405314804,-4.517500153746596,-0.2007721272470917,-0.0159923388965808,1000.0,-284.1398490198411,-1000.0,-0.0078920225234924,-0.1798632198341465,-0.1798632198341465,460.6469727499257,-0.0034555853954998,1000.0,-1000.0,647.1464024450484,529.0478594685196,-6.745060800975693,-0.2997720330567972,-0.0238780950826367,-4.779765719011152,-715.8601509801589,1000.0,-0.0117835461985578, Amensalism,COVID
SRR13077751.bin.46.fbc2XSRR13077751.bin.73.fbc2 ,-0.0847970849742978,-0.0847970849742978,1000.0,-0.0016291466853317,-1000.0,1000.0,-289.42925788708783,-503.03173608696926,-3.179980289605965,-0.1413284749572767,-0.0112574035960051,-5.194012879414572,-46.932020805085926,-1000.0,-0.0055553901971734,-0.042905695376703,-0.042905695376703,0.0,-0.0008243169140769,999.9356373353504,-1000.0,858.9548863756788,1000.0,-1.6090089140567445,-0.0715094922944672,-0.0056960298761623,208.28155568334887,-500.0093889696514,1000.0,-0.0028109206768931, Amensalism,COVID
SRR13077751.bin.29.fbc2XSRR13077751.bin.55.fbc2 ,-0.2140421434362451,-0.2140421434362451,961.1997726039544,-0.0041122409882063,-1000.0,999.6789162236404,886.9977437686489,56.56265695856473,-8.02680655211418,-0.3567369057270753,-0.0284155852285721,405.8766214178422,-495.4111565453216,-999.6789162236406,-0.014022741769736,-0.0897204802821534,-0.0897204802821534,38.80022739604556,-0.001723736412714,1000.0,-1000.0,-363.0957374774408,943.4373430414352,-3.3646128160826265,-0.1495341338035132,-0.0119110186119542,30.296084744171367,-504.58884345467845,1000.0,-0.0058779411673413, Amensalism,COVID
SRR13077751.bin.42.fbc2XSRR13077751.bin.16.fbc2 ,-0.2753161429836837,-0.2753161429836837,651.9185812099527,-0.0052894551965891,-1000.0,999.5869993382483,186.1887800866325,1000.0,-10.324646281923949,-0.4588602383061015,-0.0365501354085608,1000.0,-994.4270849807208,-999.5869993382483,-0.0180370422204987,-0.0880863178898607,-0.0880863178898607,348.08141879004734,-0.0016923404012914,999.8678620614633,-1000.0,813.8112199133675,-128.31110841916143,-3.303329999591938,-0.1468105298164346,-0.0116940721733271,-36.59317187695126,-5.572915019279094,1000.0,-0.005770880768523, Neutralism,COVID
SRR13077751.bin.10.fbc2XSRR13077751.bin.50.fbc2 ,-0.0768452187348884,-0.0768452187348884,533.1298436055208,-0.0014763730785034,-1000.0,1000.0,131.63957871759112,-348.386445935192,-2.881776903076116,-0.1280753645580716,-0.0102017379722383,-18.34294061798528,-9.132096566774637,-1000.0,-0.0050344321975899,-0.1290061513075215,-0.1290061513075215,466.8701563944792,-0.0024785043478914,0.0,0.0,554.1814414006581,-1.971922844222263,-4.837866991770511,-0.2150102521791268,-0.0171264650439297,469.385850700106,-669.5358900131619,0.0,-0.0084516998263097, Amensalism,COVID
SRR13077751.bin.29.fbc2XSRR13077751.bin.11.fbc2 ,-0.2086790808749583,-0.2086790808749583,961.1848490243648,-0.0040092042435162,-1000.0,999.6869613326662,287.25997183438926,-50.55272238010821,-7.825686039044854,-0.3477984681250063,-0.0277036013227416,1000.0,-488.70697429332745,-999.6869613326662,-0.0136713864703779,-0.1009109594226629,-0.1009109594226629,38.81515097563533,-0.0019387312088383,1000.0,-1000.0,143.4493079737481,77.48875297202721,-3.7842676085650737,-0.1681849323709912,-0.0133966326534391,-3.813212865513492,-511.29302570667255,1000.0,-0.0066110734222775, Competition,COVID
SRR13077751.bin.41.fbc2XSRR13077751.bin.13.fbc2 ,-0.1748478973408964,-0.1748478973408964,1000.0,-0.0033592295358175,-1000.0,999.7377113578408,1000.0,-398.552730915206,-6.556980907907132,-0.2914131622347895,-0.0232122760927495,-763.7165076341387,-724.13591370292,-999.737711357841,-0.0114549727172743,0.0,0.0,0.0,0.0,1000.0,-1000.0,0.0,0.0,0.0,0.0,0.0,0.0,-275.86408629708,1000.0,0.0, Amensalism,COVID
SRR13077751.bin.16.fbc2XSRR13077751.bin.54.fbc2 ,-0.0884234108395958,-0.0884234108395958,439.4188416857624,-0.0016988167308227,-1000.0,999.8673563896572,519.161952214524,-39.717352684396815,-3.315971341403497,-0.1473723513992126,-0.0117388236100168,775.5692870474306,-7.656317846050683,-999.8673563896572,-0.0057929650521373,-0.087413668243812,-0.087413668243812,560.5811583142377,-0.0016794172573781,1000.0,-1000.0,480.838047785476,45.51417819833591,-3.278104927093296,-0.1456894470730958,-0.0116047732481092,224.43071295256937,-500.1784884661087,1000.0,-0.0057268128474561, Neutralism,COVID
SRR13077751.bin.14.fbc2XSRR13077751.bin.73.fbc2 ,-0.1778918472934947,-0.1778918472934947,14.506883628416858,-0.003417710802978,-1000.0,1000.0,-1000.0,704.534778544511,-6.671132247601804,-0.2964864121559003,-0.0236163816483667,258.6079094689426,-496.7416356910992,-1000.0,-0.0116543938380573,-0.0683475735459069,-0.0683475735459069,985.4931163715833,-0.0013131138049402,999.897472074112,-1000.0,1000.0,295.465221455489,-2.563106229230812,-0.1139126225765494,-0.0090736163920155,741.3920905310574,-500.0149563662381,1000.0,-0.0044777180747814, Neutralism,COVID
SRR13077751.bin.67.fbc2XSRR13077751.bin.16.fbc2 ,-0.175415457957115,-0.175415457957115,924.8800415461972,-0.0033701336783451,-1000.0,999.736859962396,136.26469084390874,39.58312998807924,-6.578265030742045,-0.2923590965950779,-0.0232876237172376,949.936513625863,-955.6297478513388,-999.736859962396,-0.0114921558431433,-0.0875589966063898,-0.0875589966063898,75.11995845380284,-0.0016822093488144,999.8686530940436,-1000.0,863.7353091560913,-55.06259789065405,-3.283554894252916,-0.1459316610106498,-0.0116240666003477,-26.315398027995684,-3.261406505413788,1000.0,-0.0057363338794402, Neutralism,COVID
SRR13077751.bin.70.fbc2XSRR13077751.bin.56.fbc2 ,-0.0717396014423457,-0.0717396014423457,510.7268267722427,-0.0013782824485133,-1000.0,999.8923837064242,-404.26134763969833,974.8210969010202,-2.690310859622969,-0.1195660024038716,-0.0095239317188315,14.182904308148863,-156.23024066135292,-999.8923837064242,-0.0046999431492622,-0.0883864125580657,-0.0883864125580657,489.2731732277573,-0.001698105908872,999.8674118906332,-1000.0,342.8279306141021,25.178903098979617,-3.3145838667508087,-0.1473106875967005,-0.0117339118304471,-0.8733868121223622,-497.8982691749864,1000.0,-0.0057905411492811, Amensalism,COVID
SRR13077751.bin.67.fbc2XSRR13077751.bin.66.fbc2 ,-0.1822516395895945,-0.1822516395895945,999.8952639111926,-0.0035014724224993,-1000.0,999.7266050332536,-270.5688557102417,13.669426904285388,-6.834629065594072,-0.3037527326494,-0.0241951744392281,998.471909070935,-700.3801338961098,-999.7266050332536,-0.011940020960651,-0.0861490743112654,-0.0861490743112654,0.1047360888072717,-0.001655121504541,0.0,0.2733949667465367,129.8043791328996,674.7931240378907,-3.230681318353959,-0.1435817905187377,-0.0114368895963252,1.5280909290651152,-0.1006567134552369,-0.2733949667465367,-0.0056439643304884, Amensalism,COVID
SRR13077751.bin.42.fbc2XSRR13077751.bin.46.fbc2 ,-0.2868968387703035,-0.2868968387703035,959.2945859298452,-0.0055119469504916,-1000.0,999.5696271821098,1000.0,706.392915233107,-10.758934610967572,-0.47816139795043,-0.0380875534275446,1000.0,-969.5365944895487,-999.5696271821098,-0.0187957391009376,-0.0034517004557983,-0.0034517004557983,40.7054140701548,-6.631509040744277e-05,1000.0,-1000.0,-1000.0,293.60708476689297,-0.1294424144233517,-0.005752834093073,-0.0004582372747563,-0.2114244449423949,-30.46340551045114,1000.0,-0.0002261344583303, Amensalism,COVID
SRR13077751.bin.14.fbc2XSRR13077751.bin.46.fbc2 ,-0.1773107712666615,-0.1773107712666615,14.459497520345735,-0.0034065469983488,-1000.0,1000.0,-119.36881824736496,26.21343927304656,-6.649341282585624,-0.2955179521111404,-0.0235392397589748,1000.0,-500.0664957974088,-1000.0,-0.0116163252645264,-0.0835709617343809,-0.0835709617343809,985.5405024796542,-0.0016055900429137,1000.0,-984.1031216349368,-880.631181752635,-1000.0,-3.1339993724935766,-0.139284936224044,-0.0110946271965985,-5.11891006306405,-4.387458771201636,984.103121634937,-0.0054750620463437, Neutralism,COVID
SRR13077751.bin.17.fbc2XSRR13077751.bin.46.fbc2 ,-0.084580829474703,-0.084580829474703,0.0,-0.0016249919207211,-1000.0,999.8731206308285,430.2714846725339,22.172689760157823,-3.171870479856466,-0.1409680491244671,-0.0112286941723596,972.0597914152244,-149.58356012852266,-999.8731206308285,-0.0055412224497786,-0.0847970849742978,-0.0847970849742978,1000.0,-0.0016291466853317,999.8727962268048,-1000.0,-107.00144845335274,-503.6991008668045,-3.179980289605965,-0.1413284749572767,-0.0112574035960051,-5.194012879414572,-137.74864124543842,1000.0,-0.0055553901971734, Amensalism,COVID
SRR13077751.bin.42.fbc2XSRR13077751.bin.62.fbc2 ,-0.2738382034457345,-0.2738382034457345,1000.0,-0.0052610605849849,-1000.0,999.5892163895284,681.4709428846711,96.05443790153367,-10.269221987547098,-0.4563970057429287,-0.0363539286419154,885.1957398856944,-499.9350486527204,-999.5892163895284,-0.0179402165946385,-0.0389663165733509,-0.0389663165733509,0.0,-0.0007486324029741,999.941546781978,-1000.0,-70.87776726034167,430.8378281146784,-1.4612780462838373,-0.0649438609556227,-0.0051730499043287,114.80426011430563,-500.0649513472797,1000.0,-0.0025528364940328, Amensalism,COVID
SRR13077751.bin.14.fbc2XSRR13077751.bin.9.fbc2 ,-0.1778918472934947,-0.1778918472934947,985.1369304007864,-0.003417710802978,-1000.0,1000.0,-1000.0,-261.03314970416113,-6.671132247601804,-0.2964864121559003,-0.0236163816483667,586.0133575729278,-496.7416356910993,-1000.0,-0.0116543938380573,-0.0877920620245049,-0.0877920620245049,14.863069599213532,-0.0016866870705598,999.868303473528,-1000.0,814.891913976161,983.2669791576808,-3.2922950937066844,-0.146320103374137,-0.0116550076578505,-0.377919105037563,-502.8457007676242,1000.0,-0.0057516029107773, Neutralism,COVID
SRR13077751.bin.66.fbc2XSRR13077751.bin.62.fbc2 ,-0.1612083943948619,-0.1612083943948619,871.4754050240172,-0.0030971833697321,-1000.0,999.7581719224908,-405.6547823820927,331.4285639824502,-6.045485134894193,-0.2686806573248077,-0.0214015370848983,863.0556810615485,-249.9829882751227,-999.7581719224908,-0.0105613952907788,-0.0513308256925029,-0.0513308256925029,77.56092171886348,-0.0009861830104682,1000.0,-0.3511992218815294,424.7215470498477,-661.5787058463976,-1.924960203532919,-0.0855513761540578,-0.0068145246019639,136.9443189384515,-750.0170117248773,0.3511992218815294,-0.0033628840654955, Amensalism,COVID
SRR13077751.bin.10.fbc2XSRR13077751.bin.55.fbc2 ,-0.0770207749203564,-0.0770207749203564,536.6323442375028,-0.0014797459158444,-1000.0,1000.0,136.5094004112691,-342.49873688550974,-2.8883604455376144,-0.1283679582005561,-0.0102250442785134,-21.12629712055605,-9.381413504142188,-1000.0,-0.0050459335731147,-0.1084042105826483,-0.1084042105826483,463.3676557624972,-0.0020826937671927,0.0,0.0,-334.5862788798979,723.414761061516,-4.065272445004439,-0.1806736843043381,-0.014391413931321,453.0925784561871,-505.54444147676486,0.0,-0.0071019857460896, Amensalism,COVID
SRR13077751.bin.16.fbc2XSRR13077751.bin.41.fbc2 ,-0.0835993985243703,-0.0835993985243703,45.85784374408309,-0.0016061363789958,-1000.0,999.8745928715316,10.48877207305452,-245.3709436545622,-3.135065782166293,-0.1393323308740264,-0.0110984023785931,964.8151171997316,0.0,-999.8745928715316,-0.0054769250522213,-0.1682835859361375,-0.1682835859361375,954.1421562559168,-0.0032331140429278,0.0,-0.2524415444743226,989.5112279269456,-754.6290563454378,-6.310812293875642,-0.280472643226858,-0.0223408180368096,35.184882800268724,-1000.0,0.2524415444743226,-0.0110249188865054, Neutralism,COVID
SRR13077751.bin.70.fbc2XSRR13077751.bin.13.fbc2 ,-0.1381245455419275,-0.1381245455419275,996.5053826555476,-0.0026536896357356,-1000.0,999.7927999132388,35.69948299537805,1000.0,-5.179816410752892,-0.2302075759032504,-0.0183369953831515,85.03878246159093,-316.4122084407211,-999.7927999132388,-0.0090490816579631,-0.0002863114777937,-0.0002863114777937,3.494617344452194,-5.50070080862497e-06,999.9995705052796,-1000.0,3.8632991766485247,-3.5347535930421827,-0.0107369829537447,-0.000477185796285,-3.8009842683095485e-05,0.0040137513751687,-499.0469032292452,1000.0,-1.875738985290809e-05, Amensalism,COVID
SRR13077751.bin.56.fbc2XSRR13077751.bin.9.fbc2 ,-0.0885503014197865,-0.0885503014197865,495.0768733152265,-0.0017012545902161,-1000.0,999.8671660415972,-654.7461611190155,22.57098697434367,-3.3207298722443284,-0.1475838356996064,-0.0117556692182461,987.2097468277984,-497.8981658774262,-999.8671660415972,-0.0058012781526031,-0.0877920620245049,-0.0877920620245049,11.468532662627922,-0.0016866870705598,999.868303473528,-1000.0,816.2036833216916,977.4290130256564,-3.2922950937066844,-0.146320103374137,-0.0116550076578505,-0.377919105037563,-502.1018341225738,1000.0,-0.0057516029107773, Neutralism,COVID
SRR13077751.bin.42.fbc2XSRR13077751.bin.13.fbc2 ,-0.2567235481956231,-0.2567235481956231,287.9781728444,-0.0049322487645895,-1000.0,999.6148900164628,680.6091514535274,976.8072488788451,-9.627404331016804,-0.4278725803260386,-0.0340818389631749,1000.0,-642.588355544697,-999.6148900164628,-0.0168189682871116,-0.0583263170865393,-0.0583263170865393,712.0218271556,-0.001120582460885,999.9681474435506,-1000.0,-212.2765747647103,-721.258950864738,-2.1872985227821573,-0.0972105284776034,-0.0077432248043578,0.0,-357.41164445530296,1000.0,-0.0038211861914305, Competition,COVID
SRR13077751.bin.29.fbc2XSRR13077751.bin.13.fbc2 ,-0.2347470372592397,-0.2347470372592397,957.4465183352216,-0.0045100295342308,-1000.0,999.6478568939636,1000.0,725.0070182708516,-8.803261948844352,-0.3912450620986192,-0.0311643040818125,321.20491980202314,-978.6312175002296,-999.6478568939636,-0.0153792007118909,-0.0034863760513417,-0.0034863760513417,42.55348166477848,-6.69812882279075e-05,999.9947701010165,-1000.0,0.0,-43.10894409164882,-0.1307427858963592,-0.0058106267522362,-0.0004628407015161,0.0488749063812292,-21.36878249977053,1000.0,-0.0002284061928321, Amensalism,COVID
SRR13077751.bin.35.fbc2XSRR13077751.bin.9.fbc2 ,-0.0898463624612304,-0.0898463624612304,758.2331245034015,-0.0017261548983924,-1000.0,999.7493105241064,372.03452090575183,215.37664839413787,-3.3693335308170163,-0.1497439374354598,-0.0119277303479066,248.32403161681717,-383.8828312263759,-999.7493105241066,-0.0058861882034761,-0.0876783311067583,-0.0876783311067583,14.843815118725388,-0.0016845020385289,999.8684740808296,-1000.0,627.9654790942482,784.6233516058621,-3.288030064116469,-0.1461305518446352,-0.0116399090863978,-0.3774295267586467,-502.8420142821686,1000.0,-0.0057441519514895, Neutralism,COVID
SRR13077751.bin.29.fbc2XSRR13077751.bin.54.fbc2 ,-0.1956932377619296,-0.1956932377619296,964.5259480066306,-0.0037597163835698,-1000.0,999.7064413447752,855.2679347231315,209.0040958225909,-7.338703200472537,-0.3261553962698826,-0.0259796402100391,412.507099371408,-545.9740684219403,-999.7064413447752,-0.0128206328678288,-0.0684351498434807,-0.0684351498434807,35.47405199336936,-0.0013147963466053,1000.0,-1000.0,144.73206527686852,790.9959041774091,-2.566390432928188,-0.1140585830723921,-0.0090852427554182,166.00624238729597,-454.0259315780597,1000.0,-0.004483455542072, Competition,COVID
SRR13077751.bin.11.fbc2XSRR13077751.bin.54.fbc2 ,-0.1456033979470703,-0.1456033979470703,288.9453396673412,-0.0027973755609309,-1000.0,1000.0,422.0026201185906,321.7519819007764,-5.460281278670436,-0.2426723299117839,-0.0193298651261102,-3.869329875895573,-623.802008614319,-1000.0,-0.0095390506628518,-0.0807251604361454,-0.0807251604361454,711.0546603326588,-0.0015509156663711,0.0,0.0,577.9973798814094,-462.9404581026458,-3.027278816715466,-0.1345419340601665,-0.0107168272547824,42.20849442552981,-376.197991385681,0.0,-0.0052886224224266, Amensalism,COVID
SRR13077751.bin.50.fbc2XSRR13077751.bin.35.fbc2 ,-0.116409525233621,-0.116409525233621,486.2584647469953,-0.002236494240833,-1000.0,1000.0,327.83403643521706,-164.04193761500733,-4.3654802034445765,-0.1940158753893683,-0.0154541752038994,326.26096976963663,-502.14978129273095,-1000.0,-0.0076264453610974,-0.0753524000683683,-0.0753524000683683,513.7415352530047,-0.001447692604529,999.7897516030372,-1000.0,433.0689864689976,-20.869654287559,-2.825794625656613,-0.1255873334472426,-0.0100035558976969,167.29036429339976,-422.7060126522614,1000.0,-0.0049366317815611, Competition,COVID
SRR13077751.bin.73.fbc2XSRR13077751.bin.41.fbc2 ,-0.042905695376703,-0.042905695376703,0.0,-0.0008243169140769,0.0,-0.0643626646495931,861.5580668255257,1000.0,-1.6090089140567445,-0.0715094922944672,-0.0056960298761623,205.67837523349567,-500.0093889696512,0.0643626646495931,-0.0028109206768931,-0.1748478973408964,-0.1748478973408964,1000.0,-0.0033592295358175,-1000.0,999.7377113578408,60.74734993035918,0.0,-6.556980907907132,-0.2914131622347895,-0.0232122760927495,129.28895974342527,-499.9906110303488,-999.737711357841,-0.0114549727172743, Amensalism,COVID
SRR13077751.bin.14.fbc2XSRR13077751.bin.42.fbc2 ,-0.1778918472934947,-0.1778918472934947,14.506883628416745,-0.003417710802978,1000.0,-1000.0,-198.21895938565703,923.0421637052546,-6.671132247601804,-0.2964864121559003,-0.0236163816483667,1.5107648833359235,-496.7416356910993,1000.0,-0.0116543938380573,-0.2778987718794496,-0.2778987718794496,985.4931163715833,-0.0053390734270806,-1000.0,999.5831251468136,667.9624866607296,76.95783629474568,-10.421497594518542,-0.4631646197991586,-0.0368929973810736,998.489235116664,-503.2583643089008,-999.5831251468136,-0.0182062403863483, Neutralism,COVID
SRR13077751.bin.50.fbc2XSRR13077751.bin.73.fbc2 ,-0.1735148644592072,-0.1735148644592072,972.9584503245078,-0.0033336189137571,-1000.0,1000.0,-747.3979368476489,-2.6522605439453173,-6.506990766258809,-0.2891914407653075,-0.0230353066938278,976.342090190029,-499.99036116840887,-1000.0,-0.0113676404957914,-0.044047513987607,-0.044047513987607,27.04154967549221,-0.0008462538710318,999.9339244977492,-1000.0,783.5064396547841,299.7106192867664,-1.651828318499838,-0.0734125233127542,-0.0058476142488643,23.657909809971105,-500.00963883159113,1000.0,-0.0028857257002528, Amensalism,COVID
SRR13077751.bin.41.fbc2XSRR13077751.bin.9.fbc2 ,-0.174090006125084,-0.174090006125084,991.33335350099,-0.0033446687056084,-1000.0,999.7388482674688,197.26611764159335,-141.87912612641253,-6.5285591864711705,-0.2901500102085492,-0.0231116607554895,-752.4827144873112,-501.10542927810974,-999.7388482674688,-0.0114053202860304,-0.0876069989188863,-0.0876069989188863,8.666646499009971,-0.0016831315834906,999.8685810859638,-1000.0,802.7338823584066,993.3753511797928,-3.285355031697236,-0.1460116648648863,-0.011630439241685,1.7308483638479402,-498.8945707218903,1000.0,-0.0057394786996383, Neutralism,COVID
SRR13077751.bin.46.fbc2XSRR13077751.bin.9.fbc2 ,-0.0838814988045442,-0.0838814988045442,989.2026221169732,-0.0016115561729748,-1000.0,1000.0,-1000.0,-492.4201262474837,-3.1456448407584503,-0.1398024980074979,-0.0111358531554515,-5.137931159626305,-137.80529495962105,-1000.0,-0.0054954065499259,-0.0877920620245049,-0.0877920620245049,10.797377883026796,-0.0016866870705598,999.868303473528,-1000.0,292.5223429884238,1000.0,-3.2922950937066844,-0.146320103374137,-0.0116550076578505,-0.377919105037563,-501.87686209198415,1000.0,-0.0057516029107773, Neutralism,COVID
SRR13077751.bin.50.fbc2XSRR13077751.bin.41.fbc2 ,-0.0894514508823931,-0.0894514508823931,17.111683556399726,-0.0017185677403404,1000.0,-1000.0,562.71218885182,-1.367309679854657,-3.354523929313814,-0.1490857514705794,-0.0118753030853895,18.85603840563772,-501.41285969348354,1000.0,-0.0058603159943686,-0.1733519263959806,-0.1733519263959806,982.8883164436002,-0.0033304884993867,-1000.0,999.7399554579636,437.28781114818,166.7406928728294,-6.500880416716427,-0.2889198773266344,-0.0230136755311605,-237.452235336448,-498.58714030651646,-999.7399554579636,-0.0113569657830794, Amensalism,COVID
SRR13077751.bin.66.fbc2XSRR13077751.bin.73.fbc2 ,-0.1707818675984072,-0.1707818675984072,982.6069634382652,-0.0032811117694109,-245.0825049640041,1000.0,48.76050727621919,-780.6558153889232,-6.404500496085689,-0.2846364459973074,-0.0226724823266977,973.7018620404684,-499.990480445839,-1000.0,-0.0111885911337594,-0.0435024402174804,-0.0435024402174804,17.39303656173479,-0.0008357817524711,999.9347421607648,-1000.0,785.4957304881596,313.72870852435744,-1.6313874761519855,-0.0725040670291718,-0.0057752519097675,26.298137959531687,-500.009519554161,1000.0,-0.0028500157760618, Amensalism,COVID
SRR13077751.bin.70.fbc2XSRR13077751.bin.62.fbc2 ,-0.1355300589000307,-0.1355300589000307,965.2022863297184,-0.0026038435908048,-1000.0,999.796691892432,48.45924347337768,1000.0,-5.082520420146807,-0.2258834314999376,-0.0179925592123026,52.82405050292209,-292.859128412616,-999.796691892432,-0.0088791066445992,-0.0464367615923038,-0.0464367615923038,34.79771367028161,-0.0008921568029336,1000.0,-171.81578735052392,381.8276843846888,-419.3003457227408,-1.7414276283348045,-0.0773946026538396,-0.0061648035082271,84.51298735833825,-707.140871587384,171.8157873505238,-0.0030422546980162, Amensalism,COVID
SRR13077751.bin.29.fbc2XSRR13077751.bin.46.fbc2 ,-0.2356437912440014,-0.2356437912440014,957.0483165637028,-0.0045272582372035,-1000.0,999.6465116768428,348.2345833362215,1000.0,-8.836891170854983,-0.3927396520733737,-0.0312833544187469,973.735133973422,-999.9135282672972,-999.6465116768426,-0.0154379505887618,-0.0036421775500912,-0.0036421775500912,42.95168343629712,-6.997459274771245e-05,0.0,-0.0054636161981989,-995.07699707883,-42.81374818964571,-0.1365855067327857,-0.0060702959168565,-0.0004835244355945,-0.2230915969606712,-0.0864717327028756,0.0054636161981989,-0.000238613361148, Amensalism,COVID
SRR13077751.bin.42.fbc2XSRR13077751.bin.50.fbc2 ,-0.2457783379857119,-0.2457783379857119,227.55124519266383,-0.0047219661477129,-1000.0,999.6313088831909,569.4759314089197,355.7986475045459,-9.216947382602712,-0.4096305633095198,-0.0326287860802949,923.0274457801756,-542.2172917636947,-999.6313088831906,-0.0161019045634702,-0.1251910172828729,-0.1251910172828729,772.4487548073362,-0.0024052068641822,1000.0,-1000.0,-89.04910461617703,-350.8723554236132,-4.694795434486082,-0.2086516954715307,-0.0166199794317662,76.97255421982459,-457.7827082363053,1000.0,-0.008201755406958, Competition,COVID
SRR13077751.bin.10.fbc2XSRR13077751.bin.11.fbc2 ,-0.0770207749203564,-0.0770207749203564,536.6323442375015,-0.0014797459158444,0.0,0.0,136.50940041126933,-350.55307529154106,-2.8883604455376144,-0.1283679582005561,-0.0102250442785134,-21.12629712055605,-9.381413504142188,0.0,-0.0050459335731147,-0.1798078943991186,-0.1798078943991186,463.36765576249854,-0.0034545224668818,-1000.0,1000.0,649.8097187426511,525.7151517623342,-6.742986038703975,-0.2996798239986447,-0.0238707502459192,-4.778295476136577,-713.9502366527428,-1000.0,-0.0117799216119465, Neutralism,COVID
SRR13077751.bin.41.fbc2XSRR13077751.bin.62.fbc2 ,-0.1733532138883902,-0.1733532138883902,982.9030434433936,-0.0033305132351415,-1000.0,999.7399535266012,771.3191966964141,-894.5005699849576,-6.500928699044607,-0.2889220231473928,-0.0230138464547735,-320.8950059610031,-366.8486483284212,-999.7399535266012,-0.0113570501317781,-0.0432491553091267,-0.0432491553091267,17.096956556606415,-0.0008309155679171,1000.0,-467.7478321399095,228.6808033035859,-105.49943001504244,-1.6218890244475688,-0.0720819255151354,-0.0057416265741494,86.10729414698744,-633.1513516715788,467.7478321399094,-0.0028334220864962, Amensalism,COVID
SRR13077751.bin.10.fbc2XSRR13077751.bin.67.fbc2 ,-0.0766936525686787,-0.0766936525686787,531.442077465774,-0.0014734611444282,-1000.0,1000.0,139.17392791217867,-347.8901768751557,-2.8760930116862937,-0.1278227542810555,-0.0101816165081345,-18.783944822743933,-8.573277390952512,-1000.0,-0.0050245025025787,-0.1338305530514389,-0.1338305530514389,468.557922534226,-0.0025711921815627,999.799241314462,-1000.0,-312.28030568529675,369.2595903510137,-5.018787154999018,-0.2230509217523604,-0.017766937974784,816.1471966357888,-500.2230766336742,1000.0,-0.0087677653392574, Amensalism,COVID
SRR13077775.bin.15.fbc2XSRR13077775.bin.13.fbc2 ,-0.1938554390983426,-0.1938554390983426,997.2510363182668,-0.0037244080518803,-1000.0,999.7091982193122,-1000.0,144.25204165375362,-7.269783808631359,-0.3230923984972378,-0.0257356596382578,850.7299475081454,-163.6357033932328,-999.7091982193122,-0.0127002314567334,-0.1826198424186031,-0.1826198424186031,2.748963681733244,-0.003508546444209,1000.0,-1000.0,270.64898324758246,855.7479583462464,-6.848437060753327,-0.3043664040310432,-0.0242440559292163,149.2700524918546,-297.5651130631504,1000.0,-0.0119641433745982, Amensalism,COVID
SRR13077775.bin.22.fbc2XSRR13077775.bin.14.fbc2 ,-0.0755721550418684,-0.0755721550418684,459.1174671910521,-0.0014519146021712,-1000.0,1000.0,893.3238857934566,-128.64702202784213,-2.834035669375112,-0.125953591736561,-0.0100327299008995,-3.4584170248837154,-0.0315791425967972,-1000.0,-0.0049510287933571,-0.0507803316381796,-0.0507803316381796,540.8825328089479,-0.0009756067557873,1000.0,-1000.0,-176.5018528609687,-794.0451743022662,-1.9043160948024247,-0.0846338860635569,-0.0067414426823688,1000.0,-1.0774161987753814,1000.0,-0.00332681903717, Amensalism,COVID
SRR13077775.bin.13.fbc2XSRR13077775.bin.1.fbc2 ,-0.2703154340367746,-0.2703154340367746,1000.0,-0.0051933800967844,-1000.0,1000.0,-661.8650560613614,890.7367894008639,-10.1371144122827,-0.4505257233945485,-0.0358862564686432,1000.0,-1000.0,-1000.0,-0.0177094261299544,0.0,0.0,0.0,0.0,0.0,0.0,1000.0,0.0,0.0,0.0,0.0,0.0,0.0,0.0,0.0, Amensalism,COVID
SRR13077775.bin.15.fbc2XSRR13077775.bin.22.fbc2 ,-0.1771053359609595,-0.1771053359609595,646.8295327389737,-0.0034026001145548,-1000.0,999.734324983058,118.09846391548216,836.9963809195328,-6.641637241541275,-0.2951755599349326,-0.023511966791375,945.6487693210648,-332.4574133157746,-999.734324983058,-0.0116028663904899,-0.0697445562241227,-0.0697445562241227,353.17046726102626,-0.0013399530494098,0.0,0.0,573.802208072681,163.00361908046716,-2.615494555821897,-0.1162409270401667,-0.0092590755717765,54.35123067893528,-0.0291439788256866,0.0,-0.0045692398986147, Competition,COVID
SRR13077775.bin.13.fbc2XSRR13077775.bin.14.fbc2 ,-0.2703154340367746,-0.2703154340367746,1000.0,-0.0051933800967844,-1000.0,1000.0,-428.8714251768977,914.1345766846298,-10.1371144122827,-0.4505257233945485,-0.0358862564686432,1000.0,-1000.0,-1000.0,-0.0177094261299544,0.0,0.0,0.0,0.0,0.0,0.0,0.0,0.0,0.0,0.0,0.0,0.0,0.0,0.0,0.0, Amensalism,COVID
SRR13077775.bin.1.fbc2XSRR13077775.bin.16.fbc2 ,-0.09395204427733,-0.09395204427733,0.0198553791941549,-0.0018050344722269,0.0,0.0,-899.3334801909372,1000.0,-3.523300937296653,-0.1565867404622167,-0.0124727882027855,6.20913808087721,-326.3830041004608,0.0,-0.006155167550105,-0.1175391713946965,-0.1175391713946965,999.9801446208056,-0.0022581973370279,-1000.0,1000.0,134.23672434131254,-1000.0,-4.407843128155378,-0.1958986189912366,-0.0156041435991483,325.1223842767556,-489.7284962437674,-1000.0,-0.00770045291938, Neutralism,COVID
SRR13077775.bin.22.fbc2XSRR13077775.bin.13.fbc2 ,-0.0713109807048795,-0.0713109807048795,376.0997505370956,-0.0013700476600888,-1000.0,1000.0,1000.0,0.0,-2.6742371290562232,-0.1188516345082462,-0.0094670293308354,21.598435340665333,-0.0297985366057673,-1000.0,-0.0046718625206949,-0.2560344701356598,-0.2560344701356598,623.9002494629044,-0.0049190099930456,1000.0,-1000.0,-377.87542095207937,1000.0,-9.60156317563667,-0.4267241168927285,-0.0339903590515859,978.4015646593348,-897.0986875943757,1000.0,-0.0167738240761536, Amensalism,COVID
SRR13077775.bin.14.fbc2XSRR13077775.bin.1.fbc2 ,0.0,0.0,0.0,0.0,-1000.0,1000.0,0.0,0.0,0.0,0.0,0.0,0.0,0.0,-1000.0,0.0,-0.09395204427733,-0.09395204427733,0.0198553791941549,-0.0018050344722269,0.0,0.0,106.39903853755824,994.2674812715036,-3.523300937296653,-0.1565867404622167,-0.0124727882027855,6.20913808087721,-262.22989148277145,0.0,-0.006155167550105, Amensalism,COVID
SRR13077775.bin.13.fbc2XSRR13077775.bin.16.fbc2 ,-0.244641604216099,-0.244641604216099,529.5270055673627,-0.0047001268821986,-1000.0,1000.0,-508.5040530117278,1000.0,-9.17431866508025,-0.4077360070267559,-0.0324778767557063,798.1042048620038,-749.5865999387822,-1000.0,-0.0160274326681246,-0.1025689656044051,-0.1025689656044051,470.4729944326373,-0.0019705853142113,0.0,0.0,-491.4959469882722,-692.1739667312999,-3.846444592356988,-0.170948276007266,-0.0136167445211867,201.89579513799595,-250.41340006121777,0.0,-0.006719695921447, Amensalism,COVID
SRR13077775.bin.22.fbc2XSRR13077775.bin.1.fbc2 ,-0.0930011522762015,-0.0930011522762015,999.9801446208056,-0.0017867656537191,-1000.0,1000.0,594.9227310649669,5.732518728495734,-3.487641482469826,-0.1550019204604495,-0.0123465506671891,11.007619956946655,-3.1938614736848194,-1000.0,-0.0060928708792289,-0.09395204427733,-0.09395204427733,0.0198553791941549,-0.0018050344722269,1000.0,-1000.0,-892.6975417091107,994.2674812715044,-3.523300937296653,-0.1565867404622167,-0.0124727882027855,6.20913808087721,-324.9498744183368,1000.0,-0.006155167550105, Neutralism,COVID
SRR13077775.bin.15.fbc2XSRR13077775.bin.14.fbc2 ,-0.1606442171057551,-0.1606442171057551,501.34411862177353,-0.0030863442287909,-1000.0,999.7590182426202,273.41152917548743,1000.0,-6.024327890400059,-0.2677403618430389,-0.0213266386206214,60.81100260470589,-286.3738289761982,-999.7590182426202,-0.0105244338200236,-0.0471562067137938,-0.0471562067137938,498.65588137822647,-0.0009059789954335,1000.0,-1000.0,-1000.0,-737.5058443024988,-1.7684075806104147,-0.0785936778562472,-0.0062603148586504,939.188997395294,-0.0343592534028402,1000.0,-0.0030893883745193, Competition,COVID
SRR13077775.bin.22.fbc2XSRR13077775.bin.16.fbc2 ,-0.0882123971992996,-0.0882123971992996,731.0470573452144,-0.0016947626743331,-1000.0,1000.0,180.41878960132132,601.5395525692329,-3.3080581069215214,-0.1470206619989085,-0.0117108100796485,-4.036873847393963,-0.0368610881669155,-1000.0,-0.0057791407194827,-0.0998046353494146,-0.0998046353494146,268.9529426547856,-0.0019174761835074,1000.0,-1000.0,-1000.0,-725.2990862350667,-3.7427792867950975,-0.1663410589158047,-0.0132497604278114,380.1903951953786,-253.26569289419115,1000.0,-0.006538593785649, Amensalism,COVID
SRR13077775.bin.14.fbc2XSRR13077775.bin.16.fbc2 ,-0.0331562325688992,-0.0331562325688992,352.06439734061496,-0.0006370073500647,-1000.0,1000.0,209.2523708519668,-517.2333911672386,-1.2433937567379871,-0.0552603876147941,-0.0044017207886781,655.2571639922412,-1.0368409384550432,-1000.0,-0.0021721950636219,-0.1008539851940213,-0.1008539851940213,549.6727844928225,-0.001937636603202,0.0,0.0,-121.37553816573018,-482.7666088327615,-3.7821310147886607,-0.1680899753233689,-0.0133890689277222,344.7428360077588,-261.9509215305848,0.0,-0.0066073408167994, Competition,COVID
SRR13077775.bin.15.fbc2XSRR13077775.bin.16.fbc2 ,-0.1819387687714879,-0.1819387687714879,731.0470573452151,-0.0034954614557136,-1000.0,999.7270743695352,465.4739863491623,931.5459183918488,-6.822896079312272,-0.303231281285889,-0.024153638659186,619.809604804622,-332.9733183230071,-999.7270743695354,-0.0119195235640745,-0.0998046353494146,-0.0998046353494146,268.9529426547849,-0.0019174761835074,1000.0,-1000.0,-1000.0,-725.2990862350669,-3.7427792867950975,-0.1663410589158047,-0.0132497604278114,380.190395195378,-253.26569289419103,1000.0,-0.006538593785649, Competition,COVID
SRR13077775.bin.15.fbc2XSRR13077775.bin.1.fbc2 ,-0.1909627303859906,-0.1909627303859906,999.9801446208056,-0.0036688324762508,-1000.0,999.7135375602586,-765.1607074985147,5.73251872849562,-7.161304175261535,-0.3182712173099844,-0.0253516324105476,993.7908619191228,-148.55998361853278,-999.7135375602586,-0.0125107187437834,-0.09395204427733,-0.09395204427733,0.0198553791941549,-0.0018050344722269,1000.0,-1000.0,-234.8392925014853,994.2674812715044,-3.523300937296653,-0.1565867404622167,-0.0124727882027855,6.20913808087721,-262.2298914827716,1000.0,-0.006155167550105, Neutralism,COVID
SRR13077782.bin.12.fbc2XSRR13077782.bin.11.fbc2 ,-0.0869136395519944,-0.0869136395519944,4.456908058878184,-0.0016698105581554,-1000.0,999.8696211916192,1000.0,987.6684824242338,-3.259353322780271,-0.1448560659199529,-0.0115383909568436,-12.418965554697024,-424.5045974849896,-999.8696211916192,-0.0056940540033565,-0.1251607963554306,-0.1251607963554306,548.0354572240121,-0.0024046262508363,885.3309186399342,0.130378808380783,-849.1184225366447,-1000.0,-4.693662117773783,-0.2086013272590889,-0.0166159673932497,-0.0318612978234114,-221.62088804001644,-0.130378808380783,-0.0081997755153224, Neutralism,COVID
SRR13077782.bin.6.fbc2XSRR13077782.bin.5.fbc2 ,-0.0873070117015686,-0.0873070117015686,287.2655957709535,-0.0016773681402355,-1000.0,1000.0,656.5004739606577,-25.94805483290736,-3.2741051940573698,-0.1455116861693568,-0.0115906138493073,-15.275464566745654,-400.6712972161014,-1000.0,-0.0057198253583692,-0.0882442801049592,-0.0882442801049592,510.5336235824807,-0.0016953752181052,0.0,0.0,287.38491542657744,-64.64353320326666,-3.309253749572349,-0.1470738001748941,-0.011715042757487,1000.0,-311.0119283508308,0.0,-0.0057812294938912, Neutralism,COVID
SRR13077782.bin.7.fbc2XSRR13077782.bin.12.fbc2 ,-0.0789629468098382,-0.0789629468098382,998.6366664716884,-0.0015170594967912,-1000.0,999.8815479944878,0.0,539.533999027344,-2.9611939436427974,-0.1316049113497683,-0.010482881123039,0.0,-229.1380470414722,-999.8815479944876,-0.0051731728841559,-0.0869136395519944,-0.0869136395519944,1.363333528311614,-0.0016698105581554,1000.0,-1000.0,-444.0143323972003,-9.36832185358071,-3.259353322780271,-0.1448560659199529,-0.0115383909568436,-3.478599449065996,-488.5301493299661,1000.0,-0.0056940540033565, Neutralism,COVID
SRR13077782.bin.6.fbc2XSRR13077782.bin.7.fbc2 ,-0.0873070117015686,-0.0873070117015686,287.26559577095327,-0.0016773681402355,-1000.0,1000.0,656.5004739606575,-25.948054832907477,-3.2741051940573698,-0.1455116861693568,-0.0115906138493073,-15.275464566745654,-400.6712972161014,-1000.0,-0.0057198253583692,-0.0563564414769643,-0.0563564414769643,712.7344042290467,-0.0010827366278363,999.9154599241016,-1000.0,343.4995260393425,-28.513934057270266,-2.1134261058986112,-0.0939274024615315,-0.0074817100980908,686.2387778649227,-466.9334834642832,1000.0,-0.0036921319008342, Amensalism,COVID
SRR13077782.bin.5.fbc2XSRR13077782.bin.4.fbc2 ,-0.087615708915905,-0.087615708915905,49.90942589322799,-0.001683298922444,-1000.0,1000.0,749.514002610928,5.195833173069445,-3.285681665785887,-0.1460261815263948,-0.0116315955544905,-14.13382501372655,-347.7248590211435,-1000.0,-0.0057400493257091,-0.1568845438114294,-0.1568845438114294,950.090574106772,-0.0030141122730356,1000.0,-1000.0,-1000.0,-436.3513164776391,-5.883336169102222,-0.26147423968564,-0.0208275158066726,859.0732459235633,-51.469749286789806,1000.0,-0.0102781228509911, Neutralism,COVID
SRR13077782.bin.5.fbc2XSRR13077782.bin.13.fbc2 ,-0.087615708915905,-0.087615708915905,49.90942589322776,-0.001683298922444,0.0,0.0,1000.0,-369.1937999777517,-3.285681665785887,-0.1460261815263948,-0.0116315955544905,569.8076041157735,-371.9389352510896,0.0,-0.0057400493257091,-0.0837535195806822,-0.0837535195806822,950.0905741067722,-0.0016090973982727,-1000.0,1000.0,-304.97804290482804,-495.9005639640687,-3.140845484632905,-0.1395891993010991,-0.0111188630221477,430.19239588422647,-471.25943889939447,-1000.0,-0.0054870221281362, Neutralism,COVID
SRR13077782.bin.2.fbc2XSRR13077782.bin.4.fbc2 ,-0.0924430172710799,-0.0924430172710799,8.591032691448845,-0.0017760425988626,-1000.0,1000.0,1000.0,-522.3487552508005,-3.466710830006264,-0.154071695451762,-0.0122724543581398,97.14028515331938,-0.0336782077810084,-1000.0,-0.0060563052621773,-0.1617477786204517,-0.1617477786204517,991.4089673085512,-0.0031075461790806,1000.0,-1000.0,-1000.0,-477.65124474919946,-6.0657126133071415,-0.2695796310340483,-0.0214731440973992,902.8597148466806,-48.18058259649308,1000.0,-0.010596732470617, Amensalism,COVID
SRR13077782.bin.7.fbc2XSRR13077782.bin.4.fbc2 ,0.0,0.0,0.0,0.0,-1000.0,1000.0,1000.0,0.0,0.0,0.0,0.0,0.0,0.0,-1000.0,0.0,-0.1626795018997882,-0.1626795018997882,1000.0,-0.0031254467223789,1000.0,-1000.0,-807.9561213408904,-493.1282776287399,-6.1006532208132285,-0.2711325031664273,-0.0215968368515859,920.367278280075,-45.99676376070602,1000.0,-0.0106577733232597, Amensalism,COVID
SRR13077782.bin.12.fbc2XSRR13077782.bin.13.fbc2 ,-0.0869136395519944,-0.0869136395519944,1.3633335283115002,-0.0016698105581554,-1000.0,1000.0,-679.4387141458908,696.937533676331,-3.259353322780271,-0.1448560659199529,-0.0115383909568436,286.49582492735954,-500.17746746612073,-1000.0,-0.0056940540033565,-0.088033012724054,-0.088033012724054,998.6366664716884,-0.001691316286724,1000.0,-1000.0,-320.5612858541092,-514.3288933373342,-3.3013309995474174,-0.1467216878734234,-0.0116869955412539,459.0454419146809,-498.7749501594528,1000.0,-0.0057673885377198, Neutralism,COVID
SRR13077782.bin.2.fbc2XSRR13077782.bin.11.fbc2 ,-0.1361594803773869,-0.1361594803773869,507.1403679549751,-0.0026159362224689,-1000.0,1000.0,-49.99951823175036,-86.07698900857713,-5.106124390644936,-0.2269324672956827,-0.0180761192970067,1000.0,-0.0510630750618474,-1000.0,-0.008920342518536,-0.1142546813000535,-0.1142546813000535,492.8596320450249,-0.0021950947416371,1000.0,-181.18354043369695,-769.8732083559573,-913.9230109914228,-4.284671278963856,-0.1904244688334984,-0.0151681046644398,-3.1665613581737944,-204.93740956071255,181.1835404336971,-0.0074852730688235, Amensalism,COVID
SRR13077782.bin.6.fbc2XSRR13077782.bin.11.fbc2 ,-0.0872345917921393,-0.0872345917921393,286.720654779956,-0.00167597678751,-1000.0,1000.0,655.3425996388546,-20.9496176657002,-3.271389370930024,-0.145390986320308,-0.0115809996019606,-15.262793788779732,-401.1231870782922,-1000.0,-0.0057150808455617,-0.123412749135241,-0.123412749135241,713.279345220044,-0.0023710422503882,1000.0,-416.77463202218416,-884.7992739009691,-979.0503823342998,-4.628108499894211,-0.2056879152253259,-0.0163839019504621,47.955136853874365,-146.05833636483032,416.7746320221841,-0.0080852540739897, Neutralism,COVID
SRR13077782.bin.2.fbc2XSRR13077782.bin.5.fbc2 ,-0.1787367235866668,-0.1787367235866668,950.0905741067722,-0.0034339428162866,0.0,0.0,-37.99481234110067,-1000.0,-6.702816001356723,-0.2978945393111871,-0.0237285448604325,675.4375745356465,-0.0651161406534583,0.0,-0.0117097450034862,-0.087615708915905,-0.087615708915905,49.90942589322776,-0.001683298922444,-1000.0,1000.0,-962.0051876588992,438.99519715110137,-3.285681665785887,-0.1460261815263948,-0.0116315955544905,324.5624254643535,-301.3039154082014,-1000.0,-0.0057400493257091, Neutralism,COVID
SRR13077782.bin.4.fbc2XSRR13077782.bin.13.fbc2 ,-0.1626795018997882,-0.1626795018997882,1000.0,-0.0031254467223789,-1000.0,1000.0,-1000.0,-487.1230859689842,-6.1006532208132285,-0.2711325031664273,-0.0215968368515859,912.86078870538,-47.49806167564475,-1000.0,-0.0106577733232597,0.0,0.0,0.0,0.0,1000.0,-1000.0,0.0,0.0,0.0,0.0,0.0,0.0,0.0,1000.0,0.0, Amensalism,COVID
SRR13077782.bin.6.fbc2XSRR13077782.bin.13.fbc2 ,-0.0873070117015686,-0.0873070117015686,287.2655957709535,-0.0016773681402355,0.0,0.0,656.5004739606572,-25.94805483290793,-3.2741051940573698,-0.1455116861693568,-0.0115906138493073,-15.275464566745654,-400.67129721610127,0.0,-0.0057198253583692,-0.0628298148695876,-0.0628298148695876,712.7344042290465,-0.0012071049926589,-1000.0,1000.0,106.41852187042446,-371.984816180611,-2.356184448382692,-0.1047163581158656,-0.0083410954995315,-12.485817237919946,-353.5271526475831,-1000.0,-0.0041162280250546, Amensalism,COVID
SRR13077782.bin.5.fbc2XSRR13077782.bin.11.fbc2 ,-0.0882442801049592,-0.0882442801049592,380.6357500791705,-0.0016953752181052,-1000.0,1000.0,355.4743230138947,207.72040065827832,-3.309253749572349,-0.1470738001748941,-0.011715042757487,-10.247571178619069,-372.8439167587465,-1000.0,-0.0057812294938912,-0.1251607963554306,-0.1251607963554306,619.3642499208295,-0.0024046262508363,1000.0,-234.98230938820927,-1000.0,-1000.0,-4.693662117773783,-0.2086013272590889,-0.0166159673932497,21.063984087350946,-191.5099863308853,234.9823093882092,-0.0081997755153224, Neutralism,COVID
SRR13077782.bin.2.fbc2XSRR13077782.bin.7.fbc2 ,-0.1791836794341179,-0.1791836794341179,954.9670447476489,-0.0034425298642872,-1000.0,1000.0,0.0,-1000.0,-6.719577317921107,-0.2986394657234541,-0.0237878813619545,999.942384990978,-0.0652789725508,-1000.0,-0.0117390268370627,-0.0035607893938731,-0.0035607893938731,45.03295525235126,-6.8410939320529e-05,999.9946584738544,-1000.0,1000.0,0.0,-0.1335333648710275,-0.0059346489897507,-0.0004727195910163,0.057615009022129,-41.94209257290004,1000.0,-0.0002332813032808, Amensalism,COVID
SRR13077782.bin.4.fbc2XSRR13077782.bin.11.fbc2 ,-0.0903518373564793,-0.0903518373564793,537.9177765620043,-0.0017358662316837,999.7479001471796,-1000.0,-219.58702866452165,0.0,-3.3882893735126345,-0.1505863955942459,-0.01199483566063,525.6461743894442,-506.21970418058606,1000.0,-0.0059193038498506,-0.1228881322299457,-0.1228881322299457,462.0822234379957,-0.0023609631551835,-0.3428826790345738,1000.0,-768.5894998556114,-1000.0,-4.608434811595885,-0.2048135537165762,-0.0163142554026762,-3.3795121724413093,-250.16520249437963,-1000.0,-0.0080508843593634, Amensalism,COVID
SRR13077782.bin.6.fbc2XSRR13077782.bin.4.fbc2 ,-0.0873070117015686,-0.0873070117015686,287.2655957709535,-0.0016773681402355,-1000.0,1000.0,656.5004739606577,-25.94805483290793,-3.2741051940573698,-0.1455116861693568,-0.0115906138493073,-15.275464566745654,-400.67129721610127,-1000.0,-0.0057198253583692,-0.1315246858778209,-0.1315246858778209,712.7344042290465,-0.0025268911791727,1000.0,-1000.0,-1000.0,-170.40515358846417,-4.93231469943396,-0.219207809796444,-0.0174608180483346,578.4464588392548,-70.32008854893786,1000.0,-0.0086166989210596, Amensalism,COVID
SRR13077782.bin.2.fbc2XSRR13077782.bin.6.fbc2 ,-0.1569817011840086,-0.1569817011840086,712.7344042290465,-0.003015978889266,0.0,0.0,0.0,-974.0519451670932,-5.886979673238557,-0.2616361686399386,-0.0208404141245637,742.8044316226014,-0.0571904996868397,0.0,-0.0102844880123029,-0.0873070117015686,-0.0873070117015686,287.2655957709535,-0.0016773681402355,-1000.0,1000.0,656.5004739606575,-25.94805483290668,-3.2741051940573698,-0.1455116861693568,-0.0115906138493073,-15.275464566745654,-400.6712972161015,-1000.0,-0.0057198253583692, Amensalism,COVID
SRR13077782.bin.7.fbc2XSRR13077782.bin.11.fbc2 ,-0.0421542985612859,-0.0421542985612859,533.1212916113307,-0.0008098808560816,-1000.0,1000.0,522.104367776926,0.0,-1.580830739496264,-0.0702571642688099,-0.005596276715778,3.0288815126308464,-13.300384636839226,-1000.0,-0.0027616937194352,-0.1230216815628182,-0.1230216815628182,466.8787083886693,-0.0023635289445564,993.2943327884744,0.0,-773.1229988618529,-1000.0,-4.613443052697448,-0.2050361359380303,-0.0163319850066727,-3.409538223044251,-248.57477905334335,0.0,-0.0080596337008955, Amensalism,COVID
SRR13077782.bin.7.fbc2XSRR13077782.bin.5.fbc2 ,-0.0745287909584249,-0.0745287909584249,942.5583310373715,-0.0014318691826247,-1000.0,999.8881996542164,1000.0,-638.1168236352635,-2.7949084137469526,-0.1242146515974127,-0.0098942160523165,304.7678876636073,-450.13059589478826,-999.8881996542164,-0.0048826739129026,-0.0882442801049592,-0.0882442801049592,57.441668962628455,-0.0016953752181052,1000.0,-1000.0,0.0,281.2024198050326,-3.309253749572349,-0.1470738001748941,-0.011715042757487,695.2321123363927,-377.7056035095136,1000.0,-0.0057812294938912, Neutralism,COVID
SRR13077782.bin.13.fbc2XSRR13077782.bin.11.fbc2 ,-0.0872227201070927,-0.0872227201070927,1000.0,-0.0016757487052245,-1000.0,1000.0,176.43253938592238,-487.8894366016655,-3.27094417019498,-0.1453712001784879,-0.0115794235531438,-5.390528034557178,-496.8331012454466,-1000.0,-0.005714303084801,-0.0564158615160295,-0.0564158615160295,0.0,-0.0010838782231985,1000.0,-168.0985751628167,-164.63563799853137,-512.1105633983345,-2.115654420153533,-0.094026435860087,-0.0074895985220564,-1.7315604942085656,-208.0905507868545,168.0985751628168,-0.0036960247409751, Amensalism,COVID
SRR13077782.bin.7.fbc2XSRR13077782.bin.13.fbc2 ,0.0,0.0,0.0,0.0,-1000.0,1000.0,1000.0,164.7229025547665,0.0,0.0,0.0,164.7229025547665,-500.0,-1000.0,0.0,-0.088153194930328,-0.088153194930328,1000.0,-0.0016936252628738,1000.0,-1000.0,0.0,-515.0696332227333,-3.3058379592764595,-0.1469219915505846,-0.0117029505661321,138.67321390256348,-499.4558750998887,1000.0,-0.0057752621462441, Amensalism,COVID
SRR13077782.bin.12.fbc2XSRR13077782.bin.5.fbc2 ,-0.0869136395519944,-0.0869136395519944,515.7922252106669,-0.0016698105581554,-242.73708130758928,1000.0,1000.0,-798.6386706798122,-3.259353322780271,-0.1448560659199529,-0.0115383909568436,-3.478599449065996,-622.5208739753626,-1000.0,-0.0056940540033565,-0.0882442801049592,-0.0882442801049592,60.58260586054257,-0.0016953752181052,1000.0,-1000.0,0.0,245.9372819447256,-3.309253749572349,-0.1470738001748941,-0.011715042757487,758.6341001023789,-377.47912602463737,1000.0,-0.0057812294938912, Neutralism,COVID
SRR13077782.bin.2.fbc2XSRR13077782.bin.13.fbc2 ,-0.1783513613526111,-0.1783513613526111,945.8861149148876,-0.0034265391229837,0.0,0.0,69.76512436258554,-972.1296688130373,-6.68836451037339,-0.2972522689209427,-0.0236773853399654,1000.0,-0.0649757481199913,0.0,-0.0116844984094086,-0.0047703118603976,-0.0047703118603976,54.11388508511254,-9.164864286503872e-05,-1000.0,1000.0,7.504146361506514,-27.870331186962854,-0.178891735438242,-0.0079505197672915,-0.0006332921220746,0.0,-27.02749783023978,-1000.0,-0.0003125218721606, Amensalism,COVID
SRR13077782.bin.6.fbc2XSRR13077782.bin.12.fbc2 ,-0.0873070117015686,-0.0873070117015686,353.93226243762,-0.0016773681402355,-1000.0,1000.0,719.0408208198191,-25.948054832907246,-3.2741051940573698,-0.1455116861693568,-0.0115906138493073,-15.275464566745654,-465.2748039790157,-1000.0,-0.0057198253583692,-0.0869136395519944,-0.0869136395519944,646.06773756238,-0.0016698105581554,999.5138892376262,0.0,280.95917918018085,-974.0519451670928,-3.259353322780271,-0.1448560659199529,-0.0115383909568436,-3.478599449065996,-534.7251960209843,0.0,-0.0056940540033565, Neutralism,COVID
SRR13077782.bin.12.fbc2XSRR13077782.bin.4.fbc2 ,-0.0869136395519944,-0.0869136395519944,1.3633335283115002,-0.0016698105581554,-227.90601966995928,1000.0,1000.0,-514.380025376714,-3.259353322780271,-0.1448560659199529,-0.0115383909568436,-3.478599449065996,-693.200962548631,-1000.0,-0.0056940540033565,-0.1625316442869007,-0.1625316442869007,998.6366664716884,-0.0031226060381186,1000.0,-1000.0,-794.3975714616988,-485.619974623286,-6.095108404092912,-0.270886073811539,-0.0215772077237943,911.2736920430356,-47.606372712115785,1000.0,-0.0106480865902085, Neutralism,COVID
SRR13077782.bin.2.fbc2XSRR13077782.bin.12.fbc2 ,-0.1803664089019321,-0.1803664089019321,998.6366664716884,-0.0034652528127026,-1000.0,1000.0,0.0,-1000.0,-6.763930922726331,-0.3006106815031444,-0.0239448969358591,785.1890652139082,-0.0676417349042139,-1000.0,-0.0118165120914,-0.0869136395519944,-0.0869136395519944,1.363333528311614,-0.0016698105581554,1000.0,-880.3214939734446,1000.0,0.0,-3.259353322780271,-0.1448560659199529,-0.0115383909568436,214.81093478609185,-530.0970939727596,880.3214939734446,-0.0056940540033565, Neutralism,COVID
SRR13077784.bin.20.fbc2XSRR13077784.bin.30.fbc2 ,-0.1342741507022538,-0.1342741507022538,500.63931779822815,-0.0025797147109187,-1000.0,1000.0,-1000.0,-283.7834515583612,-5.035422535643079,-0.2237902511703851,-0.0178258286523487,1000.0,-427.4262661856784,-1000.0,-0.0087968271641329,-0.0412783603787829,-0.0412783603787829,499.3606822017719,-0.0007930520725949,999.9380784941714,-1000.0,124.47542739770734,366.9942079145396,-1.547982132070274,-0.0687972672980095,-0.0054799898216515,0.0,-18.80764047137825,1000.0,-0.0027043075675692, Amensalism,COVID
SRR13077784.bin.13.fbc2XSRR13077784.bin.31.fbc2 ,-0.0853271356452296,-0.0853271356452296,184.09536936265044,-0.0016393301757489,-1000.0,1000.0,-1000.0,404.7675173210148,-3.1998577498561644,-0.1422118927421252,-0.0113277715140611,8.050302409286928,-259.8671160325687,-1000.0,-0.0055901158991673,-0.1475191908962188,-0.1475191908962188,815.9046306373496,-0.0028341823418713,999.778707042744,-1000.0,1000.0,274.7652659540172,-5.532125538637388,-0.2458653181603267,-0.0195841999825461,-46.14105536270472,-451.1605392117704,1000.0,-0.0096645617859394, Neutralism,COVID
SRR13077784.bin.17.fbc2XSRR13077784.bin.29.fbc2 ,-0.0838571724822259,-0.0838571724822259,658.934426217301,-0.0016110888085449,-635.6292063170148,1000.0,-215.64328513406545,-549.4713471857267,-3.144732577966579,-0.1397619541369295,-0.0111326236667537,604.61700767512,-591.2649157589303,-1000.0,-0.0054938128370167,-0.0851942479594072,-0.0851942479594072,341.06557378269895,-0.001636777098156,999.7622908620338,-1000.0,1000.0,-450.5286528142733,-3.194874321216276,-0.1419904132656029,-0.0113101297482671,395.38299232488,-408.73508424106967,1000.0,-0.0055814099047211, Neutralism,COVID
SRR13077784.bin.48.fbc2XSRR13077784.bin.26.fbc2 ,-0.0884949936953489,-0.0884949936953489,209.4206818681312,-0.0017001920018628,-1000.0,1000.0,20.770479790373315,-46.01948795776548,-3.3186557741372558,-0.1474916561589907,-0.0117483267326861,21.261394038598155,-285.89498212024046,-1000.0,-0.0057976547262796,-0.1760302946614729,-0.1760302946614729,411.9428185584807,-0.0033819461029906,0.0,0.0,733.9331103950458,-953.9805120422344,-6.601322056842832,-0.2933838244358639,-0.0233692475717361,-23.45575775309419,-426.8220456872125,0.0,-0.0115324362112687, Neutralism,COVID
SRR13077784.bin.17.fbc2XSRR13077784.bin.52.fbc2 ,-0.0838571724822259,-0.0838571724822259,966.6425476523324,-0.0016110888085449,-1000.0,999.8742061858328,-1000.0,913.4038599740038,-3.144732577966579,-0.1397619541369295,-0.0111326236667537,997.8836373209,-522.8510676783857,-999.8742061858328,-0.0054938128370167,-0.0881588227194924,-0.0881588227194924,33.357452347667504,-0.0016937333855366,1000.0,-1000.0,1000.0,-31.66708666863383,-3.3060490073173696,-0.1469313711991162,-0.0117036976943154,2.11636267909978,-415.3622744404912,1000.0,-0.0057756308448233, Neutralism,COVID
SRR13077784.bin.17.fbc2XSRR13077784.bin.11.fbc2 ,-0.0835388085754402,-0.0835388085754402,13.589276448150486,-0.00160497230695,-1000.0,999.8746837622753,892.921581004935,7.512626598010456,-3.132793595056228,-0.1392313476256959,-0.0110903586408994,-2.3817789034769703,-400.14055544977896,-999.8746837622753,-0.0054729555665744,-0.2117977054430184,-0.2117977054430184,986.4107235518496,-0.0040691201813842,0.0,-0.3177169037653584,-37.2071142402574,601.7333984320221,-7.94263775572108,-0.3529961757383262,-0.0281176204535995,250.78072745346455,-599.859444550221,0.3177169037653584,-0.0138756998186408, Amensalism,COVID
SRR13077784.bin.52.fbc2XSRR13077784.bin.26.fbc2 ,-0.0881588227194924,-0.0881588227194924,33.35745234766728,-0.0016937333855366,-1000.0,1000.0,848.2915761119959,-6.367579371536976,-3.3060490073173696,-0.1469313711991162,-0.0117036976943154,-20.6531938882888,-331.918210307359,-1000.0,-0.0057756308448233,-0.1760302946614729,-0.1760302946614729,922.9345025399888,-0.0033819461029906,1000.0,-1000.0,151.70842388800406,-993.632420628463,-6.601322056842832,-0.2933838244358639,-0.0233692475717361,762.1545587874798,-370.3181225868109,1000.0,-0.0115324362112687, Neutralism,COVID
SRR13077784.bin.11.fbc2XSRR13077784.bin.53.fbc2 ,-0.2580647076866853,-0.2580647076866853,1000.0,-0.004958015517559,-1000.0,999.6128781483926,230.72162395871487,960.1139302952406,-9.6776992291027,-0.4301078461444376,-0.0342598872259714,962.0351860983546,-1000.0,-999.6128781483924,-0.0169068329147421,0.0,0.0,0.0,0.0,0.0,0.0,0.0,39.88606970475939,0.0,0.0,0.0,37.96481390164536,278.473610426234,0.0,0.0, Amensalism,COVID
SRR13077784.bin.52.fbc2XSRR13077784.bin.30.fbc2 ,-0.0872551754723645,-0.0872551754723645,21.4840346833372,-0.0016763722472887,1000.0,-1000.0,1000.0,-214.9118223168781,-3.2721612806893745,-0.1454252924539787,-0.011583732228928,94.19965395653526,-347.75426929263904,1000.0,-0.0057164293633604,-0.1635489095207276,-0.1635489095207276,978.5159653166628,-0.0031421500387978,-1000.0,999.7546609249688,0.0,767.9228759431585,-6.133256925279056,-0.2725815158678415,-0.0217122567682963,905.8003460434649,-196.4892094028692,-999.7546609249688,-0.0107147316323334, Neutralism,COVID
SRR13077784.bin.30.fbc2XSRR13077784.bin.12.fbc2 ,-0.1490993108060365,-0.1490993108060365,806.4130961523942,-0.0028645400731193,-1000.0,999.7763367110906,239.6579489333044,1000.0,-5.591381704929518,-0.2484988513433563,-0.019793971905301,997.3670388230933,-257.9649402287023,-999.7763367110906,-0.0097680816493266,-0.0912986873074714,-0.0912986873074714,193.58690384760573,-0.0017540573929863,1000.0,-1000.0,432.9980291169759,-78.03553668709083,-3.42379724718694,-0.1521644788457479,-0.0121205365858259,2.632961176906747,-232.20620038385323,1000.0,-0.0059813357102029, Neutralism,COVID
SRR13077784.bin.52.fbc2XSRR13077784.bin.31.fbc2 ,-0.0881588227194924,-0.0881588227194924,33.357452347667504,-0.0016937333855366,1000.0,-1000.0,312.30687708486016,-215.77825545408805,-3.3060490073173696,-0.1469313711991162,-0.0117036976943154,94.17194707182534,-347.6824661610983,1000.0,-0.0057756308448233,-0.1576803483920912,-0.1576803483920912,966.6425476523324,-0.003029401506069,-1000.0,999.7634643304044,687.6931229151398,166.77831081647946,-5.913179681786573,-0.2628005806534474,-0.0209331644070971,-1.548433593548566,-652.3175338389017,-999.7634643304044,-0.0103302591357987, Neutralism,COVID
SRR13077784.bin.19.fbc2XSRR13077784.bin.30.fbc2 ,-0.0563039741693955,-0.0563039741693955,440.7330346278716,-0.0010817286104156,-1000.0,999.9155386301028,-1000.0,-635.6002982600335,-2.1114585264243715,-0.0938399569489547,-0.0074747446975607,1000.0,-0.0938507742350793,-999.9155386301028,-0.0036886945613332,-0.1288927743362364,-0.1288927743362364,559.2669653721284,-0.002476326115925,999.8066484568648,-1000.0,223.0987944336473,944.2033456651624,-4.8336152355468585,-0.2148212905605078,-0.0171114134614072,0.0,-250.20264086147768,1000.0,-0.0084442720554989, Competition,COVID
SRR13077784.bin.12.fbc2XSRR13077784.bin.29.fbc2 ,-0.0913479768147453,-0.0913479768147453,201.36726447559795,-0.0017550043576193,-1000.0,1000.0,422.77036947468696,-80.23714952683622,-3.4256456557925503,-0.1522466280246135,-0.0121270801112132,5.063801823293375,-204.19254695856037,-1000.0,-0.0059845648595455,-0.0851942479594072,-0.0851942479594072,798.632735524402,-0.001636777098156,999.7622908620338,-1000.0,-1000.0,-919.7628504731638,-3.194874321216276,-0.1419904132656029,-0.0113101297482671,914.0014769264876,-398.5655743809292,1000.0,-0.0055814099047211, Neutralism,COVID
SRR13077784.bin.19.fbc2XSRR13077784.bin.31.fbc2 ,-0.0644218012713508,-0.0644218012713508,519.4539909124001,-0.001237690706489,-1000.0,999.9033611096396,-693.6108703721827,-704.475208254391,-2.4158856206634027,-0.107369668785509,-0.0085524427815926,1000.0,-0.1073820456925886,-999.9033611096396,-0.0042205253090514,-0.120569469575571,-0.120569469575571,480.5460090876,-0.0023164163222872,999.8191342135552,-1000.0,-306.3891296278173,201.70964525931868,-4.521482511983663,-0.2009491159593608,-0.0160064367870518,0.0,-400.42283631905593,1000.0,-0.0078989796589894, Competition,COVID
SRR13077784.bin.47.fbc2XSRR13077784.bin.30.fbc2 ,-0.0699776364649551,-0.0699776364649551,0.0,-0.0013444310560544,-636.8612368413771,1000.0,1000.0,1000.0,-2.624235311142911,-0.1166293941082585,-0.009290018596971,60.42378532295788,-197.95221719028564,-1000.0,-0.0045845099009511,-0.1653248317301177,-0.1653248317301177,1000.0,-0.003176269581786,999.7519968710568,-1000.0,0.0,0.0,-6.199855884708427,-0.2755413862169007,-0.0219480228098518,939.576214677042,-109.33462786531412,1000.0,-0.0108310792737711, Amensalism,COVID
SRR13077784.bin.20.fbc2XSRR13077784.bin.52.fbc2 ,-0.1342741507022538,-0.1342741507022538,500.6393177982284,-0.0025797147109187,-1000.0,1000.0,-1000.0,-283.78345155836314,-5.035422535643079,-0.2237902511703851,-0.0178258286523487,1000.0,-427.4262661856784,-1000.0,-0.0087968271641329,-0.0881588227194924,-0.0881588227194924,33.35745234766728,-0.0016937333855366,1000.0,-1000.0,1000.0,-47.67396714811446,-3.3060490073173696,-0.1469313711991162,-0.0117036976943154,0.0,-469.7320039162274,1000.0,-0.0057756308448233, Neutralism,COVID
SRR13077784.bin.19.fbc2XSRR13077784.bin.38.fbc2 ,-0.0684740342350096,-0.0684740342350096,571.021342366563,-0.0013155434050986,-0.1027176290696161,0.0,-1000.0,-720.4484970662561,-2.567848638701548,-0.1141233903917964,-0.0090904049292248,883.4192591573465,-0.1141365458257723,0.0,-0.0044860030113795,-0.0762971212541288,-0.0762971212541288,428.978657633437,-0.0014658428675602,-0.3012230993010689,1000.0,624.5254816949605,-279.5515029337439,-2.8612226683871995,-0.1271618687568434,-0.0101289742144672,116.58074084265354,-615.4896648409587,-1000.0,-0.0049985241781769, Competition,COVID
SRR13077784.bin.17.fbc2XSRR13077784.bin.26.fbc2 ,-0.0838571724822259,-0.0838571724822259,600.331484315888,-0.0016110888085449,-872.9334161108928,1000.0,-883.0158136082163,646.9100166902681,-3.144732577966579,-0.1397619541369295,-0.0111326236667537,622.4027319704039,-531.9388633104609,-1000.0,-0.0054938128370167,-0.1760302946614729,-0.1760302946614729,399.668515684112,-0.0033819461029906,1000.0,-1000.0,1000.0,353.0899833097319,-6.601322056842832,-0.2933838244358639,-0.0233692475717361,377.5972680295961,-468.0611366895391,1000.0,-0.0115324362112687, Neutralism,COVID
SRR13077784.bin.48.fbc2XSRR13077784.bin.52.fbc2 ,-0.0884949936953489,-0.0884949936953489,209.4358319956941,-0.0017001920018628,-1000.0,1000.0,20.800780045499778,-46.06493834045455,-3.3186557741372558,-0.1474916561589907,-0.0117483267326861,21.306844421287337,-285.89498212024046,-1000.0,-0.0057976547262796,-0.0881588227194924,-0.0881588227194924,33.35745234766773,-0.0016937333855366,1000.0,-1000.0,979.1992199545002,-31.66708666863337,-3.3060490073173696,-0.1469313711991162,-0.0117036976943154,2.1163626790998933,-404.9618844177412,1000.0,-0.0057756308448233, Neutralism,COVID
SRR13077784.bin.19.fbc2XSRR13077784.bin.47.fbc2 ,-0.0865392211659354,-0.0865392211659354,985.4966181308664,-0.0016626171213829,-1000.0,999.8701828551656,-337.6829778926498,-519.8486841292247,-3.24531223766428,-0.1442320352765591,-0.0114886843084605,870.8391235207635,-0.1442486614478184,-999.8701828551656,-0.0056695243837339,-0.0707750676237992,-0.0707750676237992,14.503381869133705,-0.0013597515393257,1000.0,-929.1924776045128,1000.0,1000.0,-2.6541398222251478,-0.1179584460395517,-0.0093958831370173,129.16087647923655,-17.846394992475098,929.192477604513,-0.0046367527492066, Amensalism,COVID
SRR13077784.bin.17.fbc2XSRR13077784.bin.13.fbc2 ,-0.0838571724822259,-0.0838571724822259,518.1292336602778,-0.0016110888085449,-996.6243425999796,1000.0,-1000.0,1000.0,-3.144732577966579,-0.1397619541369295,-0.0111326236667537,987.1512304222374,-694.0009917613492,-1000.0,-0.0054938128370167,-0.0853892539272465,-0.0853892539272465,355.73715769135106,-0.0016405236104901,1000.0,-1000.0,733.1680828432047,0.0,-3.2021872510709954,-0.1423154232121533,-0.0113360181486541,12.84876957776271,-108.98791865916462,1000.0,-0.0055941855118817, Neutralism,COVID
SRR13077784.bin.47.fbc2XSRR13077784.bin.11.fbc2 ,-0.0505699111351987,-0.0505699111351987,0.0,-0.0009715640948115,-540.762387615624,1000.0,1000.0,124.21128034753406,-1.896425103593856,-0.0842831852252175,-0.0067135078951423,204.83782762020792,-114.912660928091,-1000.0,-0.0033130335633586,-0.2461238825621876,-0.2461238825621876,1000.0,-0.0047286048522892,-0.3692094668674599,0.0,0.0,875.7887196524659,-9.229905669347772,-0.4102064709369415,-0.0326746595293343,795.1621723797921,-885.087339071909,0.0,-0.0161245425463221, Amensalism,COVID
SRR13077784.bin.45.fbc2XSRR13077784.bin.29.fbc2 ,-0.0895904356452774,-0.0895904356452774,332.82692844683083,-0.0017212379566444,-1000.0,1000.0,1000.0,1000.0,-3.359736004784168,-0.1493173927420912,-0.0118937542806634,3.061789714482188,-502.074031494472,-1000.0,-0.005869421432294,-0.0851942479594072,-0.0851942479594072,667.1730715531692,-0.001636777098156,999.7622908620338,-1000.0,0.0,-850.138476401237,-3.194874321216276,-0.1419904132656029,-0.0113101297482671,821.4383853168774,-401.56788648787256,1000.0,-0.0055814099047211, Neutralism,COVID
SRR13077784.bin.47.fbc2XSRR13077784.bin.12.fbc2 ,-0.0804685928105755,-0.0804685928105755,342.34231793386334,-0.0015459864132481,-1000.0,999.879289380852,1000.0,1000.0,-3.0176572596511733,-0.1341143213510349,-0.0106827661156785,-9.13722803847645,-150.61089047608948,-999.879289380852,-0.0052718136691964,-0.0905887856630442,-0.0905887856630442,657.6576820661367,-0.001740418552572,1000.0,-1000.0,0.0,-734.5297766073259,-3.397175185386345,-0.1509813094385208,-0.0120262921984704,349.12341361721906,126.57445631853489,1000.0,-0.0059348272643546, Neutralism,COVID
SRR13077784.bin.13.fbc2XSRR13077784.bin.29.fbc2 ,-0.0853892539272465,-0.0853892539272465,192.52102894253312,-0.0016405236104901,-1000.0,1000.0,422.37893652116327,-11.978365168350024,-3.2021872510709954,-0.1423154232121533,-0.0113360181486541,15.101202753166149,-263.632276271788,-1000.0,-0.0055941855118817,-0.0851942479594072,-0.0851942479594072,524.8287003102707,-0.001636777098156,999.7622908620338,-1000.0,-1000.0,-257.97934695016227,-3.194874321216276,-0.1419904132656029,-0.0113101297482671,259.77215800909244,-398.5655743809292,1000.0,-0.0055814099047211, Neutralism,COVID
SRR13077784.bin.48.fbc2XSRR13077784.bin.53.fbc2 ,-0.0883483894915571,-0.0883483894915571,207.18044651119249,-0.0016973753985212,1000.0,-1000.0,21.919383751146484,-47.5998886963057,-3.313157961582192,-0.1472473158192997,-0.011728864003544,26.196086763821768,-285.8946827716377,1000.0,-0.0057880501088902,-0.0936067738668953,-0.0936067738668953,792.8195534888075,-0.0017984010348754,-1000.0,999.8595808471944,69.89899662541325,-490.9343058975246,-3.5103529320671214,-0.1560112897782346,-0.0124269511511556,973.8039132361782,-714.1053172283623,-999.8595808471944,-0.0061325475290914, Amensalism,COVID
SRR13077784.bin.19.fbc2XSRR13077784.bin.13.fbc2 ,-0.0790992903082496,-0.0790992903082496,814.7999402783787,-0.0015196789684068,-1000.0,999.8813434661428,-1000.0,-987.3300864582192,-2.9663069689045187,-0.1318321505137873,-0.0105009816720667,709.9099206861586,-0.1318473473035055,-999.8813434661428,-0.0051821052824152,-0.0853892539272465,-0.0853892539272465,185.2000597216213,-0.0016405236104901,1000.0,-1000.0,0.0,-12.669913541780945,-3.2021872510709954,-0.1423154232121533,-0.0113360181486541,8.96616490595818,-261.2393021045227,1000.0,-0.0055941855118817, Neutralism,COVID
SRR13077784.bin.48.fbc2XSRR13077784.bin.29.fbc2 ,-0.0884949936953489,-0.0884949936953489,209.4206818681312,-0.0017001920018628,-1000.0,1000.0,520.7704797903734,-46.019487957765705,-3.3186557741372558,-0.1474916561589907,-0.0117483267326861,21.26139403859804,-285.89498212024046,-1000.0,-0.0057976547262796,-0.0851942479594072,-0.0851942479594072,367.4096246050635,-0.001636777098156,999.7622908620338,-1000.0,-260.2695310527762,-170.36264204238364,-3.194874321216276,-0.1419904132656029,-0.0113101297482671,80.54893902962726,-414.67381379571975,1000.0,-0.0055814099047211, Neutralism,COVID
SRR13077784.bin.20.fbc2XSRR13077784.bin.12.fbc2 ,-0.1340323578988318,-0.1340323578988318,500.6381665532426,-0.0025750693159807,-1000.0,1000.0,-1000.0,-285.97354106752255,-5.02635505001831,-0.2233872631646818,-0.0177937289737428,1000.0,-426.2063977661078,-1000.0,-0.0087809863675829,-0.0913479768147453,-0.0913479768147453,353.1512140156356,-0.0017550043576193,0.0,0.0,755.5955776499293,-80.23714952683633,-3.4256456557925503,-0.1522466280246135,-0.0121270801112132,0.0,26.21870040037743,0.0,-0.0059845648595455, Neutralism,COVID
SRR13077784.bin.30.fbc2XSRR13077784.bin.45.fbc2 ,-0.1653248317301177,-0.1653248317301177,1000.0,-0.003176269581786,-1000.0,999.7519968710568,1000.0,1000.0,-6.199855884708427,-0.2755413862169007,-0.0219480228098518,270.39089965943367,-259.10200546088106,-999.7519968710568,-0.0108310792737711,-0.0895904356452774,-0.0895904356452774,0.0,-0.0017212379566444,1000.0,-1000.0,0.0,0.0,-3.359736004784168,-0.1493173927420912,-0.0118937542806634,153.97839611702238,-264.3430443369929,1000.0,-0.005869421432294, Neutralism,COVID
SRR13077784.bin.28.fbc2XSRR13077784.bin.17.fbc2 ,-0.0855852827252192,-0.0855852827252192,306.1067108194252,-0.0016442897738215,-1000.0,999.8716138544632,250.6700072692008,453.49049034521136,-3.209538538132051,-0.1426421378753275,-0.0113620423368274,356.90299842747754,-500.14265858077306,-999.8716138544634,-0.0056070281285656,-0.0838571724822259,-0.0838571724822259,693.8932891805748,-0.0016110888085449,0.0,-0.1257938141673094,749.3299927307992,546.5095096547886,-3.144732577966579,-0.1397619541369295,-0.0111326236667537,263.91479865592464,-499.8573414192269,0.1257938141673094,-0.0054938128370167, Neutralism,COVID
SRR13077784.bin.19.fbc2XSRR13077784.bin.20.fbc2 ,-0.0821443560989791,-0.0821443560989791,884.6638441582559,-0.0015781816733806,-1000.0,999.8767755749432,-394.8340958678548,-564.817738028471,-3.0805001537036105,-0.1369072601650032,-0.0109052353629977,770.2780222801498,-0.1369230419817313,-999.8767755749432,-0.0053815995062223,-0.0997980082868252,-0.0997980082868252,115.33615584174412,-0.0019173488624346,1000.0,-1000.0,-605.1659041321452,-191.5292301620656,-3.742530764943013,-0.1663300138113754,-0.0132488806390256,229.7219777198502,-258.3382870301914,1000.0,-0.0065381596207316, Amensalism,COVID
SRR13077784.bin.48.fbc2XSRR13077784.bin.45.fbc2 ,-0.0884949936953489,-0.0884949936953489,209.4206818681314,-0.0017001920018628,-1000.0,1000.0,20.77047979037377,-46.01948795776582,-3.3186557741372558,-0.1474916561589907,-0.0117483267326861,21.261394038598382,-285.89498212024046,-1000.0,-0.0057976547262796,-0.0895904356452774,-0.0895904356452774,790.5793181318686,-0.0017212379566444,1000.0,-1000.0,732.6478182881624,1000.0,-3.359736004784168,-0.1493173927420912,-0.0118937542806634,978.7386059614016,-487.1988494571332,1000.0,-0.005869421432294, Neutralism,COVID
SRR13077784.bin.45.fbc2XSRR13077784.bin.26.fbc2 ,-0.0895904356452774,-0.0895904356452774,225.451333478474,-0.0017212379566444,-1000.0,1000.0,0.0,313.9024817201878,-3.359736004784168,-0.1493173927420912,-0.0118937542806634,0.0,-341.56538335955395,-1000.0,-0.005869421432294,-0.1760302946614729,-0.1760302946614729,774.548666521526,-0.0033819461029906,1000.0,-1000.0,1000.0,355.73112929258696,-6.601322056842832,-0.2933838244358639,-0.0233692475717361,1000.0,-442.6797925254021,1000.0,-0.0115324362112687, Neutralism,COVID
SRR13077784.bin.31.fbc2XSRR13077784.bin.30.fbc2 ,-0.1153549238979394,-0.1153549238979394,440.73303462787135,-0.0022162329279353,-1000.0,999.8269565329886,351.3442780808414,36.493455681374144,-4.325931538982104,-0.1922582064964899,-0.0153141695318481,293.23871081246625,-400.4045489424284,-999.8269565329886,-0.0075573542841311,-0.1288927743362364,-0.1288927743362364,559.2669653721287,-0.002476326115925,999.8066484568648,-1000.0,141.38229101509455,963.506544318626,-4.8336152355468585,-0.2148212905605078,-0.0171114134614072,706.7612891875337,-252.61554069316023,1000.0,-0.0084442720554989, Competition,COVID
SRR13077784.bin.48.fbc2XSRR13077784.bin.30.fbc2 ,-0.0883483894915571,-0.0883483894915571,207.18044651119249,-0.0016973753985212,-1000.0,1000.0,21.919383751146825,-47.59988869630547,-3.313157961582192,-0.1472473158192997,-0.011728864003544,26.19608676382154,-285.8946827716377,-1000.0,-0.0057880501088902,-0.1481987955015711,-0.1481987955015711,792.8195534888075,-0.0028472391066998,999.7776875705522,-1000.0,836.044319175804,1000.0,-5.557611429458916,-0.2469979925025427,-0.0196744222270126,-36.71423716384072,-239.52930526681712,1000.0,-0.0097090853537338, Amensalism,COVID
SRR13077784.bin.38.fbc2XSRR13077784.bin.47.fbc2 ,-0.0912582858326231,-0.0912582858326231,664.4158681758267,-0.0017532811879164,-0.1368961951548044,0.0,354.35969645922773,0.0,-3.4222821491870263,-0.152097143054334,-0.0121151730087376,235.68612471755117,-116.2741120969754,0.0,-0.0059786888508597,-0.0662111797491888,-0.0662111797491888,335.58413182417326,-0.0012720687751652,999.9006768700324,-1000.0,645.6403035407723,1000.0,-2.4829892043771906,-0.110351966248686,-0.0087899952366115,-7.518295361379842,-158.61762605020988,1000.0,-0.0043377545234761, Competition,COVID
SRR13077784.bin.30.fbc2XSRR13077784.bin.53.fbc2 ,-0.1653248317301177,-0.1653248317301177,1000.0,-0.003176269581786,999.7519968710568,-1000.0,-396.3889216110858,752.2918538597826,-6.199855884708427,-0.2755413862169007,-0.0219480228098518,1000.0,-192.9119492942442,1000.0,-0.0108310792737711,0.0,0.0,0.0,0.0,-1000.0,1000.0,0.0,-1000.0,0.0,0.0,0.0,0.0,500.0,-1000.0,0.0, Amensalism,COVID
SRR13077784.bin.52.fbc2XSRR13077784.bin.12.fbc2 ,-0.0881588227194924,-0.0881588227194924,33.35745234766728,-0.0016937333855366,-1000.0,1000.0,950.329015493189,-203.3835519675756,-3.3060490073173696,-0.1469313711991162,-0.0117036976943154,87.97459532856988,-648.101480135494,-1000.0,-0.0057756308448233,-0.0913479768147453,-0.0913479768147453,625.1429863644064,-0.0017550043576193,1000.0,-1000.0,49.67098450681101,-702.6593175355185,-3.4256456557925503,-0.1522466280246135,-0.0121270801112132,316.27488582763453,54.7991730524775,1000.0,-0.0059845648595455, Neutralism,COVID
SRR13077784.bin.38.fbc2XSRR13077784.bin.12.fbc2 ,-0.1047919785743261,-0.1047919785743261,790.2798466105337,-0.0020132944971464,-1000.0,999.8428019656662,636.3107751350269,133.7425888442856,-3.929809927733345,-0.1746532976238768,-0.0139118649749434,163.25657581265136,-315.0885658215375,-999.842801965666,-0.0068653342351581,-0.0902770975292241,-0.0902770975292241,209.7201533894663,-0.0017344303079198,1000.0,-1000.0,363.6892248649731,-107.916795284861,-3.385486551012491,-0.1504618292153736,-0.0119849134280229,26.053798586180164,-136.5579132803863,1000.0,-0.0059144073501329, Amensalism,COVID
SRR13077784.bin.38.fbc2XSRR13077784.bin.45.fbc2 ,-0.124597900232743,-0.124597900232743,1000.0,-0.0023938117240049,-980.3218746297,1000.0,1000.0,124.77182046046596,-4.67255291837273,-0.2076631670545339,-0.0165412390126675,158.67869926762455,-486.6590346142237,-1000.0,-0.0081628979787637,-0.0895904356452774,-0.0895904356452774,0.0,-0.0017212379566444,979.7242459645786,0.0,0.0,-707.8085375462592,-3.359736004784168,-0.1493173927420912,-0.0118937542806634,40.052845791993605,-513.3409653857763,0.0,-0.005869421432294, Neutralism,COVID
SRR13077784.bin.28.fbc2XSRR13077784.bin.19.fbc2 ,-0.0855852827252192,-0.0855852827252192,3.3285440105092903,-0.0016442897738215,1000.0,-1000.0,1000.0,977.1889406187938,-3.209538538132051,-0.1426421378753275,-0.0113620423368274,6.281926866233107,-500.1747551171573,1000.0,-0.0056070281285656,-0.0866132679644806,-0.0866132679644806,996.6714559894908,-0.0016640397303717,-1000.0,999.8700717778548,-1000.0,-530.5816708618055,-3.248089070854917,-0.1443554466075056,-0.0114985145366972,993.7180731337668,-345.2639634243917,-999.8700717778546,-0.0056743754804529, Neutralism,COVID
SRR13077784.bin.12.fbc2XSRR13077784.bin.53.fbc2 ,-0.0912986873074714,-0.0912986873074714,193.5869038476044,-0.0017540573929863,1000.0,-1000.0,432.99802911697407,-78.03553668708969,-3.42379724718694,-0.1521644788457479,-0.0121205365858259,2.632961176905724,-232.20620038385096,1000.0,-0.0059813357102029,-0.0944545883652381,-0.0944545883652381,806.4130961523956,-0.0018146894979054,-1000.0,999.8583090440048,-129.07987189856817,1000.0,-3.542146871618911,-0.1574243139421014,-0.0125395044303786,589.5650907677771,-66.36739833543481,-999.8583090440046,-0.0061880911878233, Amensalism,COVID
SRR13077784.bin.48.fbc2XSRR13077784.bin.31.fbc2 ,-0.0883483894915571,-0.0883483894915571,207.18044651119249,-0.0016973753985212,-1000.0,1000.0,0.0,-47.599888696306266,-3.313157961582192,-0.1472473158192997,-0.011728864003544,26.196086763821995,-285.8946827716377,-1000.0,-0.0057880501088902,-0.1459346795671763,-0.1459346795671763,792.8195534888075,-0.0028037402414611,999.781083961948,-1000.0,1000.0,286.13540081674296,-5.472704689482612,-0.2432244659453317,-0.019373845068344,-38.88689583974963,-434.0081496596481,1000.0,-0.0095607542233437, Neutralism,COVID
SRR13077784.bin.13.fbc2XSRR13077784.bin.30.fbc2 ,-0.0853271356452296,-0.0853271356452296,184.09536936265067,-0.0016393301757489,-1000.0,1000.0,404.7675173210157,0.0,-3.1998577498561644,-0.1422118927421252,-0.0113277715140611,8.050302409286815,-259.86711603256856,-1000.0,-0.0055901158991673,-0.1501070637490329,-0.1501070637490329,815.9046306373493,-0.0028839013208425,999.7748249848696,-1000.0,-500.0,1000.0,-5.629173505163067,-0.2501784395817594,-0.0199277581268688,942.1373636078276,-237.786130871258,1000.0,-0.0098341035039766, Neutralism,COVID
SRR13077784.bin.28.fbc2XSRR13077784.bin.29.fbc2 ,-0.0855852827252192,-0.0855852827252192,549.6135045502567,-0.0016442897738215,-1000.0,1000.0,26.20148048232386,1000.0,-3.209538538132051,-0.1426421378753275,-0.0113620423368274,886.9818289698658,-500.0,-1000.0,-0.0056070281285656,-0.0851942479594072,-0.0851942479594072,450.3864954497433,-0.001636777098156,999.7622908620338,-1000.0,-1000.0,-115.53433935982672,-3.194874321216276,-0.1419904132656029,-0.0113101297482671,113.01817103013424,-500.0,1000.0,-0.0055814099047211, Neutralism,COVID
SRR13077784.bin.19.fbc2XSRR13077784.bin.17.fbc2 ,-0.0865619511074555,-0.0865619511074555,986.0181183413156,-0.0016630538157187,-1000.0,999.8701487580696,-1000.0,-514.5242669495323,-3.2461646344901283,-0.1442699185124638,-0.0114917018664755,1000.0,-98.32267502435548,-999.8701487580696,-0.0056710135115736,-0.0835711666245515,-0.0835711666245515,13.9818816586843,-0.0016055939793204,0.0,-0.1253647779066113,0.0,3.108670198482173,-3.134007056087853,-0.1392852777074722,-0.0110946543971977,-0.1792682894722475,-400.6587648318225,0.1253647779066113,-0.005475075469576, Neutralism,COVID
SRR13077784.bin.48.fbc2XSRR13077784.bin.19.fbc2 ,-0.0884949936953489,-0.0884949936953489,209.4206818681314,-0.0017001920018628,1000.0,-1000.0,20.77047979037411,-46.019487957765705,-3.3186557741372558,-0.1474916561589907,-0.0117483267326861,21.261394038598382,-285.89498212024046,1000.0,-0.0057976547262796,-0.0780436180107244,-0.0780436180107244,790.5793181318686,-0.0014993970798968,-1000.0,999.8829270759984,-1000.0,-696.2388523869167,-2.926718142241043,-0.1300726966844649,-0.0103608338223466,11.077987951069986,-0.130087690655273,-999.8829270759984,-0.0051129440425938, Neutralism,COVID
SRR13077784.bin.17.fbc2XSRR13077784.bin.45.fbc2 ,-0.0838571724822259,-0.0838571724822259,1000.0,-0.0016110888084313,-126.74181013453484,1000.0,717.5976833017949,-1000.0,-3.144732577966579,-0.1397619541369295,-0.0111326236667537,1000.0,-718.4867648045504,-1000.0,-0.0054938128370167,-0.0895904356452774,-0.0895904356452774,-997.8229696262002,-0.0017212379566444,999.8656057403424,-1000.0,-1000.0,1000.0,-3.359736004784168,-0.1493173927420912,-0.0118937542806634,0.0,-281.5132351954496,1000.0,-0.005869421432294, Neutralism,COVID
SRR13077784.bin.20.fbc2XSRR13077784.bin.11.fbc2 ,-0.0865786615264596,-0.0865786615264596,32.4012392773634,-0.0016633748612093,1000.0,-1000.0,-467.0533067114851,-117.9130428535127,-3.2467912928603937,-0.1442977692107661,-0.0114939202910591,63.97802680476343,-219.2656964336503,1000.0,-0.0056721082767126,-0.1806460317643541,-0.1806460317643541,967.5987607226366,-0.0034706250098679,-1000.0,999.7290135992284,-115.84657437746488,41.88460395231823,-6.774417075536917,-0.3010767196071811,-0.0239820188182875,936.0219731952366,-780.7343035663497,-999.7290135992286,-0.0118348312837497, Competition,COVID
SRR13077784.bin.19.fbc2XSRR13077784.bin.52.fbc2 ,-0.0857174536745333,-0.0857174536745333,966.6425476523324,-0.0016468290812099,-1000.0,999.8714155853428,-1000.0,-523.0658292529448,-3.214495088395438,-0.1428624227909267,-0.011379588950831,1000.0,-320.41305928115435,-999.8714155853428,-0.0056156871668235,-0.0881588227194924,-0.0881588227194924,33.357452347667504,-0.0016937333855366,1000.0,-1000.0,842.4240243001491,-26.697034419672605,-3.3060490073173696,-0.1469313711991162,-0.0117036976943154,0.0,-332.2817478219904,1000.0,-0.0057756308448233, Neutralism,COVID
SRR13077784.bin.38.fbc2XSRR13077784.bin.31.fbc2 ,-0.0858991261961819,-0.0858991261961819,519.4539909124003,-0.0016503194274264,-0.3952232464837379,1000.0,806.6020050079001,-686.0765259399526,-3.2213079999253296,-0.1431652103269698,-0.0114037072432893,80.07066177685988,-498.1132835781288,-1000.0,-0.0056275892474104,-0.120569469575571,-0.120569469575571,480.5460090875997,-0.0023164163222872,999.8191342135552,-1000.0,193.39799499209997,231.25880931863455,-4.521482511983663,-0.2009491159593608,-0.0160064367870518,-44.57007380068762,-400.42283631905593,1000.0,-0.0078989796589894, Competition,COVID
SRR13077784.bin.30.fbc2XSRR13077784.bin.29.fbc2 ,-0.1635167947141553,-0.1635167947141553,978.1274597764914,-0.0031415330396384,-1000.0,999.7547091002634,-831.3016118489368,765.9371271666082,-6.132052586099235,-0.2725279911902589,-0.0217079933040622,911.907031274513,-196.27034716485457,-999.7547091002637,-0.0107126276652707,-0.0849921658206085,-0.0849921658206085,21.87254022350851,-0.0016328946363728,999.7628547119672,-1000.0,563.3098185021015,-159.7482239760261,-3.1872960274768047,-0.1416536097009384,-0.0112833019369418,88.09296872548703,-414.7664101522546,1000.0,-0.0055681707098074, Neutralism,COVID
SRR13077784.bin.11.fbc2XSRR13077784.bin.26.fbc2 ,-0.2246193569154684,-0.2246193569154684,955.1884362875512,-0.0043154535430858,-1000.0,999.663049387359,-164.43893569003717,746.3916616441572,-8.423463234273186,-0.3743655948590003,-0.0298197839824752,517.4101378754413,-716.1230410548255,-999.6630493873593,-0.0147156965817885,-0.1760302946614729,-0.1760302946614729,44.81156371244879,-0.0033819461029906,1000.0,-1000.0,419.49146372163705,-549.5113865728763,-6.601322056842832,-0.2933838244358639,-0.0233692475717361,387.46054971949206,-283.87695894517447,1000.0,-0.0115324362112687, Amensalism,COVID
SRR13077784.bin.30.fbc2XSRR13077784.bin.26.fbc2 ,-0.1606182568958729,-0.1606182568958729,956.9963311295784,-0.0030858454734925,-1000.0,999.7590571854288,-327.6054494947982,1000.0,-6.023354355094512,-0.267697094826417,-0.021323192221871,722.0104472464864,-226.45570480204265,-999.7590571854288,-0.0105227330645902,-0.1758746596547098,-0.1758746596547098,43.00366887042173,-0.0033789559971637,1000.0,-1000.0,298.5883780184031,-150.5135922311655,-6.59548557962944,-0.293124432757736,-0.0233485859406528,277.98955275351364,-426.1378195206014,1000.0,-0.0115222399505228, Neutralism,COVID
SRR13077784.bin.28.fbc2XSRR13077784.bin.52.fbc2 ,-0.0855852827252192,-0.0855852827252192,966.6425476523324,-0.0016442897738215,-1000.0,1000.0,687.6931229151392,-268.9147015173022,-3.209538538132051,-0.1426421378753275,-0.0113620423368274,926.0676587658534,-652.3175338389017,-1000.0,-0.0056070281285656,-0.0881588227194924,-0.0881588227194924,33.35745234766773,-0.0016937333855366,1000.0,-1000.0,312.30687708486084,-195.5386496164072,-3.3060490073173696,-0.1469313711991162,-0.0117036976943154,73.93234123414663,-347.6824661610983,1000.0,-0.0057756308448233, Neutralism,COVID
SRR13077784.bin.52.fbc2XSRR13077784.bin.53.fbc2 ,-0.0881588227194924,-0.0881588227194924,33.357452347667504,-0.0016937333855366,1000.0,-1000.0,1000.0,-51.11133774298344,-3.3060490073173696,-0.1469313711991162,-0.0117036976943154,4.223649225373947,-335.64685683831294,1000.0,-0.0057756308448233,-0.1057649780199199,-0.1057649780199199,966.6425476523324,-0.002031988050362,-1000.0,999.84134237303,-1000.0,-630.3486075991732,-3.966298435087992,-0.1762749633664952,-0.0140410374277735,995.776350774626,112.80920397219984,-999.84134237303,-0.0069290792516767, Neutralism,COVID
SRR13077784.bin.31.fbc2XSRR13077784.bin.12.fbc2 ,-0.1468677118552932,-0.1468677118552932,806.4130961523956,-0.0028216659337658,-1000.0,999.7796843238876,567.0019708830259,279.44014862622,-5.507694386198523,-0.2447795197587083,-0.0194977116026393,-45.6498144104163,-686.2107336608766,-999.7796843238874,-0.0096218808342882,-0.0912986873074714,-0.0912986873074714,193.5869038476044,-0.0017540573929863,1000.0,-1000.0,432.99802911697407,-78.03553668709003,-3.42379724718694,-0.1521644788457479,-0.0121205365858259,2.6329611769058374,-232.2062003838512,1000.0,-0.0059813357102029, Neutralism,COVID
SRR13077784.bin.28.fbc2XSRR13077784.bin.45.fbc2 ,-0.0855852827252192,-0.0855852827252192,1000.0,-0.0016442897738215,-792.9242802799321,1000.0,1000.0,266.37926080159286,-3.209538538132051,-0.1426421378753275,-0.0113620423368274,1000.0,-551.9436850471741,-1000.0,-0.0056070281285656,-0.0895904356452774,-0.0895904356452774,0.0,-0.0017212379566444,999.8656057403424,-1000.0,-8.034898638906611,733.6207391984071,-3.359736004784168,-0.1493173927420912,-0.0118937542806634,-10.812713569592006,-448.0563149528259,1000.0,-0.005869421432294, Neutralism,COVID
SRR13077784.bin.52.fbc2XSRR13077784.bin.29.fbc2 ,-0.0881588227194924,-0.0881588227194924,33.357452347667504,-0.0016937333855366,1000.0,-1000.0,1000.0,-34.54274955400854,-3.3060490073173696,-0.1469313711991162,-0.0117036976943154,3.5541941217869635,-413.92444299780345,1000.0,-0.0057756308448233,-0.0851942479594072,-0.0851942479594072,759.9864618948313,-0.001636777098156,-1000.0,999.7622908620338,-1000.0,-965.4572504459916,-3.194874321216276,-0.1419904132656029,-0.0113101297482671,943.8603658146072,-399.2516367782592,-999.762290862034,-0.0055814099047211, Neutralism,COVID
SRR13077784.bin.48.fbc2XSRR13077784.bin.11.fbc2 ,-0.072658782290091,-0.072658782290091,193.3089290917883,-0.0013959420228957,1000.0,-1000.0,-912.864367273407,-184.019518870834,-2.7247811126894703,-0.1210979704834471,-0.0096459593779627,-11.17115167275358,-108.27472104068534,1000.0,-0.0047601622979982,-0.2345741470800249,-0.2345741470800249,806.6910709082117,-0.0045067079170166,-1000.0,999.6481162458404,-52.13125194616509,962.5653686905114,-8.796778384434788,-0.3909569118000036,-0.0311413517065375,773.3612618372279,-891.7252789593147,-999.6481162458404,-0.0153678739969791, Amensalism,COVID
SRR13077784.bin.28.fbc2XSRR13077784.bin.31.fbc2 ,-0.0855852827252192,-0.0855852827252192,3.1480092147971845,-0.0016442897738215,-871.936797855218,1000.0,183.7074997190925,874.0442928333587,-3.209538538132051,-0.1426421378753275,-0.0113620423368274,1.761346762774224,-532.1905556533527,-1000.0,-0.0056070281285656,-0.1596114897820371,-0.1596114897820371,996.8519907852028,-0.0030665031658827,999.7605674328112,-1000.0,816.2925002809075,125.95570716664132,-5.985599524500003,-0.2660191496366906,-0.0211895368759087,13.581973437145052,-467.8094443466473,1000.0,-0.0104567757955464, Neutralism,COVID
SRR13077784.bin.20.fbc2XSRR13077784.bin.45.fbc2 ,-0.1342741507022538,-0.1342741507022538,500.6393177982284,-0.0025797147109187,-1000.0,1000.0,-1000.0,-283.78345155836064,-5.035422535643079,-0.2237902511703851,-0.0178258286523487,1000.0,-427.4262661856784,-1000.0,-0.0087968271641329,-0.0895904356452774,-0.0895904356452774,499.3606822017716,-0.0017212379566444,1000.0,-0.6246273559124802,1000.0,-51.72772579053094,-3.359736004784168,-0.1493173927420912,-0.0118937542806634,0.0,-252.8214996361495,0.6246273559124802,-0.005869421432294, Neutralism,COVID
SRR13077784.bin.28.fbc2XSRR13077784.bin.48.fbc2 ,-0.0855852827252192,-0.0855852827252192,790.5793181318688,-0.0016442897738215,-995.1909188176118,1000.0,-999.9963332338044,1000.0,-3.209538538132051,-0.1426421378753275,-0.0113620423368274,978.7386059614018,-501.3770254127543,-1000.0,-0.0056070281285656,-0.0884949936953489,-0.0884949936953489,209.4206818681312,-0.0017001920018628,1000.0,-1000.0,20.770479790373543,-46.01948795776559,-3.3186557741372558,-0.1474916561589907,-0.0117483267326861,21.26139403859804,-285.89498212024046,1000.0,-0.0057976547262796, Neutralism,COVID
SRR13077784.bin.20.fbc2XSRR13077784.bin.38.fbc2 ,-0.0900484962894552,-0.0900484962894552,491.3752150775838,-0.0017300383533438,1000.0,-1000.0,-874.7917810146839,-443.00377354239583,-3.376913762963568,-0.1500808271490541,-0.0119545650213694,981.8929366453532,-262.3808436051323,1000.0,-0.0058994307847797,-0.06492380369491,-0.06492380369491,508.6247849224162,-0.0012473353255018,-250.95430990171965,1000.0,952.711500762986,-556.9962264576042,-2.434711242000276,-0.108206339491403,-0.0086190870995324,18.10706335464704,-524.1137565979519,-1000.0,-0.0042534134601055, Competition,COVID
SRR13077784.bin.28.fbc2XSRR13077784.bin.38.fbc2 ,-0.0855710294537175,-0.0855710294537175,2.980946134787814,-0.0016440159356534,257.06814901076086,0.0,44.290577228451866,915.7968657287148,-3.209004025389504,-0.1426183824228246,-0.0113601501157063,24.160606152621085,-564.4417632663374,0.0,-0.0056060943408056,-0.122897253267979,-0.122897253267979,997.0190538652124,-0.0023611383912793,-1000.0,1000.0,955.709422771548,84.20313427128508,-4.608776860160674,-0.2048287554466696,-0.016315466284027,188.2509249936097,-435.5582367336626,-1000.0,-0.0080514819144354, Neutralism,COVID
SRR13077784.bin.17.fbc2XSRR13077784.bin.20.fbc2 ,-0.0831241206615232,-0.0831241206615232,39.09557363458634,-0.0015970051999829,-1000.0,1000.0,99.64911799498871,7.068101472033391,-3.1172423600918364,-0.1385402011025007,-0.0110353059321823,0.0,-509.3905991849728,-1000.0,-0.0054457877321283,-0.1342385299376474,-0.1342385299376474,500.639148197537,-0.0025790303542407,1000.0,-1000.0,-964.9923000920944,-214.09069435962272,-5.034086719330503,-0.2237308832293365,-0.0178210997477208,1000.0,-444.7504058868181,1000.0,-0.0087944935079349, Neutralism,COVID
SRR13077784.bin.29.fbc2XSRR13077784.bin.26.fbc2 ,-0.0851942479594072,-0.0851942479594072,703.6410122916391,-0.001636777098156,-1000.0,999.7622908620338,-1000.0,-439.2497216742395,-3.194874321216276,-0.1419904132656029,-0.0113101297482671,431.9970968811968,-398.5655743809292,-999.762290862034,-0.0055814099047211,-0.1760302946614729,-0.1760302946614729,296.3589877083609,-0.0033819461029906,1000.0,-1000.0,1000.0,123.49422807293264,-6.601322056842832,-0.2933838244358639,-0.0233692475717361,236.262287262781,-476.0009954130278,1000.0,-0.0115324362112687, Neutralism,COVID
SRR13077784.bin.48.fbc2XSRR13077784.bin.47.fbc2 ,-0.0884949936953489,-0.0884949936953489,558.5924483217132,-0.0017001920018628,-1000.0,1000.0,-66.52246182302133,-569.7771376381384,-3.3186557741372558,-0.1474916561589907,-0.0117483267326861,21.261394038598496,-285.89498212024046,-1000.0,-0.0057976547262796,-0.0804685928105755,-0.0804685928105755,441.4075516782869,-0.0015459864132481,999.879289380852,-1000.0,1000.0,852.2655518754464,-3.0176572596511733,-0.1341143213510349,-0.0106827661156785,-9.137228038476565,-126.27628328602476,1000.0,-0.0052718136691964, Neutralism,COVID
SRR13077784.bin.17.fbc2XSRR13077784.bin.30.fbc2 ,-0.0826375518721533,-0.0826375518721533,10.955667485733898,-0.0015876570964792,-0.4426935945376726,1000.0,587.4312566198173,-997.637701963243,-3.0989955163452123,-0.1377292531202556,-0.0109707105367533,-1.9296146202136697,-739.3866375309732,-1000.0,-0.005413910699076,-0.1644192097884342,-0.1644192097884342,989.044332514266,-0.0031588705051035,999.7533553909648,-1000.0,412.5687433801827,-2.3622980367570108,-6.165894104942254,-0.2740320163139813,-0.0218277951900063,1000.0,-114.63245912962408,1000.0,-0.0107717484222575, Neutralism,COVID
SRR13077784.bin.17.fbc2XSRR13077784.bin.38.fbc2 ,-0.0835388085754402,-0.0835388085754402,13.589276448150144,-0.00160497230695,53.87878757937483,0.0,0.0,899.6297352015342,-3.132793595056228,-0.1392313476256959,-0.0110903586408994,-2.381778903477084,-453.6797649473117,0.0,-0.0054729555665744,-0.1231634823136573,-0.1231634823136573,986.41072355185,-0.0023662532624939,-952.7173084701204,1000.0,1000.0,100.37026479846575,-4.618760730690269,-0.2052724705226865,-0.0163508100439457,154.99254867562672,-489.2456071469428,-1000.0,-0.00806892362516, Neutralism,COVID
SRR13077784.bin.38.fbc2XSRR13077784.bin.53.fbc2 ,-0.124597900232743,-0.124597900232743,1000.0,-0.0023938117240049,-980.3218746297018,1000.0,1000.0,124.77182046046757,-4.67255291837273,-0.2076631670545339,-0.0165412390126675,158.67869926762478,-486.6590346142223,-1000.0,-0.0081628979787637,0.0,0.0,0.0,0.0,0.0,0.0,0.0,-1000.0,0.0,0.0,0.0,841.3213007323752,500.0,0.0,0.0, Amensalism,COVID
SRR13077784.bin.47.fbc2XSRR13077784.bin.26.fbc2 ,-0.0804685928105755,-0.0804685928105755,781.3353000284035,-0.0015459864132481,-1000.0,999.879289380852,1000.0,333.436553238123,-3.0176572596511733,-0.1341143213510349,-0.0106827661156785,-9.13722803847645,-45.76303425457024,-999.879289380852,-0.0052718136691964,-0.1760302946614729,-0.1760302946614729,218.6646999715965,-0.0033819461029906,1000.0,-1000.0,0.0,458.65885732151287,-6.601322056842832,-0.2933838244358639,-0.0233692475717361,396.00565496173976,-500.0660155879307,1000.0,-0.0115324362112687, Neutralism,COVID
SRR13077784.bin.48.fbc2XSRR13077784.bin.17.fbc2 ,-0.0884949936953489,-0.0884949936953489,209.4206818681312,-0.0017001920018628,1000.0,-1000.0,20.77047979037377,-46.01948795776548,-3.3186557741372558,-0.1474916561589907,-0.0117483267326861,21.261394038597928,-285.89498212024046,1000.0,-0.0057976547262796,-0.0838571724822259,-0.0838571724822259,790.5793181318688,-0.0016110888085449,-934.7187810495366,1000.0,-1000.0,1000.0,-3.144732577966579,-0.1397619541369295,-0.0111326236667537,965.2261037801636,-663.2814825450836,-1000.0,-0.0054938128370167, Neutralism,COVID
SRR13077784.bin.52.fbc2XSRR13077784.bin.13.fbc2 ,-0.0881588227194924,-0.0881588227194924,33.35745234766728,-0.0016937333855366,-1000.0,1000.0,833.9551886436398,-31.667086668635307,-3.3060490073173696,-0.1469313711991162,-0.0117036976943154,2.11636267909978,-332.33986876231074,-1000.0,-0.0057756308448233,-0.0853892539272465,-0.0853892539272465,801.6267914252307,-0.0016405236104901,1000.0,-1000.0,166.04481135636024,-177.85107336470423,-3.2021872510709954,-0.1423154232121533,-0.0113360181486541,997.8836373209,-260.76122789123747,1000.0,-0.0055941855118817, Neutralism,COVID
SRR13077784.bin.48.fbc2XSRR13077784.bin.20.fbc2 ,-0.0884949936953489,-0.0884949936953489,509.9959101502791,-0.0017001920018628,-1000.0,1000.0,0.0,-246.88233038098747,-3.3186557741372558,-0.1474916561589907,-0.0117483267326861,21.26139403859861,-285.89498212024046,-1000.0,-0.0057976547262796,-0.1333225321598092,-0.1333225321598092,490.0040898497209,-0.002561431933941,0.0,0.0,-1000.0,-303.03363500188834,-4.999735834749345,-0.2222042202663487,-0.0176994946632476,978.7386059614014,-417.3099087502053,0.0,-0.0087344828946243, Neutralism,COVID
SRR13077784.bin.12.fbc2XSRR13077784.bin.26.fbc2 ,-0.0913479768147453,-0.0913479768147453,395.01528647892064,-0.0017550043576193,0.0,0.0,594.7755621331628,-287.7902889336715,-3.4256456557925503,-0.1522466280246135,-0.0121270801112132,300.61075371656466,-285.9010871245375,0.0,-0.0059845648595455,-0.1760302946614729,-0.1760302946614729,604.9847135210794,-0.0033819461029906,-1000.0,1000.0,405.2244378668372,-712.2097110663285,-6.601322056842832,-0.2933838244358639,-0.0233692475717361,39.05400425965854,-355.8875995332103,-1000.0,-0.0115324362112687, Neutralism,COVID
SRR13077784.bin.13.fbc2XSRR13077784.bin.12.fbc2 ,-0.0853892539272465,-0.0853892539272465,355.1104776721347,-0.0016405236104901,0.0,0.0,-1000.0,984.6157191560072,-3.2021872510709954,-0.1423154232121533,-0.0113360181486541,12.284757560467938,-109.64593267934184,0.0,-0.0055941855118817,-0.0913479768147453,-0.0913479768147453,352.5447679227097,-0.0017550043576193,-1000.0,1000.0,749.3188836407824,-80.23714952683622,-3.4256456557925503,-0.1522466280246135,-0.0121270801112132,5.063801823293488,25.13721255220776,-1000.0,-0.0059845648595455, Neutralism,COVID
SRR13077784.bin.13.fbc2XSRR13077784.bin.45.fbc2 ,-0.0853892539272465,-0.0853892539272465,518.121037875731,-0.0016405236104901,-1000.0,1000.0,397.1733821225912,-20.885883405887057,-3.2021872510709954,-0.1423154232121533,-0.0113360181486541,1000.0,-382.7294828406807,-1000.0,-0.0055941855118817,-0.0895904356452774,-0.0895904356452774,481.878962124269,-0.0017212379566444,1000.0,-0.488228632403775,602.8266178774088,-979.1141165941128,-3.359736004784168,-0.1493173927420912,-0.0118937542806634,0.0,-376.3410823923669,0.488228632403775,-0.005869421432294, Neutralism,COVID
SRR13077784.bin.30.fbc2XSRR13077784.bin.11.fbc2 ,-0.0409864846477603,-0.0409864846477603,196.3862176044845,-0.0007874444696653,0.0,-0.0614836641939291,78.49665805886525,42.41647958404974,-1.537036483736074,-0.0683108077462293,-0.0054412412855526,229.1304817683017,-45.01477884276346,0.0614836641939291,-0.0026851856416669,-0.2225781741415176,-0.2225781741415176,803.6137823955155,-0.0042762377356666,-1000.0,999.6661113575992,921.5033419411347,667.0926237097931,-8.346916723381469,-0.370963623569196,-0.0295488027534247,770.8695182316983,-954.9852211572364,-999.6661113575992,-0.0145819706785914, Competition,COVID
SRR13077784.bin.53.fbc2XSRR13077784.bin.26.fbc2 ,-0.1045586646528136,-0.1045586646528136,956.9963311295784,-0.0020088120010086,-1000.0,999.8431519589608,0.0,-1000.0,-3.921060409142228,-0.1742644410880984,-0.0138808909269982,894.7973213142454,-499.9340427789345,-999.8431519589608,-0.0068500489234111,-0.1758746596547098,-0.1758746596547098,43.00366887042173,-0.0033789559971637,1000.0,-1000.0,1000.0,255.24497705571048,-6.59548557962944,-0.293124432757736,-0.0233485859406528,105.20267868575456,-500.0659572210655,1000.0,-0.0115222399505228, Neutralism,COVID
SRR13077784.bin.45.fbc2XSRR13077784.bin.12.fbc2 ,-0.0895904356452774,-0.0895904356452774,22.473863535969823,-0.0017212379566444,-1000.0,1000.0,-1000.0,556.6689147167756,-3.359736004784168,-0.1493173927420912,-0.0118937542806634,535.0547729401246,-216.95095604199184,-1000.0,-0.005869421432294,-0.0913479768147453,-0.0913479768147453,977.52613646403,-0.0017550043576193,1000.0,-1000.0,135.56241250522385,-1000.0,-3.4256456557925503,-0.1522466280246135,-0.0121270801112132,464.9452270598754,508.554918230041,1000.0,-0.0059845648595455, Neutralism,COVID
SRR13077784.bin.48.fbc2XSRR13077784.bin.38.fbc2 ,-0.0883483894915571,-0.0883483894915571,207.18044651119223,-0.0016973753985212,1000.0,-1000.0,0.0,-47.59988869630615,-3.313157961582192,-0.1472473158192997,-0.011728864003544,26.19608676382154,-285.8946827716377,1000.0,-0.0057880501088902,-0.1084251179744342,-0.1084251179744342,792.8195534888077,-0.0020830954462098,-411.2577509498768,1000.0,1000.0,-348.2189789160259,-4.066056494291615,-0.1807085299574282,-0.0143941895331636,113.1207366055985,-545.802138257165,-1000.0,-0.0071033554714858, Amensalism,COVID
SRR13077784.bin.28.fbc2XSRR13077784.bin.53.fbc2 ,-0.0855710294537175,-0.0855710294537175,2.980946134787814,-0.0016440159356534,999.8716352357396,-1000.0,1000.0,1000.0,-3.209004025389504,-0.1426183824228246,-0.0113601501157063,468.9187003533984,-500.1426348225822,1000.0,-0.0056060943408056,-0.1077657974606154,-0.1077657974606154,997.0190538652124,-0.0020704283854229,-1000.0,999.8383409516672,0.0,0.0,-4.04133127833552,-0.179609662434359,-0.0143066601432337,531.0812996466016,-499.8573651774178,-999.8383409516672,-0.0070601607942535, Neutralism,COVID
SRR13077784.bin.45.fbc2XSRR13077784.bin.11.fbc2 ,-0.0895904356452774,-0.0895904356452774,0.0,-0.0017212379566444,-765.4027662197973,1000.0,-1000.0,133.18816342466698,-3.359736004784168,-0.1493173927420912,-0.0118937542806634,222.26760589956143,-58.83224161508679,-1000.0,-0.005869421432294,-0.2490828528503925,-0.2490828528503925,1000.0,-0.0047854534649331,-0.3736482065429527,0.0,431.5790667260035,866.811836575333,-9.340870181831406,-0.4151380880840634,-0.0330674834427782,777.7323941004386,-941.1677583849132,0.0,-0.0163183963154551, Neutralism,COVID
SRR13077784.bin.13.fbc2XSRR13077784.bin.47.fbc2 ,-0.0853892539272465,-0.0853892539272465,268.53448673736466,-0.0016405236104901,-1000.0,1000.0,0.0,-12.671554065393252,-3.2021872510709954,-0.1423154232121533,-0.0113360181486541,8.96452438234951,-386.2401223663287,-1000.0,-0.0055941855118817,-0.0804685928105755,-0.0804685928105755,731.4655132626353,-0.0015459864132481,0.0,-0.1207106191479852,1000.0,406.9049326455022,-3.0176572596511733,-0.1341143213510349,-0.0106827661156785,-9.13722803847645,-58.89863131664811,0.1207106191479852,-0.0052718136691964, Neutralism,COVID
SRR13077784.bin.38.fbc2XSRR13077784.bin.13.fbc2 ,-0.1102271699172661,-0.1102271699172661,815.9046306373496,-0.0021177170012833,-474.665709658502,1000.0,1000.0,-295.5159884648143,-4.133635346330948,-0.1837119498620723,-0.0146334244789159,118.1970316927725,-539.2121191052959,-1000.0,-0.007221414974424,-0.0853271356452296,-0.0853271356452296,184.09536936265044,-0.0016393301757489,1000.0,-1000.0,-580.2075024974629,984.9750198184774,-3.1998577498561644,-0.1422118927421252,-0.0113277715140611,8.050302409286815,-259.8671160325687,1000.0,-0.0055901158991673, Amensalism,COVID
SRR13077784.bin.38.fbc2XSRR13077784.bin.52.fbc2 ,-0.1202594583174914,-0.1202594583174914,962.2957433007168,-0.0023104602943249,-1000.0,999.8195992602224,900.2939221009781,129.75356973082694,-4.509856762221034,-0.2004324305290765,-0.0159652806335088,166.26050176904027,-434.7626411963327,-999.8195992602224,-0.0078786696035422,-0.0813039312788532,-0.0813039312788532,37.70425669928318,-0.001562035183042,1000.0,-1000.0,99.70607789902192,-223.8054678758232,-3.0489833348922275,-0.13550655213146,-0.0107936631150096,99.25214856337608,-347.8626686908692,1000.0,-0.0053265399742485, Neutralism,COVID
SRR13077784.bin.47.fbc2XSRR13077784.bin.53.fbc2 ,-0.0699776364649551,-0.0699776364649551,0.0,-0.0013444310560544,1000.0,-834.5093344339706,1000.0,1000.0,-2.624235311142911,-0.1166293941082585,-0.009290018596971,103.5165636041761,-90.21975388128362,834.5093344339707,-0.0045845099009511,-0.1080981947361579,-0.1080981947361579,1000.0,-0.0020768145002421,-1000.0,999.8378423238232,0.0,0.0,-4.0537965274050975,-0.1801636578936722,-0.0143507881964524,896.4834363958239,-95.97798974479464,-999.8378423238232,-0.0070819374457187, Amensalism,COVID
SRR13077784.bin.52.fbc2XSRR13077784.bin.45.fbc2 ,-0.0881588227194924,-0.0881588227194924,33.357452347667504,-0.0016937333855366,1000.0,-1000.0,312.3068770848613,-215.77825545408732,-3.3060490073173696,-0.1469313711991162,-0.0117036976943154,94.17194707182534,-347.6824661610983,1000.0,-0.0057756308448233,-0.0895904356452774,-0.0895904356452774,966.6425476523324,-0.0017212379566444,-287.7250013515967,1000.0,687.6931229151387,-784.2217445459127,-3.359736004784168,-0.1493173927420912,-0.0118937542806634,905.8280529281748,-652.3175338389017,-1000.0,-0.005869421432294, Neutralism,COVID
SRR13077784.bin.48.fbc2XSRR13077784.bin.13.fbc2 ,-0.0884949936953489,-0.0884949936953489,376.0873485347979,-0.0017001920018628,0.0,0.0,854.1038131237069,-46.019487957765136,-3.3186557741372558,-0.1474916561589907,-0.0117483267326861,21.26139403859827,-285.89498212024046,0.0,-0.0057976547262796,-0.0853892539272465,-0.0853892539272465,192.4607853491996,-0.0016405236104901,-1000.0,1000.0,145.8961868762931,-11.978365168350138,-3.2021872510709954,-0.1423154232121533,-0.0113360181486541,15.04397133949908,-262.356751404162,-1000.0,-0.0055941855118817, Neutralism,COVID
SRR13077784.bin.31.fbc2XSRR13077784.bin.53.fbc2 ,-0.1455858545125465,-0.1455858545125465,787.7374482677694,-0.0027970385112894,999.7816072330388,-1000.0,1000.0,288.6384993066424,-5.459623381337678,-0.2426430908542443,-0.0193275361129963,-45.53634637146547,-681.6761673580543,1000.0,-0.0095379013234833,-0.0529991972701964,-0.0529991972701964,212.26255173223055,-0.0010182362588011,-1000.0,999.9204961129136,0.0,711.3615006933576,-1.9875259006261103,-0.0883319954502894,-0.0070360125482693,496.099445226263,153.16398797763304,-999.9204961129134,-0.0034721856425221, Amensalism,COVID
SRR13077784.bin.20.fbc2XSRR13077784.bin.13.fbc2 ,-0.1338923061173318,-0.1338923061173318,496.3718471462066,-0.0025723785997797,-1000.0,1000.0,-1000.0,-291.50774231066544,-5.021102960221697,-0.2231538435288484,-0.0177751361243281,991.4686948394442,-423.3669964953372,-1000.0,-0.0087718110252126,-0.0853892539272465,-0.0853892539272465,351.6202445513236,-0.0016405236104901,0.0,0.0,0.0,-15.524184697497503,-3.2021872510709954,-0.1423154232121533,-0.0113360181486541,8.531305160555917,-112.46582461214577,0.0,-0.0055941855118817, Neutralism,COVID
SRR13077784.bin.47.fbc2XSRR13077784.bin.45.fbc2 ,-0.0804685928105755,-0.0804685928105755,944.2493607133608,-0.0015459864132481,-1000.0,999.879289380852,1000.0,97.13943583075364,-3.0176572596511733,-0.1341143213510349,-0.0106827661156785,-9.137228038476565,-0.1341297812151651,-999.879289380852,-0.0052718136691964,-0.0895904356452774,-0.0895904356452774,55.75063928663917,-0.0017212379566444,1000.0,-500.102436249671,-615.5481395965824,-1000.0,-3.359736004784168,-0.1493173927420912,-0.0118937542806634,1.84864399023445,-626.9747523717346,500.102436249671,-0.005869421432294, Neutralism,COVID
SRR13077784.bin.28.fbc2XSRR13077784.bin.12.fbc2 ,-0.0855852827252192,-0.0855852827252192,380.6849160798072,-0.0016442897738215,-1000.0,1000.0,-370.4819007187373,1000.0,-3.209538538132051,-0.1426421378753275,-0.0113620423368274,53.29042855140824,-500.1747551171573,-1000.0,-0.0056070281285656,-0.0913479768147453,-0.0913479768147453,619.3150839201928,-0.0017550043576193,1000.0,-1000.0,610.5027929203688,-416.4155108845269,-3.4256456557925503,-0.1522466280246135,-0.0121270801112132,173.15298250213823,-253.93164867127643,1000.0,-0.0059845648595455, Neutralism,COVID
SRR13077784.bin.19.fbc2XSRR13077784.bin.26.fbc2 ,-0.0852182184365801,-0.0852182184365801,955.1884362875512,-0.0016372376260278,-1000.0,999.8721644861572,-342.9077900485865,-529.8229840321418,-3.1957732394412237,-0.142030364060929,-0.0113133119961048,689.2725864566901,-478.3650786484411,-999.872164486157,-0.0055829803048936,-0.1760302946614729,-0.1760302946614729,44.81156371244879,-0.0033819461029906,1000.0,-1000.0,1000.0,320.35551616522525,-6.601322056842832,-0.2933838244358639,-0.0233692475717361,310.7274135433099,-474.9342337903331,1000.0,-0.0115324362112687, Neutralism,COVID
SRR13077784.bin.13.fbc2XSRR13077784.bin.53.fbc2 ,-0.0853271356452296,-0.0853271356452296,184.09536936265025,-0.0016393301757489,1000.0,-1000.0,419.7924975025378,-15.02498018152221,-3.1998577498561644,-0.1422118927421252,-0.0113277715140611,8.05030240928727,-259.8671160325688,1000.0,-0.0055901158991673,-0.0952214801502577,-0.0952214801502577,815.9046306373498,-0.0018294232497737,-1000.0,999.8571586326584,580.2075024974622,-984.9750198184778,-3.5709061239127777,-0.1587024669170205,-0.0126413146558661,991.9496975907128,-237.67694029261983,-999.8571586326584,-0.006238333281658, Amensalism,COVID
SRR13077784.bin.52.fbc2XSRR13077784.bin.47.fbc2 ,-0.0816225927119376,-0.0816225927119376,253.30887006715847,-0.0015681574008112,1000.0,-1000.0,0.0,-511.1745518212333,-3.060933475355114,-0.136037654519896,-0.0108359676395366,242.88710801772777,-347.85429166595486,1000.0,-0.0053474167367539,-0.0804685928105755,-0.0804685928105755,746.6911299328415,-0.0015459864132481,-1000.0,999.879289380852,1000.0,393.4767820015336,-3.01765725965106,-0.1341143213510349,-0.0106827661156785,-9.137228038476565,-49.52368747634512,-999.879289380852,-0.0052718136691964, Neutralism,COVID
SRR13077784.bin.20.fbc2XSRR13077784.bin.29.fbc2 ,-0.1342741507022538,-0.1342741507022538,500.6393177982284,-0.0025797147109187,-1000.0,1000.0,-1000.0,-283.783451558362,-5.035422535643079,-0.2237902511703851,-0.0178258286523487,1000.0,-427.42626618567806,-1000.0,-0.0087968271641329,-0.0851939181756051,-0.0851939181756051,395.489578589395,-0.0016367707622748,999.762291782197,-1000.0,0.0,-19.32072032873725,-3.1948619539764422,-0.1419898636260086,-0.0113100859672385,0.0,-572.5737338143219,1000.0,-0.0055813882993334, Neutralism,COVID
SRR13077784.bin.17.fbc2XSRR13077784.bin.12.fbc2 ,-0.0838571724822259,-0.0838571724822259,369.8209606584917,-0.0016110888085449,-991.8105514402188,1000.0,-257.42179192461924,1000.0,-3.144732577966579,-0.1397619541369295,-0.0111326236667537,681.2945717555558,-843.4259347015886,-1000.0,-0.0054938128370167,-0.0913479768147453,-0.0913479768147453,630.1790393415083,-0.0017550043576193,1000.0,-1000.0,33.69749065406859,-707.6953705126207,-3.4256456557925503,-0.1522466280246135,-0.0121270801112132,318.7054282444442,86.96487093732003,1000.0,-0.0059845648595455, Neutralism,COVID
SRR13077784.bin.31.fbc2XSRR13077784.bin.29.fbc2 ,-0.1584145224404665,-0.1584145224404665,978.1274597764914,-0.0030435066751124,-1000.0,999.762362998806,436.6901814978976,151.25852736546972,-5.940711984383256,-0.2640242040673684,-0.021030631125086,0.0,-585.2335898477454,-999.762362998806,-0.0103783577621925,-0.0849921658206085,-0.0849921658206085,21.87254022350851,-0.0016328946363728,999.7628547119672,-1000.0,563.3098185021024,-159.7482239760252,-3.1872960274768047,-0.1416536097009384,-0.0112833019369418,88.09296872548612,-414.7664101522546,1000.0,-0.0055681707098074, Neutralism,COVID
SRR13077784.bin.19.fbc2XSRR13077784.bin.53.fbc2 ,-0.0690430069931835,-0.0690430069931835,584.0754636284837,-0.0013264746780805,0.0,-0.1035711428630747,-768.012413481342,-713.9709530795653,-2.589185718350336,-0.1150716783218968,-0.0091659400253547,811.8213204020055,-0.115084943068723,0.1035711428630747,-0.0045232786521864,-0.0672445161899304,-0.0672445161899304,415.9245363715163,-0.0012919215406554,-1000.0,999.8991267661074,1000.0,1000.0,-2.521740412805343,-0.1120741936498461,-0.0089271778457487,188.1786795979945,-437.459875578296,-999.8991267661074,-0.0044054524535113, Competition,COVID
SRR13077784.bin.38.fbc2XSRR13077784.bin.29.fbc2 ,-0.1223226946466411,-0.1223226946466411,974.850345423744,-0.0023500998011058,-1000.0,999.8165042075312,948.0425277960248,142.16223272319144,-4.587230304739023,-0.2038711577444019,-0.0162391896254803,160.26301000917874,-461.0071610093869,-999.816504207531,-0.0080138403217233,-0.0849921658206085,-0.0849921658206085,25.149654576256125,-0.0016328946363728,999.7628547119672,-1000.0,51.95747220397516,-158.7326501832531,-3.1872960274768047,-0.1416536097009384,-0.0112833019369418,87.58518182910143,-414.6648527729774,1000.0,-0.0055681707098074, Neutralism,COVID
SRR13077784.bin.19.fbc2XSRR13077784.bin.45.fbc2 ,-0.0866132679644806,-0.0866132679644806,1000.0,-0.0016640397303717,-1000.0,999.8700717778548,-793.3637318338995,-512.5089527417537,-3.248089070854917,-0.1443554466075056,-0.0114985145366972,0.0,-117.47445520129644,-999.8700717778546,-0.0056743754804529,-0.0895904356452774,-0.0895904356452774,0.0,-0.0017212379566444,1000.0,-1000.0,-206.6362681661005,1000.0,-3.359736004784168,-0.1493173927420912,-0.0118937542806634,1000.0,-495.9780538157904,1000.0,-0.005869421432294, Neutralism,COVID
SRR13077784.bin.29.fbc2XSRR13077784.bin.11.fbc2 ,-0.077975774381116,-0.077975774381116,0.0339318211283625,-0.0014980936480242,-1000.0,999.7824318594936,511.41319501418207,-159.76900894040295,-2.924173934442706,-0.1299596239684888,-0.0103518271080247,87.42486671941265,-381.846891046894,-999.7824318594934,-0.0051084993398262,-0.2163617920944034,-0.2163617920944034,999.9660681788716,-0.004156806764513,0.0,-0.3245634721754413,-153.13926532817197,640.9175101722471,-8.113795827913464,-0.3606029868240057,-0.0287235347429941,325.1835191853765,-618.153108953106,0.3245634721754413,-0.0141747110670849, Amensalism,COVID
SRR13077784.bin.28.fbc2XSRR13077784.bin.30.fbc2 ,-0.0855343754767545,-0.0855343754767545,2.979669259522211,-0.0016433117286851,-86.29481667024857,1000.0,-60.83656222728064,692.9958730199578,-3.2076294625218225,-0.1425572924612197,-0.0113552840450665,382.54200583877855,-728.6009470029597,-1000.0,-0.0056036929947822,-0.1648810257654531,-0.1648810257654531,997.0203307404776,-0.0031677430501986,999.7526626226364,-1000.0,-73.24604342581051,307.0041269800422,-6.183212692072175,-0.2748017096090507,-0.021889104477168,617.4579941612214,-136.95575363492753,1000.0,-0.0108020038013592, Neutralism,COVID
SRR13077784.bin.12.fbc2XSRR13077784.bin.11.fbc2 ,-0.0907800826685161,-0.0907800826685161,242.6806437821153,-0.0017440938072468,1000.0,-1000.0,496.1227365960845,-86.2317825150601,-3.404349025227248,-0.1513001377808223,-0.0120516882082029,3.9216014660015617,0.0,1000.0,-0.005947359882839,-0.2357593780805018,-0.2357593780805018,757.3193562178847,-0.0045294789256331,-1000.0,999.6463382854848,503.8772634039156,970.1091183738648,-8.84122579935854,-0.3929322968008364,-0.0312986993762933,731.8679876606691,-1000.0,-999.6463382854848,-0.0154455231364636, Neutralism,COVID
SRR13077784.bin.19.fbc2XSRR13077784.bin.12.fbc2 ,-0.0787337440001465,-0.0787337440001465,806.4130961523958,-0.0015126559845839,-1000.0,999.8818918207198,-1000.0,-760.3925220623128,-2.952598596082794,-0.1312229066668351,-0.0104524528537695,62.60716461932861,-0.1312380332266229,-999.88189182072,-0.0051581569075551,-0.0912986873074714,-0.0912986873074714,193.58690384760416,-0.0017540573929863,1000.0,-1000.0,432.9980291169734,-78.0355366870889,-3.42379724718694,-0.1521644788457479,-0.0121205365858259,2.632961176905724,-232.2062003838512,1000.0,-0.0059813357102029, Neutralism,COVID
SRR13077784.bin.17.fbc2XSRR13077784.bin.53.fbc2 ,-0.0835388085754402,-0.0835388085754402,13.589276448150144,-0.00160497230695,-740.5213585621923,1000.0,210.91414953376125,475.2191794319074,-3.132793595056228,-0.1392313476256959,-0.0110903586408994,0.0,-550.4195931263594,-1000.0,-0.0054729555665744,-0.1067959943615051,-0.1067959943615051,986.41072355185,-0.0020517962412895,-0.1602042505235204,0.0,276.92048998306336,524.7808205680926,-4.004962637351468,-0.1779933239358797,-0.0141779120276623,1000.0,-449.58040687364064,0.0,-0.0069966251829782, Neutralism,COVID
SRR13077784.bin.20.fbc2XSRR13077784.bin.26.fbc2 ,-0.1342741507022538,-0.1342741507022538,500.63931779822815,-0.0025797147109187,0.0,0.0,-1000.0,-283.78345155836246,-5.035422535643079,-0.2237902511703851,-0.0178258286523487,1000.0,-427.4262661856783,0.0,-0.0087968271641329,-0.1747345608293926,-0.1747345608293926,499.3606822017719,-0.0033570520812418,-1000.0,1000.0,1000.0,-388.1521401462006,-6.552730668965296,-0.2912242680489498,-0.0231972298814753,0.0,-468.6572134474468,-1000.0,-0.0114475475970721, Neutralism,COVID
SRR13077784.bin.17.fbc2XSRR13077784.bin.47.fbc2 ,-0.0838571724822259,-0.0838571724822259,530.7813902761181,-0.0016110888085449,-585.71183216634,1000.0,0.0,189.45103519294616,-3.144732577966579,-0.1397619541369295,-0.0111326236667537,1000.0,-715.2084969033203,-1000.0,-0.0054938128370167,-0.0804685928105755,-0.0804685928105755,469.21860972388185,-0.0015459864132481,999.879289380852,-1000.0,1000.0,810.5489648070538,-3.0176572596511733,-0.1341143213510349,-0.0106827661156785,-9.13722803847645,-119.32351877462588,1000.0,-0.0052718136691964, Neutralism,COVID
SRR13077784.bin.31.fbc2XSRR13077784.bin.11.fbc2 ,-0.1266650575611265,-0.1266650575611265,584.4992333096279,-0.0024335265621857,-1000.0,999.8099902460256,-548.1400597832671,27.16542089385689,-4.750073502501209,-0.2111084292685063,-0.0168156685446092,356.4814258975962,-221.85002924548812,-999.8099902460256,-0.0082983255770159,-0.1932625137144441,-0.1932625137144441,415.5007666903721,-0.0037130165939061,0.0,-0.2899123356546624,11.65534474346714,969.15810613869,-7.247548480205978,-0.3221041895241114,-0.0256569446640924,388.0407811682421,-778.1499707545119,0.2899123356546624,-0.0126613865853641, Competition,COVID
SRR13077784.bin.48.fbc2XSRR13077784.bin.12.fbc2 ,-0.0884949936953489,-0.0884949936953489,209.4206818681309,-0.0017001920018628,0.0,0.0,20.770479790373315,-46.019487957765705,-3.3186557741372558,-0.1474916561589907,-0.0117483267326861,21.26139403859804,-285.89498212024046,0.0,-0.0057976547262796,-0.0913479768147453,-0.0913479768147453,790.5793181318691,-0.0017550043576193,-1000.0,1000.0,33.522522510585986,-868.0956493029812,-3.4256456557925503,-0.1522466280246135,-0.0121270801112132,398.99305171136575,90.17075540642531,-1000.0,-0.0059845648595455, Neutralism,COVID
SRR13077784.bin.28.fbc2XSRR13077784.bin.11.fbc2 ,-0.0639576283231235,-0.0639576283231235,0.0,-0.0012287728784485,-1000.0,999.9040574136508,1000.0,328.8907647659928,-2.3984786446258117,-0.1065960472052438,-0.0084908205900546,618.5233350970366,-371.09546099723536,-999.9040574136508,-0.0041901155154846,-0.2179048046765501,-0.2179048046765501,1000.0,-0.0041864515787892,0.0,-0.3268781392727078,-228.9750356283577,654.1288650537622,-8.17166043020677,-0.363174674460879,-0.0289283804095248,381.4766649029634,-628.9045390027646,0.3268781392727078,-0.0142757998837623, Competition,COVID
SRR13077784.bin.31.fbc2XSRR13077784.bin.47.fbc2 ,-0.1574148241253397,-0.1574148241253397,985.4966181308664,-0.0030243001752978,-1000.0,999.7638626423112,0.0,-58.89135050993025,-5.903222241209619,-0.2623580402089374,-0.0208979142114458,274.2486212785302,-650.6967570504581,-999.7638626423112,-0.0103128635978464,-0.0707750676237992,-0.0707750676237992,14.503381869133705,-0.0013597515393257,243.2577234767764,0.2361373576889036,1000.0,1000.0,-2.6541398222251478,-0.1179584460395517,-0.0093958831370173,111.09038083555924,-61.01797960221961,-0.2361373576889036,-0.0046367527492066, Amensalism,COVID
SRR13077784.bin.45.fbc2XSRR13077784.bin.53.fbc2 ,-0.0895904356452774,-0.0895904356452774,0.0,-0.0017212379566444,1000.0,-1000.0,-1000.0,0.0,-3.359736004784168,-0.1493173927420912,-0.0118937542806634,200.4529134979682,-500.1829331700361,1000.0,-0.005869421432294,-0.1080981947361579,-0.1080981947361579,1000.0,-0.0020768145002421,-1000.0,999.8378423238232,0.0,1000.0,-4.0537965274050975,-0.1801636578936722,-0.0143507881964524,799.5470865020318,-267.3142128601992,-999.8378423238232,-0.0070819374457187, Neutralism,COVID
SRR13077784.bin.13.fbc2XSRR13077784.bin.11.fbc2 ,-0.0851100039851644,-0.0851100039851644,297.68757897322644,-0.001635158577983,1000.0,-1000.0,-415.3499155999402,35.53479504814595,-3.1917150831670824,-0.1418500066420165,-0.0112989457740013,20.38455724843868,-153.53046313996936,1000.0,-0.0055758907509471,-0.2226693291345327,-0.2226693291345327,702.3124210267736,-0.0042779890324027,-1000.0,999.6659746163532,-125.61170181297416,964.465204951854,-8.3503351319398,-0.3711155485574409,-0.0295609042136675,670.6741253390317,-846.4695368600306,-999.6659746163532,-0.0145879426003148, Amensalism,COVID
SRR13077784.bin.29.fbc2XSRR13077784.bin.53.fbc2 ,-0.0849921658206085,-0.0849921658206085,21.872540223508626,-0.0016328946363728,999.7628547119672,-1000.0,570.4078971835702,-159.7482239760261,-3.1872960274768047,-0.1416536097009384,-0.0112833019369418,80.99489004401858,-414.7664101522546,1000.0,-0.0055681707098074,-0.1065683004281936,-0.1065683004281936,978.1274597764914,-0.002047421718089,-1000.0,999.8401373122492,-12.428299342647051,-302.3643645282648,-3.996423874249899,-0.1776138340469515,-0.0141476840722134,919.0051099559814,-585.2335898477454,-999.8401373122492,-0.0069817080587881, Neutralism,COVID
SRR13077784.bin.19.fbc2XSRR13077784.bin.29.fbc2 ,-0.0862180313846465,-0.0862180313846465,978.1274597764916,-0.0016564463281838,-1000.0,999.8706646706914,-246.28840405496783,-604.3490407515725,-3.233267281470262,-0.1436967189742972,-0.0114460441280925,908.2974360361902,-500.1437132834376,-999.8706646706914,-0.0056484819792785,-0.0849921658206085,-0.0849921658206085,21.872540223508395,-0.0016328946363728,999.7628547119672,-1000.0,563.3098185020999,-159.74822397602588,-3.1872960274768047,-0.1416536097009384,-0.0112833019369418,91.70256396380978,-414.7664101522546,1000.0,-0.0055681707098074, Neutralism,COVID
SRR13077784.bin.20.fbc2XSRR13077784.bin.31.fbc2 ,-0.1338805653159624,-0.1338805653159624,496.2406327019694,-0.0025721530320197,-1000.0,1000.0,-1000.0,-291.7452456471449,-5.020662667766601,-0.2231342755266041,-0.0177735774511802,991.2063777536245,-423.24218372921473,-1000.0,-0.0087710418391679,-0.1224598682996429,-0.1224598682996429,503.7593672980306,-0.0023527352218479,999.8162984338744,-1000.0,0.0,194.66198142923716,-4.592374461675604,-0.2040997804995186,-0.0162574003833242,8.793622246375662,-422.37994994200585,1000.0,-0.0080228271066289, Amensalism,COVID
SRR13077784.bin.28.fbc2XSRR13077784.bin.26.fbc2 ,-0.0855852827252192,-0.0855852827252192,286.2990065661827,-0.0016442897738215,-854.4848425321512,1000.0,0.0,1000.0,-3.209538538132051,-0.1426421378753275,-0.0113620423368274,691.1694739930158,-526.1850847509334,-1000.0,-0.0056070281285656,-0.1760302946614729,-0.1760302946614729,713.7009934338173,-0.0033819461029906,1000.0,-1000.0,1000.0,-668.5319115431089,-6.601322056842832,-0.2933838244358639,-0.0233692475717361,308.8305260069842,-473.8149152490666,1000.0,-0.0115324362112687, Neutralism,COVID
SRR13077784.bin.20.fbc2XSRR13077784.bin.47.fbc2 ,-0.1342741507022538,-0.1342741507022538,500.63931779822815,-0.0025797147109187,-1000.0,1000.0,-1000.0,-283.7834515583627,-5.035422535643079,-0.2237902511703851,-0.0178258286523487,1000.0,-427.4262661856784,-1000.0,-0.0087968271641329,-0.0804685928105755,-0.0804685928105755,499.3606822017719,-0.0015459864132481,999.879289380852,-1000.0,1000.0,764.4724535981377,-3.0176572596511733,-0.1341143213510349,-0.0106827661156785,-9.13722803847645,-111.35629940911248,1000.0,-0.0052718136691964, Neutralism,COVID
SRR13077784.bin.20.fbc2XSRR13077784.bin.53.fbc2 ,-0.0959610561935733,-0.0959610561935733,351.2760392262935,-0.0018436322035313,1000.0,-1000.0,-1000.0,-779.9932756240236,-3.598641007031688,-0.1599350936560313,-0.0127394985263435,701.6382821509094,-159.54251538597885,1000.0,-0.0062867858140407,-0.0553963024514132,-0.0553963024514132,648.7239607737065,-0.0010642901527262,-1000.0,999.916900224872,0.0,-62.95599477380108,-2.077419877887678,-0.0923271707523554,-0.0073542449556498,298.3617178490906,-418.0566043420429,-999.916900224872,-0.0036292294208806, Competition,COVID
SRR13077784.bin.31.fbc2XSRR13077784.bin.26.fbc2 ,-0.1569481432851489,-0.1569481432851489,955.1884362875512,-0.0030153341649565,-1000.0,999.7645627084016,251.65362909226428,182.25647260678488,-5.885721216570573,-0.2615802388085058,-0.0208359590797044,-13.150253447166731,-668.5041544808304,-999.7645627084016,-0.0102822895024701,-0.1760302946614729,-0.1760302946614729,44.81156371244879,-0.0033819461029906,1000.0,-1000.0,748.3463709077357,-286.4233456078754,-6.601322056842832,-0.2933838244358639,-0.0233692475717361,1000.0,-331.4958455191696,1000.0,-0.0115324362112687, Neutralism,COVID
SRR13077784.bin.52.fbc2XSRR13077784.bin.11.fbc2 ,-0.0876175795373228,-0.0876175795373228,26.24582070037241,-0.0016833348614682,1000.0,-1000.0,845.5777015167853,-8.630765043148813,-3.28575181606584,-0.1460292992288714,-0.0116318438924736,-17.45669031901741,-331.8949222330156,1000.0,-0.0057401718775054,-0.2209589790267045,-0.2209589790267045,973.7541792996276,-0.0042451292800933,-1000.0,999.6685403058136,-193.45608625229352,706.9442160556575,-8.286195195611185,-0.3682649650444318,-0.0293338433251619,426.7710292674988,-668.1050777669844,-999.6685403058136,-0.0144758908450057, Amensalism,COVID
SRR13077784.bin.31.fbc2XSRR13077784.bin.45.fbc2 ,-0.1598127265563107,-0.1598127265563107,1000.0,-0.0030703693862506,-1000.0,999.7602655583188,1000.0,121.70174154746589,-5.993146116179787,-0.2663545442605937,-0.0212162524592258,24.15235459228643,-592.2384494468179,-999.7602655583186,-0.010469959607235,-0.0895904356452774,-0.0895904356452774,0.0,-0.0017212379566444,999.8656057403424,-1000.0,0.0,878.2982584525341,-3.359736004784168,-0.1493173927420912,-0.0118937542806634,975.8476454077136,-407.7615505531821,1000.0,-0.005869421432294, Neutralism,COVID
SRR13077784.bin.28.fbc2XSRR13077784.bin.20.fbc2 ,-0.0855851419984219,-0.0855851419984219,499.3606822017716,-0.0016442870701212,-1000.0,1000.0,0.0,1000.0,-3.209533260729245,-0.1426419033307411,-0.0113620236543283,0.0,-500.1747548298096,-1000.0,-0.0056070189090178,-0.1342741507022538,-0.1342741507022538,500.6393177982284,-0.0025797147109187,1000.0,-1000.0,-1000.0,-283.78345155836143,-5.035422535643079,-0.2237902511703851,-0.0178258286523487,1000.0,-427.4262661856784,1000.0,-0.0087968271641329, Neutralism,COVID
SRR13077784.bin.28.fbc2XSRR13077784.bin.13.fbc2 ,-0.0855852827252192,-0.0855852827252192,638.9010533714609,-0.0016442897738215,0.0,999.761199796154,1000.0,-912.6755302053102,-3.209538538132051,-0.1426421378753275,-0.0113620423368274,981.5104759134932,-733.269682806102,-999.761199796154,-0.0056070281285656,-0.0853892539272465,-0.0853892539272465,361.0989466285391,-0.0016405236104901,1000.0,-1000.0,0.0,-31.79029346364473,-3.2021872510709954,-0.1423154232121533,-0.0113360181486541,18.489524086506663,-266.73031719389803,1000.0,-0.0055941855118817, Neutralism,COVID
SRR13077784.bin.38.fbc2XSRR13077784.bin.11.fbc2 ,0.0,0.0,0.0,0.0,0.0,0.0,0.0,0.0,0.0,0.0,0.0,0.0,0.0,0.0,0.0,-0.2580647076866853,-0.2580647076866853,1000.0,-0.004958015517559,-1000.0,999.6128781483926,232.01893829902951,958.8166159549256,-9.6776992291027,-0.4301078461444376,-0.0342598872259714,963.3325004386676,-1000.0,-999.6128781483924,-0.0169068329147421, Amensalism,COVID
SRR13077784.bin.47.fbc2XSRR13077784.bin.29.fbc2 ,-0.0804685928105755,-0.0804685928105755,470.1745465644594,-0.0015459864132481,-1000.0,999.879289380852,1000.0,809.1150595461879,-3.0176572596511733,-0.1341143213510349,-0.0106827661156785,-9.137228038476565,-119.08453456448149,-999.879289380852,-0.0052718136691964,-0.0851942479594072,-0.0851942479594072,529.8254534355406,-0.001636777098156,999.7622908620338,-1000.0,-1000.0,-267.2071197708699,-3.194874321216276,-0.1419904132656029,-0.0113101297482671,255.8281471778182,-398.5655743809292,1000.0,-0.0055814099047211, Neutralism,COVID
SRR13077784.bin.38.fbc2XSRR13077784.bin.30.fbc2 ,0.0,0.0,0.0,0.0,-1000.0,1000.0,0.0,0.0,0.0,0.0,0.0,0.0,0.0,-1000.0,0.0,-0.1653248317301177,-0.1653248317301177,1000.0,-0.003176269581786,999.7519968710568,-1000.0,859.9267407317145,1000.0,-6.199855884708427,-0.2755413862169007,-0.0219480228098518,632.5103996029022,-259.10200546088095,1000.0,-0.0108310792737711, Amensalism,COVID
SRR13077784.bin.28.fbc2XSRR13077784.bin.47.fbc2 ,-0.0855852827252192,-0.0855852827252192,541.4173120523715,-0.0016442897738215,-0.3426131914968664,1000.0,0.0,-494.1526952901762,-3.209538538132051,-0.1426421378753275,-0.0113620423368274,1000.0,-750.089101819283,-1000.0,-0.0056070281285656,-0.0804685928105755,-0.0804685928105755,458.5826879476285,-0.0015459864132481,999.879289380852,-1000.0,1000.0,825.6394449793524,-3.0176572596511733,-0.1341143213510349,-0.0106827661156785,-9.13722803847645,-121.5507979726483,1000.0,-0.0052718136691964, Neutralism,COVID
SRR13077784.bin.17.fbc2XSRR13077784.bin.31.fbc2 ,-0.0835711666245515,-0.0835711666245515,13.981881658684188,-0.0016055939793204,0.2383936662441783,74.14189780466859,121.16645991673796,859.4042718695673,-3.134007056087853,-0.1392852777074722,-0.0110946543971977,-2.770042984881229,-514.2450531554496,-74.1418978046687,-0.005475075469576,-0.1589189335043102,-0.1589189335043102,986.0181183413158,-0.0030531975696703,999.761606333756,-1000.0,878.833540083262,140.5957281304327,-5.959627932275907,-0.2648648891737366,-0.021097595206811,18.07699814319949,-465.93871873698095,1000.0,-0.0104114037127374, Neutralism,COVID
SRR13077784.bin.38.fbc2XSRR13077784.bin.26.fbc2 ,-0.1206762205899849,-0.1206762205899849,956.9963311295784,-0.0023184672543266,-876.8976928915044,1000.0,1000.0,36.605478857234175,-4.52548578782455,-0.2011270343166415,-0.0160206087276719,148.16742212549366,-496.9811156235805,-1000.0,-0.0079059733374151,-0.1758746596547098,-0.1758746596547098,43.00366887042173,-0.0033789559971637,1000.0,-1000.0,0.0,-356.8770952812285,-6.59548557962944,-0.293124432757736,-0.0233485859406528,312.6079210387543,-423.6618789863703,1000.0,-0.0115222399505228, Neutralism,COVID
SRR13077784.bin.13.fbc2XSRR13077784.bin.26.fbc2 ,-0.0853892539272465,-0.0853892539272465,578.4962466988052,-0.0016405236104901,-1000.0,1000.0,0.0,-403.1680703448153,-3.2021872510709954,-0.1423154232121533,-0.0113360181486541,686.00085797718,-111.42532934769211,-1000.0,-0.0055941855118817,-0.1760302946614729,-0.1760302946614729,421.5037533011948,-0.0033819461029906,0.0,0.0,1000.0,-596.8319296551847,-6.601322056842832,-0.2933838244358639,-0.0233692475717361,313.99914202282,-402.9241753801623,0.0,-0.0115324362112687, Neutralism,COVID
SRR13077784.bin.19.fbc2XSRR13077784.bin.11.fbc2 ,-0.0698064018133663,-0.0698064018133663,609.6399368068157,-0.0013411412452342,0.0,-0.1047163084263047,-1000.0,-693.3218454540777,-2.6178138307692507,-0.1163440030222773,-0.0092672860043876,639.4023909241296,0.0,0.1047163084263047,-0.0045732916461247,-0.2023094079090697,-0.2023094079090697,390.36006319318426,-0.0038868282018711,-1000.0,999.6965164539952,1000.0,1000.0,-7.586816572143107,-0.3371823465151919,-0.0268579828751853,360.5976090758704,-1000.0,-999.6965164539952,-0.0132540841684658, Competition,COVID
SRR13077826.bin.19.fbc2XSRR13077826.bin.8.fbc2 ,-0.2252274358979775,-0.2252274358979775,1000.0,-0.0043271361363395,-1000.0,999.6621372104725,-1000.0,899.3867503336714,-8.44626683866261,-0.3753790598300384,-0.0299005107023049,950.3628588520136,-488.0557646543922,-999.6621372104725,-0.0147555342250598,-0.0932686699599116,-0.0932686699599116,0.0,-0.00179190528263,999.860088035534,-1000.0,982.0507667070564,100.61324966632856,-3.4976736782874696,-0.1554477832664815,-0.0123820655028339,49.63714114798631,-511.9442353456078,1000.0,-0.0061103970136855, Amensalism,COVID
SRR13077826.bin.1.fbc2XSRR13077826.bin.18.fbc2 ,-0.1322018620583094,-0.1322018620583094,515.2299402480176,-0.0025399012884008,-1000.0,999.801684507406,-250.0905545362118,0.0,-4.957709521759284,-0.2203364367638869,-0.0175507179025089,513.6440830313541,-333.23647261026406,-999.801684507406,-0.0086610633932195,-0.0889271456906044,-0.0889271456906044,484.7700597519824,-0.0017084946338172,999.7518753243298,-1000.0,-25.23945844945058,1000.0,-3.334861930600937,-0.1482119094843028,-0.0118056979197262,-6.410306036001998,-666.7635273897359,1000.0,-0.0058259667013089, Neutralism,COVID
SRR13077826.bin.20.fbc2XSRR13077826.bin.19.fbc2 ,-0.086095876346576,-0.086095876346576,966.1650048756504,-0.0016540994495244,999.759775136949,-1000.0,-888.3696994760043,-973.5800597813584,-3.228686338465991,-0.1434931272442554,-0.0114298271960251,956.9177288212218,-499.74695108844105,1000.0,-0.0056404791228032,-0.1526918136638642,-0.1526918136638642,33.83499512434946,-0.002933560300903,-1000.0,999.7709476117028,237.6536411716038,927.2718037346068,-5.7261043582101365,-0.2544863561063266,-0.0202709016795097,43.08227117877823,-500.25304891155895,-999.7709476117028,-0.0100034406261784, Amensalism,COVID
SRR13077826.bin.1.fbc2XSRR13077826.bin.8.fbc2 ,-0.1322018620583094,-0.1322018620583094,515.2299402480176,-0.0025399012884008,-1000.0,999.801684507406,-54.33824002501967,-569.2610000150996,-4.957709521759284,-0.2203364367638869,-0.0175507179025089,500.831855770452,-333.23647261026406,-999.801684507406,-0.0086610633932195,-0.1000381603583946,-0.1000381603583946,484.7700597519824,-0.0019219627350821,999.8499331496488,-1000.0,-945.6617599749804,718.1450152857369,-3.751536721391972,-0.1667302672640289,-0.0132807624991073,499.168144229548,-666.4158281189495,1000.0,-0.0065538929264903, Neutralism,COVID
SRR13077826.bin.20.fbc2XSRR13077826.bin.10.fbc2 ,-0.0075920858653262,-0.0075920858653262,85.19813013489784,-0.0001458613999147,-1000.0,999.9788165488912,-0.5854125406157209,-0.6551853412624951,-0.2847112423253293,-0.0126534764420966,-0.0010079022733862,84.38268906147596,-85.07414976824225,-999.9788165488912,-0.0004973873736844,-0.1429501186884181,-0.1429501186884181,914.8018698651022,-0.0027463999748533,1000.0,-1000.0,1000.0,-610.7296983279907,-5.36078050281526,-0.2382501978140681,-0.01897762382589,915.617310938524,-400.8340899115474,1000.0,-0.0093652239140737, Amensalism,COVID
SRR13077826.bin.1.fbc2XSRR13077826.bin.19.fbc2 ,-0.0923210078002512,-0.0923210078002512,57.94765301631378,-0.0017736985167857,508.2363311018546,0.3313366709627416,146.06411089778294,-604.5719297475854,-3.462135345926981,-0.153868346333752,-0.0122562567512432,49.17413699928693,-543.8355273836632,-0.3313366709627416,-0.0060483119423224,-0.2208769687962331,-0.2208769687962331,942.0523469836862,-0.0042435536752236,-1000.0,999.6686633290374,-981.4013571603904,786.4264404517921,-8.283119725312645,-0.3681282813271309,-0.0293229558959637,950.8258630007132,-387.0152457233363,-999.6686633290371,-0.0144705180325672, Amensalism,COVID
SRR13077826.bin.20.fbc2XSRR13077826.bin.8.fbc2 ,-0.0889728704622712,-0.0889728704622712,998.4505352840392,-0.0017093731116801,999.7517477429926,-1000.0,-795.2690114248012,-992.9416479939504,-3.336576657856199,-0.1482881174371186,-0.0118117682015963,988.8942507158022,-491.7210000256836,1000.0,-0.0058289623108294,-0.0922907296501307,-0.0922907296501307,1.549464715960653,-0.0017731168040882,-1000.0,999.8615550399408,115.01551983092008,-7.058352006049631,-3.4609998833053623,-0.1538178827502179,-0.0122522371159448,11.105749284197714,-508.2789999743164,-999.8615550399408,-0.0060463283017497, Amensalism,COVID
SRR13077826.bin.1.fbc2XSRR13077826.bin.10.fbc2 ,-0.0917529175954996,-0.0917529175954996,51.62029777826501,-0.0017627841997409,-1000.0,999.8623618096858,0.0,931.5432151834098,-3.440831362961376,-0.1529215293257948,-0.0121808388200861,31.298765811277008,-501.3792478964536,-999.8623618096858,-0.0060110941210496,-0.1464157534221613,-0.1464157534221613,948.379702221735,-0.0028129827746852,1000.0,-1000.0,1000.0,-659.3035947315473,-5.490745467382226,-0.2440262557034884,-0.0194377109730794,968.701234188723,-409.1420927503318,1000.0,-0.0095922712616811, Amensalism,COVID
SRR13077826.bin.10.fbc2XSRR13077826.bin.8.fbc2 ,-0.1486444996254476,-0.1486444996254476,1000.0,-0.0028558021061826,-1000.0,1000.0,1000.0,-580.7642522660349,-5.574325805070657,-0.2477408327091552,-0.0197335925535071,979.7513000250506,-409.2812540361337,-1000.0,-0.0097382851820384,-0.0927540264773369,-0.0927540264773369,0.0,-0.0017820177997691,0.0,-0.139139949804985,-715.7584760700814,972.0782821728048,-3.4783740038778888,-0.154590044128895,-0.012313742996298,20.248699974949545,-590.7187459638664,0.139139949804985,-0.0060766806972196, Amensalism,COVID
SRR13077826.bin.19.fbc2XSRR13077826.bin.18.fbc2 ,-0.1974650337775756,-0.1974650337775756,982.5891221351288,-0.0037937566528398,-1000.0,1000.0,-200.9073329299301,0.0,-7.405147423275139,-0.3291083896292548,-0.0262148584707802,1000.0,-287.01548209804423,-1000.0,-0.0129367101859543,-0.0889268068845012,-0.0889268068845012,17.41087786487128,-0.0017084881245637,999.7518762696668,-1000.0,96.65344442791502,1000.0,-3.3348492250153186,-0.1482113448074642,-0.0118056529408931,-6.410281613194343,-712.9845179019558,1000.0,-0.0058259445048634, Amensalism,COVID
SRR13077826.bin.8.fbc2XSRR13077826.bin.18.fbc2 ,-0.1058350554451408,-0.1058350554451408,982.573816028542,-0.0020333343985612,-1000.0,999.8412372501602,-762.7881103846554,0.0,-3.968926412584551,-0.1763917590752726,-0.0140503406940979,1000.0,-667.9155174597528,-999.8412372501602,-0.0069336702990767,-0.0889271456906044,-0.0889271456906044,17.42618397145793,-0.0017084946338172,999.7518753243298,-1000.0,-237.2118896153446,1000.0,-3.334861930600937,-0.1482119094843028,-0.0118056979197262,-6.410306036001998,-332.0844825402472,1000.0,-0.0058259667013089, Neutralism,COVID
SRR13077826.bin.19.fbc2XSRR13077826.bin.10.fbc2 ,-0.1397765818919651,-0.1397765818919651,209.7421548621437,-0.0026854290468918,-1000.0,999.7903217000166,0.0,938.9684420307648,-5.241769519547461,-0.2329609698199419,-0.0185563147141465,176.11881081158003,-546.4744467036161,-999.7903217000168,-0.0091573130499682,-0.1325320982983839,-0.1325320982983839,790.2578451378563,-0.0025462458846732,1000.0,-1000.0,1000.0,-496.1203621518204,-4.970093729714222,-0.2208868304973066,-0.0175945590632409,823.88118918842,-407.2276032044144,1000.0,-0.0086826984668277, Competition,COVID
SRR13077826.bin.20.fbc2XSRR13077826.bin.18.fbc2 ,-0.0891072502216729,-0.0891072502216729,999.9585403872388,-0.0017119548554092,999.7513727963556,-1000.0,118.27701788830086,-5.977863882377619,-3.341616040829649,-0.1485120837028262,-0.0118296080505615,1000.0,-492.4636685417339,1000.0,-0.005837766056743,-0.087865343819999,-0.087865343819999,0.041459612761173,-0.0016880949821143,-1000.0,999.7548379657449,129.82704711179508,996.6027257294076,-3.295043238474477,-0.1464422397000362,-0.0116647363265656,-11.680047348025823,-507.5363314582661,-999.7548379657449,-0.0057564038891086, Neutralism,COVID
SRR13077826.bin.1.fbc2XSRR13077826.bin.20.fbc2 ,-0.0877892925337846,-0.0877892925337846,6.016704204618236,-0.0016866338622776,-1000.0,1000.0,-999.2494711697244,977.5705009238555,-3.2921912348776914,-0.146315487556194,-0.0116546399885919,-12.214024758820983,-333.3599257515382,-1000.0,-0.0057514214705634,-0.0885747905310836,-0.0885747905310836,993.9832957953818,-0.0017017250822846,0.0,-0.247141533695185,-0.7505288302755844,-977.7753884963704,-3.321648239796218,-0.1476246508851773,-0.011758920318357,1000.0,-666.6400742484618,0.247141533695185,-0.0058028825304745, Amensalism,COVID
SRR13077826.bin.10.fbc2XSRR13077826.bin.18.fbc2 ,-0.1487454210960095,-0.1487454210960095,982.5891221351284,-0.0028577410392927,-1000.0,1000.0,1000.0,-616.7045233214519,-5.578110466856288,-0.2479090351599779,-0.019746990581666,1000.0,-409.2875554990733,-1000.0,-0.0097448969440847,-0.0889268068845012,-0.0889268068845012,17.410877864871395,-0.0017084881245637,999.7518762696668,-1000.0,0.0,1000.0,-3.3348492250153186,-0.1482113448074642,-0.0118056529408931,-6.410281613194229,-459.0724642628236,1000.0,-0.0058259445048634, Neutralism,COVID
SRR13077828.bin.4.fbc2XSRR13077828.bin.17.fbc2 ,-0.0888375855720369,-0.0888375855720369,808.3004608841065,-0.0017067739782987,-1000.0,999.8667350877722,-45.96457777977321,1000.0,-3.331503331519343,-0.1480626426200615,-0.0117938081903048,412.905050759063,-370.73845717776726,-999.866735087772,-0.0058200992660886,-0.0846702805883978,-0.0846702805883978,191.69953911589343,-0.0016267104820144,999.7637528366984,-1000.0,484.0739166351807,-18.064977778972093,-3.1752249911401123,-0.1411171343139585,-0.0112405694306971,6.610495919933555,-285.85541911570454,1000.0,-0.0055470827436465, Competition,COVID
SRR13077828.bin.13.fbc2XSRR13077828.bin.16.fbc2 ,-0.0955212087891368,-0.0955212087891368,289.2646849256994,-0.0018351817250277,-1000.0,1000.0,-80.73384949946387,-19.654961441691512,-3.582146264586072,-0.1592020146484856,-0.0126811057201621,-6.149326924313414,-136.6240957378683,-1000.0,-0.0062579696824514,-0.1389971585382454,-0.1389971585382454,710.7353150743006,-0.0026704545348366,1000.0,-1000.0,-919.266150500536,93.95483300526394,-5.212540320182825,-0.2316619308970757,-0.0184528408357209,678.8256799739077,-714.2146973622955,1000.0,-0.0091062499637928, Amensalism,COVID
SRR13077828.bin.27.fbc2XSRR13077828.bin.13.fbc2 ,-0.057432841245486,-0.057432841245486,1.5344471777771105,-0.0011034167386014,-0.5093400650955573,1000.0,1000.0,102.5817478798656,-2.1537922346259397,-0.0957214020758101,-0.0076246096639351,-268.8823581179246,-281.1336255918875,-1000.0,-0.0037626510786594,-0.1251131230058035,-0.1251131230058035,998.4655528222228,-0.0024037103363525,1000.0,-1000.0,0.0,-25.74395403599772,-4.691874316787676,-0.2085218716764529,-0.016609638424029,-8.054352594966076,-154.37326380119362,1000.0,-0.0081966522468519, Neutralism,COVID
SRR13077828.bin.6.fbc2XSRR13077828.bin.27.fbc2 ,-0.1927597213659737,-0.1927597213659737,998.635335388576,-0.00370335679861,-1000.0,999.710841901167,0.0,1000.0,-7.228693235849278,-0.3212662022766608,-0.0255901954782302,1000.0,-845.9858239406238,-999.710841901167,-0.0126284466831521,-0.0510780475967749,-0.0510780475967749,1.364664611424132,-0.0009813265628508,615.3459878737988,0.2891580988330133,1000.0,0.0,-1.9154807578401003,-0.0851300793279961,-0.0067809665493996,-125.19943390118,-154.01417605937615,-0.2891580988330133,-0.0033463235793078, Amensalism,COVID
SRR13077828.bin.28.fbc2XSRR13077828.bin.19.fbc2 ,-0.1717482624490003,-0.1717482624490003,995.746149617696,-0.0032996784332226,-1000.0,1000.0,-25.26458944959768,74.83169438502932,-6.440741324150508,-0.2862471040816672,-0.0228007779735435,999.2845133212522,-602.2742937898661,-1000.0,-0.0112519034572642,-0.0869793573169772,-0.0869793573169772,4.253850382304108,-0.0016710731473494,0.0,-0.1304773913411736,-117.43278714029044,-5.058171309561317,-3.261817808409319,-0.1449655955282196,-0.0115471154477972,0.7154866787478795,-397.7257062101339,0.1304773913411736,-0.0056983594322446, Amensalism,COVID
SRR13077828.bin.4.fbc2XSRR13077828.bin.18.fbc2 ,-0.1084601968025253,-0.1084601968025253,986.8393709555858,-0.0020837693909925,-1000.0,999.837299285949,177.43800636724836,1000.0,-4.067371987413026,-0.1807669946709893,-0.0143988464919857,486.0446108910046,-468.3365823234146,-999.8372992859491,-0.0071056536233982,-0.0011615835509246,-0.0011615835509246,13.160629044414122,-2.231668690910737e-05,0.0,-0.0017424869098476,-24.761944833771167,-26.53481483412577,-0.043560610577856,-0.0019359725848744,-0.0001542083061849,26.17521374741773,-0.0032315678404302,0.0017424869098476,-7.609990223045315e-05, Amensalism,COVID
SRR13077828.bin.13.fbc2XSRR13077828.bin.19.fbc2 ,-0.1247245864805108,-0.1247245864805108,989.1538726475516,-0.0023962456576782,1000.0,-1000.0,635.768205890158,-25.66400665551521,-4.677303786532093,-0.2078743108008893,-0.0165580574943078,-8.02933994964576,-472.5543338342529,1000.0,-0.0081711976926044,-0.0873250807749173,-0.0873250807749173,10.84612735244832,-0.0016777152886788,-1000.0,999.8690039902611,364.231794109842,1.4970924606849394,-3.274782803398125,-0.1455418012914151,-0.0115930126446528,7.980790965248047,-527.4456661657471,-999.8690039902611,-0.0057210091343904, Neutralism,COVID
SRR13077828.bin.18.fbc2XSRR13077828.bin.19.fbc2 ,-0.0441459767450851,-0.0441459767450851,506.31887122960006,-0.0008481455666924,0.0,-0.0662232058455174,-1000.0,-1000.0,-1.6555207759486166,-0.073576627908551,-0.0058606858656276,992.0192090347518,-8.614949670869692,0.0662232058455174,-0.0028921763823746,-0.0873250807749173,-0.0873250807749173,493.6811287704,-0.0016777152886788,-1000.0,999.8690039902611,976.3849036260068,0.0,-3.274782803398125,-0.1455418012914151,-0.0115930126446528,7.980790965248161,-450.08003686918414,-999.8690039902611,-0.0057210091343904, Neutralism,COVID
SRR13077828.bin.26.fbc2XSRR13077828.bin.13.fbc2 ,-0.1267514354166223,-0.1267514354166223,5.768695287380865,-0.0024351860790829,-1000.0,999.8098606709448,-208.7478494270399,441.74537964999786,-4.753312763356121,-0.2112523923609615,-0.0168271358064657,731.0321747294629,-499.9972847675218,-999.8098606709448,-0.0083039845296752,-0.1249364459704338,-0.1249364459704338,994.231304712619,-0.0024003159649055,1000.0,-1000.0,0.0,-25.70760001198437,-4.685248741270357,-0.208227409950723,-0.0165861833171447,-3.5960333627404,-164.51392906746662,1000.0,-0.0081850774400891, Neutralism,COVID
SRR13077828.bin.6.fbc2XSRR13077828.bin.22.fbc2 ,-0.0904536397169977,-0.0904536397169977,156.95095010752516,-0.0017378220886712,-1000.0,999.864310851314,0.0,1000.0,-3.3921070696032984,-0.1507560661950719,-0.012008350632982,0.0,-1000.0,-999.864310851314,-0.0059259733225189,-0.1176555705141026,-0.1176555705141026,843.0490498924748,-0.0022604336313634,999.8235053420608,-1000.0,-90.52647519818515,-853.7929514159499,-4.412208218128171,-0.1960926175235045,-0.0156195963929803,1000.0,1000.0,1000.0,-0.0077080786830947, Amensalism,COVID
SRR13077828.bin.18.fbc2XSRR13077828.bin.17.fbc2 ,-0.0279535472782299,-0.0279535472782299,319.07478260202515,-0.0005370518208565,-1000.0,999.9580669938236,-581.8362768734528,-633.9720995593516,-1.0482875607821145,-0.0465892454636787,-0.0037110280824208,627.388668609582,-3.925110364573129,-999.9580669938236,-0.0018313467093094,-0.1136097920630163,-0.1136097920630163,680.9252173979748,-0.0021827049387184,999.6830057617424,-1000.0,142.35763130824807,-366.0279004406484,-4.260487251133782,-0.1893496534382848,-0.0150824911269182,3.726226563270984,-335.8213976821461,1000.0,-0.0074430238412332, Competition,COVID
SRR13077828.bin.4.fbc2XSRR13077828.bin.21.fbc2 ,-0.0534427047721237,-0.0534427047721237,486.2554809436233,-0.0010267570561381,-1000.0,999.9198308090564,-426.0736254417859,1000.0,-2.0041579005921903,-0.0890711746201304,-0.0070948912579069,485.9843657429494,-223.0279648759472,-999.9198308090564,-0.0035012415614801,-0.0921484065046343,-0.0921484065046343,513.7445190563767,-0.0017703824496493,0.0,-0.2571126431637367,622.284206213244,-7.590603272028147,-3.45566261495901,-0.1535806775077617,-0.0122333427270859,-8.537988032312,-5.646209931393173,0.2571126431637367,-0.0060370041533133, Competition,COVID
SRR13077828.bin.4.fbc2XSRR13077828.bin.13.fbc2 ,-0.1086362646315137,-0.1086362646315137,988.9051588318312,-0.0020871520582659,-1000.0,999.8370351672924,182.98688935954488,978.5665345974044,-4.073974717047008,-0.1810604410526366,-0.0144222207225084,501.2572899641257,-453.5945324667842,-999.8370351672924,-0.0071171885185776,-0.0832861266125064,-0.0832861266125064,11.094841168168957,-0.0016001177062889,1000.0,-1000.0,-380.7356771015647,-14.249503187661617,-3.123317754440791,-0.1388102110207683,-0.0110568133504784,0.9202256520740092,-0.0312342976268382,1000.0,-0.0054564013784101, Amensalism,COVID
SRR13077828.bin.18.fbc2XSRR13077828.bin.22.fbc2 ,0.0,0.0,0.0,0.0,-1000.0,1000.0,0.0,0.0,0.0,0.0,0.0,0.0,0.0,-1000.0,0.0,-0.1269593608841432,-0.1269593608841432,1000.0,-0.0024391808046857,999.8095487627696,-1000.0,0.0,-813.039109159806,-4.7611101880982005,-0.2115989348068296,-0.016854739360383,1000.0,964.5475050610424,1000.0,-0.0083176065439829, Amensalism,COVID
SRR13077828.bin.22.fbc2XSRR13077828.bin.13.fbc2 ,-0.1254232449721257,-0.1254232449721257,973.4488185384408,-0.0024096684912819,-1000.0,999.8118530841994,-46.91215044474757,-845.28338190797,-4.703504218221497,-0.2090387416202475,-0.0166508092748927,1000.0,1000.0,-999.8118530841994,-0.008216969555292,-0.084559299674197,-0.084559299674197,26.55118146155928,-0.001624578283895,1000.0,-1000.0,-358.3661785155514,-17.399379632038062,-3.1710630895878467,-0.1409321661236617,-0.0112258359413317,-5.443636913511682,-6.186361613319832,1000.0,-0.0055398119478695, Amensalism,COVID
SRR13077828.bin.22.fbc2XSRR13077828.bin.17.fbc2 ,-0.1106105412656006,-0.1106105412656006,722.254210352231,-0.0021250824451044,-1000.0,999.8340735626894,-160.18203623746,-817.2531746887437,-4.148012176994939,-0.1843509021093723,-0.0146843196954478,997.5047044971592,1000.0,-999.8340735626894,-0.007246531137639,-0.0901294418772522,-0.0901294418772522,277.745789647769,-0.001731593503905,999.7485206754304,-1000.0,409.3024012420992,-83.70352607690506,-3.379949308041205,-0.1502157364622007,-0.0119653111119077,2.4952955028405768,-285.8662503601868,1000.0,-0.0059047338482969, Competition,COVID
SRR13077828.bin.6.fbc2XSRR13077828.bin.16.fbc2 ,-0.1738735593273759,-0.1738735593273759,933.2655473243806,-0.0033405102656161,-1000.0,999.7391729584576,-1000.0,1000.0,-6.520442202841878,-0.2897892655456644,-0.0230829259356823,958.2067127980768,-643.1397124416727,-999.7391729584576,-0.0113911400059123,-0.1111174732993731,-0.1111174732993731,66.73445267561942,-0.0021348217733248,1000.0,-1000.0,100.13090720037144,0.0,-4.16702266392349,-0.1851957888322886,-0.0147516184533742,41.79328720192325,-356.8602875583273,1000.0,-0.0072797422468511, Competition,COVID
SRR13077828.bin.17.fbc2XSRR13077828.bin.21.fbc2 ,-0.102790144909477,-0.102790144909477,477.12911132137606,-0.0019748346765027,0.0,-0.286805240061426,226.67016980075755,-235.9359844558868,-3.854739050011517,-0.1713169081824617,-0.0136461076142495,8.541910412842071,-285.8856223708149,0.286805240061426,-0.0067341862467174,-0.0929777818001866,-0.0929777818001866,522.8708886786239,-0.0017863166532379,-1000.0,999.7405732324528,632.3964112907361,-7.641058799986695,-3.4867650649221105,-0.1549629696669399,-0.0123434480738069,-8.61483359715703,-14.704157079719153,-999.7405732324528,-0.006091339787531, Competition,COVID
SRR13077828.bin.18.fbc2XSRR13077828.bin.16.fbc2 ,-0.0440108161759553,-0.0440108161759553,500.5026274651348,-0.0008455488218714,-999.601698846714,1000.0,-923.2556579068284,-1000.0,-1.6504521117842614,-0.0733513602932589,-0.0058427423588227,988.0097437433424,-3.9742716327623375,-1000.0,-0.0028833214823862,-0.1198957362350938,-0.1198957362350938,499.4973725348653,-0.0023034723579939,1000.0,-1000.0,856.9328983017447,0.0,-4.496216799797253,-0.1998262270585655,-0.0159169939939829,11.990256256657515,-979.5316283563648,1000.0,-0.0078548407408334, Amensalism,COVID
SRR13077828.bin.21.fbc2XSRR13077828.bin.16.fbc2 ,-0.1220701907393504,-0.1220701907393504,999.3716375368916,-0.0023452486212818,-1000.0,999.6593995427268,595.5986771525477,-10.03191824009491,-4.577761141398355,-0.2034503178988416,-0.0162056679732813,-11.310383621031065,-19.30503422032507,-999.6593995427268,-0.0079972977986244,-0.1082556495114204,-0.1082556495114204,0.6283624631082603,-0.0020798395679548,1000.0,-1000.0,-868.4588103778502,128.9713828474437,-4.059701247852672,-0.1804260825189203,-0.0143716914144533,973.11101371381,-402.6404163613789,1000.0,-0.0070922529266681, Amensalism,COVID
SRR13077828.bin.4.fbc2XSRR13077828.bin.19.fbc2 ,-0.1090349786808246,-0.1090349786808246,994.3697005935942,-0.0020948122705704,-1000.0,999.8364370579176,180.90585229403155,978.4878700390236,-4.088926915207935,-0.1817249644681169,-0.0144751527893731,978.4346714298964,-453.33334334642336,-999.8364370579174,-0.0071433098424904,-0.0870985728435016,-0.0870985728435016,5.630299406405925,-0.0016733635512764,0.0,-0.1306562260829196,177.14196974063293,-5.367849067025418,-3.266288516624627,-0.1451642880724648,-0.0115629421392213,2.772395264468173,-546.6666566535766,0.1306562260829196,-0.0057061697098106, Neutralism,COVID
SRR13077828.bin.17.fbc2XSRR13077828.bin.13.fbc2 ,-0.1260060891635248,-0.1260060891635248,973.4488185384392,-0.002420866266334,-1000.0,999.6484175921382,151.5499079902006,-515.0792048567715,-4.725361491275521,-0.210010148605761,-0.0167281859004333,10.473587397409004,-481.57678212727046,-999.648417592138,-0.0082551539682071,-0.084559299674197,-0.084559299674197,26.551181461560876,-0.001624578283895,1000.0,-1000.0,-358.3661785155496,-17.39937963203829,-3.1710630895878467,-0.1409321661236617,-0.0112258359413317,-5.443636913511796,-6.1863616133207415,1000.0,-0.0055398119478695, Amensalism,COVID
SRR13077828.bin.16.fbc2XSRR13077828.bin.19.fbc2 ,-0.1482955287846152,-0.1482955287846152,989.153872647551,-0.0028490975751083,1000.0,-1000.0,-1000.0,-203.28793266186997,-5.561239029791409,-0.2471592146411012,-0.0196872642439984,830.1560165200935,-595.3791962868,1000.0,-0.0097154227311193,-0.0873250807749173,-0.0873250807749173,10.846127352449116,-0.0016777152886788,-1000.0,999.8690039902611,866.7527815554802,1.4970924606844846,-3.274782803398125,-0.1455418012914151,-0.0115930126446528,7.980790965248161,-404.6208037132,-999.8690039902611,-0.0057210091343904, Neutralism,COVID
SRR13077828.bin.6.fbc2XSRR13077828.bin.21.fbc2 ,-0.1422376954222954,-0.1422376954222954,160.206292451149,-0.002732712688271,0.0,-0.2133702066969363,-1000.0,1000.0,-5.334063877535755,-0.2370628257039015,-0.0188830446757037,1000.0,-993.137638899758,0.2133702066969363,-0.009318550266812,-0.1119964804586288,-0.1119964804586288,839.793707548851,-0.0021517095188983,-1000.0,999.6875072265702,594.775184447933,-9.22556214775352,-4.199986361223409,-0.1866608007644572,-0.0148683127755475,-10.377006462601116,-6.862361100242083,-999.6875072265703,-0.0073373294594603, Amensalism,COVID
SRR13077828.bin.22.fbc2XSRR13077828.bin.21.fbc2 ,-0.0949535412686373,-0.0949535412686373,477.12911132137606,-0.0018242755287474,-1000.0,999.8575605667191,367.6035887092635,-31.98558079328984,-3.560858132728072,-0.1582559021144334,-0.0126057439032365,1000.0,247.50922362195436,-999.8575605667194,-0.0062207795529047,-0.0929777818001866,-0.0929777818001866,522.8708886786239,-0.0017863166532379,0.0,-0.2594267675473247,632.3964112907365,-7.641058799986581,-3.4867650649221105,-0.1549629696669399,-0.0123434480738069,-8.61483359715703,-505.6970282494524,0.2594267675473247,-0.006091339787531, Competition,COVID
SRR13077828.bin.16.fbc2XSRR13077828.bin.28.fbc2 ,-0.1082284468340049,-0.1082284468340049,0.0,-0.0020793169420585,1000.0,-1000.0,-647.0964227518067,460.4503728967991,-4.058681118706772,-0.1803807447233794,-0.0143680800696301,0.0,-356.8676342967275,1000.0,-0.0070904707723684,-0.174323438951319,-0.174323438951319,1000.0,-0.0033491534860559,-1000.0,1000.0,1000.0,401.67982029234327,-6.537313164117336,-0.290539064918903,-0.0231426505889658,1000.0,-643.1323657032725,-1000.0,-0.0114206133875995, Amensalism,COVID
SRR13077828.bin.6.fbc2XSRR13077828.bin.13.fbc2 ,-0.1866688921309105,-0.1866688921309105,751.2710102699716,-0.0035863379852116,-1000.0,999.7199787301138,-523.0347352933745,1000.0,-7.000280703500039,-0.3111148202182221,-0.0247815954778616,1000.0,-999.9648115611903,-999.7199787301136,-0.0122294125295638,-0.0938298278711045,-0.0938298278711045,248.7289897300284,-0.0018026864144076,1000.0,-1000.0,-371.5260454685455,-19.306933740338195,-3.5187176929212,-0.1563830464518787,-0.0124565631236919,-2.7006946517802817,-0.035188438809655,1000.0,-0.0061471606732084, Amensalism,COVID
SRR13077828.bin.18.fbc2XSRR13077828.bin.28.fbc2 ,0.0,0.0,0.0,0.0,0.0,0.0,0.0,0.0,0.0,0.0,0.0,0.0,0.0,0.0,0.0,-0.1915696322637359,-0.1915696322637359,1000.0,-0.0036804924545776,-1000.0,1000.0,1000.0,1000.0,-7.184063636974088,-0.3192827204395598,-0.0254322028615661,1000.0,-1000.0,-1000.0,-0.0125504792703168, Amensalism,COVID
SRR13077828.bin.22.fbc2XSRR13077828.bin.16.fbc2 ,-0.1269593608841432,-0.1269593608841432,1000.0,-0.0024391808046857,-1000.0,999.8095487627696,964.420545700158,151.5083959012395,-4.7611101880982005,-0.2115989348068296,-0.016854739360383,1000.0,0.0,-999.80954876277,-0.0083176065439829,-0.1082284468340049,-0.1082284468340049,0.0,-0.0020793169420585,1000.0,-1000.0,-122.71352056248612,460.5405736657456,-4.058681118706772,-0.1803807447233794,-0.0143680800696301,-24.29270142037558,-357.04803583462024,1000.0,-0.0070904707723684, Amensalism,COVID
SRR13077828.bin.17.fbc2XSRR13077828.bin.19.fbc2 ,-0.1266716235544436,-0.1266716235544436,989.1538726475516,-0.0024336527100103,-1000.0,999.6465606169296,152.34792514410287,-523.0814952421033,-4.750319734189588,-0.2111193725907014,-0.0168165402259319,10.539760502485931,-489.3954767596182,-999.6465606169296,-0.008298755741066,-0.0873250807749173,-0.0873250807749173,10.84612735244832,-0.0016777152886788,1000.0,-1000.0,847.6520748558971,-0.3116188377152866,-3.274782803398125,-0.1455418012914151,-0.0115930126446528,7.980790965248161,-510.6045232403818,1000.0,-0.0057210091343904, Neutralism,COVID
SRR13077828.bin.26.fbc2XSRR13077828.bin.27.fbc2 ,-0.1325904723212261,-0.1325904723212261,668.6036747817855,-0.0025473673837268,-1000.0,999.8011015546812,0.0,-411.23219060682345,-4.972282817252108,-0.2209841205353768,-0.017602308621349,9.582251973633332,-499.9971596853672,-999.8011015546812,-0.0086865227783619,-0.0595135278479119,-0.0595135278479119,331.39632521821454,-0.0011433915052521,529.1271861060213,0.1988984453187186,1000.0,-22.785951839183213,-2.2318201808303684,-0.0991892130798532,-0.0079008353012568,-169.9396076995539,-297.357140863558,-0.1988984453187186,-0.0038989650329313, Neutralism,COVID
SRR13077828.bin.27.fbc2XSRR13077828.bin.17.fbc2 ,-0.0529433770007017,-0.0529433770007017,1.4145010704501146,-0.001017163823235,-0.1477227020520786,1000.0,847.1713740435562,65.84542492385617,-1.9854325815366565,-0.0882389616677983,-0.0070286020187495,-176.7136736449521,-271.60098967079034,-1000.0,-0.0034685286373132,-0.1270713083698638,-0.1270713083698638,998.58549892955,-0.0024413315728679,999.6454454156664,-1000.0,152.82862595644383,-527.8872483321665,-4.765308337105807,-0.2117855139497351,-0.0168696011687643,10.562128090396754,-494.1003850989492,1000.0,-0.0083249406636696, Amensalism,COVID
SRR13077828.bin.6.fbc2XSRR13077828.bin.19.fbc2 ,-0.1734835117567854,-0.1734835117567854,995.746149617696,-0.0033330165563256,-1000.0,999.739758067282,0.0,1000.0,-6.505815006791522,-0.2891391862614227,-0.0230311444041717,999.284513321252,-602.2742937898661,-999.739758067282,-0.0113655864570318,-0.0869793573169772,-0.0869793573169772,4.253850382303881,-0.0016710731473494,0.0,-0.1304773913411736,373.9930117392057,0.0,-3.261817808409319,-0.1449655955282196,-0.0115471154477972,0.7154866787479932,-397.7257062101339,0.1304773913411736,-0.0056983594322446, Amensalism,COVID
SRR13077828.bin.27.fbc2XSRR13077828.bin.28.fbc2 ,-0.0574322838740499,-0.0574322838740499,1.534432286348192,-0.0011034060302108,-0.6481913627811764,1000.0,1000.0,102.70355660455562,-2.1537713326069934,-0.0957204731233787,-0.0076245356689241,-268.9088629366951,-281.1292185008731,-1000.0,-0.0037626145631293,-0.1748775724419147,-0.1748775724419147,998.4655677136518,-0.0033597996626895,0.0,0.0,0.0,507.4438732611861,-6.558093755552591,-0.2914626207365245,-0.0232162156690947,1000.0,-718.8707814991269,0.0,-0.0114569168497382, Neutralism,COVID
SRR13077828.bin.26.fbc2XSRR13077828.bin.6.fbc2 ,-0.0975802975915485,-0.0975802975915485,122.93392226681816,-0.001874741548363,-1000.0,999.853620179905,-569.712826368658,0.0,-3.65936427046654,-0.1626338293191338,-0.0129544640990388,30.60260243277662,-140.11640308704773,-999.853620179905,-0.0063928686798817,-0.1874218354791992,-0.1874218354791992,877.0660777331818,-0.003600803755603,0.0,-0.2811507572376968,-430.28717363134194,1000.0,-7.02851687467853,-0.3123697257987032,-0.0248815539512179,969.3973975672234,-859.8835969129523,0.2811507572376968,-0.0122787408066642, Amensalism,COVID
SRR13077828.bin.26.fbc2XSRR13077828.bin.16.fbc2 ,-0.129154179563784,-0.129154179563784,190.5300653084439,-0.002481348310539,-1000.0,999.8062563239127,-114.17572146840598,175.175095770496,-4.843418207798095,-0.2152569659396022,-0.0171461168258701,362.7512096680698,-499.99723329663374,-999.8062563239127,-0.0084613977389835,-0.1402405557076917,-0.1402405557076917,809.4699346915561,-0.0026943430491428,1000.0,-1000.0,-885.824278531594,-211.20739914744888,-5.25916902790425,-0.2337342595127438,-0.0186179104695156,637.2487903319302,-365.3019050805588,1000.0,-0.0091877097975157, Neutralism,COVID
SRR13077828.bin.26.fbc2XSRR13077828.bin.28.fbc2 ,-0.1232009431461165,-0.1232009431461165,329.38812771629523,-0.0023669729711173,-1000.0,999.815186750416,-149.09228654389324,-98.8238177819369,-4.620165551494665,-0.2053349052436033,-0.016355783230324,0.0,-420.76565527841024,-999.815186750416,-0.0080713778314702,-0.1563639959674674,-0.1563639959674674,670.6118722837048,-0.003004111353789,0.0,0.0,-137.5248192459884,394.2953932235457,-5.863815074904551,-0.260606659945779,-0.0207584094550838,1000.0,-579.2343447215898,0.0,-0.0102440197166515, Amensalism,COVID
SRR13077828.bin.27.fbc2XSRR13077828.bin.16.fbc2 ,-0.0574329487419618,-0.0574329487419618,1.564189144336865,-0.0011034188038365,-0.5784974589640797,1000.0,1000.0,102.58858605631984,-2.153796265857636,-0.095721581236603,-0.0076246239348165,-268.8754008439662,-281.1329258453292,-1000.0,-0.003762658121218,-0.1498988197567996,-0.1498988197567996,998.435810855663,-0.002879900475591,1000.0,-1000.0,-1000.0,-148.60396276061374,-5.62136413540793,-0.2498313662614464,-0.0199001122866775,893.0243362375936,-718.8670741546708,1000.0,-0.0098204606218814, Neutralism,COVID
SRR13077828.bin.17.fbc2XSRR13077828.bin.28.fbc2 ,-0.1064456525067498,-0.1064456525067498,534.9187642584257,-0.0020450653699981,999.7029951563196,-1000.0,178.95154485711555,-279.8893555202451,-3.991824447598674,-0.1774094208445831,-0.014131401706436,2.9470210007365267,-285.891715585784,1000.0,-0.0069736729116129,-0.1549710888901927,-0.1549710888901927,465.0812357415744,-0.0029773504109016,-1000.0,1000.0,341.82058177067506,545.7769281154285,-5.811579587655842,-0.2582851481503212,-0.0205734913397463,997.0529789992634,-714.108284414216,-1000.0,-0.0101527649013632, Competition,COVID
SRR13077828.bin.27.fbc2XSRR13077828.bin.18.fbc2 ,-0.059430618671513,-0.059430618671513,332.792138492425,-0.0011417986296464,-463.0526386536013,1000.0,1000.0,0.0,-2.228710999106511,-0.0990510311191883,-0.007889828530665,-170.63160551673218,-299.961303628872,-1000.0,-0.0038935333269591,-0.0443228424152266,-0.0443228424152266,516.3601433783922,-0.0008515435622484,-0.066488521340716,0.0,-901.6770271239842,-1000.0,-1.6621534254690005,-0.0738714040254535,-0.0058841660152211,1000.0,-16.662229521530662,0.0,-0.0029037635472377, Neutralism,COVID
SRR13077828.bin.4.fbc2XSRR13077828.bin.22.fbc2 ,-0.1092910558091944,-0.1092910558091944,1000.0,-0.0020997321000777,-1000.0,999.8360529176256,1000.0,190.6087054300276,-4.098530078110571,-0.1821517596820285,-0.0145091488116122,218.1005444770985,-504.2888287983409,-999.8360529176256,-0.0071600864612264,-0.0540705638899225,-0.0540705638899225,0.0,-0.0010388196712938,999.9188889600669,-1000.0,-505.42109411772,-481.9110876496106,-2.027703280953915,-0.0901176064832043,-0.0071782439284788,781.8994555229015,808.7218886281926,1000.0,-0.0035423750790641, Amensalism,COVID
SRR13077828.bin.4.fbc2XSRR13077828.bin.28.fbc2 ,-0.0779304343333251,-0.0779304343333251,711.8225162016574,-0.0014972225616247,-1000.0,999.8830968623872,421.80276790399466,405.1545238289734,-2.92247363473939,-0.1298840572221706,-0.010345807900876,182.69405398571416,-322.39340075241705,-999.8830968623872,-0.0051055289351324,-0.136426830536152,-0.136426830536152,288.17748379834256,-0.0026210726327917,0.0,0.0,561.5253087067892,594.8454761710266,-5.116150304101211,-0.2273780508936624,-0.0181116118925501,817.3059460142858,-677.606599247583,0.0,-0.0089378576777789, Competition,COVID
SRR13077828.bin.4.fbc2XSRR13077828.bin.27.fbc2 ,-0.1068251687466954,-0.1068251687466954,998.4948870469416,-0.0020523567482086,-0.1602480149038001,0.0,0.0,1000.0,-4.006056707623543,-0.1780419479111969,-0.014181785130404,575.6313300893423,-430.7396102301815,0.0,-0.0069985365115599,-0.0563348902076086,-0.0563348902076086,1.5051129530584149,-0.0010823225784406,-0.2950014637118556,1000.0,1000.0,0.0,-2.11261791052857,-0.0938914836793856,-0.0074788490170476,-218.2621923277051,-255.4344205821892,-1000.0,-0.0036907199925053, Neutralism,COVID
SRR13077828.bin.4.fbc2XSRR13077828.bin.6.fbc2 ,-0.0704146615663603,-0.0704146615663603,902.9938271266255,-0.001352827311507,-1000.0,999.894371243514,942.743492060748,0.0,-2.6406242142427345,-0.1173577692773051,-0.0093480367228266,704.9845560432418,-31.480161141763915,-999.894371243514,-0.0046131411323813,-0.1562205409601347,-0.1562205409601347,97.00617287337444,-0.0030013552537866,0.0,-0.234345818216525,57.25650793925206,1000.0,-5.858435360544263,-0.2603675682669291,-0.0207393648037168,295.0154439567582,-968.519838858236,0.234345818216525,-0.0102346214154067, Competition,COVID
SRR13077828.bin.22.fbc2XSRR13077828.bin.28.fbc2 ,-0.0742588344438672,-0.0742588344438672,858.0360447642129,-0.001426682698252,999.8886046149208,-1000.0,0.0,-49.91199389862084,-2.784784759192803,-0.1237647240731121,-0.009858377444857,0.0,251.5988153452895,1000.0,-0.0048649880010316,-0.1539266911195227,-0.1539266911195227,141.96395523578713,-0.0029572851319699,-1000.0,1000.0,1000.0,1000.0,-5.772413567665126,-0.2565444851992424,-0.0204348402619416,1000.0,-1000.0,-1000.0,-0.0100843423000469, Competition,COVID
SRR13077828.bin.26.fbc2XSRR13077828.bin.21.fbc2 ,-0.1272755203513043,-0.1272755203513043,3.5157142150911795,-0.0024452549539546,0.0,-0.1909255068017046,-244.2888535509628,430.64877592313496,-4.772966502196368,-0.2121258672522117,-0.0168967117315332,726.5636233427235,-499.9972735407264,0.1909255068017046,-0.0083383193928057,-0.1218939055643204,-0.1218939055643204,996.4842857849088,-0.0023418617784045,-1000.0,999.659891413927,595.8216526722877,-10.017430850075584,-4.571150261057937,-0.2031565092737537,-0.0161822648885845,-11.294049961319844,-19.277155249086604,-999.659891413927,-0.0079857486642822, Neutralism,COVID
SRR13077828.bin.27.fbc2XSRR13077828.bin.21.fbc2 ,-0.0444837108877891,-0.0444837108877891,1.1884821149116078,-0.0008546342149884,999.5536481240777,0.3222333488862432,562.568869318332,-4.972452256050019,-1.6681861631734591,-0.0741395181462394,-0.0059055224252233,-3.7642940875254,-250.06075380975471,-0.3222333488862432,-0.0029143026729343,-0.1154874737280806,-0.1154874737280806,998.8115178850884,-0.0022187795144645,-1000.0,999.677766651114,437.431130681668,-9.5131281072579,-4.33090229767663,-0.1924791228801723,-0.0153317664450014,-10.700463588837124,-7.076264754313911,-999.6777666511138,-0.0075660381443185, Amensalism,COVID
SRR13077828.bin.26.fbc2XSRR13077828.bin.19.fbc2 ,-0.1325904723212261,-0.1325904723212261,933.8218393629808,-0.0025473673837268,0.0,-0.1988984453187186,26.85008937435964,-602.5443249779162,-4.972282817252108,-0.2209841205353768,-0.017602308621349,250.22227740939343,-499.9971596853672,0.1988984453187186,-0.0086865227783619,-0.0879282473067633,-0.0879282473067633,66.17816063701912,-0.0016893035025304,-1000.0,999.8680991825224,973.1499106256404,-67.56396387228665,-3.297402185695205,-0.1465470788446055,-0.011673087202439,77.10731236306287,-500.0028403146328,-999.8680991825224,-0.0057605249436392, Neutralism,COVID
SRR13077828.bin.26.fbc2XSRR13077828.bin.4.fbc2 ,-0.1272755203513043,-0.1272755203513043,3.5157142150911795,-0.0024452549539546,-1000.0,999.8090744931984,-244.28885355096145,430.6487759231306,-4.772966502196368,-0.2121258672522117,-0.0168967117315332,731.9689816811015,-499.9972735407264,-999.8090744931984,-0.0083383193928057,-0.1091892669745675,-0.1091892669745675,996.4842857849088,-0.0020977765028646,0.0,-0.1637943893443889,609.4925686904321,569.3512240768694,-4.094712889254311,-0.1819821116242792,-0.0144956356348302,268.03101831889853,-500.0027264592736,0.1637943893443889,-0.0071534178747469, Neutralism,COVID
SRR13077828.bin.17.fbc2XSRR13077828.bin.16.fbc2 ,-0.1093639329516236,-0.1093639329516236,580.7328787414276,-0.0021011322372714,-1000.0,999.6948525651763,137.0467704045882,-314.97629738695434,-4.101263047960401,-0.1822732215861151,-0.0145188237597722,3.5775978604572174,-285.8986810794315,-999.6948525651763,-0.0071648609291514,-0.1263790985709647,-0.1263790985709647,419.2671212585724,-0.0024280326334746,1000.0,-1000.0,-790.0909580810057,224.7626939684133,-4.739349738205419,-0.21063183095157,-0.0167777054971338,996.4224021395428,-714.1013189205685,1000.0,-0.0082795912800293, Competition,COVID
SRR13077828.bin.18.fbc2XSRR13077828.bin.13.fbc2 ,-0.0430319110870414,-0.0430319110870414,488.6892692210593,-0.0008267418076002,-1000.0,999.9354479996604,-904.0074972236396,-978.4386157238226,-1.6137421365635871,-0.0717198518117356,-0.0057127858906369,966.6393855813172,-3.5453788992871296,-999.9354479996604,-0.0028191895639793,-0.1047862391048966,-0.1047862391048966,511.3107307789408,-0.0020131842287582,1000.0,-1000.0,-95.99250277636042,-21.561384276177364,-3.9295946915664217,-0.1746437318414564,-0.0139111030204048,-3.0160519522572717,-130.30518379917055,1000.0,-0.0068649582199213, Amensalism,COVID
SRR13077828.bin.27.fbc2XSRR13077828.bin.22.fbc2 ,-0.057433584208411,-0.057433584208411,1.5344670276971328,-0.001103431012666,-0.3239277460207859,1000.0,1000.0,102.41921632830736,-2.153820096519325,-0.0957226403472759,-0.007624708297385,-268.84702782600993,-281.1394184273197,-1000.0,-0.0037626997531106,-0.1268705844497617,-0.1268705844497617,998.4655329723028,-0.0024374752055109,999.8096819359494,-1000.0,-36.234402502220064,-848.3061919664825,-4.757780978002529,-0.2114509740829362,-0.0168429536704479,1000.0,1000.0,1000.0,-0.008311790450989, Neutralism,COVID
SRR13077828.bin.26.fbc2XSRR13077828.bin.18.fbc2 ,-0.1305820568419449,-0.1305820568419449,483.639856621608,-0.0025087811112598,0.0,-0.1958856291685151,10.192376080003896,0.0,-4.896965114533714,-0.2176367614032415,-0.0173356774789681,0.0,-500.2148645582752,0.1958856291685151,-0.0085549435895018,-0.0443228424152266,-0.0443228424152266,516.360143378392,-0.0008515435622484,-1000.0,999.9335114786592,-901.676077652912,-1000.0,-1.6621534254690005,-0.0738714040254535,-0.0058841660152211,1000.0,-16.662229521530776,-999.9335114786592,-0.0029037635472377, Neutralism,COVID
SRR13077828.bin.21.fbc2XSRR13077828.bin.13.fbc2 ,-0.1204874917551706,-0.1204874917551706,973.4488185384404,-0.0023148413401941,-1000.0,999.6638155921692,597.6005648807479,-9.90184957458962,-4.518408257092801,-0.2008124862586555,-0.0159955536604456,-11.163739034348737,-19.05473512712149,-999.663815592169,-0.00789360896988,-0.084559299674197,-0.084559299674197,26.551181461559736,-0.001624578283895,1000.0,-1000.0,-384.2194655150441,-27.612096064042248,-3.1710630895878467,-0.1409321661236617,-0.0112258359413317,2.6724962600582103,-0.0317117681006493,1000.0,-0.0055398119478695, Amensalism,COVID
SRR13077828.bin.22.fbc2XSRR13077828.bin.19.fbc2 ,-0.1266938511721491,-0.1266938511721491,995.7461496176956,-0.0024340797535842,-1000.0,999.8099470528432,-37.20286799306666,-847.8252846477421,-4.751153293340167,-0.2111564186201349,-0.0168194910969532,999.2845133212518,1000.0,-999.8099470528432,-0.0083002119596358,-0.0869793573169772,-0.0869793573169772,4.253850382304222,-0.0016710731473494,0.0,0.1900529471569143,-114.15463065449444,1000.0,-3.261817808409319,-0.1449655955282196,-0.0115471154477972,0.7154866787481069,-399.364784453032,-0.1900529471569143,-0.0056983594322446, Neutralism,COVID
SRR13077828.bin.18.fbc2XSRR13077828.bin.21.fbc2 ,-0.0421133770392998,-0.0421133770392998,477.14047997216494,-0.0008090946597576,0.0,-0.0631741110321399,-901.414357527047,-963.4598354485358,-1.5792961391782685,-0.0701889617321285,-0.0055908440988332,951.2189843562746,0.0,0.0631741110321399,-0.0027590127897383,-0.0929769513687688,-0.0929769513687688,522.8595200278351,-0.0017863006987681,-1000.0,999.7405755495238,632.3751329088655,-7.658853560830039,-3.4867339228677565,-0.1549615856146147,-0.0123433378281561,-8.614756653740642,-14.688395618375123,-999.7405755495238,-0.0060912853826948, Amensalism,COVID
SRR13077828.bin.6.fbc2XSRR13077828.bin.17.fbc2 ,-0.1543276832089759,-0.1543276832089759,419.2713463205325,-0.0029649891106373,-1000.0,999.768493650241,206.30229492330272,1000.0,-5.787451194735695,-0.2572128053482174,-0.020488074754553,996.413039882555,-714.1034204996663,-999.7684936502412,-0.0101106128672654,-0.1093636648662368,-0.1093636648662368,580.7286536794675,-0.0021011270868029,999.6948533131888,-1000.0,137.0370634329861,-314.9751750930045,-4.101252994473043,-0.1822727747770613,-0.0145187881695392,3.5869601174450736,-285.8965795003337,1000.0,-0.0071648433658992, Competition,COVID
SRR13077828.bin.21.fbc2XSRR13077828.bin.19.fbc2 ,-0.1217648010932634,-0.1217648010932634,994.3697005935936,-0.0023393813851271,-1000.0,999.6602516414453,595.9849513530744,-10.006820843735795,-4.566308706973018,-0.2029413351554012,-0.0161651253708896,-11.28208781818239,-19.256737764555965,-999.6602516414453,-0.0079772905230584,-0.0870985728435016,-0.0870985728435016,5.630299406406152,-0.0016733635512764,298.67564652360056,0.3397483585547434,404.0150486469256,-189.6188575431181,-3.266288516624627,-0.1451642880724648,-0.0115629421392213,2.772395264468173,-573.8797204153551,-0.3397483585547434,-0.0057061697098106, Neutralism,COVID
SRR13077828.bin.26.fbc2XSRR13077828.bin.22.fbc2 ,-0.1287007647995324,-0.1287007647995324,354.48613184646206,-0.0024726371719907,-1000.0,999.8069364896148,-29.654723025415592,-58.698379208495,-4.826414675028218,-0.2145012746659631,-0.0170859228580866,0.0,-499.9972430095533,-999.8069364896148,-0.0084316927562895,-0.105777733165155,-0.105777733165155,645.5138681535379,-0.0020322331059787,999.8413232390868,-1000.0,795.0968154645636,216.9629228982424,-3.9667767665141582,-0.176296221941925,-0.0140427307621848,1000.0,-24.368500608160048,1000.0,-0.006929914891316, Amensalism,COVID
SRR13077828.bin.6.fbc2XSRR13077828.bin.18.fbc2 ,-0.1756697913956486,-0.1756697913956486,540.6439785954751,-0.0033750200076383,-1000.0,999.7364784378065,83.0265212763336,1000.0,-6.58780280343899,-0.2927829856595281,-0.0233213882524978,88.86460780944708,-1000.0,-999.7364784378065,-0.0115088182259341,-0.0404829207325292,-0.0404829207325292,459.3560214045249,-0.0007777698507425,0.0,-0.060728269948072,-1000.0,-924.2020790769776,-1.5181523048122472,-0.0674715345542154,-0.0053743896688729,911.1353921905528,0.0,0.060728269948072,-0.0026521951911036, Amensalism,COVID
SRR13077828.bin.21.fbc2XSRR13077828.bin.28.fbc2 ,-0.0921484065046343,-0.0921484065046343,513.7445190563769,-0.0017703824496493,0.0,-0.2571126431637367,622.2842062132456,-7.590603272026669,-3.45566261495901,-0.1535806775077617,-0.0122333427270859,-8.537988032312,-5.646209931393173,0.2571126431637367,-0.0060370041533133,-0.1375995651047787,-0.1375995651047787,486.2554809436231,-0.0026436035562937,-1000.0,1000.0,-163.92814571082,560.3995880447737,-5.160129089626821,-0.2293326085080025,-0.0182673005739388,1000.0,-994.3537900686068,-1000.0,-0.0090146881269674, Competition,COVID
SRR13077828.bin.4.fbc2XSRR13077828.bin.16.fbc2 ,-0.1094457870474343,-0.1094457870474343,1000.0,-0.0021027048424002,-1000.0,999.8358208059046,1000.0,142.69993446336298,-4.104332663045511,-0.1824096450790193,-0.0145296904610177,649.5160199114296,-462.803235445959,-999.8358208059046,-0.0071702235126167,-0.1082284468340049,-0.1082284468340049,0.0,-0.0020793169420585,1000.0,-1000.0,-1000.0,460.5405736657451,-4.058681118706772,-0.1803807447233794,-0.0143680800696301,350.48398008857043,-357.04803583462035,1000.0,-0.0070904707723684, Amensalism,COVID
SRR13077828.bin.6.fbc2XSRR13077828.bin.28.fbc2 ,-0.1121972612741046,-0.1121972612741046,122.96964258631442,-0.0021555669793542,-1000.0,999.831693330254,448.7324947753591,920.0459933338155,-4.2075158539634,-0.186995435456879,-0.0148949678272174,56.398448448216186,-410.2565812199555,-999.831693330254,-0.0073504833994775,-0.1502297181282301,-0.1502297181282301,877.0303574136856,-0.0028862577930794,0.0,0.0,437.0338258881593,79.95400666618434,-5.633773173987265,-0.2503828635470881,-0.0199440413499587,943.6015515517838,-589.7434187800445,0.0,-0.0098421390742942, Competition,COVID
SRR13077828.bin.26.fbc2XSRR13077828.bin.17.fbc2 ,-0.1283331812433061,-0.1283331812433061,25.560986357859065,-0.0024655750479496,-1000.0,999.8074879002596,-232.61285028682727,393.4110964813799,-4.812629903251718,-0.2138886354055102,-0.0170371235809625,718.64385901673,-499.9972508838216,-999.8074879002598,-0.0084076109133093,-0.1260480507442025,-0.1260480507442025,974.4390136421408,-0.0024216724445977,999.648300510863,-1000.0,157.95406953696784,-515.5837449050199,-4.726935094891132,-0.210080084573633,-0.0167337565925436,4.123381671510401,-482.0701654558395,1000.0,-0.0082579030362239, Neutralism,COVID
SRR13077828.bin.13.fbc2XSRR13077828.bin.28.fbc2 ,-0.084559299674197,-0.084559299674197,26.55118146156019,-0.001624578283895,1000.0,-1000.0,-384.2194655150447,-17.399379632038062,-3.1710630895878467,-0.1409321661236617,-0.0112258359413317,-2.433861955944053,-0.0317117681006493,1000.0,-0.0055398119478695,-0.1904386461360445,-0.1904386461360445,973.4488185384398,-0.0036587636145668,-1000.0,1000.0,1000.0,301.7405084459215,-7.141650462099278,-0.3173977435600363,-0.0252820565763158,1000.0,-999.9682882318994,-1000.0,-0.0124763839255592, Amensalism,COVID
SRR13077828.bin.27.fbc2XSRR13077828.bin.19.fbc2 ,-0.0595135278479119,-0.0595135278479119,331.3963252182152,-0.0011433915052521,-470.6739154486593,1000.0,1000.0,-22.785951839183557,-2.2318201808303684,-0.0991892130798532,-0.0079008353012568,-169.93960769955424,-297.3571408635584,-1000.0,-0.0038989650329313,-0.0879282473067633,-0.0879282473067633,668.6036747817848,-0.0016893035025304,323.21340662409443,0.0,-765.7748209328627,1000.0,-3.297402185695205,-0.1465470788446055,-0.011673087202439,686.1980410492042,-674.723001628083,0.0,-0.0057605249436392, Neutralism,COVID
SRR13077863.bin.6.fbc2XSRR13077863.bin.16.fbc2 ,-0.0721761528924389,-0.0721761528924389,924.4294518411812,-0.0013866696041304,-1000.0,999.8917288373132,116.23229090337918,-30.18087680906922,-2.7066820002963823,-0.1202935881541407,-0.0095818869641561,881.0984796330927,-880.0016517096554,-999.8917288373132,-0.00472854334987,-0.1785599694696884,-0.1785599694696884,75.57054815881884,-0.0034305469638411,999.7321428930608,-1000.0,-307.960914079942,-538.8957524868458,-6.696187535196145,-0.2975999491161474,-0.0237050795203686,53.887867014937,-119.99834829034457,1000.0,-0.0116981651468677, Neutralism,COVID
SRR13077863.bin.6.fbc2XSRR13077863.bin.24.fbc2 ,-0.0417807102826373,-0.0417807102826373,534.7365712674505,-0.0008027033675261,-1000.0,999.9373249210591,-765.7081610795127,828.9720503661929,-1.56682078428571,-0.0696345171378425,-0.0055466802699584,506.51249474076985,-513.3818996097591,-999.9373249210591,-0.002737218483503,-0.1949405598868452,-0.1949405598868452,465.2634287325495,-0.0037452557135111,999.7075704338912,-1000.0,-234.2918389204873,-574.3160604510635,-7.310476984820752,-0.3249009331447041,-0.0258797169801709,493.48750525923015,-486.6181003902409,1000.0,-0.0127713219829956, Amensalism,COVID
SRR13077863.bin.34.fbc2XSRR13077863.bin.16.fbc2 ,-0.0915869298987672,-0.0915869298987672,998.284045652308,-0.001759595194926,-1000.0,999.7444539898328,432.1508010578184,-499.8454855469407,-3.4346066489375744,-0.1526448831644984,-0.0121588027973302,979.6753909934872,0.0,-999.744453989833,-0.0060002196148616,-0.1753242325685278,-0.1753242325685278,1.7159543476919907,-0.0033683810291904,1000.0,-1000.0,567.8491989421816,1.846008462196892,-6.574843982274842,-0.292207054280766,-0.0232755129115957,16.640913849857384,-723.0889602212969,1000.0,-0.011486179309486, Neutralism,COVID
SRR13077863.bin.24.fbc2XSRR13077863.bin.8.fbc2 ,-0.1945875036001325,-0.1945875036001325,431.71135583148407,-0.0037384726916798,-1000.0,999.7081000522362,-354.69121204063424,-556.4344800134926,-7.297237001002259,-0.324312506000183,-0.0258328462992949,550.2879714430915,-347.1225601830805,-999.7081000522364,-0.0127481918784724,-0.0895669815873816,-0.0895669815873816,568.2886441685159,-0.0017207873503366,999.865640923682,-1000.0,234.41095391175304,-443.5655199865074,-3.358856452831219,-0.1492783026455981,-0.0118906405911047,264.0325424912369,-258.5600443699209,1000.0,-0.0058678848647559, Neutralism,COVID
SRR13077863.bin.24.fbc2XSRR13077863.bin.45.fbc2 ,-0.1847811747733203,-0.1847811747733203,155.83451925868235,-0.0035500706007951,-1000.0,999.7228104874872,-726.3388967095137,-660.6830577348543,-6.929489307883728,-0.3079686246222763,-0.02453098785179,660.7872878076932,-462.7946845320396,-999.722810487487,-0.0121057407488933,-0.1726932833007595,-0.1726932833007595,844.1654807413177,-0.003317834453469,1000.0,-1000.0,1000.0,1000.0,-6.476180604674482,-0.2878221388345992,-0.0229262360732036,339.21271219230675,-500.0647641285309,1000.0,-0.0113138154862326, Amensalism,COVID
SRR13077863.bin.6.fbc2XSRR13077863.bin.33.fbc2 ,-0.040912877324672,-0.040912877324672,526.4059384473867,-0.0007860303040843,-1000.0,999.9386267538614,-1000.0,980.3910997411464,-1.534276131342608,-0.0681881288744534,-0.0054314694008326,499.8412425718293,-498.00816488071314,-999.9386267538614,-0.002680363336708,-0.0860372641017193,-0.0860372641017193,37.50469306001605,-0.0016529733736661,1000.0,-1000.0,0.0,-537.9438307823343,-3.22648831734864,-0.1433954401694563,-0.0114220460123988,497.1699977330086,-501.99183511928686,1000.0,-0.00563663920434, Amensalism,COVID
SRR13077863.bin.6.fbc2XSRR13077863.bin.34.fbc2 ,-0.0020143353759749,-0.0020143353759749,25.590253073082067,-3.870000728056766e-05,0.0,-0.0056204020492032,-1000.0,504.2264801500489,-0.075539705100823,-0.0033572256267007,-0.0002674170499403,24.703590318970328,-25.32206169406936,0.0056204020492032,-0.0001319670246857,-0.0899945811069073,-0.0899945811069073,974.409746926918,-0.001729002518914,-1000.0,999.7488969641852,409.1027550812146,-504.96151753429297,-3.3748918866490385,-0.1499909685115881,-0.0119474074053869,975.2964096810296,0.0,-999.7488969641852,-0.0058958985893013, Amensalism,COVID
SRR13077863.bin.34.fbc2XSRR13077863.bin.25.fbc2 ,-0.0893842807647615,-0.0893842807647615,967.3353810965356,-0.0017172772480762,0.0,-0.2494001747448919,995.8974744163028,-509.285020065168,-3.352004978929017,-0.1489738012746784,-0.0118663857845149,968.1319795097902,0.0,0.2494001747448919,-0.0058559154160775,-0.0027967299208739,-0.0027967299208739,32.66461890346454,-5.373160274757538e-05,-1000.0,999.992162977087,4.102525583697343,-0.1398103018897245,-0.1048803272726672,-0.0046612165348278,-0.0003712853747401,31.8680204902098,-16.669943059487423,-999.9921629770872,-0.0001832247652373, Amensalism,COVID
SRR13077863.bin.34.fbc2XSRR13077863.bin.33.fbc2 ,-0.0910445823452619,-0.0910445823452619,989.8938985180798,-0.0017491754533693,-1000.0,999.7459672489144,947.0711890237444,-500.4682082473669,-3.4142680425993603,-0.1517409705754744,-0.0120868023824414,977.3132643374548,0.0,-999.7459672489144,-0.0059646882958759,-0.0849334499316682,-0.0849334499316682,10.106101481920176,-0.0016317665692895,1000.0,-1000.0,52.92881097625559,-45.411260828685386,-3.1850941195967835,-0.141555749886038,-0.0112755069937975,22.68673566254529,-501.0306661910951,1000.0,-0.0055643240012841, Neutralism,COVID
SRR13077863.bin.41.fbc2XSRR13077863.bin.45.fbc2 ,-0.0778728799621149,-0.0778728799621149,168.38517428182604,-0.0014961168100171,-1000.0,999.8831831994728,488.6153676140025,-471.00851803458977,-2.920315285003994,-0.1297881332701536,-0.0103381671573288,8.914656896074689,-499.9362400910396,-999.8831831994728,-0.0051017583222119,-0.1700155359319524,-0.1700155359319524,831.614825718174,-0.0032663887786839,1000.0,-1000.0,511.3846323859975,1000.0,-6.375762248831734,-0.2833592265533298,-0.0225707464609286,673.7044749925667,-500.0637599089605,1000.0,-0.0111383857354212, Neutralism,COVID
SRR13077863.bin.41.fbc2XSRR13077863.bin.24.fbc2 ,-0.0797502728074732,-0.0797502728074732,207.6849991110471,-0.0015321858368224,-1000.0,999.8803669298596,1000.0,-484.32833761884535,-2.9907195005012,-0.1329171213458266,-0.0105874041325932,-8.938588309818442,-255.0084059634538,-999.8803669298596,-0.0052247537036009,-0.2024436646744334,-0.2024436646744334,792.3150008889529,-0.0038894075826192,999.6963150559504,-1000.0,-6.0570066747638975,-368.1517129670477,-7.591851342708651,-0.3374061077906845,-0.0268758063957648,572.9113647404608,-500.33744500186657,1000.0,-0.0132628798567111, Neutralism,COVID
SRR13077863.bin.41.fbc2XSRR13077863.bin.16.fbc2 ,-0.0797502728074732,-0.0797502728074732,207.6849991110471,-0.0015321858368224,-1000.0,999.8803669298596,908.4833481392412,-946.0012447477728,-2.9907195005010863,-0.1329171213458266,-0.0105874041325932,-8.938588309818442,-646.1746688901253,-999.8803669298596,-0.0052247537036009,-0.191766268085189,-0.191766268085189,792.3150008889529,-0.0036842702802459,1000.0,-1000.0,91.51665186075866,-28.65787531843432,-7.19143768805975,-0.3196104468086105,-0.0254583076363132,536.3871912646212,-353.8253311098747,1000.0,-0.012563361655566, Neutralism,COVID
SRR13077863.bin.6.fbc2XSRR13077863.bin.8.fbc2 ,-0.0534891787636979,-0.0534891787636979,679.5301505072805,-0.0010276499282326,-1000.0,999.9197610936048,-398.6203820465814,6.675283030418427,-2.0059007243835367,-0.089148631272792,-0.0071010610039365,657.9872907578952,-672.3912760965459,-999.9197610936048,-0.003504286255179,-0.0816945300430234,-0.0816945300430234,320.4698494927195,-0.0015695394821477,999.877450357238,-1000.0,281.4565018605567,-141.47587499606448,-3.063631201286512,-0.1361575500717435,-0.0108455178212807,148.74733971374485,-261.8847464292696,1000.0,-0.005352129633934, Amensalism,COVID
SRR13077863.bin.19.fbc2XSRR13077863.bin.45.fbc2 ,-0.1194945739383683,-0.1194945739383683,479.5023817494043,-0.0022957651092383,-1000.0,1000.0,124.3837570384744,-655.1032861781223,-4.481172789769516,-0.199157623230576,-0.015863736905203,260.31134325588164,-497.5069770131109,-1000.0,-0.0078285590226414,-0.1509567078254576,-0.1509567078254576,520.4976182505957,-0.0029002249342511,1000.0,-1000.0,875.6162429615256,1000.0,-5.661036055825889,-0.2515945130423915,-0.0200405542954058,145.20836541512745,-500.0566123907157,1000.0,-0.0098897670256974, Amensalism,COVID
SRR13077863.bin.24.fbc2XSRR13077863.bin.15.fbc2 ,-0.1858712249503469,-0.1858712249503469,371.7828132192526,-0.0035710129673134,-1000.0,999.7211753075096,-418.83419819261314,-762.2910511964682,-6.970367341351334,-0.3097853749172827,-0.0246756996043586,379.53101459907657,-434.22179439960905,-999.7211753075096,-0.0121771542186479,-0.100067947444927,-0.100067947444927,628.2171867807474,-0.0019225350133638,1000.0,-1000.0,16.32399202293516,6.568414506207773,-3.752653768611708,-0.1667799124082876,-0.0132847169422802,620.4689854009234,-565.778205600391,1000.0,-0.0065558443955069, Amensalism,COVID
SRR13077863.bin.6.fbc2XSRR13077863.bin.15.fbc2 ,0.0,0.0,0.0,0.0,-1000.0,1000.0,-1000.0,1000.0,0.0,0.0,0.0,0.0,0.0,-1000.0,0.0,-0.1334665094402979,-0.1334665094402979,1000.0,-0.0025641980680175,1000.0,-1000.0,0.0,-13.895135573600143,-5.005135134904915,-0.2224441824004966,-0.0177186086499992,1000.0,-907.4252044620456,1000.0,-0.0087439154119388, Amensalism,COVID
SRR13077863.bin.33.fbc2XSRR13077863.bin.16.fbc2 ,-0.0860688519978793,-0.0860688519978793,38.98703074668447,-0.0016535802496946,-1000.0,1000.0,1000.0,-117.74223748689326,-3.227672896833269,-0.1434480866630565,-0.0114262395255764,81.35913906163546,-502.7268504743651,-1000.0,-0.0056387086515314,-0.1939532536804336,-0.1939532536804336,961.0129692533156,-0.003726287294512,999.7090514880427,-1000.0,-917.1641526287224,-109.5842338178312,-7.27345195881594,-0.3232554228006847,-0.0257486452052262,575.7552302736372,-497.2731495256349,1000.0,-0.0127066396743202, Neutralism,COVID
SRR13077863.bin.25.fbc2XSRR13077863.bin.15.fbc2 ,0.0,0.0,4.274625098332763e-11,0.0,-1000.0,1000.0,2.160049916710705e-11,2.160049916710705e-11,0.0,0.0,0.0,0.0,0.0,-1000.0,0.0,-0.133466509440268,-0.133466509440268,999.9999999999573,-0.0025641980680575,1000.0,-1000.0,-1000.0,986.1048644263057,-5.00513513490489,-0.2224441824005225,-0.0177186086499432,1000.0,-907.4252044620108,1000.0,-0.0087439154119692, Amensalism,COVID
SRR13077863.bin.6.fbc2XSRR13077863.bin.25.fbc2 ,0.0,0.0,0.0,0.0,-1000.0,1000.0,-1000.0,0.0,0.0,0.0,0.0,0.0,0.0,-1000.0,0.0,-0.0856254266411724,-0.0856254266411724,1000.0,-0.0016450610305582,0.0,-0.2399403766136174,115.82980745560508,-6.959853470506005,-3.211043977398504,-0.1427090444018404,-0.011367371721235,986.8533901071994,-7.616503331427452,0.2399403766136174,-0.005609658114281, Amensalism,COVID
SRR13077863.bin.25.fbc2XSRR13077863.bin.45.fbc2 ,-0.0129690484181992,-0.0129690484181992,151.47298312628757,-0.0002491651953278,-1000.0,999.9636580104316,15.864014937385036,-0.6483309528784957,-0.4863530197675345,-0.0216150806969608,-0.0017217314998561,149.03850212682255,-0.0220068929667149,-999.9636580104316,-0.0008496533162087,-0.1733534746571194,-0.1733534746571194,848.5270168737125,-0.0033305182450931,1000.0,-1000.0,984.135985062615,1000.0,-6.500938478147191,-0.2889224577619416,-0.0230138810735525,850.9614978731774,-500.0650117161442,1000.0,-0.0113570672157266, Amensalism,COVID
SRR13077863.bin.34.fbc2XSRR13077863.bin.8.fbc2 ,-0.0663272151142564,-0.0663272151142564,668.8829367670578,-0.0012742980809434,-1000.0,999.8149336897012,45.52830052932859,-536.915911442776,-2.4873406531783075,-0.1105453585237228,-0.0088053997394581,852.9392647268974,0.0,-999.8149336897014,-0.0043453564560422,-0.0823791736992234,-0.0823791736992234,331.1170632329422,-0.0015826930585944,999.8764233259858,-1000.0,290.5196831164212,-143.91859801105022,-3.089306061838556,-0.1372986228319632,-0.010936409034798,147.06073527310264,-262.4033735519479,1000.0,-0.0053969833297742, Amensalism,COVID
SRR13077863.bin.25.fbc2XSRR13077863.bin.16.fbc2 ,-0.0854784973180358,-0.0854784973180358,998.284045652308,-0.0016422381809206,-1000.0,999.7604713501188,115.63104879390949,-6.947910679684469,-3.205533972524904,-0.1424641621966884,-0.0113478658303165,985.1599947419109,-274.3463378708258,-999.7604713501188,-0.0056000321969804,-0.1753242325685278,-0.1753242325685278,1.715954347691877,-0.0033683810291904,416.56904805517206,0.2395286498812083,884.3689512060905,1000.0,-6.574843982274842,-0.292207054280766,-0.0232755129115957,-1.1175951416696537,-725.6536621291742,-0.2395286498812083,-0.011486179309486, Neutralism,COVID
SRR13077863.bin.15.fbc2XSRR13077863.bin.45.fbc2 ,-0.1330627569668649,-0.1330627569668649,993.2350479288576,-0.0025564410560718,-1000.0,1000.0,-783.6783821298123,0.0,-4.989993990516382,-0.2217712616114795,-0.0176650076972464,1000.0,-500.0499017294139,-1000.0,-0.0087174640010516,-0.1203703385981498,-0.1203703385981498,6.764952071142261,-0.0023125905590859,1000.0,-1000.0,1000.0,1000.0,-4.514014889909731,-0.2006172309968406,-0.0159800007629655,0.0,-499.9500982705861,1000.0,-0.0078859338062784, Amensalism,COVID
SRR13077863.bin.19.fbc2XSRR13077863.bin.8.fbc2 ,-0.1202568633461851,-0.1202568633461851,500.0207936939505,-0.0023104104388949,1000.0,-1000.0,-907.27930529992,-651.3532406062286,-4.50975944805532,-0.2004281055769752,-0.0159649361329456,289.00039485877073,-497.491073320134,1000.0,-0.0078784995966998,-0.0872901091548783,-0.0872901091548783,493.1601150255788,-0.0016770434035606,-1000.0,999.8690564510508,63.61439396013134,-348.6467593937714,-3.273471330695997,-0.1454835152582063,-0.0115883699185133,417.3590870900789,-259.7774906900862,-999.8690564510506,-0.0057187180061646, Neutralism,COVID
SRR13077863.bin.15.fbc2XSRR13077863.bin.33.fbc2 ,-0.1327885826817691,-0.1327885826817691,989.9197715966412,-0.0025511735385634,-1000.0,1000.0,-1000.0,175.63742581246083,-4.979712165108936,-0.2213143044695016,-0.0176286091514157,995.741885346058,-499.8238319355317,-1000.0,-0.0086995017665003,-0.0847160080400044,-0.0847160080400044,10.080228403358888,-0.0016275890113774,1000.0,-1000.0,1000.0,-27.776321227884974,-3.1769398188972677,-0.1411933467334165,-0.0112466400682933,4.258114653941902,-500.1761680644683,1000.0,-0.0055500785286994, Neutralism,COVID
SRR13077863.bin.8.fbc2XSRR13077863.bin.16.fbc2 ,-0.0895669815873816,-0.0895669815873816,568.2886441685159,-0.0017207873503366,-1000.0,999.865640923682,-49.33909850680743,-451.3182004440562,-3.358856452831219,-0.1492783026455981,-0.0118906405911047,550.431041512896,-258.5600443699208,-999.865640923682,-0.0058678848647559,-0.1870914342091509,-0.1870914342091509,431.71135583148407,-0.0035944559886047,1000.0,-1000.0,884.3999393047134,-128.06243358327913,-7.016126477923763,-0.3118190570153274,-0.0248376908815544,94.84449305925408,-250.0701637808984,1000.0,-0.012257094921324, Neutralism,COVID
SRR13077863.bin.19.fbc2XSRR13077863.bin.24.fbc2 ,-0.1149870673323221,-0.1149870673323221,455.2395379581528,-0.0022091655587246,1000.0,-1000.0,-348.0117483381149,-552.3209914896967,-4.31213652906672,-0.1916451122204989,-0.0152653340109054,241.09146527692883,-500.23479011558265,1000.0,-0.0075332545552555,-0.1962644616405668,-0.1962644616405668,544.7604620418472,-0.0037706909056396,-1000.0,999.7055844540846,-242.2982837301156,-447.6790085103033,-7.360124699520043,-0.3271074360675357,-0.0260554741582836,572.431714196101,-499.76520988441735,-999.7055844540848,-0.0128580559883175, Neutralism,COVID
SRR13077863.bin.41.fbc2XSRR13077863.bin.34.fbc2 ,-0.0778811236996261,-0.0778811236996261,168.19127684431533,-0.0014962751911298,-1000.0,999.8831708330744,622.9671211032764,-419.95371871889176,-2.9206244338722627,-0.1298018728327861,-0.0103392615708344,4.363557414463116,-630.8398859680229,-999.8831708330746,-0.00510229840188,-0.0804110566914459,-0.0804110566914459,831.8087231556847,-0.0015448810123643,0.0,-0.2243630694198373,146.08634898991068,-580.0462812811082,-3.0154995943864837,-0.1340184278191145,-0.0106751277951389,979.9629550653922,0.0,0.2243630694198373,-0.005268044252034, Amensalism,COVID
SRR13077863.bin.34.fbc2XSRR13077863.bin.15.fbc2 ,-0.0441495219653234,-0.0441495219653234,478.9644106823689,-0.0008482136785232,-1000.0,999.876813927473,211.60581023488956,-247.75141891494357,-1.6556537254539307,-0.0735825366089102,-0.0058611565183355,474.9739360460676,0.0,-999.876813927473,-0.0028924086436745,-0.0910132460456907,-0.0910132460456907,521.0355893176311,-0.0017485734110778,1000.0,-1000.0,-935.1975655339876,1000.0,-3.4130928982517617,-0.1516887434095224,-0.0120826422704567,525.0260639539324,-500.0341321529839,1000.0,-0.0059626353316843, Competition,COVID
SRR13077863.bin.19.fbc2XSRR13077863.bin.16.fbc2 ,-0.1204293534351563,-0.1204293534351563,500.64360870787823,-0.0023137243695146,1000.0,-1000.0,68.2308746160204,-669.05627091232,-4.516228008659596,-0.2007155890586318,-0.0159878353936164,296.5866574931092,-497.997642195325,1000.0,-0.0078898001002016,-0.1879683784876533,-0.1879683784876533,499.35639129212177,-0.0036113041015823,-1000.0,999.4755303053266,561.0351885144403,-28.09031227594994,-7.04901281501111,-0.3132806308126419,-0.0249541113419127,327.52834604628447,-502.002357804675,-999.4755303053264,-0.0123145469864311, Neutralism,COVID
SRR13077863.bin.33.fbc2XSRR13077863.bin.8.fbc2 ,-0.0860688519978793,-0.0860688519978793,38.98703074668447,-0.0016535802496946,-1000.0,1000.0,78.45788547833104,-40.93793225827926,-3.227672896833269,-0.1434480866630565,-0.0114262395255764,4.5548338330227125,-502.7268504743651,-1000.0,-0.0056387086515314,-0.0895669815873816,-0.0895669815873816,961.0129692533156,-0.0017207873503366,999.865640923682,-1000.0,621.4791120360417,-843.7084607541353,-3.358856452831219,-0.1492783026455981,-0.0118906405911047,271.5528300620253,-258.55278209220955,1000.0,-0.0058678848647559, Neutralism,COVID
SRR13077863.bin.41.fbc2XSRR13077863.bin.33.fbc2 ,-0.0804026395816208,-0.0804026395816208,275.46537299772217,-0.001544719300341,-1000.0,999.879388317031,585.2322628734453,-254.1899850222333,-3.0151839438709658,-0.1340043993026256,-0.0106740103651645,61.33732200453005,-497.27314952563495,-999.8793883170312,-0.0052674928141414,-0.0860688519978793,-0.0860688519978793,38.987030746684695,-0.0016535802496946,1000.0,-1000.0,414.7677371265547,-40.93793225827926,-3.227672896833269,-0.1434480866630565,-0.0114262395255764,4.554833833022371,-502.72685047436505,1000.0,-0.0056387086515314, Neutralism,COVID
SRR13077863.bin.41.fbc2XSRR13077863.bin.25.fbc2 ,-0.0654761975084738,-0.0654761975084738,18.268689350596446,-0.0012579480788872,-1000.0,999.9017794139968,896.480379154194,-778.2809787904903,-2.455426593711991,-0.1091269958474185,-0.0086924212254189,3.668528823631277,-576.8426972245909,-999.9017794139968,-0.004289602949143,-0.0840611623212908,-0.0840611623212908,981.7313106494034,-0.0016150079216004,0.0,-0.2355569804105926,103.519620845806,-4.202270799703115,-3.152382412484372,-0.1401019372021892,-0.0111597047384748,966.1944368189228,-423.1573027754091,0.2355569804105926,-0.0055071770127597, Amensalism,COVID
SRR13077863.bin.24.fbc2XSRR13077863.bin.33.fbc2 ,-0.2057382245150165,-0.2057382245150165,961.0129692533158,-0.0039527036410618,-1000.0,999.6913728997092,-873.467592375987,-307.2642475272896,-7.7154008180147,-0.3428970408583609,-0.0273131821594461,602.6268642763475,-497.2731495256349,-999.6913728997092,-0.0134787194158434,-0.0860688519978793,-0.0860688519978793,38.98703074668424,-0.0016535802496946,1000.0,-1000.0,683.9860033379825,-433.7562341489085,-3.227672896833269,-0.1434480866630565,-0.0114262395255764,397.37313572365247,-502.7268504743651,1000.0,-0.0056387086515314, Neutralism,COVID
SRR13077863.bin.24.fbc2XSRR13077863.bin.16.fbc2 ,-0.1198472979768894,-0.1198472979768894,752.1114287231594,-0.0023025417478947,-1000.0,999.820217540326,0.0,-259.7322389304976,-4.494400313928395,-0.1997454966281111,-0.0159105634778597,362.7033040601207,-452.1573578526688,-999.820217540326,-0.007851667360228,-0.1847083718297426,-0.1847083718297426,247.8885712768406,-0.0035486718891206,999.4846263815402,-1000.0,1000.0,-76.84311852104543,-6.926759120570296,-0.3078472863829802,-0.0245213227539125,49.93414285991321,-547.8426421473312,1000.0,-0.0121009711419901, Amensalism,COVID
SRR13077863.bin.15.fbc2XSRR13077863.bin.16.fbc2 ,-0.1333842962577591,-0.1333842962577591,998.284045652308,-0.0025626185640703,1000.0,-1000.0,-755.7693561118242,-17.648476313898186,-5.002052053686043,-0.2223071604295228,-0.0177076942774192,1000.0,-528.1455895919464,1000.0,-0.0087385293032866,-0.1753242325685278,-0.1753242325685278,1.715954347691877,-0.0033683810291904,-1000.0,1000.0,1000.0,-34.527943419552344,-6.574843982274842,-0.292207054280766,-0.0232755129115957,0.0,-471.8544104080536,-1000.0,-0.011486179309486, Neutralism,COVID
SRR13077863.bin.8.fbc2XSRR13077863.bin.45.fbc2 ,-0.082046148105519,-0.082046148105519,325.93802645268306,-0.0015762948723931,-1000.0,999.8769228963674,276.5833975283358,-149.8321013576874,-3.076817250176532,-0.1367435801759029,-0.010892197567955,154.98283347772076,-262.1511020178991,-999.8769228963672,-0.0053751655146925,-0.1612989258100015,-0.1612989258100015,674.0619735473169,-0.0030989226860356,1000.0,-1000.0,723.4166024716642,1000.0,-6.048880158624456,-0.2688315430167449,-0.0214135557607733,801.830072987731,-500.0604909708321,1000.0,-0.0105673263594781, Amensalism,COVID
SRR13077863.bin.34.fbc2XSRR13077863.bin.45.fbc2 ,-0.0771993094235767,-0.0771993094235767,787.3885512855436,-0.0014831759735898,-1000.0,999.7845983533608,0.0,-636.7415219676038,-2.8950556780614534,-0.1286655157059613,-0.0102487459772646,983.0460082591676,0.0,-999.7845983533606,-0.0050576300698139,-0.1331745193488132,-0.1331745193488132,212.6114487144564,-0.0025585882680161,1000.0,-1000.0,1000.0,1000.0,-4.994185197936531,-0.2219575322480977,-0.017679844931763,16.953991740832294,-500.0499436429912,1000.0,-0.008724785993877, Competition,COVID
SRR13077863.bin.25.fbc2XSRR13077863.bin.33.fbc2 ,-0.0847600873900091,-0.0847600873900091,989.8938985180798,-0.0016284358767961,-1000.0,999.762484485182,120.68058319586817,-4.237210507012037,-3.178592841099998,-0.1412668123167577,-0.0112524919090901,966.07771848742,-5.138785412884886,-999.762484485182,-0.0055529663400193,-0.0849334499316682,-0.0849334499316682,10.106101481920293,-0.0016317665692895,1000.0,-1000.0,879.3194168041318,-56.64680667872005,-3.1850941195967835,-0.141555749886038,-0.0112755069937975,33.92228151257996,-501.0306661910951,1000.0,-0.0055643240012841, Neutralism,COVID
SRR13077863.bin.41.fbc2XSRR13077863.bin.15.fbc2 ,-0.0654761975084738,-0.0654761975084738,18.26868935058019,-0.0012579480788872,-1000.0,999.9017794139968,1000.0,-370.33207383279296,-2.455426593711991,-0.1091269958474185,-0.0086924212254189,0.0,-230.87698240458712,-999.9017794139968,-0.004289602949143,-0.1321432653238616,-0.1321432653238616,981.7313106494198,-0.0025387755105157,1000.0,-1000.0,-1000.0,715.1857248758083,-4.955512082296423,-0.2202387755396557,-0.0175429387778649,1000.0,-769.1230175954129,1000.0,-0.008657224491003, Amensalism,COVID
SRR13077863.bin.24.fbc2XSRR13077863.bin.25.fbc2 ,-0.1951638919783818,-0.1951638919783818,475.5344109950174,-0.0037495464357562,0.0,-0.2927645856997287,-1000.0,-574.4012000506723,-7.318852174243602,-0.325273153297303,-0.0259093658706888,488.3246553031736,-500.3253106487617,0.2927645856997287,-0.0127859533457694,-0.0449045069100293,-0.0449045069100293,524.4655890049826,-0.0008627186725789,-1000.0,999.8741681680046,65.87046072757585,-2.071982808851772,-1.6839664586526624,-0.0748408448499731,-0.0059613860278204,511.6753446968264,-0.674477771849979,-999.8741681680046,-0.0029418706736805, Amensalism,COVID
SRR13077863.bin.16.fbc2XSRR13077863.bin.45.fbc2 ,-0.1784222046766217,-0.1784222046766217,72.4261136309783,-0.0034279001858976,-1000.0,999.7323495534844,0.0,-253.79576077470347,-6.691021209882479,-0.2973703411277029,-0.0236867902846142,52.30322607962762,-482.27847085363874,-999.732349553484,-0.0116891396339724,-0.1783777324728817,-0.1783777324728817,927.5738863690216,-0.0034270457728098,1000.0,-1000.0,1000.0,1000.0,-6.689353455250739,-0.2972962207880982,-0.0236808862898669,898.6128671274919,-500.06689593348455,1000.0,-0.011686226085203, Neutralism,COVID
SRR13077863.bin.6.fbc2XSRR13077863.bin.45.fbc2 ,-0.0401947082929154,-0.0401947082929154,510.9371511553175,-0.0007722326281509,-1000.0,999.9397040763974,0.0,0.0,-1.5073440337797592,-0.0669911804882303,-0.0053361274601684,495.34795147207456,-499.94345193229327,-999.9397040763974,-0.0026333132618674,-0.1507851907856547,-0.1507851907856547,489.06284884468255,-0.0028969296980676,1000.0,-1000.0,1000.0,1000.0,-5.654603985596395,-0.2513086513095004,-0.0200177842137918,504.65204852792544,-500.05654806770673,1000.0,-0.0098785302704982, Competition,COVID
SRR13077863.bin.15.fbc2XSRR13077863.bin.8.fbc2 ,-0.105475356381703,-0.105475356381703,679.5301505072805,-0.0020264237537048,1000.0,-1000.0,-1000.0,916.3680052376584,-3.955437317619044,-0.175792260636058,-0.0140025881382825,851.2526602862549,-584.0703164922903,1000.0,-0.0069101050002018,-0.0816945300430234,-0.0816945300430234,320.4698494927195,-0.0015695394821477,-1000.0,999.877450357238,279.04083933905827,-141.47587499606448,-3.063631201286512,-0.1361575500717435,-0.0108455178212807,148.74733971374485,-261.8847464292696,-999.877450357238,-0.005352129633934, Amensalism,COVID
SRR13077863.bin.34.fbc2XSRR13077863.bin.24.fbc2 ,-0.0627604758001325,-0.0627604758001325,786.0375812527259,-0.0012057728299623,-1000.0,999.8248856119028,499.6258393088681,-229.39245841532056,-2.353584160011565,-0.1046007930002588,-0.0083318902551354,428.465964002321,0.0,-999.8248856119028,-0.0041116853502671,-0.1873657198279943,-0.1873657198279943,213.9624187472741,-0.003599725645131,999.7189334216298,-1000.0,-575.0607569568778,-571.4283480527391,-7.026412478459747,-0.3122761997133239,-0.0248741042076972,571.534035997679,-451.7839979317057,1000.0,-0.0122750644497955, Amensalism,COVID
SRR13077863.bin.33.fbc2XSRR13077863.bin.45.fbc2 ,-0.0856763862179832,-0.0856763862179832,30.08226540455439,-0.0016460400810274,-1000.0,1000.0,559.5206811263379,-543.4581722466675,-3.2129550153784976,-0.1427939770300099,-0.0113741369599438,516.012564680258,-502.6273606935249,-1000.0,-0.005612996676291,-0.1739551722380383,-0.1739551722380383,969.9177345954456,-0.0033420782370967,1000.0,-1000.0,440.4793188736621,1000.0,-6.523502773227506,-0.2899252870632836,-0.0230937606179395,483.987435319742,-497.3726393064751,1000.0,-0.0113964867882714, Neutralism,COVID
SRR13077863.bin.19.fbc2XSRR13077863.bin.15.fbc2 ,-0.1194945739383683,-0.1194945739383683,479.5023817494043,-0.0022957651092383,-1000.0,1000.0,-43.74964667812685,-655.1032861781216,-4.481172789769516,-0.199157623230576,-0.015863736905203,260.3113432558814,-497.5069770131109,-1000.0,-0.0078285590226414,-0.0910259283094774,-0.0910259283094774,520.4976182505957,-0.0017488170664137,1000.0,-1000.0,-956.2503533218731,1000.0,-3.4135684965432347,-0.1517098805157957,-0.0120843259293224,542.5491174564404,-500.0341369091374,1000.0,-0.0059634661965901, Amensalism,COVID
SRR13077863.bin.41.fbc2XSRR13077863.bin.6.fbc2 ,-0.0775498458370975,-0.0775498458370975,180.09882147879875,-0.0014899105827907,-1000.0,999.8836677816914,1000.0,-439.9514995189848,-2.908201163972308,-0.1292497430617913,-0.0102952821274584,9.280206047365368,-197.74041776688125,-999.8836677816914,-0.0050805950875201,-0.0645004745205142,-0.0645004745205142,819.9011785212012,-0.0012392022001677,0.0,-0.0967569077918142,-890.0165562511885,997.4293999472616,-2.418835950641665,-0.1075007908675615,-0.0085628872034249,794.885179657952,-802.2595822331187,0.0967569077918142,-0.0042256795027242, Amensalism,COVID
SRR13077863.bin.19.fbc2XSRR13077863.bin.6.fbc2 ,-0.1197117202056006,-0.1197117202056006,481.888074803672,-0.0022999369875833,0.0,0.0,103.16370400593814,-657.4668669676171,-4.489316004245325,-0.1995195336760389,-0.0158925645844192,265.02453015283845,-497.50244667656096,0.0,-0.0078427851277638,-0.040662156140911,-0.040662156140911,518.111925196328,-0.0007812133744664,-1000.0,999.9390028597218,67.08895506039812,-7.346154974571164,-1.5248738220211635,-0.0677702602349654,-0.0053981844175723,499.8484621062671,-502.49755332343904,-999.9390028597217,-0.0026639376069397, Amensalism,COVID
SRR13077863.bin.41.fbc2XSRR13077863.bin.8.fbc2 ,-0.0804026395816208,-0.0804026395816208,263.37267697991365,-0.001544719300341,-1000.0,999.879388317031,93.1597618502401,-494.17988752493255,-3.0151839438709658,-0.1340043993026256,-0.0106740103651645,61.33732200452846,-623.3144487858891,-999.8793883170312,-0.0052674928141414,-0.0895669815873816,-0.0895669815873816,719.1998728116002,-0.0017207873503366,999.865640923682,-1000.0,-183.595199191582,-505.82011247506745,-3.358856452831219,-0.1492783026455981,-0.0118906405911047,693.1393284803294,-257.73498050535954,1000.0,-0.0058678848647559, Neutralism,COVID
SRR13077863.bin.19.fbc2XSRR13077863.bin.41.fbc2 ,-0.1204293534351563,-0.1204293534351563,500.64360870787823,-0.0023137243695146,1000.0,-1000.0,-930.1007126856884,-669.0562709123203,-4.516228008659596,-0.2007155890586318,-0.0159878353936164,296.58665749310944,-497.997642195325,1000.0,-0.0078898001002016,-0.0804026395816208,-0.0804026395816208,263.3726769799125,-0.001544719300341,-1000.0,999.879388317031,499.0201022499209,-330.9437290876797,-3.0151839438709658,-0.1340043993026256,-0.0106740103651645,61.33732200452687,-502.002357804675,-999.8793883170312,-0.0052674928141414, Neutralism,COVID
SRR13077863.bin.19.fbc2XSRR13077863.bin.25.fbc2 ,-0.1197117202056006,-0.1197117202056006,481.88807480367177,-0.0022999369875833,1000.0,-1000.0,103.16370400595088,-657.4668669676039,-4.489316004245325,-0.1995195336760389,-0.0158925645844192,265.0245301528323,-497.5024466765611,1000.0,-0.0078427851277638,-0.044363554642814,-0.044363554642814,518.1119251963282,-0.0008523257375827,-1000.0,999.8756840295404,60.79336444644992,-2.217762223342902,-1.663680177020069,-0.0739392577379476,-0.0058895708468753,509.9122889776179,-1.615415634017154,-999.8756840295404,-0.0029064307652788, Amensalism,COVID
SRR13077863.bin.19.fbc2XSRR13077863.bin.34.fbc2 ,-0.1177646129325467,-0.1177646129325467,471.72581753213353,-0.0022625285865842,1000.0,-1000.0,-869.5936829930348,-596.4055559036591,-4.4162974240439326,-0.1962743548875778,-0.0156340725334303,262.28664499193155,-500.2404615381839,1000.0,-0.0077152224803285,-0.0520730794746668,-0.0520730794746668,528.2741824678665,-0.0010004434096799,-1000.0,997.901910098924,45.63307379064781,-403.5944440963409,-1.952795504686037,-0.0867884657910735,-0.0069130639609511,664.0711830139207,0.0,-997.901910098924,-0.0034115120270143, Amensalism,COVID
SRR13077863.bin.19.fbc2XSRR13077863.bin.33.fbc2 ,-0.1204293534351563,-0.1204293534351563,500.64360870787823,-0.0023137243695146,-1000.0,1000.0,0.0,-693.5791029073235,-4.516228008659596,-0.2007155890586318,-0.0159878353936164,304.7609348247772,-497.997642195325,-1000.0,-0.0078898001002016,-0.0860377163228349,-0.0860377163228349,37.52591462091005,-0.0016529820619552,1000.0,-1000.0,1000.0,-38.02909794172035,-3.2265052761198376,-0.1433961938713537,-0.011422106047803,-2.68187612275392,-502.002357804675,1000.0,-0.00563666883113, Neutralism,COVID
SRR13077863.bin.25.fbc2XSRR13077863.bin.8.fbc2 ,-0.0581850590526755,-0.0581850590526755,679.5301505072803,-0.0011178685697359,-1000.0,999.8369532797668,84.70712036846908,-3.529975501336139,-2.182001197247132,-0.0969750984211259,-0.0077244718165729,663.8023805847454,-0.0987329467469635,-999.8369532797668,-0.0038119318226108,-0.0816945300430234,-0.0816945300430234,320.46984949271973,-0.0015695394821477,999.877450357238,-1000.0,279.0408393390585,-141.47587499606448,-3.063631201286512,-0.1361575500717435,-0.0108455178212807,148.74733971374485,-261.8847464292696,1000.0,-0.005352129633934, Amensalism,COVID
SRR13077872.bin.32.fbc2XSRR13077872.bin.29.fbc2 ,-0.1079753829358196,-0.1079753829358196,401.7417051984312,-0.0020744550035942,-1000.0,999.8380265533216,0.0,-384.2151654866494,-4.049190955116842,-0.1799589715595857,-0.0143344840746522,506.4164216728527,-404.7113217265212,-999.8380265533214,-0.0070738915621859,-0.1470036921281234,-0.1470036921281234,490.5960142428344,-0.002824278427056,1000.0,-1000.0,-1000.0,298.97283050820033,-5.512793790117144,-0.2450061535467966,-0.01951576393094,493.5835783271473,-290.65854972609964,1000.0,-0.0096307894363008, Neutralism,COVID
SRR13077872.bin.32.fbc2XSRR13077872.bin.16.fbc2 ,-0.1100941420484105,-0.1100941420484105,384.1155306399005,-0.0021151612305629,-1000.0,999.8348482111212,-1000.0,390.4345289875818,-4.128646660684808,-0.1834902367473887,-0.0146157641029276,700.8061936442557,-404.80377016772536,-999.8348482111212,-0.007212699796014,-0.0847268085389032,-0.0847268085389032,104.70605196295446,-0.0016277965137305,1000.0,-1000.0,690.5614457372408,-51.06088382188443,-3.177344849017004,-0.1412113475648766,-0.0112480739097691,54.51640010413553,-344.8683992987019,1000.0,-0.0055507861118258, Neutralism,COVID
SRR13077872.bin.18.fbc2XSRR13077872.bin.5.fbc2 ,-0.1114647772490116,-0.1114647772490116,830.2644777621017,-0.002141494279499,-1000.0,999.832792126655,1000.0,-115.9625046168187,-4.180046929022296,-0.1857746287482768,-0.0147977254714533,872.2078387280449,-499.99761223387833,-999.8327921266552,-0.0073024954931497,-0.0872698958595492,-0.0872698958595492,169.7355222378983,-0.0016766550597822,1000.0,-810.6366936363954,0.0,-435.5516927073121,-3.2727133107632653,-0.1454498264326957,-0.0115856864628085,127.79216127195514,525.1160235946475,810.6366936363954,-0.0057173937536845, Neutralism,COVID
SRR13077872.bin.16.fbc2XSRR13077872.bin.4.fbc2 ,-0.0847268085389032,-0.0847268085389032,104.7060519629522,-0.0016277965137305,-1000.0,1000.0,-309.4385542627581,-51.06088382188352,-3.177344849017004,-0.1412113475648766,-0.0112480739097691,54.51640010413439,-344.8683992987012,-1000.0,-0.0055507861118258,-0.0906874677176574,-0.0906874677176574,795.0674251907176,-0.0017423144614667,1000.0,-1000.0,-135.9798133818224,-948.9391161781164,-3.400875866706656,-0.1511457795294291,-0.0120393929285,945.4835998958656,-655.1316007012988,1000.0,-0.0059412923135369, Neutralism,COVID
SRR13077872.bin.10.fbc2XSRR13077872.bin.4.fbc2 ,-0.166492369467619,-0.166492369467619,139.47825481706718,-0.0031987006622102,-1000.0,999.7502454522952,295.4008698034784,797.5441591821877,-6.243639783570757,-0.277487282445918,-0.0221030215758446,-8.424833765125982,-521.584528191972,-999.7502454522952,-0.0109075692580518,-0.0906874677176574,-0.0906874677176574,18.13193556039528,-0.0017423144614667,1000.0,-1000.0,582.5607947309568,-1000.0,-3.400875866706656,-0.1511457795294291,-0.0120393929285,1000.0,-252.77426118222436,1000.0,-0.0059412923135369, Neutralism,COVID
SRR13077872.bin.10.fbc2XSRR13077872.bin.31.fbc2 ,-0.1610354515891003,-0.1610354515891003,46.29125710153221,-0.0030938607413872,-1000.0,999.7584313533124,-517.6511614506217,865.5523152631513,-6.038999596933081,-0.2683924193152052,-0.0213785777229986,0.0,-198.4627575137098,-999.7584313533126,-0.0105500651280863,-0.0691319935710907,-0.0691319935710907,953.7087428984678,-0.0013281843145023,0.0,-0.1037046312782195,467.4305973493115,114.76305011579598,-2.5925228090528663,-0.1152199892851513,-0.0091777536133577,1000.0,-801.5372424862902,0.1037046312782195,-0.0045291085125427, Amensalism,COVID
SRR13077872.bin.23.fbc2XSRR13077872.bin.16.fbc2 ,-0.1761796833787912,-0.1761796833787912,975.7358698309728,-0.0033848162032654,0.0,999.272018255116,-36.30996614898095,-106.1052826779594,-6.606924291597011,-0.2936328056313186,-0.0233890799644314,364.8733887138828,-496.8038077156086,-999.272018255116,-0.011542223253059,-0.0847268085389032,-0.0847268085389032,24.26413016902734,-0.0016277965137305,1000.0,-1000.0,94.63809281589056,33.832961056270506,-3.177344849017004,-0.1412113475648766,-0.0112480739097691,7.141631644624681,-417.9018682135322,1000.0,-0.0055507861118258, Neutralism,COVID
SRR13077872.bin.25.fbc2XSRR13077872.bin.16.fbc2 ,-0.1801038825029763,-0.1801038825029763,975.7358698309728,-0.0034602090778435,-1000.0,999.7298268752002,570.413313203645,966.1670389437296,-6.754085905359943,-0.3001731375048848,-0.0239100447280407,292.6635269862736,-594.0024311257204,-999.7298268752002,-0.0117993129555316,-0.0847268085389032,-0.0847268085389032,24.26413016902734,-0.0016277965137305,1000.0,-1000.0,-121.04590844277084,33.832961056270506,-3.177344849017004,-0.1412113475648766,-0.0112480739097691,7.141631644624681,-405.9975688742797,1000.0,-0.0055507861118258, Neutralism,COVID
SRR13077872.bin.18.fbc2XSRR13077872.bin.4.fbc2 ,-0.0861149061552168,-0.0861149061552168,981.940377694472,-0.0016544650558216,-1000.0,999.870819368442,356.30428399458424,-513.8359483741554,-3.2293999763990087,-0.1435248435919902,-0.0114323535357243,571.5572052607661,-499.9981552714628,-999.870819368442,-0.0056417258402916,-0.0903257906123826,-0.0903257906123826,18.059622305528023,-0.001735365813829,1000.0,-1000.0,643.6957160054158,-486.1640516258447,-3.3873125930837205,-0.1505429843539332,-0.0119913777739384,428.44279473923393,-500.0018447285372,1000.0,-0.0059175974253093, Amensalism,COVID
SRR13077872.bin.29.fbc2XSRR13077872.bin.16.fbc2 ,-0.1514021751751215,-0.1514021751751215,490.3146385077878,-0.0029087833847825,0.0,0.0,-88.21478411435874,248.07656348807583,-5.677741552152384,-0.2523369586251647,-0.0200996931885129,493.391593203904,-293.74514656972144,0.0,-0.0099189513418878,-0.0847268085389032,-0.0847268085389032,104.70605196295467,-0.0016277965137305,-1000.0,1000.0,357.1594699640002,-51.06088382188421,-3.177344849017004,-0.1412113475648766,-0.0112480739097691,54.51640010413576,-344.8683992987019,-1000.0,-0.0055507861118258, Neutralism,COVID
SRR13077872.bin.5.fbc2XSRR13077872.bin.25.fbc2 ,-0.0872698958595492,-0.0872698958595492,4.582298278276198,-0.0016766550597822,1000.0,-263.1393070205704,423.47258355560894,-314.605110430404,-3.2727133107632653,-0.1454498264326957,-0.0115856864628085,548.4311347795929,-184.3933681446068,263.1393070205704,-0.0057173937536845,-0.1814216319065735,-0.1814216319065735,995.417701721724,-0.003485526069312,-1000.0,999.7278501245096,576.5274164443911,1000.0,-6.803502900431568,-0.3023693865110317,-0.0240849851387565,451.56886522040713,-815.6066318553932,-999.7278501245096,-0.0118856438963348, Neutralism,COVID
SRR13077872.bin.31.fbc2XSRR13077872.bin.16.fbc2 ,-0.1214649235386104,-0.1214649235386104,975.8222042864554,-0.0023336200487165,-1000.0,999.8177909465916,-227.467437102756,-998.6755082746351,-4.555062981801825,-0.2024415392310175,-0.016125314537021,1000.0,-1.246713174856609,-999.8177909465918,-0.0079576443663427,-0.0844253411947875,-0.0844253411947875,24.177795713544583,-0.001622004633873,1000.0,-1000.0,0.0,26.596358713137302,-3.1660395050582792,-0.1407089019912746,-0.0112080520202653,0.0,-397.862154526417,1000.0,-0.0055310358015958, Neutralism,COVID
SRR13077872.bin.5.fbc2XSRR13077872.bin.10.fbc2 ,-0.0872698958595492,-0.0872698958595492,919.6310721014644,-0.0016766550597822,1000.0,-1000.0,1000.0,-1000.0,-3.2727133107632653,-0.1454498264326957,-0.0115856864628085,430.1445924968136,-76.22576121643795,1000.0,-0.0057173937536845,-0.166492369467619,-0.166492369467619,80.36892789853573,-0.0031987006622102,-1000.0,999.7502454522952,0.0,1000.0,-6.243639783570757,-0.277487282445918,-0.0221030215758446,14.11081207524694,-779.0923104707467,-999.7502454522952,-0.0109075692580518, Neutralism,COVID
SRR13077872.bin.9.fbc2XSRR13077872.bin.16.fbc2 ,-0.084198361634094,-0.084198361634094,6.348799113790051,-0.0016176438354023,-1000.0,999.7650695857806,1000.0,-295.9457002662876,-3.1575275316914717,-0.1403306027235658,-0.0111779189028311,563.1093593556143,-308.58650150226526,-999.7650695857805,-0.0055161654788662,-0.0847268085389032,-0.0847268085389032,516.1889706956822,-0.0016277965137305,1000.0,-1000.0,-805.7550529975922,-704.0542997337125,-3.177344849017004,-0.1412113475648766,-0.0112480739097691,253.10405190795225,-559.6054168601971,1000.0,-0.0055507861118258, Neutralism,COVID
SRR13077872.bin.18.fbc2XSRR13077872.bin.31.fbc2 ,-0.086167702363582,-0.086167702363582,22.19137015644344,-0.0016554793921841,999.8707401690576,-1000.0,1000.0,0.0,-3.2313798899995163,-0.1436128372725988,-0.0114393626000719,-17.57445334394299,-499.9981541404777,1000.0,-0.0056451847274274,-0.1215823102829745,-0.1215823102829745,977.8086298435564,-0.0023358753176125,-1000.0,999.8176148551988,-228.87944470070863,-1000.0,-4.559465108755944,-0.2026371838049954,-0.0161408984448598,1000.0,-1.2479180296945742,-999.8176148551988,-0.0079653348331021, Amensalism,COVID
SRR13077872.bin.31.fbc2XSRR13077872.bin.4.fbc2 ,-0.1191858370807494,-0.1191858370807494,991.9500355960148,-0.0022898335654417,-1000.0,999.821209795211,-161.8388069706583,-986.4089855712252,-4.469594831374366,-0.1986430618012491,-0.015822749937115,1000.0,-0.7625832722959558,-999.8212097952112,-0.0078083324581257,-0.0511209560492034,-0.0511209560492034,8.0499644039852,-0.0009821509327139,1000.0,-1000.0,338.4110253941742,-13.59101442877477,-1.9170898701445367,-0.0852015934152632,-0.0067866629452737,0.0,-416.3109367857688,1000.0,-0.0033491346806613, Amensalism,COVID
SRR13077872.bin.32.fbc2XSRR13077872.bin.20.fbc2 ,-0.1033327829957215,-0.1033327829957215,0.0,-0.0019852599999694,-1000.0,999.8449908992066,348.9612421521904,209.03400659112208,-3.875088551640374,-0.172221304992945,-0.0137181465994444,72.41033353181774,-478.20595758645686,-999.8449908992064,-0.0067697365997219,-0.0850230070133193,-0.0850230070133193,1000.0,-0.0016334871664867,1000.0,-1000.0,84.5664983967979,-1000.0,-3.18845260479452,-0.1417050116889413,-0.0112873963200854,927.5896664681824,-257.2510914171846,1000.0,-0.0055701912375525, Neutralism,COVID
SRR13077872.bin.5.fbc2XSRR13077872.bin.4.fbc2 ,-0.0872698958595492,-0.0872698958595492,985.7195376723276,-0.0016766550597822,-1000.0,1000.0,0.0,-1000.0,-3.2727133107632653,-0.1454498264326957,-0.0115856864628085,26.90166632428736,607.6366829868998,-1000.0,-0.0057173937536845,-0.0906874677176574,-0.0906874677176574,14.280462327672351,-0.0017423144614667,1000.0,-1000.0,-363.5618068327148,0.0,-3.400875866706656,-0.1511457795294291,-0.0120393929285,973.0983336757126,-748.3123593663657,1000.0,-0.0059412923135369, Neutralism,COVID
SRR13077872.bin.18.fbc2XSRR13077872.bin.16.fbc2 ,-0.1120272048440256,-0.1120272048440256,975.7358698309728,-0.002152299804834,-1000.0,999.8319484312352,1000.0,-66.19833503221798,-4.201138558138155,-0.1867120080733002,-0.0148723916516928,987.5075576563372,-499.9976001857176,-999.831948431235,-0.0073393423346033,-0.0847268085389032,-0.0847268085389032,24.264130169027112,-0.0016277965137305,1000.0,-1000.0,0.0,33.83296105627096,-3.177344849017004,-0.1412113475648766,-0.0112480739097691,7.141631644624681,-334.5689974457082,1000.0,-0.0055507861118258, Neutralism,COVID
SRR13077872.bin.25.fbc2XSRR13077872.bin.10.fbc2 ,-0.0928837881226627,-0.0928837881226627,958.8759398778208,-0.0017845108188794,-1000.0,999.860665395262,1000.0,86.02730798182665,-3.48324020269456,-0.1548063135377333,-0.012330969758409,-277.2879415642467,-500.154824158646,-999.860665395262,-0.006085181892331,-0.1661248061677724,-0.1661248061677724,41.12406012217912,-0.0031916389273192,0.0,-0.2492031674463533,-7.166537963826613,913.9726920181732,-6.2298557714326535,-0.2768746769462495,-0.022054224987869,-10.110473794011114,-499.845175841354,0.2492031674463533,-0.0108834887422517, Amensalism,COVID
SRR13077872.bin.23.fbc2XSRR13077872.bin.5.fbc2 ,-0.1726385633812697,-0.1726385633812697,995.4178075901028,-0.0033167831581977,-422.26955019793365,1000.0,-207.57947234590077,-89.18882404424778,-6.474128549869988,-0.287730938968707,-0.0229189716227438,332.00621500677426,-363.447137767372,-1000.0,-0.0113102305692791,-0.0872678795957426,-0.0872678795957426,4.582192409897175,-0.0016766163226975,1000.0,-578.4556412086667,909.4252830857688,-27.97680796999032,-3.2726376987380945,-0.1454464659929044,-0.0115854187897639,5.12253231837235,-105.5642804806082,578.4556412086667,-0.0057172616603793, Neutralism,COVID
SRR13077872.bin.18.fbc2XSRR13077872.bin.20.fbc2 ,-0.0850718757241111,-0.0850718757241111,1.7653762614245352,-0.0016344260466212,-891.4410658413666,1000.0,402.223921651118,-118.79817204538074,-3.1902852330873657,-0.1417864595401852,-0.011293883981807,-6.960105253769257,-527.1698151510456,-1000.0,-0.0055733928188601,-0.0848729094151394,-0.0848729094151394,998.2346237385756,-0.0016306034469835,999.87268248286,-1000.0,0.0,-881.2018279546193,-3.182823786255426,-0.1414548490251945,-0.0112674698185628,879.5582320377264,-204.59850174116104,1000.0,-0.0055603577542342, Amensalism,COVID
SRR13077872.bin.29.fbc2XSRR13077872.bin.25.fbc2 ,-0.1331760590742305,-0.1331760590742305,0.2806036195709112,-0.0025586178496723,1000.0,-1000.0,327.86002886918186,398.3163076007557,-4.994242939263813,-0.2219600984569751,-0.0176800493410382,63.789884012224775,-280.955129687213,1000.0,-0.0087248868672986,-0.1430062938139826,-0.1430062938139826,999.7193963804292,-0.0027474792278781,-1000.0,999.7854768218828,672.1399711308181,-157.26020173220832,-5.362887129381988,-0.2383438230233423,-0.0189850814650753,344.8632676515608,-249.45184620679004,-999.7854768218828,-0.0093689041672178, Competition,COVID
SRR13077872.bin.31.fbc2XSRR13077872.bin.20.fbc2 ,-0.1117101078608584,-0.1117101078608584,841.7360728955287,-0.0021462076438183,-1000.0,999.8324241071704,-145.1104762411619,-915.7218382973356,-4.189247086201817,-0.1861835131013549,-0.0148302948188074,1000.0,0.0,-999.8324241071704,-0.0073185680654432,-0.0134560749842194,-0.0134560749842194,158.26392710447135,-0.0002585220938726,999.9798145949133,-1000.0,159.9911642130396,-16.08784482289559,-0.5046170306212616,-0.0224267916403277,-0.0017863876684032,0.0,-143.60516527148025,1000.0,-0.0008815603399625, Amensalism,COVID
SRR13077872.bin.18.fbc2XSRR13077872.bin.29.fbc2 ,-0.1102508999937299,-0.1102508999937299,587.3780129212464,-0.0021181729105137,-0.1653869408552282,0.0,1000.0,-105.61266554859458,-4.134525249276408,-0.1837514999896257,-0.0146365748119023,584.355303240508,-499.9976382372048,0.0,-0.0072229696249905,-0.1487330382745995,-0.1487330382745995,412.6219870787536,-0.0028575031368518,1000.0,-1000.0,0.0,278.9620080719833,-5.577646097969819,-0.2478883971243703,-0.0197453466757906,415.644696759492,-291.8721031944804,1000.0,-0.0097440856967523, Neutralism,COVID
SRR13077872.bin.32.fbc2XSRR13077872.bin.9.fbc2 ,-0.1100939434746806,-0.1100939434746806,525.6983343222128,-0.00211515741546,-1000.0,999.834848509001,-175.29361400123764,-859.0158360390706,-4.128639213956831,-0.1834899057910206,-0.0146157377407689,983.9719226212852,-404.8037615032954,-999.834848509001,-0.0072126867867154,-0.084198361634094,-0.084198361634094,6.348799113790051,-0.0016176438354023,999.7650695857806,-1000.0,690.2780599919322,-19.026467969317537,-3.1575275316914717,-0.1403306027235658,-0.0111779189028311,16.02807737871467,-288.80655633819606,1000.0,-0.0055161654788662, Neutralism,COVID
SRR13077872.bin.23.fbc2XSRR13077872.bin.1.fbc2 ,-0.1774353538254445,-0.1774353538254445,1000.0,-0.0034089405153281,0.2364071837962456,999.2685123851552,-1000.0,-136.09830871566237,-6.654013260183319,-0.2957255897091499,-0.0235557789612812,390.5044216386659,-497.91907195159285,-999.2685123851552,-0.0116244871574053,-0.0847276314576674,-0.0847276314576674,0.0,-0.001627812323818,999.7635928162038,-1000.0,0.0,-12.748206788379209,-3.177375709339572,-0.1412127190960745,-0.0112481831579316,27.20947443203295,-502.0809280484072,1000.0,-0.0055508400243979, Neutralism,COVID
SRR13077872.bin.25.fbc2XSRR13077872.bin.31.fbc2 ,-0.1753080353227005,-0.1753080353227005,973.0509229406576,-0.0033680698428497,-1000.0,999.7370211066668,934.0969282500088,1000.0,-6.574236568444235,-0.2921800588712813,-0.0232733626144181,0.0,-454.9190647567227,-999.7370211066668,-0.0114851181642734,-0.0302622497962374,-0.0302622497962374,26.94907705934247,-0.0005814072967496,0.0,-0.0453962817307456,65.90307174999134,-352.879007477555,-1.134866344759189,-0.0504370829936533,-0.0040175244206466,1000.0,-7.510817137985214,0.0453962817307456,-0.0019825988819093, Amensalism,COVID
SRR13077872.bin.9.fbc2XSRR13077872.bin.25.fbc2 ,-0.0841981643673079,-0.0841981643673079,3.3523891420560403,-0.0016176400455378,999.7650701361948,-1000.0,688.4583774166081,-19.0240805105492,-3.157520133977073,-0.1403302739455512,-0.0111778927142722,10.932413141309668,-288.3094927924956,1000.0,-0.0055161525550602,-0.176286077153918,-0.176286077153918,996.647610857944,-0.0033868602719167,-1000.0,999.7355539499677,-64.25948617927656,1000.0,-6.610914170587193,-0.2938101285898256,-0.0234032044789955,877.6811633693831,-711.6905072075044,-999.7355539499678,-0.0115491935272302, Neutralism,COVID
SRR13077872.bin.25.fbc2XSRR13077872.bin.20.fbc2 ,-0.1184599887391186,-0.1184599887391186,57.1811941570254,-0.002275888352301,-1000.0,999.8222986374494,896.3259502812325,664.5446582866025,-4.442374751576836,-0.1974333145652735,-0.0157263885146221,-54.80279138443848,-817.233948117052,-999.8222986374496,-0.0077607792815115,-0.0801612899415431,-0.0801612899415431,942.8188058429746,-0.0015400824196376,999.8797503646756,-1000.0,103.67404971876748,-1000.0,-3.006133077339314,-0.1336021499024582,-0.0106419695196109,1000.0,-182.766051882948,1000.0,-0.0052516810509359, Amensalism,COVID
SRR13077872.bin.5.fbc2XSRR13077872.bin.16.fbc2 ,-0.0872698958595492,-0.0872698958595492,930.0685269776344,-0.0016766550597822,-1000.0,1000.0,0.0,-828.1407928226962,-3.2727133107632653,-0.1454498264326957,-0.0115856864628085,1000.0,-0.1781948997494282,-1000.0,-0.0057173937536845,-0.0847268085389032,-0.0847268085389032,69.93147302236548,-0.0016277965137305,1000.0,-1000.0,597.7530935613877,-17.47842437110819,-3.177344849017004,-0.1412113475648766,-0.0112480739097691,-9.910480958524772,-466.907705736,1000.0,-0.0055507861118258, Neutralism,COVID
SRR13077872.bin.23.fbc2XSRR13077872.bin.29.fbc2 ,-0.163458661137497,-0.163458661137497,999.7412955629156,-0.0031404161601358,-0.7986708161820388,1000.0,-50.28451205745557,-1000.0,-6.12987251554523,-0.2724311018957905,-0.0217002756668307,195.5861775170765,-347.7434719218465,-1000.0,-0.0107088191061848,-0.1227825836622287,-0.1227825836622287,0.2587044370843614,-0.002358935324878,1000.0,-1000.0,796.7590460822316,579.2430943303184,-4.604476628778343,-0.2046376394371236,-0.0163002430952019,2.754021607818572,-273.66159960926007,1000.0,-0.0080439694579581, Amensalism,COVID
SRR13077872.bin.29.fbc2XSRR13077872.bin.31.fbc2 ,-0.1331697464739818,-0.1331697464739818,0.280590318843565,-0.0025584965701455,1000.0,-1000.0,706.4293781170529,466.3214862490786,-4.994006210085217,-0.2219495774565985,-0.0176792112994235,2.987006368149082,-280.9506998754576,1000.0,-0.0087244733040279,-0.0967381753097242,-0.0967381753097242,999.7194096811564,-0.0018585624459319,-1000.0,999.8548834442232,293.5706218829471,-657.8188910501583,-3.6277837950490266,-0.1612302921828359,-0.0128426665012284,997.0129936318508,-537.6796000208941,-999.8548834442232,-0.0063376979405802, Competition,COVID
SRR13077872.bin.18.fbc2XSRR13077872.bin.10.fbc2 ,-0.1119359778780335,-0.1119359778780335,952.1400970754472,-0.0021505471254386,0.0,-0.1679147195527548,1000.0,-72.6590572728876,-4.197717450519804,-0.1865599631300938,-0.0148602806366398,970.416828321282,-499.9976021399552,0.1679147195527548,-0.0073333656977183,-0.166492369467619,-0.166492369467619,47.8599029245529,-0.0031987006622102,-1000.0,999.7502454522952,-432.1231809399509,979.0301706838568,-6.243639783570757,-0.277487282445918,-0.0221030215758446,24.65275385416271,-244.23799085992331,-999.7502454522952,-0.0109075692580518, Neutralism,COVID
SRR13077872.bin.5.fbc2XSRR13077872.bin.20.fbc2 ,-0.0872698958595492,-0.0872698958595492,4.582298278275971,-0.0016766550597822,0.1269582393622386,999.5203551092573,905.8560715406117,-483.1656031520884,-3.2727133107632653,-0.1454498264326957,-0.0115856864628085,133.3461936181809,-250.0900232369044,-999.5203551092574,-0.0057173937536845,-0.0846334062347295,-0.0846334062347295,995.417701721724,-0.0016260020410072,999.8730417606378,-1000.0,94.14392845938846,-516.8343968479116,-3.173842163913264,-0.1410556770578068,-0.0112356741034318,471.3044256627052,-212.99600833208456,1000.0,-0.0055446669598495, Neutralism,COVID
SRR13077872.bin.23.fbc2XSRR13077872.bin.32.fbc2 ,-0.1723380438629647,-0.1723380438629647,1000.0,-0.0033110094882431,999.258299621189,0.1402367287935249,-968.1124772680035,-244.75443815199455,-6.462858750384612,-0.287230073104979,-0.0228790755637646,456.57168522986194,-489.358422288304,-0.1402367287935249,-0.0112905423549136,-0.0934851656468254,-0.0934851656468254,0.0,-0.0017960646617893,-1000.0,999.8597632712064,790.9636520709366,-0.2452765770967744,-3.505792495312562,-0.1558086094113377,-0.0124108068130226,65.50962655329886,-430.6447332755204,-999.8597632712064,-0.0061245804967029, Amensalism,COVID
SRR13077872.bin.10.fbc2XSRR13077872.bin.20.fbc2 ,-0.1627777648732262,-0.1627777648732262,0.0,-0.0031273345797444,-1000.0,999.7558177160172,310.8607005665731,1000.0,-6.104338186146151,-0.2712962747885967,-0.0216098819456647,-17.162024706119723,-482.3220119982493,-999.7558177160172,-0.0106642109167296,-0.0850230070133193,-0.0850230070133193,1000.0,-0.0016334871664867,1000.0,-1000.0,84.57262397367253,-1000.0,-3.18845260479452,-0.1417050116889413,-0.0112873963200854,404.8615275369016,-117.30474272462789,1000.0,-0.0055701912375525, Neutralism,COVID
SRR13077872.bin.29.fbc2XSRR13077872.bin.10.fbc2 ,-0.1514021751751215,-0.1514021751751215,490.3146385077878,-0.0029087833847825,1000.0,-1000.0,-88.21478411435805,248.076563488077,-5.677741552152384,-0.2523369586251647,-0.0200996931885129,493.391593203904,-293.74514656972144,1000.0,-0.0099189513418878,-0.1072299467037964,-0.1072299467037964,67.15347001960436,-0.0020601334621233,-1000.0,999.8391447792768,206.5589107562264,751.923436511923,-4.021236308731204,-0.1787165778396229,-0.0142355222233163,-5.42604131655628,-585.643366152571,-999.839144779277,-0.0070250551058279, Amensalism,COVID
SRR13077872.bin.32.fbc2XSRR13077872.bin.4.fbc2 ,-0.1100941420484105,-0.1100941420484105,386.901018191789,-0.0021151612305629,-1000.0,999.8348482111212,-30.93226619015388,-581.4186923741547,-4.128646660684808,-0.1834902367473887,-0.0146157641029276,700.8061936442577,-404.80377016772536,-999.8348482111212,-0.007212699796014,-0.0906874677176574,-0.0906874677176574,121.55456701465027,-0.0017423144614667,1000.0,-1000.0,598.5247933895744,-418.5813076258453,-3.400875866706656,-0.1511457795294291,-0.0120393929285,299.19380635574225,-595.1962298322746,1000.0,-0.0059412923135369, Neutralism,COVID
SRR13077872.bin.29.fbc2XSRR13077872.bin.5.fbc2 ,-0.1514021751751215,-0.1514021751751215,490.3146385077876,-0.0029087833847825,-1000.0,1000.0,-88.21478411435817,248.07656348807492,-5.677741552152384,-0.2523369586251647,-0.0200996931885129,493.391593203904,-293.74514656972144,-1000.0,-0.0099189513418878,-0.0872698958595492,-0.0872698958595492,509.6853614922125,-0.0016766550597822,1000.0,-343.44459831460813,597.4657126809966,-1000.0,-3.2727133107632653,-0.1454498264326957,-0.0115856864628085,506.608406796096,-164.31704532109745,343.44459831460813,-0.0057173937536845, Neutralism,COVID
SRR13077872.bin.18.fbc2XSRR13077872.bin.1.fbc2 ,-0.1120710038119341,-0.1120710038119341,1000.0,-0.0021531412836566,-1000.0,999.8318827285756,1000.0,-53.68002241410704,-4.20278106571709,-0.1867850063531477,-0.0148782062697137,972.790525567967,-499.9975992474688,-999.8318827285756,-0.007342211777086,-0.0847276314576674,-0.0847276314576674,-498.8970594818359,-0.001627812323818,999.7635928162038,-1000.0,0.0,-12.74820678837932,-3.177375709339572,-0.1412127190960745,-0.0112481831579316,27.20947443203295,-432.4861335000978,1000.0,-0.0055508400243979, Neutralism,COVID
SRR13077872.bin.18.fbc2XSRR13077872.bin.25.fbc2 ,-0.085524382150993,-0.085524382150993,7.093873689689076,-0.0016431197338988,1000.0,-1000.0,625.4420043431755,-22.681378339203093,-3.2072547022492017,-0.1425406369183974,-0.0113539573615071,-14.095009701594904,-499.4749985982135,1000.0,-0.0056030382927474,-0.1812534754556054,-0.1812534754556054,992.9061263103108,-0.0034822953978164,-1000.0,999.7281023753396,374.55799565682446,1000.0,-6.797196855830862,-0.3020891257592666,-0.0240626611988545,870.587436042581,-500.5250014017865,-999.7281023753396,-0.0118746273064971, Amensalism,COVID
SRR13077872.bin.1.fbc2XSRR13077872.bin.4.fbc2 ,-0.0847276314576674,-0.0847276314576674,293.1148130164406,-0.001627812323818,-1000.0,999.7635928162038,-387.4549785835224,-12.748206788379887,-3.177375709339572,-0.1412127190960745,-0.0112481831579316,31.49122313438147,-432.4861335000978,-999.7635928162038,-0.0055508400243979,-0.0906874677176574,-0.0906874677176574,41.680935859123565,-0.0017423144614667,1000.0,-1000.0,681.0721081145148,-374.9827173152181,-3.400875866706656,-0.1511457795294291,-0.0120393929285,306.4635615129214,-567.5138664999022,1000.0,-0.0059412923135369, Neutralism,COVID
SRR13077872.bin.1.fbc2XSRR13077872.bin.25.fbc2 ,-0.0847276314576674,-0.0847276314576674,0.0,-0.001627812323818,999.7635928162038,-1000.0,1000.0,-512.7058429726501,-3.177375709339572,-0.1412127190960745,-0.0112481831579316,122.63921182280842,-321.6676632694508,1000.0,-0.0055508400243979,-0.1817284285938285,-0.1817284285938285,1000.0,-0.0034914203380367,-1000.0,999.7273899000074,0.0,1000.0,-6.815008100389264,-0.3028807143231233,-0.0241257145356712,877.3607881771916,-628.0038387267878,-999.7273899000074,-0.0119057433525995, Neutralism,COVID
SRR13077872.bin.29.fbc2XSRR13077872.bin.9.fbc2 ,-0.140480439327689,-0.140480439327689,490.2725964286078,-0.0026989517642732,-1000.0,1000.0,-264.6659308537023,374.4554941498509,-5.268164917134754,-0.2341340655460726,-0.0186497566907064,493.1275880890767,-286.08091437118514,-1000.0,-0.0092034255160342,-0.0841981643673079,-0.0841981643673079,6.334726947307786,-0.0016176400455378,999.7650701361948,-1000.0,683.4878144078557,-19.024080510548856,-3.157520133977073,-0.1403302739455512,-0.0111778927142722,12.851433007598756,-288.8065490933709,1000.0,-0.0055161525550602, Neutralism,COVID
SRR13077872.bin.1.fbc2XSRR13077872.bin.9.fbc2 ,-0.0847276314576674,-0.0847276314576674,294.5966683234435,-0.001627812323818,-1000.0,999.7635928162038,0.0,-12.748206788379091,-3.177375709339572,-0.1412127190960745,-0.0112481831579316,31.4912231343817,-539.621836989153,-999.7635928162038,-0.0055508400243979,-0.084198361634094,-0.084198361634094,3.355911327559056,-0.0016176438354023,999.7650695857806,-1000.0,1000.0,-51.55099047559975,-3.1575275316914717,-0.1403306027235658,-0.0111779189028311,350.30274866143463,-290.6309218861777,1000.0,-0.0055161654788662, Neutralism,COVID
SRR13077872.bin.23.fbc2XSRR13077872.bin.4.fbc2 ,-0.1644588440208281,-0.1644588440208281,934.328635374042,-0.0031596319696518,-599.0120290772111,1000.0,-204.02938370196853,158.55520407001882,-6.167380430541016,-0.2740980733681226,-0.0218330569103955,7.2684113355414866,-211.68764860166016,-1000.0,-0.0107743450165571,-0.0906874677176574,-0.0906874677176574,48.31314106907234,-0.0017423144614667,1000.0,-1000.0,1000.0,68.14720215528496,-3.400875866706656,-0.1511457795294291,-0.0120393929285,992.7315886644584,-559.9846822748428,1000.0,-0.0059412923135369, Neutralism,COVID
SRR13077872.bin.5.fbc2XSRR13077872.bin.1.fbc2 ,-0.0872698958595492,-0.0872698958595492,964.2461028305718,-0.0016766550597822,-1000.0,1000.0,7.333140459493052,-987.2517932116206,-3.2727133107632653,-0.1454498264326957,-0.0115856864628085,515.6637036790071,282.2759423421012,-1000.0,-0.0057173937536845,-0.0847276314576674,-0.0847276314576674,35.75389716942823,-0.001627812323818,999.7635928162038,-1000.0,992.666859540507,-12.748206788379434,-3.177375709339572,-0.1412127190960745,-0.0112481831579316,31.49122313438193,-539.621836989153,1000.0,-0.0055508400243979, Neutralism,COVID
SRR13077872.bin.20.fbc2XSRR13077872.bin.4.fbc2 ,-0.0838109741119979,-0.0838109741119979,985.744647903196,-0.001610201231756,-1000.0,1000.0,111.32343088635344,-425.6954980055784,-3.143000090269197,-0.1396849568534435,-0.0111264905112875,287.09333585832155,-204.75377782162752,-1000.0,-0.0054907862001982,-0.0906863371982353,-0.0906863371982353,14.255352096803904,-0.0017422927415964,1000.0,-1000.0,0.0,200.23366051906717,-3.40083347103257,-0.1511438953302786,-0.0120392428441391,712.9066641416784,-795.2462221783725,1000.0,-0.0059412182487221, Neutralism,COVID
SRR13077872.bin.5.fbc2XSRR13077872.bin.9.fbc2 ,-0.0872698958595492,-0.0872698958595492,996.6440886724408,-0.0016766550597822,-821.653393716445,1000.0,157.43907040633826,-980.9735320306828,-3.2727133107632653,-0.1454498264326957,-0.0115856864628085,835.0144838931458,-140.77454036449,-1000.0,-0.0057173937536845,-0.084198361634094,-0.084198361634094,3.355911327559056,-0.0016176438354023,999.7650695857806,-1000.0,842.5609295936617,-19.02646796931708,-3.1575275316914717,-0.1403306027235658,-0.0111779189028311,164.98551610685422,-288.30774170715745,1000.0,-0.0055161654788662, Neutralism,COVID
SRR13077872.bin.29.fbc2XSRR13077872.bin.4.fbc2 ,-0.148734639464692,-0.148734639464692,436.3517262575965,-0.0028575338993732,-1000.0,1000.0,0.0,207.8940839147142,-5.577706144288527,-0.2478910657744109,-0.0197455592449387,439.3744684794076,-291.87322681553246,-1000.0,-0.0097441905969617,-0.0906544706765544,-0.0906544706765544,563.6482737424035,-0.0017416805125094,1000.0,-1000.0,1000.0,-186.71813095891832,-3.399638442800778,-0.1510907844609619,-0.0120350123414709,560.6255315205924,-708.1267731844675,1000.0,-0.0059391305477447, Neutralism,COVID
SRR13077872.bin.23.fbc2XSRR13077872.bin.9.fbc2 ,-0.1559447501828117,-0.1559447501828117,993.6652730526924,-0.0029960566797626,0.2349298638052914,999.3299528245896,-425.9740828140772,-216.8792182290724,-5.848092914972881,-0.259907916971315,-0.0207027516572679,990.7244411949414,-572.576696859793,-999.3299528245896,-0.0102165532780418,-0.0841981643673079,-0.0841981643673079,6.334726947307672,-0.0016176400455378,999.7650701361948,-1000.0,683.4878144078552,-19.024080510548856,-3.157520133977073,-0.1403302739455512,-0.0111778927142722,9.275558805058722,-288.8065490933709,1000.0,-0.0055161525550602, Amensalism,COVID
SRR13077872.bin.20.fbc2XSRR13077872.bin.16.fbc2 ,-0.0829599977038242,-0.0829599977038242,975.7358698309728,-0.0015938520211875,-1000.0,999.8755520341842,35.919841381054994,-1000.0,-3.111087575754027,-0.1382666628396691,-0.0110135174664947,285.0025617831925,-183.02664352684167,-999.875552034184,-0.0054350353923382,-0.0847268085389032,-0.0847268085389032,24.264130169027112,-0.0016277965137305,1000.0,-1000.0,-954.3801669071208,33.83296105626982,-3.177344849017004,-0.1412113475648766,-0.0112480739097691,7.141631644624681,-489.3304396421037,1000.0,-0.0055507861118258, Neutralism,COVID
SRR13077872.bin.1.fbc2XSRR13077872.bin.20.fbc2 ,-0.0847276314576674,-0.0847276314576674,-282.5814844156488,-0.001627812323818,-1000.0,999.7635928162038,-451.5317434505481,-12.74820678837932,-3.177375709339572,-0.1412127190960745,-0.0112481831579316,483.0229665849297,-991.1535804397012,-999.7635928162038,-0.0055508400243979,-0.0850230070133193,-0.0850230070133193,1000.0,-0.0016334871664867,999.8724573220444,-1000.0,118.84645758316378,-987.2517932116208,-3.18845260479452,-0.1417050116889413,-0.0112873963200854,0.0016334871664867,-8.846419560298841,1000.0,-0.0055701912375525, Neutralism,COVID
SRR13077872.bin.1.fbc2XSRR13077872.bin.16.fbc2 ,-0.0847276314576674,-0.0847276314576674,-340.4543191711492,-0.001627812323818,-1000.0,999.7635928162038,-1000.0,-12.74820678837898,-3.177375709339572,-0.1412127190960745,-0.0112481831579316,396.9736599471398,-655.1316007012981,-999.7635928162038,-0.0055508400243979,-0.0847268085389032,-0.0847268085389032,104.70605196295446,-0.0016277965137305,1000.0,-1000.0,689.747547480383,-51.06088382188421,-3.177344849017004,-0.1412113475648766,-0.0112480739097691,54.51640010413553,-344.8683992987019,1000.0,-0.0055507861118258, Neutralism,COVID
SRR13077872.bin.32.fbc2XSRR13077872.bin.5.fbc2 ,-0.1100941420484105,-0.1100941420484105,384.11553063990254,-0.0021151612305629,-1000.0,999.8348482111212,-1000.0,390.43452898758005,-4.128646660684808,-0.1834902367473887,-0.0146157641029276,700.8061936442593,-404.80377016772536,-999.8348482111212,-0.007212699796014,-0.0872698958595492,-0.0872698958595492,615.8844693600975,-0.0016766550597822,1000.0,-905.9750963025596,654.0791861306134,-672.5754628408338,-3.2727133107632653,-0.1454498264326957,-0.0115856864628085,299.19380635574066,-23.68442082410945,905.9750963025596,-0.0057173937536845, Neutralism,COVID
SRR13077872.bin.1.fbc2XSRR13077872.bin.10.fbc2 ,-0.0847276314576674,-0.0847276314576674,545.9299134086787,-0.001627812323818,999.7635928162038,-1000.0,-117.38146062449188,-26.412280476622986,-3.177375709339572,-0.1412127190960745,-0.0112481831579316,241.5625727754816,-499.7205135296402,1000.0,-0.0055508400243979,-0.166492369467619,-0.166492369467619,88.64786252905765,-0.0031987006622102,-1000.0,999.7502454522952,-156.59869235837243,1000.0,-6.243639783570757,-0.277487282445918,-0.0221030215758446,-67.01933620947682,-500.2794864703598,-999.7502454522952,-0.0109075692580518, Neutralism,COVID
SRR13077872.bin.9.fbc2XSRR13077872.bin.20.fbc2 ,-0.0841977087729901,-0.0841977087729901,3.346960025683188,-0.0016176312924471,-1000.0,999.7650714073948,1000.0,-19.023977571692853,-3.157503048709259,-0.140329514621726,-0.0111778322309419,25.418274917997223,-288.30947874989056,-999.7650714073948,-0.005516122707263,-0.0847384384076122,-0.0847384384076122,996.6530399743168,-0.0016280199502034,1000.0,-1000.0,-368.4217594692405,-980.9760224283071,-3.1777809813825115,-0.1412307306793536,-0.0112496178558103,974.5817250820028,-247.36011484568476,1000.0,-0.0055515480302119, Neutralism,COVID
SRR13077872.bin.23.fbc2XSRR13077872.bin.31.fbc2 ,-0.1158446061310769,-0.1158446061310769,85.064678352991,-0.0022256408478824,1000.0,-0.3232298203346317,159.47228614024834,-44.885046036311,-4.344295140161876,-0.193074343551757,-0.0153791782587404,0.0,-446.10005861691695,0.3232298203346317,-0.0075894352911518,-0.1176777341053139,-0.1176777341053139,914.935321647009,-0.0022608594448456,-1000.0,999.8234720945449,-192.67076092402203,-955.114953963689,-4.413039376220809,-0.1961295568422656,-0.0156225387640915,1000.0,0.0,-999.8234720945449,-0.0077095307069612, Amensalism,COVID
SRR13077872.bin.25.fbc2XSRR13077872.bin.4.fbc2 ,-0.180722883674548,-0.180722883674548,985.744647903196,-0.0034721015115337,-1000.0,999.7288983139806,679.7518152332336,1000.0,-6.777299103378823,-0.3012048061242467,-0.0239922214445869,519.3547894964831,-353.154866804927,-999.7288983139806,-0.0118398661543324,-0.0906863371982353,-0.0906863371982353,14.255352096803904,-0.0017422927415964,1000.0,-1000.0,320.2481847667664,-193.18899376641517,-3.40083347103257,-0.1511438953302786,-0.0120392428441391,480.64521050351686,-646.845133195073,1000.0,-0.0059412182487221, Neutralism,COVID
SRR13077872.bin.29.fbc2XSRR13077872.bin.20.fbc2 ,-0.1350485427121839,-0.1350485427121839,14.344761071828088,-0.0025945925592623,-1000.0,1000.0,955.9360479705985,437.309723122233,-5.064463054297903,-0.2250809045202686,-0.0179286345847913,17.23356745440367,-282.2691286329949,-1000.0,-0.0088475606272595,-0.0838033722920954,-0.0838033722920954,985.655238928172,-0.0016100551832778,999.874286891286,-1000.0,44.06395202940166,-306.0185608501147,-3.142715013989914,-0.1396722871535303,-0.0111254813167533,385.6685392014533,-265.67684751711624,1000.0,-0.0054902881751104, Amensalism,COVID
SRR13077872.bin.9.fbc2XSRR13077872.bin.4.fbc2 ,-0.084198361634094,-0.084198361634094,6.348799113790051,-0.0016176438354023,-1000.0,999.7650695857806,683.5208773748909,-19.026467969317537,-3.1575275316914717,-0.1403306027235658,-0.0111779189028311,9.270894761672936,-288.80655633819606,-999.7650695857805,-0.0055161654788662,-0.0906874677176574,-0.0906874677176574,935.7716240106324,-0.0017423144614667,1000.0,-1000.0,316.4791226251091,-980.9735320306823,-3.400875866706656,-0.1511457795294291,-0.0120393929285,385.17883090301234,-711.1934436618039,1000.0,-0.0059412923135369, Neutralism,COVID
SRR13077872.bin.9.fbc2XSRR13077872.bin.10.fbc2 ,-0.084198361634094,-0.084198361634094,3.355911327559056,-0.0016176438354023,999.7650695857806,-1000.0,965.9266907077048,-19.026467969318105,-3.1575275316914717,-0.1403306027235658,-0.0111779189028311,288.3512772208969,-288.30774170715745,1000.0,-0.0055161654788662,-0.166492369467619,-0.166492369467619,105.55357413820116,-0.0031987006622102,-1000.0,999.7502454522952,0.0,1000.0,-6.243639783570757,-0.277487282445918,-0.0221030215758446,14.87195889132272,-319.9717731726296,-999.7502454522952,-0.0109075692580518, Neutralism,COVID
SRR13077872.bin.18.fbc2XSRR13077872.bin.23.fbc2 ,-0.0856624248569914,-0.0856624248569914,10.33347229956587,-0.0016457718512583,-1000.0,1000.0,466.1962343033924,-16.698494934236805,-3.212431449590781,-0.1427707080950995,-0.0113722834920508,-4.87011868903403,-500.0302904309221,-1000.0,-0.0056120820127034,-0.1769016770108464,-0.1769016770108464,989.666527700434,-0.0033986873585263,1000.0,-0.49359136507735,-47.98916516008944,-123.3354501065752,-6.633999815710013,-0.294836128351335,-0.0234849296473385,379.6019349522062,-497.47615730393227,0.49359136507735,-0.0115895238925531, Amensalism,COVID
SRR13077872.bin.29.fbc2XSRR13077872.bin.1.fbc2 ,-0.1514021751751215,-0.1514021751751215,490.3146385077876,-0.0029087833847825,-1000.0,1000.0,-88.21478411435851,248.07656348807632,-5.677741552152384,-0.2523369586251647,-0.0200996931885129,493.391593203904,-293.74514656972144,-1000.0,-0.0099189513418878,-0.0847276314576674,-0.0847276314576674,509.6853614922125,-0.001627812323818,999.7635928162038,-1000.0,-911.7852158856416,-12.74820678837898,-3.177375709339572,-0.1412127190960745,-0.0112481831579316,429.5764223496415,-706.2548534302786,1000.0,-0.0055508400243979, Neutralism,COVID
SRR13077872.bin.32.fbc2XSRR13077872.bin.1.fbc2 ,-0.1100941420484105,-0.1100941420484105,384.1155306399012,-0.0021151612305629,-1000.0,999.8348482111212,-1000.0,390.43452898758005,-4.128646660684808,-0.1834902367473887,-0.0146157641029276,700.8061936442573,-404.8037701677253,-999.8348482111212,-0.007212699796014,-0.0847276314576674,-0.0847276314576674,595.1892752061126,-0.001627812323818,999.7635928162038,-1000.0,0.0,-12.748206788379091,-3.177375709339572,-0.1412127190960745,-0.0112481831579316,299.1938063557427,-553.1116752533086,1000.0,-0.0055508400243979, Neutralism,COVID
SRR13077872.bin.18.fbc2XSRR13077872.bin.32.fbc2 ,-0.1096317144538261,-0.1096317144538261,636.900997881593,-0.0021062769347963,999.8355418969344,-1000.0,1000.0,-67.98292428698596,-4.111305137248564,-0.1827195240896344,-0.0145543736191484,460.658596871516,-499.9976515012178,1000.0,-0.0071824043475317,-0.1092213757438003,-0.1092213757438003,363.09900211840704,-0.0020983933860634,-1000.0,999.8361574444176,-928.8101462117506,521.7399927335186,-4.095917002027704,-0.1820356262396671,-0.0144998982975721,539.341403128484,-408.0704825386963,-999.8361574444174,-0.0071555214464069, Neutralism,COVID
SRR13077872.bin.18.fbc2XSRR13077872.bin.9.fbc2 ,-0.1068022196077436,-0.1068022196077436,993.665273052692,-0.0020519158425713,-1000.0,999.8397864110092,316.5121855921441,235.34550015065795,-4.005196090659865,-0.1780036993461635,-0.0141787384724239,682.6138191168789,-499.9977121138355,-999.8397864110092,-0.0069970330232536,-0.0841981643673079,-0.0841981643673079,6.334726947307786,-0.0016176400455378,999.7650701361948,-1000.0,683.4878144078559,-19.024080510548742,-3.157520133977073,-0.1403302739455512,-0.0111778927142722,12.851433007598416,-288.8065490933709,1000.0,-0.0055161525550602, Neutralism,COVID
SRR13077872.bin.32.fbc2XSRR13077872.bin.10.fbc2 ,-0.1100941420484105,-0.1100941420484105,386.9010181917886,-0.0021151612305629,-1000.0,999.8348482111212,-815.7566535437606,203.405694979454,-4.128646660684808,-0.1834902367473887,-0.0146157641029276,700.8061936442573,-404.8037701677253,-999.8348482111212,-0.007212699796014,-0.166492369467619,-0.166492369467619,120.8919487232929,-0.0031987006622102,0.0,-0.2497545477046969,-184.24334645623932,796.594305020546,-6.243639783570757,-0.277487282445918,-0.0221030215758446,0.0,-501.0458311750101,0.2497545477046969,-0.0109075692580518, Neutralism,COVID
SRR13077872.bin.10.fbc2XSRR13077872.bin.16.fbc2 ,-0.166492369467619,-0.166492369467619,147.2423649734087,-0.0031987006622102,-1000.0,999.7502454522952,0.0,748.3689665388392,-6.243639783570757,-0.277487282445918,-0.0221030215758446,11.282488962723733,-499.6750280062236,-999.7502454522952,-0.0109075692580518,-0.0847268085389032,-0.0847268085389032,117.0923246030261,-0.0016277965137305,1000.0,-1000.0,206.04428653733132,-88.21970174210048,-3.177344849017004,-0.1412113475648766,-0.0112480739097691,60.70953642417135,-349.5132515387288,1000.0,-0.0055507861118258, Neutralism,COVID
SRR13077872.bin.23.fbc2XSRR13077872.bin.10.fbc2 ,-0.174343391734169,-0.174343391734169,952.1581004622248,-0.003349536824885,1000.0,-0.7012452164752858,-1000.0,58.63595577851447,-6.538061414557774,-0.2905723195569862,-0.0231452994597702,361.3081384280374,-506.27041722874526,0.7012452164752858,-0.0114219205728431,-0.1664917756661452,-0.1664917756661452,47.841899537775134,-0.0031986892539634,-1000.0,999.7502463430546,275.2570302751617,925.4084964175044,-6.243617515389019,-0.2774862927768708,-0.0221029427444818,-0.9181517634441434,-493.72958277125474,-999.7502463430544,-0.0109075303558938, Neutralism,COVID
SRR13077872.bin.32.fbc2XSRR13077872.bin.31.fbc2 ,-0.1036401016150421,-0.1036401016150421,18.622304344901977,-0.0019911642962142,-1000.0,999.844529891756,-358.6948090339365,1000.0,-3.886613324602422,-0.1727335026918126,-0.0137589452864403,0.0,-462.679918422396,-999.844529891756,-0.0067898702499178,-0.1217672603202117,-0.1217672603202117,981.377695655098,-0.0023394286324673,0.0,-0.1826625876234402,-235.85265970559223,-1000.0,-4.566400930581153,-0.2029454338669438,-0.0161654518503837,1000.0,-1.2498163526119015,0.1826625876234402,-0.0079774516367479, Neutralism,COVID
SRR13077872.bin.1.fbc2XSRR13077872.bin.31.fbc2 ,-0.083966073877491,-0.083966073877491,-295.7218103256158,-0.0016131810542674,999.7657177154806,-1000.0,1000.0,-12.633622049664154,-3.1488164953656224,-0.1399434564625608,-0.0111470810853688,0.0,-535.0925634954202,1000.0,-0.0055009473952623,-0.1224902955534616,-0.1224902955534616,1000.0,-0.0023533197993401,-1000.0,999.8162527900708,-233.6525481916377,-987.3663779503358,-4.593515515843933,-0.2041504925890649,-0.0162614398132063,1000.0,-9.087520559369976,-999.8162527900708,-0.0080248205156294, Neutralism,COVID
SRR13077872.bin.23.fbc2XSRR13077872.bin.20.fbc2 ,-0.169313480202959,-0.169313480202959,886.0961385034927,-0.0032529006763297,-0.4849127275272167,1000.0,158.72907796522804,-19.31328051028777,-6.349434417146313,-0.2821891336715225,-0.0224775436734034,253.85807867367728,-484.1339503382858,-1000.0,-0.0110923913063061,-0.0096844488148235,-0.0096844488148235,113.90386149650726,-0.0001860604959347,999.9854723964752,-1000.0,-608.3832174708864,-715.6049842696436,-0.3631770638846774,-0.0161407480247817,-0.0012856780271022,746.1419213263227,-61.943813133313256,1000.0,-0.0006344662912169, Amensalism,COVID
SRR13077872.bin.9.fbc2XSRR13077872.bin.31.fbc2 ,-0.0841977087729901,-0.0841977087729901,3.346960025683188,-0.0016176312924471,999.7650714073948,-1000.0,688.4685661244043,-19.023977571693194,-3.157503048709259,-0.140329514621726,-0.0111778322309419,10.921532032930486,-288.30947874989056,1000.0,-0.005516122707263,-0.1216958282300311,-0.1216958282300311,996.6530399743168,-0.0023380562580541,-1000.0,999.8174445673736,-249.28693903202384,-980.9760224283068,-4.563722151720072,-0.2028263803833851,-0.0161559687429644,989.0784679670696,-1.2490831752854774,-999.8174445673736,-0.0079727718398316, Neutralism,COVID
SRR13077872.bin.5.fbc2XSRR13077872.bin.31.fbc2 ,-0.0872698958595492,-0.0872698958595492,4.582298278276312,-0.0016766550597822,1000.0,-575.8152634628696,915.8611602184748,-28.046767274912558,-3.2727133107632653,-0.1454498264326957,-0.0115856864628085,0.0,-106.22437903403204,575.8152634628696,-0.0057173937536845,-0.122182615863835,-0.122182615863835,995.4177017217236,-0.0023474085660382,-1000.0,999.8167143391616,-249.6617888234373,-971.9532327250874,-4.581977202364215,-0.2036376931063159,-0.0162205931915195,1000.0,-1.254079552335952,-999.8167143391614,-0.0080046632102721, Neutralism,COVID
SRR13077872.bin.23.fbc2XSRR13077872.bin.25.fbc2 ,-0.1098766078475819,-0.1098766078475819,0.0,-0.0021109818991362,999.194753732506,0.2680990569432424,174.33894695599452,-67.35614962251998,-4.120488898289523,-0.1831276797460077,-0.0145868849226644,-31.52052911718522,-439.7099273487506,-0.2680990569432424,-0.007198448275858,-0.1787212591431171,-0.1787212591431171,1000.0,-0.0034336457088102,-1000.0,999.7319009430566,687.601562647536,1000.0,-6.702236068382035,-0.2978687652386043,-0.0237264918478103,847.7331846507211,-560.2900726512494,-999.7319009430568,-0.0117087318669746, Amensalism,COVID
SRR13077872.bin.32.fbc2XSRR13077872.bin.25.fbc2 ,-0.1033327829957215,-0.1033327829957215,0.0,-0.0019852599999694,-1000.0,999.8449908992066,348.9612421521901,209.03400659112185,-3.875088551640374,-0.172221304992945,-0.0137181465994444,72.41033353181774,-478.2059575864568,-999.8449908992064,-0.0067697365997219,-0.1781882336489388,-0.1781882336489388,1000.0,-0.0034234050652912,0.0,-0.2672994674986739,556.4787390449226,790.9659934088781,-6.68224704911222,-0.2969803894147844,-0.0236557290012342,879.7498844848603,-521.7940424135433,0.2672994674986739,-0.0116738112726579, Neutralism,COVID
SRR13077909.bin.39.fbc2XSRR13077909.bin.53.fbc2 ,-0.0664987781872241,-0.0664987781872241,0.0,-0.0012775942014968,1000.0,-0.4168179997460584,0.0,-103.2350950305372,-2.4937744497030963,-0.1108312969787448,-0.0088281759323081,990.786118378316,-496.8546614525057,0.4168179997460584,-0.0043565962270122,-0.1792667063386943,-0.1792667063386943,1000.0,-0.0034441250016925,-1000.0,999.7310827198668,1000.0,670.0280821502897,-6.722690914577356,-0.2987778438978239,-0.023798903761758,9.21388162168398,-503.1453385474943,-999.7310827198668,-0.0117444662557772, Competition,COVID
SRR13077909.bin.56.fbc2XSRR13077909.bin.49.fbc2 ,-0.1310179473036896,-0.1310179473036896,983.105680525954,-0.0025171555678298,-1000.0,1000.0,181.9744139567497,-501.1260823138448,-4.913311467443805,-0.2183632455061115,-0.0173935449734017,-1.5118459679970329,-7.491478309554395,-1000.0,-0.0085835004862246,-0.1811707715239663,-0.1811707715239663,16.894319474046142,-0.0034807064654387,1000.0,-0.8710695030804345,677.175811819232,-31.41954240692735,-6.79409537100446,-0.3019512858733151,-0.0240516816759281,-1.493861203174447,-740.1130278928921,0.8710695030804345,-0.0118692090470631, Neutralism,COVID
SRR13077909.bin.42.fbc2XSRR13077909.bin.20.fbc2 ,-0.1306837311489062,-0.1306837311489062,992.235656352416,-0.0025107345081778,-1000.0,999.803961849604,643.8229668369504,-968.1347454701452,-4.900778008482803,-0.2178062185815861,-0.0173491754512724,461.2850033742818,-523.3463599122114,-999.803961849604,-0.0085616046727636,-0.0885443422411071,-0.0885443422411071,7.764343647583928,-0.0017011401007493,1000.0,-1000.0,356.1770331630496,-31.865254529854724,-3.320506396746054,-0.1475739037351786,-0.0117548780957577,-7.172823211770947,-338.7589743787776,1000.0,-0.0058008877433621, Neutralism,COVID
SRR13077909.bin.66.fbc2XSRR13077909.bin.14.fbc2 ,-0.0498827209480623,-0.0498827209480623,584.0330207906434,-0.0009583615935753,-1000.0,999.9251711267698,-818.1409308093118,-592.9088555432307,-1.8706547454404472,-0.0831378682468084,-0.0066222786119851,10.247093261350756,-0.3762234118325978,-999.92517112677,-0.0032680130342441,-0.1713939976817755,-0.1713939976817755,415.9669792093566,-0.0032928721936968,999.7428925391164,-1000.0,743.5753458015904,-239.1805229836757,-6.42745602103696,-0.2856566628029213,-0.0227537468583705,826.7920067733726,-1.849606311197704,1000.0,-0.011228694180545, Amensalism,COVID
SRR13077909.bin.38.fbc2XSRR13077909.bin.41.fbc2 ,-0.0858455725397107,-0.0858455725397107,979.0748489443654,-0.001649290538694,-1000.0,999.863867558935,117.298450222705,-1000.0,-3.21929968122015,-0.1430759542329269,-0.011396597622479,984.1132583646116,-0.2630412247922322,-999.863867558935,-0.0056240807369931,-0.0018296429503834,-0.0018296429503834,20.92515105563461,-3.515164166856266e-05,999.9972553598164,-1000.0,-974.8580962272442,984.2112048762848,-0.0686135439779036,-0.003049404917192,-0.0002428978441457,15.886741635388375,-9.831877555024334,1000.0,-0.0001198670981921, Amensalism,COVID
SRR13077909.bin.14.fbc2XSRR13077909.bin.67.fbc2 ,-0.1713939976817755,-0.1713939976817755,478.8886215477237,-0.0032928721936968,-1000.0,999.7428925391164,1000.0,-737.8155768456719,-6.42745602103696,-0.2856566628029213,-0.0227537468583705,795.3311856041889,-1.849606311197704,-999.7428925391164,-0.011228694180545,-0.0190601145608297,-0.0190601145608297,267.06142004997446,-0.0003661885602923,1000.0,-1000.0,-932.6169949562246,-262.1844231543281,-0.7147744364020809,-0.0317668576013829,-0.0025303629513473,204.66881439581107,-0.0389185201829604,1000.0,-0.0012487029904377, Amensalism,COVID
SRR13077909.bin.30.fbc2XSRR13077909.bin.66.fbc2 ,-0.1775946060679416,-0.1775946060679416,1000.0,-0.0034120001165547,-1000.0,999.5044752230692,-879.859671515098,5.3598768631322855,-6.659985387555025,-0.2959910101133118,-0.0235769208055671,1000.0,-958.7518422481564,-999.5044752230692,-0.0116349203975687,0.0,0.0,0.0,0.0,1000.0,-1000.0,0.0,0.0,0.0,0.0,0.0,0.0,0.0,1000.0,0.0, Amensalism,COVID
SRR13077909.bin.41.fbc2XSRR13077909.bin.56.fbc2 ,-0.0010237260772782,-0.0010237260772782,11.708089166665332,-1.9668128288685693e-05,-1000.0,999.9984643125435,-987.9722671823748,987.0817499780436,-0.0383908096432605,-0.0017062101287592,-0.0001359067664452,7.923351142444744,-0.001706406810058,-999.9984643125435,-6.706831743485964e-05,-0.1317091133324766,-0.1317091133324766,988.2919108333348,-0.0025304344540018,1000.0,-1000.0,182.93439337658629,-503.7696997065596,-4.939230923863192,-0.2195151888874988,-0.0174853020773753,-1.5198214903997496,-7.530998508273342,1000.0,-0.0086287814882553, Amensalism,COVID
SRR13077909.bin.23.fbc2XSRR13077909.bin.55.fbc2 ,-0.0489510130680628,-0.0489510130680628,17.527010438461843,-0.0009404613462038,-0.0734312219088906,0.0,-18.5383060794336,-91.9543993422352,-1.8357147154277984,-0.0815850217801426,-0.0064985879020014,949.0079827441745,-83.34703347954587,0.0,-0.0032069731904584,-0.1521280158913214,-0.1521280158913214,982.4729895615384,-0.0029227284512671,1000.0,-1000.0,1000.0,-60.78653316471173,-5.704961345988636,-0.2535466931522023,-0.0201960535986245,50.99201725582566,-916.652966520454,1000.0,-0.009966504018962, Amensalism,COVID
SRR13077909.bin.56.fbc2XSRR13077909.bin.14.fbc2 ,-0.1324262920639967,-0.1324262920639967,993.6733299399208,-0.0025442131039881,-1000.0,1000.0,183.9305025513925,-506.5128121995412,-4.9661258841215385,-0.2207104867733278,-0.0175805125487613,-1.5280971793104072,-7.572006087936643,-1000.0,-0.0086757666847461,-0.1245603564109387,-0.1245603564109387,6.326670060079096,-0.0023930904209237,999.8131474999316,-1000.0,406.6950706662774,579.1487960899503,-4.6711449853821705,-0.2076005940182312,-0.0165362548087841,549.2861810679615,-1.3441988894522865,1000.0,-0.0081604383354942, Amensalism,COVID
SRR13077909.bin.39.fbc2XSRR13077909.bin.63.fbc2 ,-0.0831738577364831,-0.0831738577364831,826.0693137353519,-0.0015979607634335,-694.4248771456955,1000.0,1000.0,178.33576096188608,-3.1191075529607133,-0.1386230962275476,-0.0110419088753133,999.55622167172,-713.7531985073601,-1000.0,-0.005449046203239,-0.0246640918999219,-0.0246640918999219,3.595979582903737,-0.0004738538309538,1000.0,-1000.0,0.0,-7.451057702018261,-0.924929508209516,-0.0411068198333168,-0.0032743299717594,0.443778328280132,-286.24680149263986,1000.0,-0.0016158415634208, Amensalism,COVID
SRR13077909.bin.20.fbc2XSRR13077909.bin.49.fbc2 ,-0.0885443422411071,-0.0885443422411071,7.764343647584269,-0.0017011401007493,-1000.0,1000.0,284.75269444354944,267.36577652316987,-3.320506396746054,-0.1475739037351786,-0.0117548780957577,-7.172823211770833,-253.80095948425333,-1000.0,-0.0058008877433621,-0.1817220917591839,-0.1817220917591839,16.945730527318347,-0.0034912985928485,999.2459021285332,0.0,0.0,-25.548583460399755,-6.814770462391948,-0.3028701529319733,-0.0241248732768326,682.3625730700967,-746.1990405157467,0.0,-0.0119053282016921, Neutralism,COVID
SRR13077909.bin.41.fbc2XSRR13077909.bin.42.fbc2 ,-0.0844000512486218,-0.0844000512486218,965.2614577920616,-0.0016215187559964,999.8733918155332,-1000.0,-520.9069637975111,271.67477274702924,-3.1650911053556,-0.1406667520810742,-0.0112046946038617,52.15937760834731,-113.19508221179422,1000.0,-0.0055293789579309,-0.0888657362410185,-0.0888657362410185,34.73854220793828,-0.0017073148172812,-1000.0,999.8666928590644,1000.0,-170.0733780340313,-3.3325590113515773,-0.1481095604016218,-0.0117975453875942,142.77862868272587,-886.8049177882058,-999.8666928590644,-0.005821943527053, Amensalism,COVID
SRR13077909.bin.9.fbc2XSRR13077909.bin.49.fbc2 ,-0.1525751311573913,-0.1525751311573913,983.141138820872,-0.0029313185621049,-1000.0,1000.0,355.9226089502208,1000.0,-5.721728640921356,-0.2542918852622051,-0.0202554112640882,997.2202012943744,-272.9516941516887,-1000.0,-0.0099957962967209,-0.1807905249767145,-0.1807905249767145,16.858861179127757,-0.003473401056226,1000.0,-36.42049828417373,644.0773910497792,0.0,-6.779835723686915,-0.3013175416278955,-0.0240012012985744,2.7797987056255806,-727.0483058483113,36.420498284173846,-0.0118442976017831, Neutralism,COVID
SRR13077909.bin.39.fbc2XSRR13077909.bin.67.fbc2 ,-0.0724770989188527,-0.0724770989188527,2.554744633188193,-0.0013924514681775,-0.4396700063796288,1000.0,525.8425788513975,831.2315779293995,-2.717967794288484,-0.1207951648648304,-0.0096218396450922,66.55504926673234,-628.9886754108343,-1000.0,-0.0047482595065275,-0.085099323528766,-0.085099323528766,997.4452553668118,-0.0016349533818811,1000.0,-1000.0,108.37928303786384,-985.4918060003264,-3.191314554763153,-0.1418322058812009,-0.0112975278690328,933.4449507332675,-0.1737628454300193,1000.0,-0.0055751910323351, Amensalism,COVID
SRR13077909.bin.42.fbc2XSRR13077909.bin.49.fbc2 ,-0.1302671740692176,-0.1302671740692176,983.1056459018272,-0.0025027314902672,-1000.0,999.8045867252386,123.95089098917902,-1000.0,-4.8851566778284905,-0.2171119567821051,-0.0172938745978399,500.1971927778095,-503.2364072266593,-999.8045867252388,-0.0085343143819045,-0.1811711428250646,-0.1811711428250646,16.894354098172585,-0.0034807135989467,999.7282258821942,-1000.0,0.0,967.985194937184,-6.794109295188719,-0.3019519047085168,-0.024051730968722,182.4829868879815,-496.7635927733407,1000.0,-0.0118692333724084, Neutralism,COVID
SRR13077909.bin.38.fbc2XSRR13077909.bin.66.fbc2 ,-0.0858457304065041,-0.0858457304065041,1000.0,-0.0016492935717451,-1000.0,999.8638673085924,96.37163743160544,-1000.0,-3.2193056013910564,-0.1430762173441735,-0.0113966185804201,1000.0,-0.2630417085150611,-999.8638673085926,-0.0056240910794258,0.0,0.0,0.0,0.0,1000.0,-1000.0,0.0,0.0,0.0,0.0,0.0,0.0,0.0,1000.0,0.0, Amensalism,COVID
SRR13077909.bin.63.fbc2XSRR13077909.bin.53.fbc2 ,0.0,0.0,0.0,0.0,1000.0,-1000.0,0.0,0.0,0.0,0.0,0.0,0.0,0.0,1000.0,0.0,-0.2217913953367087,-0.2217913953367087,1000.0,-0.0042611219084847,-1000.0,999.6672916013854,860.8588932931507,1000.0,-8.317411686831633,-0.3696523255612192,-0.0294443523875997,911.497009295369,-330.43668069236674,-999.6672916013854,-0.0145304257079033, Amensalism,COVID
SRR13077909.bin.55.fbc2XSRR13077909.bin.53.fbc2 ,-0.1014656768004442,-0.1014656768004442,620.0750158322032,-0.0019493886032933,1000.0,-1000.0,732.6857891389623,-22.97485597832008,-3.805070096389045,-0.1691094613340737,-0.0134702752486646,4.011298515914405,-608.7425116035108,1000.0,-0.0066474151371949,-0.1313067050875815,-0.1313067050875815,379.9249841677968,-0.0025227032678003,-1000.0,999.8030273288524,267.31421086103774,1000.0,-4.9241401894628325,-0.2188445084792647,-0.0174318795802719,-215.46099286026688,-391.2574883964892,-999.8030273288524,-0.0086024181431412, Competition,COVID
SRR13077909.bin.38.fbc2XSRR13077909.bin.14.fbc2 ,-0.0331129532379463,-0.0331129532379463,584.0380996939664,-0.0006361758547654,-1000.0,999.9474900449518,-161.13734066148925,-385.7269776213639,-1.2417707360945087,-0.0551882553965015,-0.0043959751560578,173.2165154405318,-0.101462096628893,-999.9474900449518,-0.0021693596645491,-0.1713394793202951,-0.1713394793202951,415.9619003060336,-0.0032918247708266,999.742974321896,-1000.0,541.8638186835569,-438.2892142473323,-6.425411524873084,-0.2855657988671964,-0.0227465091662679,826.7834845594682,-1.849017973759828,1000.0,-0.0112251224684314, Amensalism,COVID
SRR13077909.bin.39.fbc2XSRR13077909.bin.3.fbc2 ,-0.0837919855005111,-0.0837919855005111,12.83462658284759,-0.0016098364169465,-0.2337965428289408,1000.0,395.4587059998416,141.00031876028856,-3.1422879972740247,-0.1396533091675564,-0.0111239696409484,812.3405025618033,-326.4934297066128,-1000.0,-0.0054895421816354,-0.1845886389988891,-0.1845886389988891,987.1653734171524,-0.0035463715465766,1000.0,-1000.0,604.5412940001584,-589.9817309032819,-6.922269012894617,-0.3076477316648152,-0.0245054273867708,187.6594974381967,-673.5065702933872,1000.0,-0.0120931269738093, Neutralism,COVID
SRR13077909.bin.14.fbc2XSRR13077909.bin.49.fbc2 ,-0.1007754398717679,-0.1007754398717679,920.647422497456,-0.0019361275672054,-1000.0,999.8488271595544,107.10979163357796,-1000.0,-3.77918548220714,-0.1679590664529087,-0.0133786414892256,1000.0,-1.0875228544853144,-999.8488271595544,-0.0066021950041204,-0.1817220917591839,-0.1817220917591839,20.25425963885766,-0.0034912985928485,999.7273994058684,-1000.0,185.9138292228381,973.5077411545416,-6.814770462391948,-0.3028701529319733,-0.0241248732767189,-1.4984071677524753,-500.3029050659179,1000.0,-0.0119053282016921, Amensalism,COVID
SRR13077909.bin.66.fbc2XSRR13077909.bin.9.fbc2 ,-0.0841349046378354,-0.0841349046378354,985.061792453706,-0.001616424680833,-1000.0,999.8737895609196,-404.2438424477218,-1000.0,-3.155147827277005,-0.1402248410630591,-0.0111694945446743,17.273040053352133,-0.6382244064118368,-999.8737895609198,-0.005512008161645,-0.1271989048060504,-0.1271989048060504,14.938207546293938,-0.0024437829933958,1000.0,-1000.0,1000.0,1000.0,-4.770093338292668,-0.2119981746767507,-0.0168865404843927,982.726959946648,-274.9104171135318,1000.0,-0.0083333000075072, Amensalism,COVID
SRR13077909.bin.9.fbc2XSRR13077909.bin.53.fbc2 ,-0.1270639562326323,-0.1270639562326323,0.0,-0.0024411903215195,1000.0,-1000.0,172.92315672371024,1000.0,-4.76503262418953,-0.2117732603876447,-0.016868625121333,997.684994806246,-364.09592825588425,1000.0,-0.008324458996185,-0.2087279387035323,-0.2087279387035323,1000.0,-0.0040101429145806,-1000.0,999.68688804123,-732.5544909740562,0.0,-7.82751825924322,-0.3478798978392206,-0.0277100875397309,2.3150051937542457,-503.6622529913768,-999.68688804123,-0.0136745873386416, Amensalism,COVID
SRR13077909.bin.53.fbc2XSRR13077909.bin.49.fbc2 ,-0.2201004534763342,-0.2201004534763342,983.0542694726814,-0.0042286350332005,-1000.0,999.6698281766104,-809.7554605353458,499.2278195281797,-8.253999580290838,-0.3668340891273374,-0.0292198680791671,897.8401271611483,-335.6202456441499,-999.6698281766104,-0.0144196454631355,-0.1817220917591839,-0.1817220917591839,16.94573052731846,-0.0034912985928485,671.638585665557,0.330171823389719,520.2224079180546,301.7285611791883,-6.814770462391948,-0.3028701529319733,-0.0241248732768326,-1.4984071677523616,-664.3797543558501,-0.330171823389719,-0.0119053282016921, Neutralism,COVID
SRR13077909.bin.55.fbc2XSRR13077909.bin.30.fbc2 ,-0.0795515521174365,-0.0795515521174365,488.00626832749776,-0.001528367956098,1000.0,-1000.0,588.4353878605987,-19.692119377851785,-2.9832672646407445,-0.1325859201956518,-0.0105610225770078,-0.936645018246736,-474.8567253615976,1000.0,-0.0052117347304374,-0.1341075732628951,-0.1341075732628951,511.99373167250224,-0.0025765143758462,-1000.0,999.6258128171958,-808.7810598153562,-11.609722247282434,-5.029175705648754,-0.2235126221047494,-0.0178037143371057,517.7416260632999,-525.1432746384024,-999.6258128171957,-0.0087859140215869, Competition,COVID
SRR13077909.bin.9.fbc2XSRR13077909.bin.14.fbc2 ,-0.0976537378933244,-0.0976537378933244,249.60587819456487,-0.0018761525051331,-1000.0,1000.0,-1000.0,1000.0,-3.6621183593885007,-0.1627562298222074,-0.0129642138106191,206.1469342538653,-303.5059347939482,-1000.0,-0.0063976800425962,-0.17083164729911,-0.17083164729911,481.616661747385,-0.0032820681517478,999.7437361187108,-1000.0,1000.0,-744.3327778628262,-6.406367287463809,-0.2847194121651455,-0.0226790909287046,793.8530657461347,-1.843537680843156,1000.0,-0.0111918523974736, Amensalism,COVID
SRR13077909.bin.66.fbc2XSRR13077909.bin.53.fbc2 ,0.0,0.0,0.0,0.0,1000.0,-1000.0,0.0,0.0,0.0,0.0,0.0,0.0,0.0,1000.0,0.0,-0.2217913953367087,-0.2217913953367087,1000.0,-0.0042611219084847,-1000.0,999.6672916013854,1000.0,1000.0,-8.317411686831633,-0.3696523255612192,-0.0294443523875997,1000.0,-837.3569534451005,-999.6672916013854,-0.0145304257079033, Amensalism,COVID
SRR13077909.bin.23.fbc2XSRR13077909.bin.49.fbc2 ,-0.0689861005212151,-0.0689861005212151,983.0542694726817,-0.0013253813740448,-1000.0,999.8965142223116,-369.1947334696988,-228.96368124943365,-2.5870516655193114,-0.1149768342019115,-0.0091583852948815,1000.0,-503.6805851649194,-999.8965142223112,-0.004519550485611,-0.1817220917591839,-0.1817220917591839,16.945730527318347,-0.0034912985928485,999.7273994058684,-1000.0,176.08717074326705,973.969919262266,-6.814770462391948,-0.3028701529319733,-0.0241248732767189,0.0,-496.3194148350806,1000.0,-0.0119053282016921, Amensalism,COVID
SRR13077909.bin.56.fbc2XSRR13077909.bin.30.fbc2 ,-0.131390917236331,-0.131390917236331,985.2030361713004,-0.0025243211764518,1000.0,-1000.0,187.63501445117757,-498.1113298217821,-4.927298234027262,-0.2189848620605516,-0.0174430593295937,1.5226429956098857,-7.980310942884557,1000.0,-0.0086079352117849,-0.0900082819940735,-0.0900082819940735,14.796963828699631,-0.0017292657444158,-1000.0,999.7488587359462,-948.4959741713142,117.48556244135762,-3.375405684392604,-0.1500138033234179,-0.0119492262934954,998.47735700439,-537.7548806661265,-999.7488587359464,-0.0058967961882672, Amensalism,COVID
SRR13077909.bin.41.fbc2XSRR13077909.bin.53.fbc2 ,0.0,0.0,0.0,0.0,1000.0,-1000.0,0.0,0.0,0.0,0.0,0.0,0.0,0.0,1000.0,0.0,-0.2217913953367087,-0.2217913953367087,1000.0,-0.0042611219084847,-1000.0,999.6672916013854,1000.0,1000.0,-8.317411686831633,-0.3696523255612192,-0.0294443523875997,1000.0,-854.2035918624322,-999.6672916013854,-0.0145304257079033, Amensalism,COVID
SRR13077909.bin.39.fbc2XSRR13077909.bin.9.fbc2 ,-0.0502913557194233,-0.0502913557194233,186.63296250364192,-0.0009662124057285,-0.5718155488398224,1000.0,0.0,35.0508284925636,-1.8859789811590415,-0.083818926199001,-0.0066765277236982,9.52753788666564,-496.7465980095813,-1000.0,-0.0032947843036481,-0.1546456360667889,-0.1546456360667889,813.3670374963581,-0.0029710977149761,1000.0,-1000.0,1000.0,964.9491715074364,-5.799374762880461,-0.2577427267780194,-0.0205302852108388,990.4724621133344,-503.2534019904188,1000.0,-0.0101314432082517, Amensalism,COVID
SRR13077909.bin.41.fbc2XSRR13077909.bin.55.fbc2 ,0.0,0.0,0.0,0.0,-1000.0,1000.0,-666.6666666666666,1000.0,0.0,0.0,0.0,833.3333333333335,0.0,-1000.0,0.0,-0.1589998990862113,-0.1589998990862113,1000.0,-0.0030547531044931,1000.0,-1000.0,1000.0,-32.437720622860866,-5.962664227154392,-0.2649998318104281,-0.0211083439517096,129.13606251662168,-953.98280720803,1000.0,-0.0104167080861543, Amensalism,COVID
SRR13077909.bin.30.fbc2XSRR13077909.bin.20.fbc2 ,-0.1727946663049806,-0.1727946663049806,992.2356563524164,-0.0033197822536976,-1000.0,999.5178680232956,-1000.0,194.2598796881075,-6.479982574459314,-0.2879911105081874,-0.0229396953729974,1000.0,-811.2892262918822,-999.5178680232956,-0.0113204574851124,-0.0885443422411071,-0.0885443422411071,7.764343647583814,-0.0017011401007493,1000.0,-1000.0,406.1931000532695,-31.865254529854496,-3.320506396746054,-0.1475739037351786,-0.0117548780957577,-7.172823211770947,-188.7107737081178,1000.0,-0.0058008877433621, Neutralism,COVID
SRR13077909.bin.41.fbc2XSRR13077909.bin.66.fbc2 ,-0.0844000512486218,-0.0844000512486218,965.2614577920616,-0.0016215187559964,-1000.0,999.8733918155332,-526.740863977768,265.8408725667728,-3.1650911053556,-0.1406667520810742,-0.0112046946038617,52.15937760834731,-113.19508221179422,-999.8733918155332,-0.0055293789579309,-0.0029670462891999,-0.0029670462891999,34.73854220793828,-5.7003771189556574e-05,999.9955491455472,-1000.0,-48.66291880248457,-35.26617053894495,-0.1112673710520084,-0.0049450771487045,-0.0003938960587674,0.6093465146900598,-0.0226106170877073,1000.0,-0.0001943828597177, Amensalism,COVID
SRR13077909.bin.30.fbc2XSRR13077909.bin.14.fbc2 ,-0.1242222592837833,-0.1242222592837833,584.0330207906436,-0.0023865947989634,-1000.0,999.6533948373528,-348.258407693306,181.0950339898204,-4.658465985856765,-0.2070370988063814,-0.0164913700605211,173.20799322662788,-626.822499009745,-999.6533948373528,-0.0081382882642628,-0.1713939976817755,-0.1713939976817755,415.9669792093564,-0.0032928721936968,999.7428925391164,-1000.0,543.8180930468377,-438.9377757384266,-6.42745602103696,-0.2856566628029213,-0.0227537468583705,826.7920067733721,-1.849606311197931,1000.0,-0.011228694180545, Amensalism,COVID
SRR13077909.bin.55.fbc2XSRR13077909.bin.67.fbc2 ,-0.1589998990862113,-0.1589998990862113,1000.0,-0.0030547531044931,-1000.0,1000.0,1000.0,-32.43772062285984,-5.962664227154392,-0.2649998318104281,-0.0211083439517096,129.13606251662145,-953.98280720803,-1000.0,-0.0104167080861543,0.0,0.0,0.0,0.0,0.0,0.0,-1000.0,0.0,0.0,0.0,0.0,0.0,0.0,0.0,0.0, Amensalism,COVID
SRR13077909.bin.14.fbc2XSRR13077909.bin.53.fbc2 ,-0.1713939976817755,-0.1713939976817755,415.9669792093564,-0.0032928721936968,999.7428925391164,-1000.0,543.8180930468382,-438.9377757384259,-6.42745602103696,-0.2856566628029213,-0.0227537468583705,826.7920067733721,-1.8496063111978172,1000.0,-0.011228694180545,-0.1800656877840083,-0.1800656877840083,584.0330207906436,-0.0034594752696648,-1000.0,999.7298841709476,456.1819069531618,1000.0,-6.752653563041804,-0.3001094796401276,-0.0239049741130656,173.20799322662788,-525.5005313630359,-999.7298841709476,-0.0117968106694661, Amensalism,COVID
SRR13077909.bin.20.fbc2XSRR13077909.bin.14.fbc2 ,-0.0880196556599912,-0.0880196556599912,0.0995865037814383,-0.0016910596668822,-1000.0,1000.0,349.8573143040192,-27.020529244518,-3.300830095531865,-0.1466994260999854,-0.0116852222979559,-7.130319264117134,-340.38460683175595,-1000.0,-0.0057665134639819,-0.1579287631640227,-0.1579287631640227,678.0544623790961,-0.0030341741241954,999.7630916843832,-1000.0,650.1426856959808,-972.979470755482,-5.922495498227249,-0.2632146052733333,-0.0209661431981658,1000.0,-19.190014010361097,1000.0,-0.0103465337634816, Amensalism,COVID
SRR13077909.bin.39.fbc2XSRR13077909.bin.16.fbc2 ,-0.0825697344787386,-0.0825697344787386,32.03280822038391,-0.001586354168694,-260.72845340445974,1000.0,439.8500904524704,215.89043305579756,-3.0964522924316498,-0.1376162241311931,-0.010961707305455,997.5033693691616,-184.98648436993017,-1000.0,-0.0054094677151397,-0.1471812354257053,-0.1471812354257053,12.688952391738326,-0.0028276894414602,1000.0,-1000.0,-828.6100245441745,784.1095669442025,-5.519451851382655,-0.2453020590428423,-0.0195393340402461,2.496630630838468,-815.0135156300698,1000.0,-0.0096424209951919, Neutralism,COVID
SRR13077909.bin.23.fbc2XSRR13077909.bin.42.fbc2 ,-0.0586083255485618,-0.0586083255485618,0.0177457677357324,-0.001126000490899,999.9120818816746,-1000.0,-121.22154310926646,669.7916395201089,-2.1978741380972906,-0.0976805425808606,-0.0077806633917134,510.7564383171507,-486.6877810046497,1000.0,-0.0038396616737372,-0.131022058216331,-0.131022058216331,999.9822542322644,-0.0025172345478949,-1000.0,999.8034543265028,1000.0,-1000.0,-4.913465631013196,-0.2183700970272184,-0.0173940907257019,489.2435616828493,-513.3122189953503,-999.8034543265028,-0.0085837698081832, Amensalism,COVID
SRR13077909.bin.55.fbc2XSRR13077909.bin.56.fbc2 ,-0.1589998990862113,-0.1589998990862113,1000.0,-0.0030547531044931,-1000.0,1000.0,1000.0,-32.43772062286007,-5.962664227154392,-0.2649998318104281,-0.0211083439517096,116.28239459387372,-952.3760987176864,-1000.0,-0.0104167080861543,0.0,0.0,0.0,0.0,0.0,0.0,0.0,0.0,0.0,0.0,0.0,0.0,0.0,0.0,0.0, Amensalism,COVID
SRR13077909.bin.67.fbc2XSRR13077909.bin.53.fbc2 ,0.0,0.0,0.0,0.0,1000.0,-1000.0,-1000.0,0.0,0.0,0.0,0.0,0.0,0.0,1000.0,0.0,-0.2217913953367087,-0.2217913953367087,1000.0,-0.0042611219084847,-1000.0,999.6672916013854,0.0,925.8746737828868,-8.317411686831633,-0.3696523255612192,-0.0294443523875997,1000.0,-764.4823037929451,-999.6672916013854,-0.0145304257079033, Amensalism,COVID
SRR13077909.bin.38.fbc2XSRR13077909.bin.39.fbc2 ,-0.0845254485049054,-0.0845254485049054,997.4701236044056,-0.0016239279251522,-1000.0,999.8109910287894,581.9745517554115,-984.6495919123917,-3.169793634969324,-0.1408757475081756,-0.011221341962937,935.528286918513,-250.19715499966435,-999.8109910287895,-0.0055375942248474,-0.0724476182145963,-0.0724476182145963,2.5298763955944423,-0.0013918850761456,1000.0,-0.2021434696121105,25.806934237827814,832.9038486346135,-2.7168622367270245,-0.1207460303577363,-0.0096179258763413,64.471713081487,-749.8028450003357,0.2021434696121105,-0.0047463281097179, Amensalism,COVID
SRR13077909.bin.42.fbc2XSRR13077909.bin.16.fbc2 ,-0.1222665638401849,-0.1222665638401849,988.854973095014,-0.0023490213994818,-1000.0,999.8165884091328,-21.609966826271037,-1000.0,-4.585125340185527,-0.2037776064004219,-0.0162317378700436,601.8496503244137,-430.1628099551469,-999.8165884091328,-0.0080101629720275,-0.1292729910309162,-0.1292729910309162,11.145026904985912,-0.0024836309515876,1000.0,-1000.0,150.5361379512865,542.6934725068656,-4.847873763360099,-0.2154549850514513,-0.0171618898755241,2.192853648865139,-569.8371900448531,1000.0,-0.0084691815449104, Amensalism,COVID
SRR13077909.bin.23.fbc2XSRR13077909.bin.66.fbc2 ,-0.0589581083781922,-0.0589581083781922,14.938207546293713,-0.0011327206220812,-0.2730479332602726,1000.0,428.3281691485854,0.0,-2.210991363815765,-0.0982635139636158,-0.0078270994983995,66.4124907099881,-999.3617755935882,-1000.0,-0.0038625773212288,-0.0841349046378354,-0.0841349046378354,985.0617924537064,-0.001616424680833,999.8737895609196,-1000.0,-404.2438424477218,-1000.0,-3.155147827277005,-0.1402248410630591,-0.0111694945446743,17.273040053352133,-0.6382244064118368,1000.0,-0.005512008161645, Amensalism,COVID
SRR13077909.bin.55.fbc2XSRR13077909.bin.16.fbc2 ,-0.07260147538625,-0.07260147538625,987.342749425055,-0.0013948410256716,-1000.0,1000.0,1000.0,-14.811496038188352,-2.722632043242584,-0.1210024589771592,-0.0096383514874105,972.2968533994062,-430.57498264342144,-1000.0,-0.0047564078975028,-0.1292318134260313,-0.1292318134260313,12.65725057494501,-0.0024828398352383,0.0,0.0,0.0,542.5425749187657,-4.846329559666515,-0.2153863557100521,-0.0171564232617811,3.707928873893934,-569.4250173565786,0.0,-0.0084664838383332, Competition,COVID
SRR13077909.bin.23.fbc2XSRR13077909.bin.30.fbc2 ,-0.0431429063461337,-0.0431429063461337,0.0130630586746747,-0.0008288742814102,-1000.0,999.9352814961094,-361.5632957996784,1000.0,-1.6179045760635518,-0.071904843910147,-0.0057275212843705,47.8777545361404,-229.64239769936785,-999.9352814961096,-0.0028264612994917,-0.1713685154571749,-0.1713685154571749,999.9869369413254,-0.0032923826216801,0.0,-0.4781527281431863,-638.4367042003216,-267.29001102930874,-6.426500410689869,-0.2856141924287385,-0.0227503639156338,952.1222454638596,-770.3576023006322,0.4781527281431863,-0.01122702473981, Amensalism,COVID
SRR13077909.bin.39.fbc2XSRR13077909.bin.14.fbc2 ,-0.0739475320186784,-0.0739475320186784,165.72590190699793,-0.0014207018639353,0.266943463832149,999.297152522956,0.0,741.5825240201841,-2.773110589302746,-0.1232458866977594,-0.0098170498798708,55.51559205440572,-777.2285705224957,-999.2971525229558,-0.0048445933560969,-0.1779509130694805,-0.1779509130694805,565.806833182311,-0.0034188455921366,999.733056536168,-1000.0,1000.0,-938.8550781421908,-6.673347276613299,-0.2965848551158387,-0.0236242230414518,944.4844079455944,-1.920365569089768,1000.0,-0.011658263469144, Amensalism,COVID
SRR13077909.bin.23.fbc2XSRR13077909.bin.63.fbc2 ,-0.0689888340112929,-0.0689888340112929,993.790160287675,-0.0013254338906563,-1000.0,999.8965101218135,-369.36540010399176,-228.9416039073526,-2.5871541742873205,-0.1149813900187837,-0.0091587481847454,999.2336462922268,-505.6849699906424,-999.8965101218135,-0.0045197295672778,-0.0425920264056003,-0.0425920264056003,6.209839712325106,-0.0008182906129832,1000.0,-1000.0,32.71793598490558,-12.867112548921227,-1.5972459961928962,-0.0709867106759247,-0.0056543881356674,0.7663537077733054,-494.31503000935766,1000.0,-0.002790370990283, Amensalism,COVID
SRR13077909.bin.66.fbc2XSRR13077909.bin.67.fbc2 ,-0.037702153434111,-0.037702153434111,441.4214409702404,-0.0007243449266525,-1000.0,999.9434431481244,-181.14792473286047,-448.1154830609121,-1.4138705927488218,-0.0628369223901472,-0.0050052234433906,7.740316687438394,-0.2859982381804684,-999.9434431481244,-0.0024700162000499,-0.0476564074622274,-0.0476564074622274,558.5785590297596,-0.0009155890002148,1000.0,-1000.0,-818.8520752671395,-551.8845169390879,-1.7871656372306006,-0.0794273457704548,-0.0063267199916481,522.7377970958892,-0.0973087989450505,1000.0,-0.0031221584907825, Competition,COVID
SRR13077909.bin.41.fbc2XSRR13077909.bin.20.fbc2 ,-0.0844000512486218,-0.0844000512486218,965.261457792061,-0.0016215187559964,-1000.0,999.8733918155332,-244.10486586645607,39.73207407772293,-3.1650911053556,-0.1406667520810742,-0.0112046946038617,391.3225753419224,-0.1406829672686171,-999.8733918155332,-0.0055293789579309,-0.0885443422411071,-0.0885443422411071,7.764343647584383,-0.0017011401007493,1000.0,-1000.0,656.1916498313344,-531.862354085984,-3.320506396746054,-0.1475739037351786,-0.0117548780957577,-7.172823211770719,-313.7100485971498,1000.0,-0.0058008877433621, Neutralism,COVID
SRR13077909.bin.9.fbc2XSRR13077909.bin.67.fbc2 ,-0.1016803348828716,-0.1016803348828716,216.08173475480635,-0.0019535126779146,-1000.0,1000.0,278.6944932406718,1000.0,-3.81312000130697,-0.1694672248048618,-0.0134987726040662,257.4137274727891,-309.5131275680484,-1000.0,-0.0066614782315355,-0.0663914895346806,-0.0663914895346806,783.9182652451937,-0.0012755329400988,0.0,0.0,-911.615193269694,-766.9303774061905,-2.489751011862268,-0.110652482557839,-0.0088139326164764,712.9163576465717,-0.1355636408788996,0.0,-0.004349567325903, Competition,COVID
SRR13077909.bin.38.fbc2XSRR13077909.bin.63.fbc2 ,-0.0849118629438407,-0.0849118629438407,990.9689049889894,-0.0016313518336801,-1000.0,999.8653482196468,90.85719394048284,-989.1215619194286,-3.184284584743864,-0.14151977157303,-0.0112726411708763,999.9961856237431,-0.2601802255763914,-999.8653482196468,-0.005562909752939,-0.042742364729861,-0.042742364729861,9.031095011010734,-0.0008211789573806,1000.0,-1000.0,543.1724748640977,-10.878438080571414,-1.6028838422116678,-0.0712372745497305,-0.0056743465952422,0.0038143762568552,-500.0872748995867,1000.0,-0.0028002202445804, Neutralism,COVID
SRR13077909.bin.41.fbc2XSRR13077909.bin.9.fbc2 ,-0.0844000512486218,-0.0844000512486218,965.2614577920612,-0.0016215187559964,-1000.0,999.8733918155332,-249.232191050482,0.0,-3.1650911053556,-0.1406667520810742,-0.0112046946038617,52.159377608348,-113.19508221179352,-999.8733918155332,-0.0055293789579309,-0.125361265452284,-0.125361265452284,34.738542207938735,-0.0024084777223833,1000.0,-1000.0,-750.767808949518,1000.0,-4.701179920735967,-0.2089354424205112,-0.0166425810620012,907.391908619316,-397.4959977890369,1000.0,-0.0082129090334319, Amensalism,COVID
SRR13077909.bin.30.fbc2XSRR13077909.bin.49.fbc2 ,-0.1631478266074282,-0.1631478266074282,983.0542694726814,-0.0031344443152647,-1000.0,999.5447846521,-1000.0,-164.99880141724782,-6.118215892214494,-0.2719130443456379,-0.0216590102181726,1000.0,-503.68058516491953,-999.5447846521,-0.0106884551148596,-0.1817220917591839,-0.1817220917591839,16.94573052731846,-0.0034912985928485,0.0,-0.2726005941317453,176.08717074326728,973.969919262267,-6.814770462391948,-0.3028701529319733,-0.0241248732767189,0.0,-496.31941483508047,0.2726005941317453,-0.0119053282016921, Neutralism,COVID
SRR13077909.bin.38.fbc2XSRR13077909.bin.16.fbc2 ,-0.0858457304065041,-0.0858457304065041,986.985304214209,-0.0016492935717451,-1000.0,999.8638673085924,96.5208780770381,-1000.0,-3.2193056013910564,-0.1430762173441735,-0.0113966185804201,997.4253181945182,-0.2630417085150611,-999.8638673085926,-0.0056240910794258,-0.1507580109350783,-0.1507580109350783,13.014695785790876,-0.0028964075107751,1000.0,-1000.0,-552.9501985856701,832.3548947944664,-5.6535847124768,-0.2512633515583502,-0.020014175899405,2.574681805481873,-999.7369582914848,1000.0,-0.0098767496116352, Neutralism,COVID
SRR13077909.bin.42.fbc2XSRR13077909.bin.67.fbc2 ,-0.087618037100583,-0.087618037100583,14.565017778007018,-0.0016833436523029,-1000.0,999.868564527631,-107.07428430683548,-26.374535243325,-3.2857689751715498,-0.1460300618342671,-0.01163190463717,2.6887742450405767,-762.531226273377,-999.868564527631,-0.0057402018542234,-0.0840746396029317,-0.0840746396029317,985.4349822219928,-0.0016152668512177,1000.0,-1000.0,-892.9257156931645,-973.625464756675,-3.152887824787172,-0.1401243993382195,-0.0111614939414721,922.2053074910572,-0.1716705609413793,1000.0,-0.0055080599624943, Amensalism,COVID
SRR13077909.bin.55.fbc2XSRR13077909.bin.39.fbc2 ,-0.1381391352405216,-0.1381391352405216,846.4587561395808,-0.0026539699373415,-1000.0,1000.0,1000.0,-32.37947567230424,-5.180363539865766,-0.2302318920675361,-0.0183389322672837,5.017992009969248,-827.3423521304189,-1000.0,-0.0090500374864177,-0.0362160435001897,-0.0362160435001897,153.54124386041917,-0.0006957933429703,1000.0,-556.8470922605514,-714.5895067690026,-193.1780123834335,-1.358139899890375,-0.0603600725003161,-0.0048079319997214,994.9820079900308,-172.65764786958107,556.8470922605516,-0.0023726552993821, Competition,COVID
SRR13077909.bin.23.fbc2XSRR13077909.bin.67.fbc2 ,-0.0586083255485618,-0.0586083255485618,0.0177457677356187,-0.001126000490899,-1000.0,1000.0,441.4463082488298,-0.0787276344655083,-2.1978741380972906,-0.0976805425808606,-0.0077806633917134,52.57682227232567,-999.82579518932,-1000.0,-0.0038396616737372,-0.0853157733901071,-0.0853157733901071,999.9822542322644,-0.0016391118806495,1000.0,-1000.0,-891.3450545970818,-987.998401304965,-3.1994316532817493,-0.1421929556501027,-0.0113262630956114,935.8191650254612,-0.1742048106800666,1000.0,-0.0055893715131105, Amensalism,COVID
SRR13077909.bin.55.fbc2XSRR13077909.bin.3.fbc2 ,-0.1334752025431953,-0.1334752025431953,845.7133048712208,-0.0025643650824349,-1000.0,1000.0,808.2367683588166,-27.23040300689865,-5.00546113544749,-0.2224586709052118,-0.0177197627199348,122.5996156708036,-799.4885116540391,-1000.0,-0.0087444849312987,-0.1138189109079803,-0.1138189109079803,154.28669512877923,-0.0021867225918867,1000.0,-1000.0,191.76323164118344,-400.5599695015054,-4.268329428793095,-0.1896981848466339,-0.015110253109924,320.3572548940897,-200.51148834596088,1000.0,-0.0074567240383203, Competition,COVID
SRR13077909.bin.14.fbc2XSRR13077909.bin.16.fbc2 ,-0.1803359801965598,-0.1803359801965598,594.900480644623,-0.0034646682074708,-1000.0,999.729478706364,981.7103651409054,-1000.0,-6.76278981412338,-0.3005599669943422,-0.0239408573132777,1000.0,-1.9461041321113728,-999.729478706364,-0.0118145185873572,-0.1506823568029176,-0.1506823568029176,13.842801643126109,-0.0028949540211442,1000.0,-1000.0,-555.51065397056,834.0567978420474,-5.650747602582214,-0.2511372613382718,-0.0200041322864308,0.0,-998.0538958678886,1000.0,-0.0098717932122553, Neutralism,COVID
SRR13077909.bin.38.fbc2XSRR13077909.bin.56.fbc2 ,-0.000490443977128,-0.000490443977128,5.593548375635578,-9.422554740012856e-06,-1000.0,999.9992222623272,-4.925587941848221,-5.713095767567211,-0.0183921673833538,-0.0008174066285846,-6.510985360819177e-05,16.788006262277463,-0.001502779708062,-999.9992222623272,-3.2130911904459936e-05,-0.1325239947832415,-0.1325239947832415,994.4064516243644,-0.0025460901975975,1000.0,-1000.0,184.06620453290725,-506.886512000958,-4.969789839330588,-0.22087332463866,-0.0175934832651591,-1.5292245932646438,-7.577592634028406,1000.0,-0.0086821675737382, Amensalism,COVID
SRR13077909.bin.66.fbc2XSRR13077909.bin.49.fbc2 ,-0.0839634405166407,-0.0839634405166407,983.0542694726814,-0.0016131304614646,-1000.0,999.8740467735728,-920.2906278239376,-997.9620334517048,-3.1487177415500582,-0.1399390675277345,-0.0111467314883384,17.237838175536012,-0.636923726421287,-999.8740467735728,-0.0055007748734396,-0.1817220917591839,-0.1817220917591839,16.94573052731846,-0.0034912985928485,1000.0,-21.41836377975551,0.0,-2.0379665482952305,-6.814770462391948,-0.3028701529319733,-0.0241248732767189,670.6349186083166,-745.016464269512,21.41836377975551,-0.0119053282016921, Neutralism,COVID
SRR13077909.bin.66.fbc2XSRR13077909.bin.20.fbc2 ,-0.0841349046378354,-0.0841349046378354,985.0617924537062,-0.001616424680833,-1000.0,999.8737895609196,-404.2438424477221,-1000.0,-3.155147827277005,-0.1402248410630591,-0.0111694945446743,17.273040053352133,-0.6382244064118368,-999.8737895609198,-0.005512008161645,-0.0885443422411071,-0.0885443422411071,7.764343647584155,-0.0017011401007493,1000.0,-1000.0,485.3899387980218,0.0,-3.320506396746054,-0.1475739037351786,-0.0117548780957577,-7.172823211770833,-418.5681250998513,1000.0,-0.0058008877433621, Neutralism,COVID
SRR13077909.bin.67.fbc2XSRR13077909.bin.49.fbc2 ,-0.0838715236491225,-0.0838715236491225,983.0542694726814,-0.0016113645273208,-1000.0,1000.0,-893.184396497451,-971.2732826251104,-3.145270761889037,-0.1397858727484617,-0.0111345288840993,919.9773513370384,-0.1712558219677475,-1000.0,-0.005494753038306,-0.1817220917591839,-0.1817220917591839,16.945730527318574,-0.0034912985928485,1000.0,-1000.0,96.20082237737142,976.5436696719472,-6.814770462391948,-0.3028701529319733,-0.0241248732767189,80.0226486629615,-497.8107404855203,1000.0,-0.0119053282016921, Neutralism,COVID
SRR13077909.bin.63.fbc2XSRR13077909.bin.49.fbc2 ,-0.0428557283005375,-0.0428557283005375,5.927688245201807,-0.0008233569318463,-1000.0,1000.0,538.7912494489815,-13.267375993466205,-1.6071350959010715,-0.0714262138342292,-0.0056893963987931,1.0916971894514518,-497.37550449523553,-1000.0,-0.0028076471375015,-0.1817220917591839,-0.1817220917591839,18.652607013271904,-0.0034912985928485,999.7273994058684,-1000.0,0.0,976.8162702660802,-6.814770462391948,-0.3028701529319733,-0.0241248732767189,186.01707468067093,-500.3029050659179,1000.0,-0.0119053282016921, Neutralism,COVID
SRR13077909.bin.66.fbc2XSRR13077909.bin.42.fbc2 ,-0.0832577650281791,-0.0832577650281791,974.7921342206192,-0.0015995728151665,999.8751053545936,-1000.0,-400.0294407354935,-989.5746050534592,-3.1222541650628277,-0.1387629417137077,-0.0110530481526893,17.092961788868365,-0.631570664910555,1000.0,-0.0054545432996064,-0.0872689281125076,-0.0872689281125076,25.20786577938065,-0.0016766364670957,-1000.0,999.869088224649,-390.88400578399273,-10.425394946540903,-3.2726770192241474,-0.1454482135208081,-0.0115855579877006,7.482620836032879,-766.3313289095387,-999.869088224649,-0.0057173303528088, Amensalism,COVID
SRR13077909.bin.16.fbc2XSRR13077909.bin.67.fbc2 ,-0.150383304072875,-0.150383304072875,7.708769513532843,-0.0028892085316556,0.0,0.0,-545.3840415745652,829.4013805505122,-5.639532809202024,-0.2506388401214963,-0.0199644309537916,4.303028280583362,-999.827135026432,0.0,-0.00985220109294,-0.0846595961066896,-0.0846595961066896,992.2912304864672,-0.0016265052086055,-1000.0,1000.0,-454.6159584254348,-987.9194826784204,-3.17482431178712,-0.1410993268444826,-0.0112391509912868,943.6615006520924,-0.1728649735680392,-1000.0,-0.0055463827612811, Neutralism,COVID
SRR13077909.bin.41.fbc2XSRR13077909.bin.67.fbc2 ,-0.0844000512486218,-0.0844000512486218,965.261457792061,-0.0016215187559964,-1000.0,999.8733918155332,-3.774581389825244,-42.440661894193,-3.1650911053556,-0.1406667520810742,-0.0112046946038617,928.0344456593648,-0.1406829672686171,-999.8733918155332,-0.0055293789579309,-0.0029637981897394,-0.0029637981897394,34.73854220793896,-5.6941367688523314e-05,1000.0,-1000.0,-996.2254186101748,-34.58549425076035,-0.1111455638922507,-0.0049396636496794,-0.0003934648509584,33.03609249306669,-0.0060517285612604,1000.0,-0.0001941700638781, Amensalism,COVID
SRR13077909.bin.23.fbc2XSRR13077909.bin.41.fbc2 ,-0.0594222908672463,-0.0594222908672463,34.738542207938735,-0.0011416386333849,0.1266081844667042,999.5987066523444,416.6074883826918,-271.67477274702844,-2.228398697644593,-0.0990371514453727,-0.0078887229566362,347.9287361210306,-999.8593170327314,-999.5987066523444,-0.0038929877398459,-0.0844000512486218,-0.0844000512486218,965.2614577920612,-0.0016215187559964,999.8733918155332,-1000.0,583.3925116173082,-728.3252272529716,-3.1650911053556,-0.1406667520810742,-0.0112046946038617,652.0712638789694,-0.1406829672686171,1000.0,-0.0055293789579309, Amensalism,COVID
SRR13077909.bin.23.fbc2XSRR13077909.bin.9.fbc2 ,-0.0049325171349892,-0.0049325171349892,0.0014934960624941,-9.476497859850495e-05,0.0,584.4199609586517,538.2375167584055,-1000.0,-0.1849746046356131,-0.0082208618916865,-0.0006548260020053,2.0657846109697857,-470.1484877132424,-584.4199609586516,-0.0003231485769674,-0.1573126216777609,-0.1573126216777609,999.9985065039376,-0.0030223366316022,1000.0,-1000.0,461.7624832415945,1000.0,-5.899389541431901,-0.2621877027962682,-0.020884346124717,991.0892146855168,-529.8515122867576,1000.0,-0.0103061679139955, Amensalism,COVID
SRR13077909.bin.38.fbc2XSRR13077909.bin.55.fbc2 ,0.0,0.0,0.0,0.0,-1000.0,1000.0,0.0,0.0,0.0,0.0,0.0,0.0,0.0,-1000.0,0.0,-0.1589998990862113,-0.1589998990862113,1000.0,-0.0030547531044931,1000.0,-1000.0,1000.0,-32.43772062286064,-5.962664227154392,-0.2649998318104281,-0.0211083439517096,129.1360625166219,-953.98280720803,1000.0,-0.0104167080861543, Amensalism,COVID
SRR13077909.bin.30.fbc2XSRR13077909.bin.42.fbc2 ,-0.1631214094344386,-0.1631214094344386,988.8481792190018,-0.0031339367807277,-1000.0,999.5448583613417,-1000.0,-152.49308592427872,-6.1172252203164135,-0.2718690157241781,-0.021655503154534,969.7599343964816,-500.271900355092,-999.5448583613417,-0.0106867244221575,-0.0876038008009345,-0.0876038008009345,11.151820780998264,-0.0016830701403023,0.0,-0.1314141165521505,0.0,-45.76783291874506,-3.285235098893054,-0.1460063346681863,-0.0116300146692083,30.24006560351836,-499.728099644908,0.1314141165521505,-0.0057392691783206, Amensalism,COVID
SRR13077909.bin.55.fbc2XSRR13077909.bin.66.fbc2 ,-0.1589998990862113,-0.1589998990862113,1000.0,-0.0030547531044931,-1000.0,1000.0,1000.0,-32.43772062285984,-5.962664227154392,-0.2649998318104281,-0.0211083439517096,129.13606251662168,-953.98280720803,-1000.0,-0.0104167080861543,0.0,0.0,0.0,0.0,1000.0,-1000.0,0.0,0.0,0.0,0.0,0.0,0.0,0.0,1000.0,0.0, Amensalism,COVID
SRR13077909.bin.30.fbc2XSRR13077909.bin.3.fbc2 ,-0.1544556856980534,-0.1544556856980534,835.6134163618608,-0.002967448332356,-1000.0,999.569037478695,25.26312803536712,-354.3428445221381,-5.792251423335301,-0.257426142830127,-0.0205050679763871,879.2045305679421,-500.2574558173134,-999.569037478695,-0.0101189988132546,-0.1456930953561368,-0.1456930953561368,164.3865836381392,-0.0027990988540977,1000.0,-1000.0,538.1323804816213,-253.47591134570928,-5.463645026294103,-0.2428218255936371,-0.0193417730819192,120.79546943205789,-499.7425441826866,1000.0,-0.00954492709252, Competition,COVID
SRR13077909.bin.38.fbc2XSRR13077909.bin.3.fbc2 ,-0.0703277716231696,-0.0703277716231696,802.0932278907635,-0.0013511579562646,-1000.0,999.8884754222904,0.0,-819.2358620544455,-2.637365749556011,-0.1172129527052447,-0.0093365014777191,1000.0,-0.2154928045484894,-999.8884754222904,-0.0046074486308498,-0.176885318149516,-0.176885318149516,197.9067721092365,-0.0033983730672844,1000.0,-1000.0,1000.0,-180.76413794555447,-6.633386341127334,-0.2948088635826025,-0.0234827578946124,-13.961264202274831,-999.7845071954516,1000.0,-0.0115884521592306, Amensalism,COVID
SRR13077909.bin.39.fbc2XSRR13077909.bin.56.fbc2 ,-0.0851373670152497,-0.0851373670152497,5.593548375635578,-0.0016356842846789,0.0,999.39268089195,61.35998041639005,47.44434932427521,-3.192741225709028,-0.1418956116921208,-0.0113025784067986,1000.0,-250.023834536736,-999.39268089195,-0.0055776834105927,-0.1325239947832415,-0.1325239947832415,994.4064516243644,-0.0025460901975975,1000.0,-1000.0,184.0662045329077,-506.8865120009583,-4.969789839330588,-0.22087332463866,-0.0175934832651591,-1.5292245932646438,-7.577592634028406,1000.0,-0.0086821675737382, Neutralism,COVID
SRR13077909.bin.38.fbc2XSRR13077909.bin.49.fbc2 ,-0.0858457304065041,-0.0858457304065041,983.0682437148946,-0.0016492935717451,-1000.0,999.8638673085924,613.3033937167106,-1000.0,-3.2193056013910564,-0.1430762173441735,-0.0113966185804201,1000.0,-250.26304170851503,-999.8638673085926,-0.0056240910794258,-0.181572235220301,-0.181572235220301,16.931756285105394,-0.0034884195047197,0.0,-0.2723757949279388,180.803444894741,972.3420913129894,-6.809150683833877,-0.302620392033873,-0.0241049787775864,0.0,-494.6731564461158,0.2723757949279388,-0.0118955105110671, Neutralism,COVID
SRR13077909.bin.23.fbc2XSRR13077909.bin.56.fbc2 ,-0.0587390400024787,-0.0587390400024787,5.593548375635578,-0.0011285118156365,-0.5336624503731855,1000.0,242.14216568879897,-493.1134879990421,-2.202776068242315,-0.0978984000040554,-0.0077980166458928,942.3354930568596,-958.3054325124806,-1000.0,-0.0038482252912217,-0.1325239947832415,-0.1325239947832415,994.4064516243644,-0.0025460901975975,1000.0,-1000.0,184.06620453290748,-506.886512000958,-4.969789839330588,-0.22087332463866,-0.0175934832651591,-1.5292245932646438,-7.577592634028406,1000.0,-0.0086821675737382, Amensalism,COVID
SRR13077909.bin.16.fbc2XSRR13077909.bin.49.fbc2 ,-0.1292729910309162,-0.1292729910309162,11.145026904985684,-0.0024836309515876,-1000.0,1000.0,-349.4638620487134,542.6934725068666,-4.847873763360099,-0.2154549850514513,-0.0171618898755241,2.1928536488655936,-569.8371900448533,-1000.0,-0.0084691815449104,-0.1674662338083408,-0.1674662338083408,15.616360361414875,-0.0032174108320077,1000.0,-638.4431552123367,-154.55675949750434,457.30652749313344,-6.280160725409587,-0.279110389680568,-0.0222323088495386,346.8417650646327,-430.1628099551467,638.4431552123367,-0.0109713709373409, Amensalism,COVID
SRR13077909.bin.56.fbc2XSRR13077909.bin.67.fbc2 ,-0.1325239947832415,-0.1325239947832415,994.4064516243644,-0.0025460901975975,-1000.0,1000.0,184.06620453290725,-506.8865120009581,-4.969789839330588,-0.22087332463866,-0.0175934832651591,-1.5292245932646438,-7.577592634028406,-1000.0,-0.0086821675737382,-0.0004772263744143,-0.0004772263744143,5.593548375635578,-9.168614269583486e-06,0.0,0.0,-999.3922225211586,-5.568904821304727,-0.0178964933141969,-0.0007953772907285,-6.335512478017336e-05,5.31942245577909,-0.0009744403280365,0.0,-3.126497472294432e-05, Amensalism,COVID
SRR13077909.bin.41.fbc2XSRR13077909.bin.30.fbc2 ,0.0,0.0,0.0,0.0,-1000.0,1000.0,-120.14032848489558,120.14032848489568,0.0,0.0,0.0,0.0,0.0,-1000.0,0.0,-0.1775946060679416,-0.1775946060679416,1000.0,-0.0034120001165547,0.0,-0.4955247769308926,-879.8596715151044,5.359876863133422,-6.659985387555025,-0.2959910101133118,-0.0235769208055671,1000.0,-958.7518422481536,0.4955247769308926,-0.0116349203975687, Amensalism,COVID
SRR13077909.bin.39.fbc2XSRR13077909.bin.30.fbc2 ,-0.0757009683929936,-0.0757009683929936,2.6683827804089333,-0.0014543894023972,-47.080972408861385,1000.0,-481.3474039236555,631.8489409965007,-2.838866306153932,-0.1261682806549515,-0.0100498307702991,336.7640094052613,-495.75562430241393,-1000.0,-0.0049594678620223,-0.1547409284742116,-0.1547409284742116,997.331617219591,-0.0029729285009807,-0.4317584061922161,0.0,324.38708129641054,-434.8601246944327,-5.802948328848515,-0.2579015474569814,-0.0205429359415347,663.2359905947387,-504.24437569758607,0.0,-0.0101376861882727, Competition,COVID
SRR13077909.bin.38.fbc2XSRR13077909.bin.20.fbc2 ,-0.0858457304065041,-0.0858457304065041,992.235656352416,-0.0016492935717451,-1000.0,999.8638673085924,87.35617000465459,-1000.0,-3.2193056013910564,-0.1430762173441735,-0.0113966185804201,1000.0,-0.2630417085150611,-999.8638673085926,-0.0056240910794258,-0.0885443422411071,-0.0885443422411071,7.764343647583928,-0.0017011401007493,1000.0,-1000.0,384.4523767473252,0.0,-3.3205063967461683,-0.1475739037351786,-0.0117548780957577,-7.172823211770833,-397.104617020118,1000.0,-0.0058008877433621, Neutralism,COVID
SRR13077909.bin.42.fbc2XSRR13077909.bin.14.fbc2 ,-0.1087492670556002,-0.1087492670556002,497.3249003899957,-0.0020893230941965,-1000.0,999.836865652801,351.85745461051374,-284.46323907544934,-4.078212427356448,-0.1812487784260383,-0.0144372225812503,0.0,-503.7464697064517,-999.8368656528012,-0.0071245917513351,-0.1783354056901771,-0.1783354056901771,502.6750996100043,-0.0034262325781355,999.732479760302,-1000.0,648.1425453894863,-407.8282146964741,-6.687766156174234,-0.2972256761503331,-0.0236752671146405,1000.0,-1.9245148391195244,1000.0,-0.0116834530913365, Amensalism,COVID
SRR13077909.bin.30.fbc2XSRR13077909.bin.16.fbc2 ,-0.1531349660867818,-0.1531349660867818,993.5743892702216,-0.0029420742763477,-1000.0,999.572722552838,-1000.0,-157.8703495884928,-5.742723042339776,-0.2552249434779696,-0.0203297332499232,996.4137619017006,-450.24878017354274,-999.572722552838,-0.0100324732825356,-0.1253748328513211,-0.1253748328513211,6.425610729778327,-0.0024087383833375,1000.0,-1000.0,0.0,524.1774396680853,-4.701688712535656,-0.2089580547522018,-0.0166443822287192,3.5862380982993045,-549.7512198264573,1000.0,-0.0082137978870378, Competition,COVID
SRR13077909.bin.3.fbc2XSRR13077909.bin.14.fbc2 ,-0.1787001353476398,-0.1787001353476398,477.8980921187915,-0.0034332398721517,-1000.0,1000.0,426.9941458660371,31.004867619162724,-6.701443903729,-0.2978335589126573,-0.0237236875168491,0.0,-844.7719914676219,-1000.0,-0.0117073479641476,-0.1790968744588781,-0.1790968744588781,522.1019078812085,-0.0034408621413604,999.731337484001,-1000.0,573.0058541339629,-694.2362513088154,-6.71632203962497,-0.2984947907647211,-0.0237763573969687,1000.0,-1.9327322648133527,1000.0,-0.0117333399020935, Neutralism,COVID
SRR13077909.bin.9.fbc2XSRR13077909.bin.20.fbc2 ,-0.160980158213988,-0.160980158213988,992.235656352416,-0.0030927984287245,-1000.0,1000.0,-247.7813969692553,1000.0,-6.03692603693662,-0.2683002636898663,-0.0213712371423753,997.0670683220774,-526.3309174634992,-1000.0,-0.0105464426418393,-0.0885443422411071,-0.0885443422411071,7.764343647583928,-0.0017011401007493,0.0,0.0,384.4523767473254,0.0,-3.320506396746054,-0.1475739037351786,-0.0117548780957577,-7.172823211770833,-397.104617020118,0.0,-0.0058008877433621, Neutralism,COVID
SRR13077909.bin.20.fbc2XSRR13077909.bin.53.fbc2 ,-0.0880196556599912,-0.0880196556599912,0.0995865037820067,-0.0016910596668822,1000.0,-1000.0,836.3470496817606,-1000.0,-3.300830095531865,-0.1466994260999854,-0.0116852222979559,-7.1303192641167925,-583.6294745206258,1000.0,-0.0057665134639819,-0.2217825603648862,-0.2217825603648862,999.900413496218,-0.0042609521683516,-1000.0,999.6673048546918,0.0,353.2761922264176,-8.317080366051414,-0.3696376006081436,-0.0294431794835645,1000.0,-416.37052547937424,-999.667304854692,-0.0145298468942201, Neutralism,COVID
SRR13077909.bin.16.fbc2XSRR13077909.bin.53.fbc2 ,-0.141622192149839,-0.141622192149839,3.7737620677063433,-0.0027208874572579,1000.0,-1000.0,161.4347423029003,715.3572243392887,-5.310981854428405,-0.2360369869163605,-0.0188013323296445,7.535525021725107,-742.5028450806187,1000.0,-0.0092782262291848,-0.2214402270886921,-0.2214402270886921,996.2262379322938,-0.0042543751602579,-1000.0,999.667818387491,-186.3852358418856,284.6427756607113,-8.304242506459786,-0.3690670451478581,-0.0293977323569833,919.1990739067098,-257.4971549193813,-999.6678183874913,-0.0145074192962511, Neutralism,COVID
SRR13077909.bin.38.fbc2XSRR13077909.bin.30.fbc2 ,0.0,0.0,0.0,0.0,-1000.0,1000.0,0.0,0.0,0.0,0.0,0.0,0.0,0.0,-1000.0,0.0,-0.1775946060679416,-0.1775946060679416,1000.0,-0.0034120001165547,0.0,-0.4955247769308926,-800.0360553160642,-7.629016167330974,-6.659985387555025,-0.2959910101133118,-0.0235769208055671,1000.0,-1000.0,0.4955247769308926,-0.0116349203975687, Amensalism,COVID
SRR13077909.bin.56.fbc2XSRR13077909.bin.20.fbc2 ,-0.1325239947832415,-0.1325239947832415,994.4064516243644,-0.0025460901975975,0.0,0.0,184.0662045329068,-506.8865120009581,-4.969789839330588,-0.22087332463866,-0.0175934832651591,-1.5292245932646438,-7.577592634028406,0.0,-0.0086821675737382,-0.0883957416881457,-0.0883957416881457,5.593548375635692,-0.0016982851428792,-1000.0,1000.0,591.9268092328016,-493.1134879990419,-3.314933718989437,-0.1473262361469096,-0.011735150337472,-7.160785339353765,-464.2186584502642,-1000.0,-0.0057911523373377, Neutralism,COVID
SRR13077909.bin.9.fbc2XSRR13077909.bin.42.fbc2 ,-0.1293490456077961,-0.1293490456077961,50.35567340844455,-0.0024850921346342,1000.0,-1000.0,-773.611359030285,1000.0,-4.850725890359172,-0.2155817426796602,-0.0171719866502826,997.6433622778038,-281.8793322273725,1000.0,-0.0084741641791197,-0.1282731030688637,-0.1282731030688637,949.6443265915556,-0.0024644208082236,-1000.0,999.8075780232924,1000.0,-526.1513262850336,-4.810376908227113,-0.213788505114735,-0.0170291477849104,-1.5004133206805363,-718.1206677726275,-999.8075780232926,-0.0084036749560709, Amensalism,COVID
SRR13077909.bin.23.fbc2XSRR13077909.bin.14.fbc2 ,-0.0586081225394536,-0.0586081225394536,405.3972902952317,-0.001125996590531,-1000.0,1000.0,16.240688239179235,530.14472329142,-2.197866525041377,-0.097680204232347,-0.0077806364408843,1.1372565564809065,-821.4392651819729,-1000.0,-0.0038396483738551,-0.1802921973062439,-0.1802921973062439,594.6027097047684,-0.0034638270375353,999.7295443849056,-1000.0,983.7593117608208,-1000.0,-6.761147909470878,-0.3004869955103686,-0.0239350448297273,998.8627434435192,-1.9456316470104864,1000.0,-0.011811650198183, Amensalism,COVID
SRR13077909.bin.39.fbc2XSRR13077909.bin.42.fbc2 ,-0.0851004720207129,-0.0851004720207129,2.999705802518065,-0.001634975447132,1000.0,-57.39373665103676,584.1002839658076,60.85725228838328,-3.191357624425109,-0.1418341200344457,-0.0112976803393394,964.168401293867,-235.82533102775687,57.39373665103676,-0.0055752662746044,-0.1235820007532311,-0.1235820007532311,997.000294197482,-0.002374293962589,-1000.0,999.8146151274004,284.02548069506497,-547.9574352743826,-4.6344556144134685,-0.2059700012553094,-0.016406371281505,22.64770204128717,-764.1746689722431,-999.8146151274004,-0.0080963424125002, Neutralism,COVID
SRR13077909.bin.66.fbc2XSRR13077909.bin.16.fbc2 ,-0.0841349046378354,-0.0841349046378354,985.0617924537056,-0.001616424680833,-1000.0,999.8737895609196,-404.2438424477223,-1000.0,-3.155147827277005,-0.1402248410630591,-0.0111694945446743,17.273040053352133,-0.6382244064118368,-999.8737895609198,-0.005512008161645,-0.1507580109350783,-0.1507580109350783,13.014695785790536,-0.0028964075107751,1000.0,-1000.0,-595.7561575522777,888.8417785472627,-5.6535847124768,-0.2512633515583502,-0.020014175899405,2.574681805483124,-978.3339788081814,1000.0,-0.0098767496116352, Neutralism,COVID
SRR13077909.bin.38.fbc2XSRR13077909.bin.53.fbc2 ,0.0,0.0,0.0,0.0,1000.0,-1000.0,68.43367111431348,-45.62244740954225,0.0,0.0,0.0,91.2448948190845,-11.405611852385618,1000.0,0.0,-0.2217913953367087,-0.2217913953367087,1000.0,-0.0042611219084847,-1000.0,999.6672916013854,931.5663288856864,1000.0,-8.317411686831633,-0.3696523255612192,-0.0294443523875997,908.7551051809156,-676.5338453733201,-999.6672916013854,-0.0145304257079033, Amensalism,COVID
SRR13077909.bin.42.fbc2XSRR13077909.bin.53.fbc2 ,-0.0873027600233626,-0.0873027600233626,4.107204889999252,-0.0016772864557879,-1000.0,999.8690374735328,1000.0,-128.74721314344424,-3.273945751632027,-0.1455046000389757,-0.0115900494093921,125.24331141872426,-500.14739154730177,-999.8690374735328,-0.0057195468142481,-0.2214270182553264,-0.2214270182553264,995.8927951100007,-0.0042541213881577,0.0,-0.3321617979898974,-141.42611713588246,956.2280688004917,-8.303747161250726,-0.3690450304255819,-0.0293959787924222,874.7566885812757,-499.85260845269823,0.3321617979898974,-0.0145065539337565, Amensalism,COVID
SRR13077909.bin.41.fbc2XSRR13077909.bin.3.fbc2 ,-0.0701317207142437,-0.0701317207142437,802.0782685858064,-0.0013473913681991,-1000.0,999.8947956819718,-664.5284109432143,394.8024832788144,-2.6300136333080677,-0.1168862011903684,-0.0093104743541516,168.59736572404518,-0.1168996751040367,-999.8947956819718,-0.0045946045655682,-0.1761933054666542,-0.1761933054666542,197.9217314141936,-0.0033850779147996,0.0,0.0,617.4130547779673,242.2168550310546,-6.607435134283719,-0.2936555091110904,-0.0233908883914182,-22.12161957649573,-890.851841665435,0.0,-0.0115431156895056, Amensalism,COVID
SRR13077909.bin.55.fbc2XSRR13077909.bin.42.fbc2 ,-0.1297866915205077,-0.1297866915205077,801.1695065058623,-0.0024935003174277,1000.0,-1000.0,1000.0,-32.12728042448293,-4.867138074537934,-0.2163111525342174,-0.0172300871931838,-11.523113276780236,-769.721305957821,1000.0,-0.0085028360823571,-0.0645624682931611,-0.0645624682931611,198.83049349413773,-0.0012403932429378,-1000.0,999.903150095594,0.0,-739.3451789585185,-2.4211607826239288,-0.1076041138220489,-0.0085711173085201,1000.0,-230.27869404217904,-999.903150095594,-0.0042297409582943, Competition,COVID
SRR13077909.bin.3.fbc2XSRR13077909.bin.16.fbc2 ,-0.1550500853339826,-0.1550500853339826,989.8374660140264,-0.0029788681140416,-1000.0,1000.0,888.9751202831239,-996.6393166978428,-5.814542037769911,-0.2584168088899332,-0.020583978667787,323.41602243588864,-485.5613525679042,-1000.0,-0.0101579402687548,-0.1177194945622659,-0.1177194945622659,10.162533985973596,-0.0022616617591211,1000.0,-1000.0,111.02487971687606,386.96569092750383,-4.414605437482123,-0.1961991576038144,-0.0156280827554837,2.010442025072166,-514.4386474320958,1000.0,-0.0077122665985598, Competition,COVID
SRR13077909.bin.23.fbc2XSRR13077909.bin.39.fbc2 ,-0.0647502461770272,-0.0647502461770272,986.5069341754312,-0.0012440008871408,-1000.0,999.9028684107302,-522.6758805101917,783.2173023377973,-2.428202651686206,-0.1079170769617121,-0.0085960461302647,270.9244269277974,-637.8420727130117,-999.90286841073,-0.004242043025215,-0.0825553533151151,-0.0825553533151151,13.493065824568816,-0.0015860778735259,1000.0,-0.3138807491400257,607.2085672881944,216.78269766220276,-3.0959129835998738,-0.1375922555251918,-0.0109597981057731,729.0755730722026,-362.1579272869883,0.3138807491400257,-0.005408525548546, Amensalism,COVID
SRR13077909.bin.56.fbc2XSRR13077909.bin.66.fbc2 ,-0.1325239947832415,-0.1325239947832415,994.4064516243644,-0.0025460901975975,-1000.0,1000.0,184.06620453290816,-506.8865120009584,-4.969789839330588,-0.22087332463866,-0.0175934832651591,-1.5292245932646438,-7.577592634028406,-1000.0,-0.0086821675737382,-0.0004777493785468,-0.0004777493785468,5.593548375635692,-9.178662367048672e-06,999.9992833300388,-1000.0,-7.835530865782857,-5.678373091400204,-0.0179161065218522,-0.0007962489642068,-6.342455731100927e-05,0.0980827658456746,-0.0036240762956367,1000.0,-3.1299238798965234e-05, Amensalism,COVID
SRR13077909.bin.56.fbc2XSRR13077909.bin.63.fbc2 ,-0.1325025293363069,-0.1325025293363069,994.1643965735182,-0.002545677797002,-1000.0,1000.0,184.6302954005705,-506.2914917502883,-4.968984862390812,-0.2208375488938827,-0.0175906335775835,-1.1780331445573893,-7.630356607506087,-1000.0,-0.0086807612879056,-0.0421899777062435,-0.0421899777062435,5.835603426481839,-0.000810566334394,0.0,0.0,522.6539460118856,-13.06127137684132,-1.5821687451344817,-0.0703166295104438,-0.0056010133707786,1.0747380084638962,-489.6489285903308,0.0,-0.0027640312003995, Neutralism,COVID
SRR13077909.bin.23.fbc2XSRR13077909.bin.3.fbc2 ,-0.0348417187935865,-0.0348417187935865,312.10730514153875,-0.0006693894100635,-1000.0,999.9477340748626,-176.29836992236494,-20.503365068145285,-1.3066012711784651,-0.0580695313227579,-0.0046254808235062,556.2725179289519,-282.5463653007089,-999.9477340748624,-0.0022826178883406,-0.173695729118549,-0.173695729118549,687.8926948584613,-0.0033370937391055,0.0,0.0,980.9784168119216,-979.4966349318548,-6.513773382102386,-0.2894928818642484,-0.0230593177369655,69.86957755273897,-717.4536346992911,0.0,-0.0113794896502668, Amensalism,COVID
SRR13077909.bin.30.fbc2XSRR13077909.bin.63.fbc2 ,-0.1637997583238757,-0.1637997583238757,994.1180674677552,-0.0031469694202996,-1000.0,999.5429656310976,-1000.0,-440.1171686210646,-6.142664020462689,-0.2729995972064216,-0.0217455586938513,998.9167296004152,-506.46372757535295,-999.5429656310974,-0.0107311657230866,-0.0425249257478981,-0.0425249257478981,5.881932532244832,-0.0008170014552888,1000.0,-1000.0,1000.0,-13.164965370212371,-1.594729650626391,-0.0708748762465347,-0.0056454800560459,1.0832703995847623,-493.5362724246471,1000.0,-0.0027859749625349, Neutralism,COVID
SRR13077909.bin.23.fbc2XSRR13077909.bin.16.fbc2 ,-0.0593222384296723,-0.0593222384296723,990.9057174680132,-0.0011397163963238,-1000.0,999.9110109437734,-367.5171218987381,-461.5001888765249,-2.224646625514879,-0.0988703973828251,-0.0078754402987897,998.2008888909572,-535.8715780421533,-999.9110109437736,-0.0038864329114858,-0.1053452165128874,-0.1053452165128874,9.094282531986778,-0.002023923468073,1000.0,-1000.0,566.4203645086611,220.14918540827944,-3.950556935024224,-0.1755753608548502,-0.0139853111643333,1.7991111090426557,-464.12842195784674,1000.0,-0.0069015790261346, Competition,COVID
SRR13077909.bin.41.fbc2XSRR13077909.bin.14.fbc2 ,-0.0510663887879445,-0.0510663887879445,584.0330207906436,-0.0009811025703356,-1000.0,999.9233955113052,-755.7264755574028,559.3256322866487,-1.9150435401893449,-0.0851106479799455,-0.0067794187613117,122.76411499687084,-0.0851204590055658,-999.9233955113052,-0.0033455597649663,-0.1713939976817755,-0.1713939976817755,415.9669792093564,-0.0032928721936968,999.7428925391164,-1000.0,543.8180930468377,-438.9377757384275,-6.42745602103696,-0.2856566628029213,-0.0227537468583705,826.7920067733717,-1.8496063111981584,1000.0,-0.011228694180545, Amensalism,COVID
SRR13077909.bin.3.fbc2XSRR13077909.bin.9.fbc2 ,-0.1723850055873299,-0.1723850055873299,619.8182229699801,-0.0033119117307478,-1000.0,1000.0,1000.0,-865.2090024033876,-6.464619864671022,-0.2873083426455878,-0.0228853100596779,8.56712649988549,-760.1241571296423,-1000.0,-0.0112936190020036,-0.0965376447687731,-0.0965376447687731,380.18177703001993,-0.0018547097938608,1000.0,-1000.0,-471.3479742318033,1000.0,-3.6202636878664407,-0.160896074614584,-0.0128160446753327,991.4328735001144,-239.8758428703577,1000.0,-0.0063245603969335, Amensalism,COVID
SRR13077909.bin.41.fbc2XSRR13077909.bin.63.fbc2 ,-0.0844000512486218,-0.0844000512486218,965.2650737788872,-0.0016215187559964,-1000.0,999.8733918155332,-292.7009217764796,271.6699514312613,-3.1650911053556,-0.1406667520810742,-0.0112046946038617,961.838885723444,-0.1406829672686171,-999.8733918155332,-0.0055293789579309,-0.0010208893371554,-0.0010208893371554,0.1412066475951405,-1.9613627955550328e-05,1000.0,-1000.0,-475.25439533624194,-0.3160492942481596,-0.0382844288932346,-0.0017014822285545,-0.0001355301694729,0.0260059054954808,-11.848249212923974,1000.0,-6.688247151487303e-05, Amensalism,COVID
SRR13077909.bin.63.fbc2XSRR13077909.bin.9.fbc2 ,-0.0428557283005375,-0.0428557283005375,5.9276882452016935,-0.0008233569318463,-1000.0,1000.0,280.058834276359,-13.267375993465748,-1.6071350959010715,-0.0714262138342292,-0.0056893963987931,1.0916971894515657,-497.37550449523553,-1000.0,-0.0028076471375015,-0.1602615243355103,-0.1602615243355103,994.0723117547982,-0.0030789918220079,0.0,0.0,719.941165723641,1000.0,-6.009976507133956,-0.2671025405592218,-0.0212758334901081,997.0801612652706,-502.62449550476447,0.0,-0.0104993621130233, Neutralism,COVID
SRR13077909.bin.56.fbc2XSRR13077909.bin.16.fbc2 ,-0.1325239947832415,-0.1325239947832415,994.4064516243644,-0.0025460901975975,-1000.0,1000.0,184.06620453290725,-506.8865120009581,-4.969789839330588,-0.22087332463866,-0.0175934832651591,-1.5292245932646438,-7.577592634028406,-1000.0,-0.0086821675737382,-0.1501985799367275,-0.1501985799367275,5.593548375635578,-0.0028856595569095,0.0,0.0,-60.40139284811903,829.4354569417203,-5.632605458900798,-0.2503309665611368,-0.0199399075381734,6.403494662390358,-992.4224073659716,0.0,-0.0098400990890468, Neutralism,COVID
SRR13077909.bin.3.fbc2XSRR13077909.bin.49.fbc2 ,-0.1868575215764849,-0.1868575215764849,984.3761038714212,-0.0035899619899737,-1000.0,1000.0,736.9544888340747,-565.8491422636553,-7.007354507025752,-0.311429202627437,-0.0248066373504798,278.4170488563216,-659.4014417633575,-1000.0,-0.0122417703856854,-0.1675470456311814,-0.1675470456311814,15.623896128578735,-0.003218963412678,999.7486633367362,-1000.0,13.73310470177296,819.9924122346765,-6.283191254155327,-0.2792450760518932,-0.0222430371817381,-1.3815254473418008,-340.5985582366425,1000.0,-0.0109766652373082, Neutralism,COVID
SRR13077909.bin.20.fbc2XSRR13077909.bin.16.fbc2 ,-0.0885443422411071,-0.0885443422411071,7.764343647584269,-0.0017011401007493,0.0,0.0,406.1931000532704,-31.86525452985404,-3.320506396746054,-0.1475739037351786,-0.0117548780957577,-7.172823211770833,-188.71077370811796,0.0,-0.0058008877433621,-0.1469092047411777,-0.1469092047411777,12.665499779764218,-0.0028224631074635,-1000.0,1000.0,171.07320047972303,780.4423964519683,-5.509250413266614,-0.2448486745687432,-0.019503220072238,2.492016182960242,-811.2892262918821,-1000.0,-0.0096245991962859, Neutralism,COVID
SRR13077909.bin.23.fbc2XSRR13077909.bin.38.fbc2 ,-0.0590261232447346,-0.0590261232447346,17.839474076705756,-0.0011340273438236,-1000.0,1000.0,-32.14896911998085,1000.0,-2.213541993180684,-0.0983768720744819,-0.0078361289456552,18.966969423004,-999.7369582914848,-1000.0,-0.0038670332423862,-0.0858457304065041,-0.0858457304065041,982.1605259232942,-0.0016492935717451,999.8638673085924,-1000.0,117.29314904314016,-1000.0,-3.2193056013910564,-0.1430762173441735,-0.0113966185804201,981.033030576996,-0.2630417085150611,1000.0,-0.0056240910794258, Amensalism,COVID
SRR13077909.bin.39.fbc2XSRR13077909.bin.20.fbc2 ,-0.0851373670152497,-0.0851373670152497,458.02531529894713,-0.0016356842846789,-98.23847025571696,1000.0,-372.7365616139052,57.71503819916006,-3.192741225709028,-0.1418956116921208,-0.0113025784067986,1000.0,-661.2410256212225,-1000.0,-0.0055776834105927,-0.0885443422411071,-0.0885443422411071,7.764343647583928,-0.0017011401007493,1000.0,-1000.0,267.76109146464387,233.38257056536145,-3.320506396746054,-0.1475739037351786,-0.0117548780957577,-7.172823211770947,-338.75897437877745,1000.0,-0.0058008877433621, Neutralism,COVID
SRR13077909.bin.63.fbc2XSRR13077909.bin.14.fbc2 ,-0.0428557283005375,-0.0428557283005375,6.2482869673086725,-0.0008233569318463,-1000.0,1000.0,39.11184817108801,-12.946777271359338,-1.6071350959010715,-0.0714262138342292,-0.0056893963987931,0.7710984673448138,-497.3755044952356,-1000.0,-0.0028076471375015,-0.1802389534335589,-0.1802389534335589,590.7422682800648,-0.0034628041005362,999.7296242558292,-1000.0,960.888151828912,-983.3829534617796,-6.759151207982995,-0.3003982557225981,-0.0239279763347894,999.2289015326552,-1.9450570632775448,1000.0,-0.0118081619829126, Neutralism,COVID
SRR13077909.bin.55.fbc2XSRR13077909.bin.49.fbc2 ,-0.1111850884832392,-0.1111850884832392,984.376103871421,-0.0021361208162034,-1000.0,1000.0,986.2668952982262,-387.61201768999183,-4.169558304765928,-0.1853084808053609,-0.0147605948399132,343.4962201726146,-659.4014417633573,-1000.0,-0.0072841719832013,-0.1675470456311814,-0.1675470456311814,15.623896128579077,-0.003218963412678,999.7486633367362,-1000.0,13.733104701773756,819.992412234682,-6.283191254155327,-0.2792450760518932,-0.0222430371817381,-1.3815254473414598,-340.5985582366427,1000.0,-0.0109766652373082, Amensalism,COVID
SRR13077909.bin.30.fbc2XSRR13077909.bin.67.fbc2 ,-0.1775946060679416,-0.1775946060679416,1000.0,-0.0034120001165547,-1000.0,999.5044752230692,-879.859671515106,5.359876863135924,-6.659985387555025,-0.2959910101133118,-0.0235769208055671,1000.0,-958.7518422481536,-999.5044752230692,-0.0116349203975687,0.0,0.0,0.0,0.0,1000.0,-1000.0,0.0,0.0,0.0,0.0,0.0,0.0,0.0,1000.0,0.0, Amensalism,COVID
SRR13077909.bin.30.fbc2XSRR13077909.bin.53.fbc2 ,-0.0914196488561174,-0.0914196488561174,29.53181833785561,-0.0017563813421475,-1000.0,999.7449207376874,-58.4266916097306,32.9161465476966,-3.4283334330765456,-0.1523660814267486,-0.0121365950739118,149.3294169733415,-527.1716129531868,-999.7449207376874,-0.0059892603765092,-0.2189803339412037,-0.2189803339412037,970.4681816621444,-0.0042071149651974,0.0,-0.3284915364866947,-941.5733083902694,948.756498300266,-8.211993914119944,-0.3649672232354533,-0.0290711644098564,850.6705830266585,-241.21781780690003,0.3284915364866947,-0.0143462620314949, Amensalism,COVID
SRR13077909.bin.3.fbc2XSRR13077909.bin.42.fbc2 ,-0.126762172822282,-0.126762172822282,296.67155526005945,-0.002435392369307,1000.0,-1000.0,120.7024834532267,-590.4736227620899,-4.753715427416978,-0.2112702880372126,-0.01682856127195,89.01983862620796,-499.9975994111791,1000.0,-0.0083046879793755,-0.1120633615474844,-0.1120633615474844,703.3284447399406,-0.0021529944581288,-1000.0,999.8318941927064,-170.8874713776105,-409.5263772379101,-4.202494472727835,-0.186772269245921,-0.0148771917059775,61.32261082985087,-500.0024005888209,-999.8318941927064,-0.007341711102299, Competition,COVID
SRR13077909.bin.55.fbc2XSRR13077909.bin.9.fbc2 ,-0.1589998990862113,-0.1589998990862113,1000.0,-0.0030547531044931,0.0,0.0,1000.0,-32.4377206228603,-5.962664227154392,-0.2649998318104281,-0.0211083439517096,116.28239459387557,-952.3760987176864,0.0,-0.0104167080861543,-0.1156096341059083,-0.1156096341059083,0.0,-0.0022211264957832,-1000.0,1000.0,-248.5946366925156,1000.0,-4.335483440926964,-0.1926827235097334,-0.0153479840859063,883.7176054061244,-47.623901282313454,-1000.0,-0.0075740413506082, Amensalism,COVID
SRR13077909.bin.39.fbc2XSRR13077909.bin.66.fbc2 ,-0.0851373670152497,-0.0851373670152497,12.946273941886377,-0.0016356842846789,-82.9487808735513,1000.0,1000.0,59.350722483794925,-3.192741225709028,-0.1418956116921208,-0.0113025784067986,983.722926748852,-723.881861801789,-1000.0,-0.0055776834105927,-0.0841349046378354,-0.0841349046378354,987.0537260581136,-0.001616424680833,999.8737895609196,-1000.0,-902.6081581630864,-1000.0,-3.155147827277005,-0.1402248410630591,-0.0111694945446743,16.27707325114818,-0.1402410053099174,1000.0,-0.005512008161645, Neutralism,COVID
SRR13077909.bin.38.fbc2XSRR13077909.bin.67.fbc2 ,-0.0441475935463131,-0.0441475935463131,503.5073841257381,-0.0008481766291197,-1000.0,999.9299915010316,37.96898043729561,-514.2666191701302,-1.6555814077028117,-0.0735793225773022,-0.0058609005072867,548.4762595794518,-0.1352735701387928,-999.9299915010314,-0.0028922823053108,-0.0420488790379067,-0.0420488790379067,496.4926158742619,-0.0008078555050587,1000.0,-1000.0,-944.0217101162384,-485.7333808298698,-1.576877395972474,-0.07008146506314,-0.0055822815398869,451.52374042054817,-0.085858883076753,1000.0,-0.0027547872722379, Competition,COVID
SRR13077909.bin.3.fbc2XSRR13077909.bin.53.fbc2 ,-0.1586451309584617,-0.1586451309584617,2.5000095248037724,-0.0030479371941964,1000.0,-1000.0,747.667651155881,287.2359197146352,-5.949360047486834,-0.2644085515973984,-0.0210612460119818,-31.880112438403103,-780.6948388799007,1000.0,-0.0103934658322941,-0.212568370766121,-0.212568370766121,997.4999904751962,-0.0040839264315764,-1000.0,999.6811270242184,-315.3292989414807,712.7640802853648,-7.971538519685055,-0.3542806179435729,-0.0282199316425248,314.74082124849315,-219.3051611200993,-999.6811270242184,-0.0139261891318938, Amensalism,COVID
SRR13077909.bin.3.fbc2XSRR13077909.bin.20.fbc2 ,-0.1889970470255093,-0.1889970470255093,992.2356563524158,-0.0036310671858927,-1000.0,1000.0,362.6804135335051,-505.88177264369455,-7.0875889721529575,-0.3149950783758868,-0.025090674254443,298.41815603825967,-695.7259830852702,-1000.0,-0.012381939103875,-0.0885443422411071,-0.0885443422411071,7.764343647584269,-0.0017011401007493,1000.0,-1000.0,637.3195864664949,-494.1182273563055,-3.320506396746054,-0.1475739037351786,-0.0117548780957577,-7.172823211770719,-304.2740169147298,1000.0,-0.0058008877433621, Neutralism,COVID
SRR13077909.bin.56.fbc2XSRR13077909.bin.3.fbc2 ,-0.1323367892214264,-0.1323367892214264,992.2954286374716,-0.0025424935489581,-1000.0,1000.0,184.90444511632015,-501.697190718712,-4.962769432948221,-0.2205613153689682,-0.0175686304230566,5.614942141824486,-8.037760519399171,-1000.0,-0.0086699030018735,-0.1596132253557698,-0.1596132253557698,7.704571362528441,-0.0030665365102322,1000.0,-1000.0,697.8894105658242,492.01256212418207,-5.985664610347953,-0.2660220422595785,-0.0211897672854775,-12.106093877073931,-991.9622394806008,1000.0,-0.0104568894997782, Amensalism,COVID
SRR13077909.bin.23.fbc2XSRR13077909.bin.53.fbc2 ,-0.0586083255485618,-0.0586083255485618,0.0177457677357324,-0.001126000490899,1000.0,-1000.0,-93.65721280629704,1000.0,-2.1978741380972906,-0.0976805425808606,-0.0077806633917134,133.6002949775359,-690.4114974503121,1000.0,-0.0038396616737372,-0.2213455241007977,-0.2213455241007977,999.9822542322644,-0.0042525556983719,-1000.0,999.6679604510704,-906.342787193703,0.0,-8.300691044344376,-0.3689092068347008,-0.029385159875801,866.3997050224641,-309.58850254968786,-999.6679604510704,-0.0145012149314425, Amensalism,COVID
SRR13077909.bin.30.fbc2XSRR13077909.bin.9.fbc2 ,-0.150988063713271,-0.150988063713271,1000.0,-0.0029008273528461,-1000.0,999.5787128435528,-487.1591236689948,0.0,-5.662211934753941,-0.2516467728555653,-0.0200447170078632,352.5173845350432,-690.5922676352509,-999.5787128435528,-0.0098918212730723,-0.1135711815666127,-0.1135711815666127,0.0,-0.0021819631424477,1000.0,-1000.0,782.3622209360499,1000.0,-4.259039316719509,-0.1892853026109833,-0.0150773653145961,647.4826154649568,-309.4077323647491,1000.0,-0.0074404943159152, Competition,COVID
SRR13077909.bin.3.fbc2XSRR13077909.bin.63.fbc2 ,-0.1890491533800968,-0.1890491533800968,996.1549405373488,-0.0036320682686437,-1000.0,1000.0,821.4667065742478,-567.1433647862077,-7.089543015509548,-0.3150819223002372,-0.025097591735971,263.1644238992833,-677.3719684738371,-1000.0,-0.0123853527959454,-0.02779883435403,-0.02779883435403,3.8450594626509655,-0.0005340794303947,1000.0,-1000.0,173.82324410296496,-8.606027762935355,-1.0424856626451628,-0.0463313905900122,-0.0036904888643221,0.7081412576053481,-322.6280315261629,1000.0,-0.0018212108577699, Amensalism,COVID
SRR13077909.bin.63.fbc2XSRR13077909.bin.67.fbc2 ,-0.0428557283005375,-0.0428557283005375,5.927688245201807,-0.0008233569318463,0.0,0.0,1000.0,-13.267375993466883,-1.6071350959010715,-0.0714262138342292,-0.0056893963987931,1.0916971894514518,-497.3755044952355,0.0,-0.0028076471375015,-0.0848115531291568,-0.0848115531291568,994.0723117547982,-0.00162942465181,-1000.0,1000.0,-891.987210469855,-982.159283965804,-3.1805228606991705,-0.1413525885485569,-0.011259324344337,930.2884294437016,-0.1731752519993961,-1000.0,-0.0055563380628882, Neutralism,COVID
SRR13077909.bin.41.fbc2XSRR13077909.bin.39.fbc2 ,-0.0387392389574188,-0.0387392389574188,443.05061094856296,-0.0007442697205988,-1000.0,999.9418874202152,-782.7762129534774,663.0243056769532,-1.452762395738091,-0.0645653982624026,-0.0051429037694106,23.940916659964277,-51.95602696602418,-999.9418874202152,-0.0025379597473147,-0.0824944721269957,-0.0824944721269957,556.949389051437,-0.0015849082060412,1000.0,-364.8911257914409,1000.0,26.4453345469592,-3.0936298747132014,-0.1374907868782884,-0.0109517157040954,947.1680515504,-756.4595321718975,364.891125791441,-0.0054045369827235, Amensalism,COVID
SRR13077909.bin.41.fbc2XSRR13077909.bin.16.fbc2 ,-0.0844000512486218,-0.0844000512486218,986.9853042142096,-0.0016215187559964,-1000.0,999.8733918155332,-289.758555958716,167.64510520553608,-3.1650911053556,-0.1406667520810742,-0.0112046946038617,983.559116158766,-0.1406829672686171,-999.8733918155332,-0.0055293789579309,-0.1507580109350783,-0.1507580109350783,13.014695785790536,-0.0028964075107751,1000.0,-1000.0,-172.86427253922216,832.3548947944639,-5.6535847124768,-0.2512633515583502,-0.020014175899405,2.57468180548301,-939.7799213147092,1000.0,-0.0098767496116352, Neutralism,COVID
SRR13077909.bin.66.fbc2XSRR13077909.bin.63.fbc2 ,-0.0833808980764843,-0.0833808980764843,978.2105524514106,-0.0016019384836454,-1000.0,999.8749206431928,-400.6183801179912,-991.0408034948396,-3.1268717844845924,-0.138968163460845,-0.0110693949224014,16.13120014314211,-0.138984182845661,-999.8749206431928,-0.005462610229415,-0.0417766091977682,-0.0417766091977682,10.500484505323811,-0.0008026245762948,1000.0,-1000.0,524.6225289601434,-8.959196505160321,-1.566666989266878,-0.0696276819962804,-0.005546135822442,0.0037281911570516,-492.1347895588932,1000.0,-0.0027369498052394, Neutralism,COVID
SRR13077909.bin.38.fbc2XSRR13077909.bin.42.fbc2 ,-0.085348379179436,-0.085348379179436,973.4061516823596,-0.0016397383127468,999.8646559996644,-1000.0,116.6136057352403,-994.2064535444516,-3.2006544048347223,-0.1422472986323555,-0.0113305917411707,989.821948597688,-0.2615177641570199,1000.0,-0.0055915076464998,-0.0870030174786506,-0.0870030174786506,26.59384831764055,-0.0016715277133698,-1000.0,999.8694871161432,76.98221957392752,-5.793546455548267,-3.262705089475048,-0.1450050291311981,-0.0115502564990492,10.17805140231212,-999.738482235843,-999.8694871161434,-0.0056999095024821, Amensalism,COVID
SRR13077909.bin.3.fbc2XSRR13077909.bin.67.fbc2 ,-0.176885318149516,-0.176885318149516,197.9067721092365,-0.0033983730672844,-1000.0,1000.0,1000.0,-207.519109964578,-6.633386341127334,-0.2948088635826025,-0.0234827578946124,-13.96126420227472,-898.1839334022657,-1000.0,-0.0115884521592306,-0.0684324184542219,-0.0684324184542219,802.0932278907635,-0.0013147438703526,1000.0,-1000.0,-912.847057519605,-792.480890035422,-2.566288002947431,-0.1140540307570745,-0.009084880144428,750.6275352592079,-0.1397309785460265,1000.0,-0.00448327659808, Amensalism,COVID
SRR13077909.bin.39.fbc2XSRR13077909.bin.49.fbc2 ,-0.0851373670152497,-0.0851373670152497,268.40174127165415,-0.0016356842846789,-92.5981074233198,1000.0,-203.7566318061415,59.35072248379333,-3.192741225709028,-0.1418956116921208,-0.0113025784067986,1000.0,-476.66556586054446,-1000.0,-0.0055776834105927,-0.1817220917591839,-0.1817220917591839,22.87647218242421,-0.0034912985928485,1000.0,-908.1464842999812,232.9502294140359,877.0368666888239,-6.814770462391948,-0.3028701529319733,-0.0241248732767189,0.0,-523.3344341394555,908.1464842999812,-0.0119053282016921, Neutralism,COVID
SRR13077909.bin.20.fbc2XSRR13077909.bin.67.fbc2 ,-0.0880196556599912,-0.0880196556599912,0.0995865037816656,-0.0016910596668822,-1000.0,1000.0,344.877957437958,-12.08245864633284,-3.300830095531865,-0.1466994260999854,-0.0116852222979559,-7.130319264116906,-340.3846068317557,-1000.0,-0.0057665134639819,-0.0853087909605392,-0.0853087909605392,999.9004134962184,-0.0016389777322274,0.0,0.0,-891.353947155595,-987.9175413536672,-3.199169804793541,-0.1421813182674896,-0.0113253361294027,935.7425755370504,-0.1741905533771159,0.0,-0.0055889140667204, Neutralism,COVID
SRR13077909.bin.41.fbc2XSRR13077909.bin.49.fbc2 ,-0.0844000512486218,-0.0844000512486218,965.2614577920612,-0.0016215187559964,-1000.0,999.8733918155332,-596.276563293861,271.67477274702924,-3.1650911053556,-0.1406667520810742,-0.0112046946038617,202.89857660104803,-0.1406829672686171,-999.8733918155332,-0.0055293789579309,-0.1817220917591839,-0.1817220917591839,16.945730527318347,-0.0034912985928485,1000.0,-0.6159262791072706,0.0,-25.68675505275735,-6.814770462391948,-0.3028701529319733,-0.0241248732768326,682.4316588662759,-746.2335834138366,0.6159262791072706,-0.0119053282016921, Neutralism,COVID
SRR13077909.bin.3.fbc2XSRR13077909.bin.66.fbc2 ,-0.176885318149516,-0.176885318149516,197.9067721092365,-0.0033983730672844,-1000.0,1000.0,638.4940666562902,194.51934180327817,-6.633386341127334,-0.2948088635826025,-0.0234827578946124,-32.56433219335497,-893.8064480930993,-1000.0,-0.0115884521592306,-0.0685074152263496,-0.0685074152263496,802.0932278907635,-0.0013161847306264,999.8972322962368,-1000.0,-328.38638472213233,-815.8196636048874,-2.569100461148992,-0.1141790253773251,-0.0090948364883161,16.380385120750475,-0.1337293043189902,1000.0,-0.004488189931294, Amensalism,COVID
SRR13077909.bin.56.fbc2XSRR13077909.bin.53.fbc2 ,-0.1323367892214264,-0.1323367892214264,992.295428637472,-0.0025424935489581,1000.0,-1000.0,188.9857828857282,-501.6971907187115,-4.962769432948221,-0.2205613153689682,-0.0175686304230566,1.5336043724167894,-8.037760519399285,1000.0,-0.0086699030018735,-0.1330701299432348,-0.1330701299432348,7.7045713625281,-0.0025565827078253,-1000.0,999.8003820221716,122.4098656386766,1000.0,-4.990270484920302,-0.2217835499053535,-0.0176659865112469,-22.947704842292865,-500.2290825935363,-999.8003820221716,-0.0087179470338014, Amensalism,COVID
SRR13077909.bin.56.fbc2XSRR13077909.bin.42.fbc2 ,-0.1325239947832415,-0.1325239947832415,994.4064516243644,-0.0025460901975975,1000.0,-1000.0,184.0662045329077,-506.8865120009568,-4.969789839330588,-0.22087332463866,-0.0175934832651591,-1.52922459326453,-7.57759263402852,1000.0,-0.0086821675737382,-0.0874265216033336,-0.0874265216033336,5.593548375635464,-0.0016796641998553,-1000.0,999.868851819274,0.0,-47.06081020910324,-3.278586941655135,-0.1457108693388136,-0.0116064796211503,40.59417164770139,-500.7123640594229,-999.868851819274,-0.005727654921543, Amensalism,COVID
SRR13077909.bin.63.fbc2XSRR13077909.bin.16.fbc2 ,-0.0370644318866197,-0.0370644318866197,5.126651813466083,-0.0007120928316908,0.0,0.0,849.4638620487124,-11.197218279905996,-1.3899553608534916,-0.0617740531442905,-0.0049205614666334,0.9441710063931624,-430.1628099551467,0.0,-0.0024282365558292,-0.1292729910309162,-0.1292729910309162,11.145026904985912,-0.0024836309515876,-1000.0,1000.0,150.53613795128763,542.7133415544774,-4.847873763360099,-0.2154549850514513,-0.0171618898755241,2.1928536488652526,-569.8371900448533,-1000.0,-0.0084691815450241, Competition,COVID
SRR13077909.bin.63.fbc2XSRR13077909.bin.20.fbc2 ,-0.0428557283005375,-0.0428557283005375,6.2482869673089,-0.0008233569318463,-1000.0,1000.0,666.6927000849612,-12.946777271359792,-1.6071350959010715,-0.0714262138342292,-0.0056893963987931,0.771098467344359,-497.3755044952355,-1000.0,-0.0028076471375015,-0.0885443422411071,-0.0885443422411071,7.764343647584155,-0.0017011401007493,0.0,0.0,333.3072999150388,364.47498746615065,-3.320506396746054,-0.1475739037351786,-0.0117548780957577,-7.172823211770833,-502.6244955047645,0.0,-0.0058008877433621, Neutralism,COVID
SRR13077909.bin.63.fbc2XSRR13077909.bin.42.fbc2 ,-0.0428557283005375,-0.0428557283005375,5.9276882452016935,-0.0008233569318463,1000.0,-1000.0,38.79124944898126,-13.26737599346643,-1.6071350959010715,-0.0714262138342292,-0.0056893963987931,1.0916971894512244,-497.37550449523536,1000.0,-0.0028076471375015,-0.1262359169866158,-0.1262359169866158,994.0723117547982,-0.0024252817864862,-1000.0,999.8106339981111,316.09557810504793,-986.7326240065336,-4.733980277497494,-0.2103931949777688,-0.0167586971446098,691.8642340454558,-502.62449550476464,-999.8106339981111,-0.0082702108919647, Neutralism,COVID
SRR13077909.bin.9.fbc2XSRR13077909.bin.16.fbc2 ,-0.1601994349634878,-0.1601994349634878,992.3257417229312,-0.0030777989426269,0.0,0.0,-225.6595658965863,1000.0,-6.007648090074667,-0.2669990582725177,-0.0212675906935828,997.0812924847208,-526.6220883535946,0.0,-0.0104952943943317,-0.0890149777005717,-0.0890149777005717,7.674258277068816,-0.0017101820883453,-1000.0,1000.0,1000.0,0.0,-3.3381557237881907,-0.1483582961676575,-0.0118173582307008,1.5099582449355466,-466.848785049875,-1000.0,-0.0058317209213782, Amensalism,COVID
SRR13077909.bin.55.fbc2XSRR13077909.bin.14.fbc2 ,-0.1563338778371417,-0.1563338778371417,1000.0,-0.0030035327154109,-1000.0,1000.0,899.3953607100875,-31.89382309241887,-5.862685613191161,-0.2605564630619028,-0.0207544110635353,194.0405408784297,-937.9869578400396,-1000.0,-0.0102420465595969,-0.1235336574502525,-0.1235336574502525,0.0,-0.0023733651767088,999.8146876469988,-1000.0,100.60463928991248,315.2648381567328,-4.632642689468298,-0.2058894290837543,-0.0163999533714331,584.1936442462343,-1.3331192197844075,1000.0,-0.0080931752527249, Amensalism,COVID
SRR13077909.bin.55.fbc2XSRR13077909.bin.63.fbc2 ,-0.158937398799253,-0.158937398799253,999.764155803336,-0.0030535523304706,-1000.0,1000.0,1000.0,-32.42496987986942,-5.960320400349133,-0.264895664665346,-0.021100046603351,115.68636243207744,-952.9844700119706,-1000.0,-0.0104126134467605,-0.0017050955440254,-0.0017050955440254,0.2358441966639475,-3.2758800102783425e-05,0.0,0.0,0.0,-0.5278674423451548,-0.0639428846363898,-0.0028418259067848,-0.0002263633085703,0.0434352206113999,-19.789017479618337,0.0,-0.0001117075082675, Amensalism,COVID
SRR13077909.bin.55.fbc2XSRR13077909.bin.20.fbc2 ,-0.1367956736180531,-0.1367956736180531,992.2356563524158,-0.0026281589551899,-1000.0,1000.0,593.8068999467303,-86.26334273870816,-5.129982309420484,-0.2279927893634976,-0.0181605783803888,378.8532449712711,-811.2892262918824,-1000.0,-0.0089620220372808,-0.0885443422411071,-0.0885443422411071,7.764343647584042,-0.0017011401007493,0.0,0.0,406.19310005326975,-31.86525452985552,-3.320506396746054,-0.1475739037351786,-0.0117548780957577,-7.172823211770833,-188.7107737081176,0.0,-0.0058008877433621, Amensalism,COVID
SRR13077909.bin.38.fbc2XSRR13077909.bin.9.fbc2 ,-0.0620412646699151,-0.0620412646699151,1000.0,-0.001191955132981,-1000.0,999.8268923560422,-208.68447770154611,-722.7438304731756,-2.3266129826528186,-0.1034021077831539,-0.0082364099686174,419.77448895943417,-0.1060378185708259,-999.826892356042,-0.0040645670032972,-0.1118984814534087,-0.1118984814534087,0.0,-0.0021498267329889,1000.0,-1000.0,-791.3155222984539,1000.0,-4.196311294974748,-0.1864974690890903,-0.0148553027250954,580.2255110405658,-354.78786729305136,1000.0,-0.0073309091595774, Competition,COVID
SRR13077909.bin.56.fbc2XSRR13077909.bin.9.fbc2 ,-0.1325239947832415,-0.1325239947832415,994.4064516243644,-0.0025460901975975,0.0,0.0,184.06620453290725,-506.886512000958,-4.969789839330588,-0.22087332463866,-0.0175934832651591,-1.5292245932646438,-7.577592634028406,0.0,-0.0086821675737382,-0.1273177913703875,-0.1273177913703875,5.593548375635578,-0.0024460670772441,-1000.0,1000.0,-709.6478171102503,1000.0,-4.774551710080573,-0.2121963189507596,-0.0169023235037002,997.6803701299808,-253.89865764253068,-1000.0,-0.0083410887333457, Amensalism,COVID
SRR13077909.bin.23.fbc2XSRR13077909.bin.20.fbc2 ,-0.0794296463652699,-0.0794296463652699,992.235656352416,-0.001526025866724,-1000.0,999.8808479003228,-537.7163534266967,176.96822156762892,-2.9786956701221925,-0.1323827439422302,-0.0105448387394062,1000.0,-807.4647668548058,-999.8808479003228,-0.0052037482056448,-0.0885443422411071,-0.0885443422411071,7.764343647583928,-0.0017011401007493,1000.0,-1000.0,404.91828024091046,-31.86525452985529,-3.320506396746054,-0.1475739037351786,-0.0117548780957577,-7.172823211770947,-192.53523314519416,1000.0,-0.0058008877433621, Neutralism,COVID
SRR13077917.bin.50.fbc2XSRR13077917.bin.6.fbc2 ,-0.0850380716508425,-0.0850380716508425,264.34917176345334,-0.0016337765927119,-1000.0,1000.0,633.8537394523214,-0.8641044398873419,-3.189017544620356,-0.1417301194180709,-0.0112893962556199,2.674721010999292,-399.7000194790516,-1000.0,-0.0055711781811851,-0.0968577697452701,-0.0968577697452701,735.6508282365467,-0.0018608601295682,0.0,0.0,-166.6329163369193,-832.0813214026361,-3.632268712755376,-0.1614296162421169,-0.0128585434954402,252.8180928555325,-286.1825751534551,0.0,-0.0063455330418946, Neutralism,COVID
SRR13077917.bin.10.fbc2XSRR13077917.bin.6.fbc2 ,-0.0815852690202518,-0.0815852690202518,0.0156744032699407,-0.001567440326994,-997.0628519432544,1000.0,65.49373039242164,-64.58539118655256,-3.059533797477457,-0.1359754483670485,-0.010831012659537,3.4976803920832253,-401.59942159571006,-1000.0,-0.0053449715151145,-0.1004832281660128,-0.1004832281660128,797.9439061254006,-0.0019305135094782,1000.0,-1000.0,934.5062696075784,-935.4146088134474,-3.7682272344681,-0.1674720469433168,-0.0133398483501423,355.8581232184249,-286.20010357574927,1000.0,-0.0065830510671958, Neutralism,COVID
SRR13077917.bin.58.fbc2XSRR13077917.bin.10.fbc2 ,-0.2883572103963843,-0.2883572103963843,837.0078843692395,-0.0055400040422455,1000.0,-1000.0,-1000.0,-202.8171481785965,-10.813700090087424,-0.4805953506606784,-0.0382814279315653,245.7990868537745,-598.6583284020603,1000.0,-0.0188914137838764,-0.0795042247902984,-0.0795042247902984,162.9921156307605,-0.0015274586895657,-997.1377715346129,1000.0,397.2182906453561,-178.4624769063588,-2.981492439866088,-0.1325070413172397,-0.0105547395446592,7.106639024348624,-401.3416715979397,-1000.0,-0.0052086341313497, Neutralism,COVID
SRR13077917.bin.44.fbc2XSRR13077917.bin.6.fbc2 ,-0.2169593823039122,-0.2169593823039122,163.12166234266556,-0.0041682878444362,-1000.0,1000.0,284.2238176123051,1000.0,-8.136206092229713,-0.361598970506634,-0.028802869005176,579.7397771715587,-713.7889408063746,-1000.0,-0.0142138615495923,-0.1027492128858966,-0.1027492128858966,836.8783376573344,-0.0019740482782708,1000.0,-1000.0,715.7761823876949,-1000.0,-3.853204055877427,-0.1712486881432369,-0.0136406736031631,420.2602228284413,-286.2110591936254,1000.0,-0.0067315046289877, Amensalism,COVID
SRR13077917.bin.3.fbc2XSRR13077917.bin.29.fbc2 ,-0.0729629652553285,-0.0729629652553285,582.9414831566444,-0.0014017860760304,-1000.0,999.8905485431868,-390.3669060181222,-1000.0,-2.7361882953071017,-0.1216049420921763,-0.0096863417851409,275.3877345266219,-487.5533414923234,-999.8905485431868,-0.0047800905191479,-0.0872359873235382,-0.0872359873235382,9.353122444146948,-0.0016760035989591,999.8691376389966,-1000.0,86.92280929108642,342.093027596532,-3.2714417048322275,-0.1453933122060107,-0.0115811848685325,330.936525279953,-173.1209998228519,1000.0,-0.0057151722722892, Neutralism,COVID
SRR13077917.bin.10.fbc2XSRR13077917.bin.26.fbc2 ,-0.0815852690202518,-0.0815852690202518,80.78311293231513,-0.001567440326994,-997.0628519432544,1000.0,0.0,-382.73742166099487,-3.059533797477457,-0.1359754483670485,-0.010831012659537,233.2858608855231,-483.7628489721224,-1000.0,-0.0053449715151145,-0.1089381384542775,-0.1089381384542775,264.8857626298095,-0.0020929517473859,-0.3039593822808228,0.0,-82.48248362463062,-38.68940603393423,-4.085295304381475,-0.1815635640904247,-0.014462296574834,766.7141391144769,-0.0072686470061853,0.0,-0.0071369654588124, Neutralism,COVID
SRR13077917.bin.3.fbc2XSRR13077917.bin.17.fbc2 ,-0.0603773483680925,-0.0603773483680925,18.43235186599645,-0.0011599874806051,-1000.0,999.9094281775104,-694.7541609619548,-427.51744685797325,-2.264214363116821,-0.1006289139469345,-0.0080155134913866,-4.0926214297512615,-487.5492702269535,-999.9094281775104,-0.003955557309041,-0.0915485481774567,-0.0915485481774567,573.1665670752527,-0.0017588577940159,999.8626683834448,-1000.0,944.7261364315856,-572.4825531420267,-3.433167293835254,-0.1525809136292082,-0.0121537073565605,6.280969125250863,-286.36646327450103,1000.0,-0.0059977050775614, Amensalism,COVID
SRR13077917.bin.29.fbc2XSRR13077917.bin.44.fbc2 ,-0.0872359873235382,-0.0872359873235382,8.473907716191775,-0.0016760035989591,-1000.0,999.8691376389966,86.26339824512252,341.7999560205476,-3.2714417048322275,-0.1453933122060107,-0.0115811848685325,331.52266843192206,-172.8645621938649,-999.8691376389968,-0.0057151722722892,-0.2517697402951171,-0.2517697402951171,991.5260922838085,-0.0048370747415447,1000.0,-1000.0,-477.9319145218972,658.2000439794524,-9.441631300176368,-0.4196162338250815,-0.033424186463776,668.477331568078,-656.9196007963948,1000.0,-0.0164944248684832, Neutralism,COVID
SRR13077917.bin.29.fbc2XSRR13077917.bin.38.fbc2 ,0.0,0.0,0.0,0.0,1000.0,-1000.0,0.0,0.0,0.0,0.0,0.0,0.0,0.0,1000.0,0.0,-0.2665117138149071,-0.2665117138149071,1000.0,-0.0051203018985006,-1000.0,999.600206827768,451.1817693050466,121.15018229063936,-9.99447088466411,-0.4441861896915497,-0.0353812861184223,827.6491028605965,-954.3775340507436,-999.600206827768,-0.0174602294737269, Amensalism,COVID
SRR13077917.bin.50.fbc2XSRR13077917.bin.10.fbc2 ,-0.0851711037565792,-0.0851711037565792,270.9425731341412,-0.0016363324449457,1000.0,-1000.0,632.7903802674218,-3.992585712238565,-3.194006389158176,-0.1419518395944123,-0.0113070571942444,1.114522391540504,-400.9950752658225,1000.0,-0.0055798936371047,-0.0815852690202518,-0.0815852690202518,146.4891748402547,-0.001567440326994,-1000.0,999.77236064131,367.2096197325782,-222.59861996924656,-3.059533797477457,-0.1359754483670485,-0.010831012659537,-0.6306909643742529,-501.1201673110883,-999.77236064131,-0.0053449715151145, Neutralism,COVID
SRR13077917.bin.10.fbc2XSRR13077917.bin.64.fbc2 ,-0.0815852690202518,-0.0815852690202518,0.0156744032699407,-0.001567440326994,-997.0628519432544,1000.0,34.57101735328206,-91.98609746056104,-3.059533797477457,-0.1359754483670485,-0.010831012659537,23.3051100947888,-445.276618107052,-1000.0,-0.0053449715151145,-0.1749329077842958,-0.1749329077842958,999.98432559673,-0.0033608627816192,999.7375838340096,-1000.0,219.7930226590265,182.4369879390401,-6.560168889364263,-0.2915548463071218,-0.0232235618211689,976.6948899052112,-554.723381892948,1000.0,-0.0114605420853877, Neutralism,COVID
SRR13077917.bin.58.fbc2XSRR13077917.bin.29.fbc2 ,-0.3048045985017324,-0.3048045985017324,991.0823200508868,-0.0058559961287301,1000.0,-1000.0,-1000.0,-607.7460315307565,-11.43049452360208,-0.5080076641695541,-0.0404649332497228,493.0397096844331,-880.4847003936565,1000.0,-0.0199689467990538,-0.0872359873235382,-0.0872359873235382,8.917679949113449,-0.0016760035989591,-1000.0,999.8691376389966,743.1532780878988,331.7908737011789,-3.2714417048322275,-0.1453933122060107,-0.0115811848685325,336.7490957080681,-93.22685380788788,-999.8691376389968,-0.0057151722722892, Neutralism,COVID
SRR13077917.bin.50.fbc2XSRR13077917.bin.58.fbc2 ,-0.0850380716508425,-0.0850380716508425,264.34917176345243,-0.0016337765927119,-1000.0,1000.0,633.853739452321,-0.8641044398879103,-3.189017544620356,-0.1417301194180709,-0.0112893962556199,2.674721010999292,-399.7000194790514,-1000.0,-0.0055711781811851,-0.285447554978532,-0.285447554978532,735.6508282365476,-0.0054841028813825,1000.0,-1000.0,-1000.0,-163.0113189358251,-10.704584937353276,-0.4757459249642579,-0.0378951509106855,277.1779219835496,-600.2999805209486,1000.0,-0.0187007908257328, Neutralism,COVID
SRR13077917.bin.52.fbc2XSRR13077917.bin.38.fbc2 ,-0.0923984087459075,-0.0923984087459075,67.91986109610889,-0.0017751855666574,-1000.0,1000.0,-523.4454549107568,272.26905002736294,-3.4650379631796118,-0.1539973479099217,-0.0122665322658122,818.1767614343851,360.5319304523632,-1000.0,-0.0060533827823974,-0.2654185247928353,-0.2654185247928353,932.0801389038912,-0.0050992992274814,0.0,-0.398153283685474,1000.0,727.7309499726371,-9.953475141190324,-0.4423642079881347,-0.0352361576622115,181.82323856561493,-899.9186319793363,0.398153283685474,-0.017388610365856, Amensalism,COVID
SRR13077917.bin.29.fbc2XSRR13077917.bin.6.fbc2 ,-0.0872359873235382,-0.0872359873235382,8.4785670061965,-0.0016760035989591,-1000.0,999.8691376389966,336.2703536600575,341.81082769722593,-3.2714417048322275,-0.1453933122060107,-0.0115811848685325,331.51956223858633,-297.8659211534498,-999.8691376389968,-0.0057151722722892,-0.1027492128858966,-0.1027492128858966,836.8783376573347,-0.0019740482782708,1000.0,-1000.0,663.7296463399425,-1000.0,-3.853204055877427,-0.1712486881432369,-0.0136406736031631,420.2602228284416,-286.21105919362526,1000.0,-0.0067315046289877, Neutralism,COVID
SRR13077917.bin.50.fbc2XSRR13077917.bin.44.fbc2 ,-0.0850380716508425,-0.0850380716508425,264.34917176345266,-0.0016337765927119,-1000.0,1000.0,628.8283243419571,-0.8641044398860913,-3.189017544620356,-0.1417301194180709,-0.0112893962556199,2.6747210109991784,-399.70001947905166,-1000.0,-0.0055711781811851,-0.2410176134103494,-0.2410176134103494,735.6508282365473,-0.004630501698557,1000.0,-1000.0,371.1716756580429,486.8849800539879,-9.038415180483412,-0.4016960223506203,-0.0319967667370519,997.3252789890008,-600.2999805209483,1000.0,-0.0157900107921022, Neutralism,COVID
SRR13077917.bin.3.fbc2XSRR13077917.bin.26.fbc2 ,-0.0555240982757823,-0.0555240982757823,16.95072314571007,-0.0010667454039321,0.0,-0.0832914811405771,-532.0509403329568,-961.312571128759,-2.0822123563373225,-0.0925401637929326,-0.0073712107413257,-3.763648464409584,-500.0,0.0832914811405771,-0.0036376018274495,-0.1089325713379594,-0.1089325713379594,264.99040281152065,-0.0020928447903543,-1000.0,999.6960561510969,-82.38564345434622,-38.68742887124097,-4.085086531637444,-0.1815542855632657,-0.0144615575013631,766.7484185959784,-0.0072682755532014,-999.6960561510969,-0.0071366007350661, Amensalism,COVID
SRR13077917.bin.4.fbc2XSRR13077917.bin.17.fbc2 ,-0.1456832845730105,-0.1456832845730105,423.01030836801874,-0.0027989103664367,-1000.0,999.7814610785886,0.0,1000.0,-5.463277111556067,-0.242805474288275,-0.0193404706320734,148.95419831359595,-499.9986005448168,-999.7814610785888,-0.0095442843495447,-0.0917233969855715,-0.0917233969855715,576.9896916319813,-0.0017622170410049,1000.0,-1000.0,697.2541584690739,-578.0815613106031,-3.4397243088976666,-0.1528723283093995,-0.0121769197535286,6.899996068493806,-286.40210734674497,1000.0,-0.0060091601098974, Amensalism,COVID
SRR13077917.bin.64.fbc2XSRR13077917.bin.44.fbc2 ,-0.1747185504052595,-0.1747185504052595,988.4947319432596,-0.0033567444842219,-1000.0,999.7379053906698,228.5625697502378,-9.654349594875155,-6.552130261143475,-0.2911975840087279,-0.0231951043862181,974.272709075162,-474.34944425407184,-999.7379053906697,-0.0114464986912707,-0.2096885869733569,-0.2096885869733569,11.505268056740531,-0.0040285991733526,1000.0,-1000.0,771.4374302497622,1000.0,-7.863543584456011,-0.349480978288966,-0.0278376202878689,25.727290924838144,-525.6505557459282,1000.0,-0.0137375231811347, Amensalism,COVID
SRR13077917.bin.58.fbc2XSRR13077917.bin.17.fbc2 ,-0.2755947349638745,-0.2755947349638745,427.6042528442267,-0.0052948075881431,1000.0,-1000.0,-1000.0,-53.9513379486707,-10.335093775560722,-0.4593245582730105,-0.0365871204342056,481.3377925768841,-713.6339617692628,1000.0,-0.0180552938755909,-0.0914888832305678,-0.0914888832305678,572.3957471557733,-0.0017577114933828,-1000.0,999.8627578865968,694.058428680351,-572.4818662303921,-3.430929795280349,-0.1524814720510221,-0.0121457864192962,4.85545828653585,-286.3660382307372,-999.8627578865966,-0.0059937961924561, Neutralism,COVID
SRR13077917.bin.38.fbc2XSRR13077917.bin.17.fbc2 ,-0.2260994594450949,-0.2260994594450949,499.6312146232808,-0.0043438897107535,-1000.0,999.660829091384,814.5619806448176,1000.0,-8.478968643123835,-0.3768324324084915,-0.0300162779013817,-48.01996319656848,-503.6568492543821,-999.660829091384,-0.0148126639137444,-0.0801349578085819,-0.0801349578085819,500.3687853767192,-0.0015395765188941,1000.0,-1000.0,185.4380193551824,-498.3757035005332,-3.005145594531882,-0.133558263014379,-0.01063847374553,12.748432573201171,-254.22985323035837,1000.0,-0.0052499559294574, Competition,COVID
SRR13077917.bin.64.fbc2XSRR13077917.bin.29.fbc2 ,-0.1589567523774349,-0.1589567523774349,827.2880188184849,-0.0030539241571432,-398.9860760240196,1000.0,508.569555068038,-628.2161578902088,-5.9610461799836685,-0.2649279206291339,-0.0211026159256562,777.9943541454322,-557.7964234149543,-1000.0,-0.0104138813757117,-0.0872346831692993,-0.0872346831692993,172.71198118151506,-0.0016759785430622,999.8691395953532,-1000.0,491.430444931962,561.2702194737883,-3.271392797666522,-0.1453911386154232,-0.0115810117329147,222.00564585456775,-294.69020638944414,1000.0,-0.0057150868320832, Neutralism,COVID
SRR13077917.bin.50.fbc2XSRR13077917.bin.3.fbc2 ,-0.0851711037565792,-0.0851711037565792,337.6092398008077,-0.0016363324449457,1000.0,-1000.0,766.1237136007567,-3.992585712239247,-3.194006389158176,-0.1419518395944123,-0.0113070571942444,1.114522391540504,-500.99507526582255,1000.0,-0.0055798936371047,-0.0729016366462929,-0.0729016366462929,9.635495452923353,-0.0014006078125703,-1000.0,999.8906405419916,-392.2452142629912,-996.0074142877608,-2.733888407666313,-0.1215027277438594,-0.00967819998516,-11.251740844361962,-487.5112694384093,-999.8906405419916,-0.0047760726409933, Neutralism,COVID
SRR13077917.bin.44.fbc2XSRR13077917.bin.17.fbc2 ,-0.227880155393791,-0.227880155393791,423.01030836801874,-0.0043781009682106,1000.0,-1000.0,53.08293949020185,1000.0,-8.545746622819024,-0.3798002589895759,-0.0302526776901004,993.100003931506,-713.6322911298959,1000.0,-0.0149293243015335,-0.0917233969855715,-0.0917233969855715,576.9896916319813,-0.0017622170410049,-1000.0,999.8624060934362,946.917060509798,-576.6310716530467,-3.4397243088976666,-0.1528723283093995,-0.0121769197535286,6.899996068494033,-286.36770887010414,-999.8624060934364,-0.0060091601098974, Neutralism,COVID
SRR13077917.bin.52.fbc2XSRR13077917.bin.3.fbc2 ,-0.1119097376787294,-0.1119097376787294,990.356398672366,-0.0021500429909337,-1000.0,1000.0,0.0,0.0,-4.196733415316658,-0.186516229464587,-0.0148567970674093,1000.0,197.5155542262503,-1000.0,-0.007331646599141,-0.0729629652553285,-0.0729629652553285,9.643601327633974,-0.0014017860760304,0.0,-0.1094514568133036,-390.3669060181194,-1000.0,-2.7361882953071017,-0.1216049420921763,-0.0096863417851409,-11.261206387883362,-487.5533414923234,0.1094514568133036,-0.0047800905191479, Neutralism,COVID
SRR13077917.bin.4.fbc2XSRR13077917.bin.29.fbc2 ,-0.1698793106643279,-0.1698793106643279,991.526092283808,-0.0032637715785313,-1000.0,999.7451647151456,-999.9962625119744,542.0543359654889,-6.370653657350431,-0.2831321844406602,-0.0225526616078468,578.9568063896327,-499.99836811421073,-999.7451647151456,-0.0111294610828736,-0.0872359873235382,-0.0872359873235382,8.473907716191889,-0.0016760035989591,999.8691376389966,-1000.0,740.53427385739,341.7999560205485,-3.2714417048322275,-0.1453933122060107,-0.0115811848685325,331.5226684319232,0.0,1000.0,-0.0057151722722892, Neutralism,COVID
SRR13077917.bin.4.fbc2XSRR13077917.bin.58.fbc2 ,-0.1666846498447967,-0.1666846498447967,916.6372434990568,-0.0032023948097048,-1000.0,999.7499570132586,401.2365350198238,511.09096617806654,-6.250850500896377,-0.2778077497414415,-0.022128548135015,-66.73774771439344,-499.9115547691172,-999.7499570132588,-0.010920166301048,-0.2358388456684679,-0.2358388456684679,83.3627565009433,-0.0045310056805192,1000.0,-1000.0,-1000.0,-121.58239361218068,-8.8442059178808,-0.3930647427807798,-0.0313092492521036,570.205099177253,-500.0884452308828,1000.0,-0.0154507293704, Amensalism,COVID
SRR13077917.bin.52.fbc2XSRR13077917.bin.26.fbc2 ,-0.0979542929215995,-0.0979542929215995,660.762211527508,-0.0018819268573224,0.0,0.0,1000.0,-286.70788902860033,-3.6733894905358966,-0.1632571548692567,-0.0130041145838504,732.0522784381885,-123.27519505029136,0.0,-0.0064173705833354,-0.0934602898495313,-0.0934602898495313,339.237788472492,-0.0017955867406271,-1000.0,999.7392269376592,-292.6154920305031,-33.19244438488636,-3.5048596266271943,-0.155767149749181,-0.0124075043777338,267.9477215618115,0.0,-999.739226937659,-0.0061229507855387, Competition,COVID
SRR13077917.bin.10.fbc2XSRR13077917.bin.17.fbc2 ,-0.0815852690202518,-0.0815852690202518,355.1172447972121,-0.001567440326994,-997.0628519432544,1000.0,787.5354974804991,-418.94642439800464,-3.059533797477457,-0.1359754483670485,-0.010831012659537,0.0312077369104599,-500.7648834493694,-1000.0,-0.0053449715151145,-0.0918853188603634,-0.0918853188603634,582.2954926287937,-0.0017653279320484,999.8621631950698,-1000.0,212.4645025195009,-581.0535756019954,-3.445796550298496,-0.1531421981005678,-0.012198416010051,10.442832688273596,-286.36886237625254,1000.0,-0.006019768248052, Neutralism,COVID
SRR13077917.bin.58.fbc2XSRR13077917.bin.44.fbc2 ,-0.2648866626808512,-0.2648866626808512,146.299401583723,-0.0050890809352495,-1000.0,1000.0,-1000.0,-23.87335087321253,-9.933529749981972,-0.4414777711347142,-0.0351655492627287,738.2090861960442,-848.8566630566894,-1000.0,-0.0173537659892417,-0.2446265694345584,-0.2446265694345584,853.700598416277,-0.0046998380295235,1000.0,-1000.0,1000.0,-743.6963889452156,-9.17375484488673,-0.4077109490575594,-0.0324758807837497,261.79091380395585,-151.1433369433106,1000.0,-0.0160264476805878, Amensalism,COVID
SRR13077917.bin.10.fbc2XSRR13077917.bin.38.fbc2 ,-0.0815852690202518,-0.0815852690202518,0.8155313649355094,-0.001567440326994,-997.0628519432544,1000.0,-1000.0,-143.16781288875438,-3.059533797477457,-0.1359754483670485,-0.010831012659537,82.02234975543661,-446.0881524991537,-1000.0,-0.0053449715151145,-0.2665117138149071,-0.2665117138149071,999.1844686350646,-0.0051203018985006,-0.3997931722318526,0.0,280.74946048074617,811.3437931739822,-9.99447088466411,-0.4441861896915497,-0.0353812861184223,96.02851179831578,-553.9118475008463,0.0,-0.0174602294737269, Neutralism,COVID
SRR13077917.bin.38.fbc2XSRR13077917.bin.6.fbc2 ,-0.2260994594450949,-0.2260994594450949,499.6312146232806,-0.0043438897107535,-1000.0,999.660829091384,814.5619806448171,1000.0,-8.478968643123835,-0.3768324324084915,-0.0300162779013817,-48.019963196568256,-503.656849254382,-999.660829091384,-0.0148126639137444,-0.0761818951916666,-0.0761818951916666,500.3687853767194,-0.001463629110276,1000.0,-1000.0,185.4380193551829,-504.7399478660091,-2.8569015692896755,-0.1269698253195201,-0.010113677152276,-9.126571528910404,-252.094340859569,1000.0,-0.004990975266196, Competition,COVID
SRR13077917.bin.58.fbc2XSRR13077917.bin.52.fbc2 ,-0.2728568162693818,-0.2728568162693818,678.4996432840289,-0.0052422058840875,1000.0,-1000.0,-1000.0,-311.84845467979005,-10.232418931425173,-0.4547613604489697,-0.0362236426593653,501.3787683103856,-650.1126341893637,1000.0,-0.0178759220649453,-0.0787685815635086,-0.0787685815635086,321.50035671597107,-0.0015133252942405,-1000.0,1000.0,1000.0,-688.15154532021,-2.953905041521921,-0.1312809692724386,-0.0104570777829167,498.6212316896144,-162.0161704698403,-1000.0,-0.0051604392532453, Competition,COVID
SRR13077917.bin.58.fbc2XSRR13077917.bin.38.fbc2 ,-0.2408808535616344,-0.2408808535616344,60.13612491568233,-0.0046278742279355,1000.0,-1000.0,-1000.0,20.01989076550956,-9.033286541642951,-0.401468089269315,-0.0319786109147344,359.0048031583485,-500.0,1000.0,-0.0157810511170737,-0.2656545573622679,-0.2656545573622679,939.8638750843176,-0.0051038339551041,-1000.0,999.6014926447868,452.5453938002156,979.9801092344906,-9.962326611954154,-0.4427575956038936,-0.0352674926296003,-84.6180453299238,-500.0,-999.6014926447868,-0.0174040737867926, Amensalism,COVID
SRR13077917.bin.4.fbc2XSRR13077917.bin.38.fbc2 ,-0.1099065782235584,-0.1099065782235584,54.069479352384406,-0.0021115576988677,999.8351295748762,-1000.0,-231.13531695835616,947.177323479757,-4.1216128190576455,-0.1831776303725973,-0.0145908636987996,-41.19575165878314,-265.2837276630221,1000.0,-0.0072004117529331,-0.2664686272056542,-0.2664686272056542,945.9305206476156,-0.0051194741057543,-1000.0,999.600271461821,-9.982294963926734,52.82267652024325,-9.992855091288789,-0.4441143786760904,-0.0353755660709111,842.218735673719,-734.7162723369779,-999.600271461821,-0.0174574067007142, Amensalism,COVID
SRR13077917.bin.64.fbc2XSRR13077917.bin.26.fbc2 ,-0.1434818414470555,-0.1434818414470555,632.9856514109581,-0.0027566155897602,1000.0,-1000.0,187.80708302655196,-8.143552426040287,-5.380720668124013,-0.2391364024118729,-0.0190482137252274,621.3062846494752,-212.8587512633505,1000.0,-0.0094000591610665,-0.1028794481200066,-0.1028794481200066,367.0143485890419,-0.0019765503961934,-1000.0,999.7129455859658,-241.5295976084733,-36.53766070671736,-3.858088014773898,-0.1714657468667155,-0.013657963237506,378.6937153505248,0.0,-999.712945585966,-0.0067400368509424, Amensalism,COVID
SRR13077917.bin.50.fbc2XSRR13077917.bin.38.fbc2 ,-0.0829507920680043,-0.0829507920680043,246.2275609635526,-0.0015936751598246,1000.0,-1000.0,585.7957545851018,-12.391159039287686,-3.110742354683339,-0.1382513201133406,-0.0110122953542486,2.6090693511274594,-396.98487771309306,1000.0,-0.0054344322949191,-0.2492777085750503,-0.2492777085750503,753.7724390364474,-0.0047891970907585,-1000.0,999.626059491152,414.2042454148982,597.4164458935606,-9.348177477403851,-0.4154628476250082,-0.0330933518972642,331.7411760359885,-603.015122286907,-999.626059491152,-0.0163311620796093, Neutralism,COVID
SRR13077917.bin.26.fbc2XSRR13077917.bin.6.fbc2 ,-0.1086254335891681,-0.1086254335891681,265.9225668478002,-0.0020869439690613,-1000.0,999.6969131273744,-87.4645132925117,-38.57834882597604,-4.07356854151044,-0.1810423893151664,-0.0144207828261642,749.78448648006,0.0,-999.6969131273746,-0.0071164789344493,-0.0967661981188712,-0.0967661981188712,734.0774331521998,-0.0018591008283692,1000.0,-1000.0,865.5881435611525,-829.4713349968941,-3.628834680002683,-0.1612769968647853,-0.0128463867242771,250.21551351994003,-286.1821324215432,1000.0,-0.006339533824871, Neutralism,COVID
SRR13077917.bin.3.fbc2XSRR13077917.bin.38.fbc2 ,-0.0729629652553285,-0.0729629652553285,54.07822210965901,-0.0014017860760304,-1000.0,999.8905485431868,-388.8593131291158,-1000.0,-2.7361882953071017,-0.1216049420921763,-0.0096863417851409,10.9561040031291,-487.5533414923234,-999.8905485431868,-0.0047800905191479,-0.2665117138149071,-0.2665117138149071,945.921777890341,-0.0051203018985006,0.0,-0.3997931722318526,437.7408531887986,976.920732664121,-9.99447088466411,-0.4441861896915497,-0.0353812861184223,-15.732621054460424,-512.4466585076766,0.3997931722318526,-0.0174602294737269, Neutralism,COVID
SRR13077917.bin.26.fbc2XSRR13077917.bin.17.fbc2 ,-0.1089381384542775,-0.1089381384542775,264.88576262981,-0.0020929517473859,-1000.0,999.6960406177192,-82.48248362463107,-38.689406033933096,-4.085295304381475,-0.1815635640904247,-0.014462296574834,766.7141391144773,-0.0072686470061853,-999.6960406177192,-0.0071369654588124,-0.0918853188603634,-0.0918853188603634,620.0262090819215,-0.0017653279320484,1000.0,-1000.0,1000.0,-882.7637653484027,-3.445796550298496,-0.1531421981005678,-0.012198416010051,142.50034027422112,-305.26867980404893,1000.0,-0.006019768248052, Neutralism,COVID
SRR13077917.bin.50.fbc2XSRR13077917.bin.26.fbc2 ,-0.0851711037565792,-0.0851711037565792,456.7059427634477,-0.0016363324449457,1000.0,-1000.0,1000.0,-8.309705238273295,-3.194006389158176,-0.1419518395944123,-0.0113070571942444,1.114522391540504,-675.3230101837478,1000.0,-0.0055798936371047,-0.1089046293254796,-0.1089046293254796,264.5992191771352,-0.0020923079601971,-1000.0,999.6961341149484,-82.25204701436303,-38.67750525879888,-4.084038676643786,-0.181507715542466,-0.0144578480045538,766.9909625077507,-0.007266411186606,-999.6961341149484,-0.0071347701440345, Neutralism,COVID
SRR13077917.bin.44.fbc2XSRR13077917.bin.38.fbc2 ,-0.2123772711346419,-0.2123772711346419,54.07822210965924,-0.004080254968926,1000.0,-1000.0,85.01697446842718,67.38462121533098,-7.964372081574424,-0.3539621185577744,-0.0281945618355621,994.1443569988564,-232.9458299499805,1000.0,-0.0139136694441504,-0.2665117138149071,-0.2665117138149071,945.9217778903408,-0.0051203018985006,-1000.0,999.600206827768,914.9830255315728,932.6153787846692,-9.99447088466411,-0.4441861896915497,-0.0353812861184223,5.855643001143562,-767.0541700500195,-999.600206827768,-0.0174602294737269, Amensalism,COVID
SRR13077917.bin.4.fbc2XSRR13077917.bin.3.fbc2 ,-0.1698574089931526,-0.1698574089931526,991.0114852277724,-0.0032633507971695,-1000.0,999.7451975697564,867.2230159744913,482.23005201127535,-6.369832321538524,-0.283095681655368,-0.022549754008537,376.001303407209,-499.9983683246014,-999.7451975697562,-0.0111280262183299,-0.0680066158628278,-0.0680066158628278,8.988514772227745,-0.0013065632250572,0.0,-0.1020164566103858,-426.9269560248789,-1000.0,-2.550319955833288,-0.1133443597714176,-0.0090283518849219,-10.496236471383554,-495.67701658097735,0.1020164566103858,-0.0044553805973919, Neutralism,COVID
SRR13077917.bin.38.fbc2XSRR13077917.bin.26.fbc2 ,-0.2499744511550261,-0.2499744511550261,761.4693587684626,-0.0048025831154063,0.0,-0.374985689648156,846.351216546916,709.3546588743923,-9.37430606038481,-0.4166240852583769,-0.0331858493271965,236.8295637938454,-762.5991904592688,0.374985689648156,-0.0163768084233879,-0.1078997310441991,-0.1078997310441991,238.5306412315374,-0.0020730015570507,-1000.0,999.69893798387,-106.90812127146307,-38.32061539287543,-4.046353929243992,-0.1798328850736652,-0.0143244407591964,763.1704362061546,-0.0071993616575127,-999.6989379838702,-0.0070689353095758, Neutralism,COVID
SRR13077917.bin.10.fbc2XSRR13077917.bin.44.fbc2 ,-0.0815852690202518,-0.0815852690202518,0.0156744032699407,-0.001567440326994,-997.0628519432544,1000.0,61.971723627290885,-106.58773068528728,-3.059533797477457,-0.1359754483670485,-0.010831012659537,0.032775177237454,-401.3767902088648,-1000.0,-0.0053449715151145,-0.2521251634664168,-0.2521251634664168,999.98432559673,-0.0048439032366331,1000.0,-1000.0,938.0282763727092,1000.0,-9.454960044666793,-0.4202086057772476,-0.0334713713650671,999.9672248227624,-598.6232097911352,1000.0,-0.0165177100368509, Neutralism,COVID
SRR13077917.bin.64.fbc2XSRR13077917.bin.3.fbc2 ,-0.1745418538648664,-0.1745418538648664,990.356398672366,-0.0033533497380631,-1000.0,999.738170452454,210.2168017919107,0.0,-6.545503954167316,-0.2909030897747016,-0.0231716466898888,996.162616163892,-469.4296897101019,-999.738170452454,-0.0114349226066678,-0.0729629652553285,-0.0729629652553285,9.643601327633974,-0.0014017860760304,0.0,-0.1094514568133036,697.1983216596477,-1000.0,-2.7361882953071017,-0.1216049420921763,-0.0096863417851409,-11.261206387883362,-530.5703102898981,0.1094514568133036,-0.0047800905191479, Neutralism,COVID
SRR13077917.bin.4.fbc2XSRR13077917.bin.26.fbc2 ,-0.1670958960929738,-0.1670958960929738,926.126298489497,-0.003210295794247,999.7493401043816,-1000.0,1000.0,1000.0,-6.266272669754926,-0.2784931601549942,-0.0221831439386051,236.0554962523754,-567.2675892818423,1000.0,-0.0109471086585699,-0.0839415116465716,-0.0839415116465716,73.873701510503,-0.0016127091574844,-1000.0,999.76578624906,-385.6665465261748,-68.38663088638816,-3.1478953857483702,-0.1399025194108389,-0.0111438202781073,579.7484725714303,-0.0056008045114595,-999.76578624906,-0.0054993382269685, Amensalism,COVID
SRR13077917.bin.64.fbc2XSRR13077917.bin.52.fbc2 ,-0.1330695675366087,-0.1330695675366087,866.6631878806809,-0.0025565719026872,999.8003828658356,-1000.0,5.597674670507786,800.7967054531773,-4.990249394077637,-0.2217826125610145,-0.0176659118477573,319.9500998370013,-254.5225390644739,1000.0,-0.0087179101882384,-0.0953744762268797,-0.0953744762268797,133.33681211931912,-0.0018323626557048,-1000.0,1000.0,994.4023253294922,-681.7149504340765,-3.576643638454243,-0.1589574603781329,-0.0126616259506135,680.0499001629987,-251.0325913273416,-1000.0,-0.0062483566557602, Competition,COVID
SRR13077917.bin.50.fbc2XSRR13077917.bin.29.fbc2 ,-0.0851711037565792,-0.0851711037565792,636.4838643586982,-0.0016363324449457,-1000.0,1000.0,1000.0,-367.865548428774,-3.194006389158176,-0.1419518395944123,-0.0113070571942444,1.114522391540504,-585.4340493861228,-1000.0,-0.0055798936371047,-0.0872359873235382,-0.0872359873235382,312.2693201021548,-0.0016760035989591,999.8691376389966,-1000.0,0.0,747.3042781014192,-3.2714417048322275,-0.1453933122060107,-0.0115811848685325,128.9923935079471,-386.4715574731042,1000.0,-0.0057151722722892, Neutralism,COVID
SRR13077917.bin.52.fbc2XSRR13077917.bin.17.fbc2 ,-0.1113909914109854,-0.1113909914109854,424.50883485919167,-0.0021400766842134,-1000.0,1000.0,-671.9793780697794,-423.675536791998,-4.177279882129824,-0.1856516523516802,-0.014787929887575,995.8200468578168,574.262992993134,-1000.0,-0.0072976614929984,-0.0915992594520958,-0.0915992594520958,575.4911651408083,-0.001759832073958,999.8625923116616,-1000.0,-54.26754696098408,-575.7409205087497,-3.435069020217952,-0.1526654324201217,-0.0121604396314296,4.179953142183194,-286.3668245337018,1000.0,-0.0060010273723491, Neutralism,COVID
SRR13077917.bin.3.fbc2XSRR13077917.bin.6.fbc2 ,-0.0600422632971913,-0.0600422632971913,18.33005512557497,-0.0011535497271779,-1000.0,999.9099308373056,-700.6206352476653,-417.90193012307554,-2.251648318878665,-0.1000704388286521,-0.00797102861452,-4.069908005274215,-487.7561139739103,-999.9099308373056,-0.0039336045695108,-0.0879957921162031,-0.0879957921162031,585.9852128475236,-0.0016906011934452,1000.0,-1000.0,-295.8603997947061,-582.0980698769245,-3.2999351874220797,-0.1466596535269673,-0.0116820542463074,3.5516713404556413,-286.1397291273201,1000.0,-0.0057649500694196, Competition,COVID
SRR13077917.bin.52.fbc2XSRR13077917.bin.6.fbc2 ,-0.1112655486797393,-0.1112655486797393,415.8582707899377,-0.0021376666412606,-1000.0,1000.0,126.2173154257366,-412.8863635380342,-4.172575647156464,-0.1854425811329747,-0.0147712764913876,1000.0,176.87832292411713,-1000.0,-0.0072894432468046,-0.0878438061855604,-0.0878438061855604,584.1417292100623,-0.0016876811947668,1000.0,-1000.0,-304.43417451326104,-580.7807346131807,-3.294235554423608,-0.1464063436425249,-0.0116618770555305,0.0,-286.1389943033985,1000.0,-0.0057549928740172, Amensalism,COVID
SRR13077917.bin.29.fbc2XSRR13077917.bin.26.fbc2 ,-0.0872359873235382,-0.0872359873235382,158.58764009932702,-0.0016760035989591,999.8691376389966,-1000.0,-14.98534929833977,542.3953714309846,-3.2714417048322275,-0.1453933122060107,-0.0115811848685325,231.44684684316508,-216.6477341389464,1000.0,-0.0057151722722892,-0.1087155280829392,-0.1087155280829392,262.98217555580163,-0.0020886748910697,-1000.0,999.6966617455624,-80.95162975731466,-38.610345907083456,-4.076947180228331,-0.181192546804823,-0.0144327434976503,768.5531531568349,-0.0072537938406185,-999.6966617455624,-0.0071223813787355, Neutralism,COVID
SRR13077917.bin.29.fbc2XSRR13077917.bin.17.fbc2 ,-0.0870819871985304,-0.0870819871985304,8.915606096467172,-0.0016730449029864,-1000.0,999.8693686539776,-57.40890320687481,331.2370478169209,-3.2656665374128124,-0.1451366453308082,-0.0115607402793784,336.1455106054359,0.0,-999.8693686539776,-0.0057050831190963,-0.0918853188603634,-0.0918853188603634,584.8167806363642,-0.0017653279320484,999.8621631950698,-1000.0,954.6633218519188,-592.9165376936994,-3.445796550298496,-0.1531421981005678,-0.012198416010051,16.524458027111905,-286.27188976057664,1000.0,-0.006019768248052, Neutralism,COVID
SRR13077917.bin.44.fbc2XSRR13077917.bin.26.fbc2 ,-0.2421025331163946,-0.2421025331163946,761.4693587684635,-0.0046513454969954,1000.0,-1000.0,968.492994953464,1000.0,-9.079100815869197,-0.4035042218607714,-0.0321407973839313,236.8295637938454,-999.9928006383424,1000.0,-0.0158610881445611,-0.1078997310441991,-0.1078997310441991,238.5306412315365,-0.0020730015570507,-1000.0,999.69893798387,-106.90812127146523,-38.32061539287497,-4.046353929243992,-0.1798328850736652,-0.0143244407591964,763.1704362061546,-0.0071993616575127,-999.6989379838702,-0.0070689353095758, Neutralism,COVID
SRR13077917.bin.4.fbc2XSRR13077917.bin.52.fbc2 ,-0.1702399600922035,-0.1702399600922035,1000.0,-0.0032707004820622,999.7446237063592,-1000.0,-97.4294125803109,1000.0,-6.384178391984847,-0.2837332668203771,-0.0226005403311546,250.24461262277305,-499.99836464975897,1000.0,-0.0111530886439368,-0.0487394942824721,-0.0487394942824721,0.0,-0.0009363975847236,-1000.0,1000.0,-902.5705874196892,0.0,-1.82778253746028,-0.0812324904708248,-0.0064705073101549,749.755387377227,4.70515510812595,-1000.0,-0.0031931157637927, Amensalism,COVID
SRR13077917.bin.10.fbc2XSRR13077917.bin.29.fbc2 ,-0.0815852690202518,-0.0815852690202518,286.53762732296855,-0.001567440326994,-997.0628519432544,1000.0,-1000.0,-1000.0,-3.059533797477457,-0.1359754483670485,-0.010831012659537,644.797059714529,-500.7648834493694,-1000.0,-0.0053449715151145,-0.0872359873235382,-0.0872359873235382,491.60966620326826,-0.0016760035989591,999.8691376389966,-1000.0,591.4388596484932,986.4247395695716,-3.2714417048322275,-0.1453933122060107,-0.0115811848685325,9.432162773871823,-127.55831683852476,1000.0,-0.0057151722722892, Neutralism,COVID
SRR13077917.bin.64.fbc2XSRR13077917.bin.38.fbc2 ,-0.0938324890090598,-0.0938324890090598,67.91986109610889,-0.0018027375409701,1000.0,-1000.0,115.16339448350595,218.75040947940212,-3.518817488405375,-0.1563874816818042,-0.0124569164082686,516.0939679401613,-289.8021214370526,1000.0,-0.0061473350148162,-0.2654185247928353,-0.2654185247928353,932.0801389038912,-0.0050992992274814,-1000.0,999.6018467163144,340.1124342393425,481.1831455686522,-9.953475141190324,-0.4423642079881347,-0.0352361576622115,483.9060320598387,-710.1978785629474,-999.6018467163144,-0.017388610365856, Amensalism,COVID
SRR13077917.bin.58.fbc2XSRR13077917.bin.6.fbc2 ,-0.2612588437573322,-0.2612588437573322,175.09808850557533,-0.0050193822047504,-1000.0,1000.0,-1000.0,85.91503925493953,-9.797482706919482,-0.4354314062621824,-0.0346839310348059,601.5206753443053,-713.7931584696679,-1000.0,-0.0171160933182363,-0.1018768603920534,-0.1018768603920534,824.9019114944247,-0.0019572883841192,1000.0,-1000.0,975.4080715384744,-978.1485387460016,-3.8204899155628023,-0.169794767320127,-0.0135248627341297,398.47932465569465,-286.2068415303321,1000.0,-0.0066743533897124, Amensalism,COVID
SRR13077917.bin.4.fbc2XSRR13077917.bin.10.fbc2 ,-0.1702392929897769,-0.1702392929897769,999.98432559673,-0.0032706876654629,-1000.0,999.744624707077,403.4536447587821,468.7650675265638,-6.384153374938137,-0.2837321549829994,-0.0226004517686533,489.13768258252367,-499.99836465616727,-999.744624707077,-0.0111530449394194,-0.0815852690202518,-0.0815852690202518,0.0156744032699407,-0.001567440326994,2.6817727638225506,0.2553752929229631,-448.8562511726203,-575.4180683074458,-3.059533797477457,-0.1359754483670485,-0.010831012659537,510.86231741747633,-445.27661810705126,-0.2553752929229631,-0.0053449715151145, Neutralism,COVID
SRR13077917.bin.3.fbc2XSRR13077917.bin.44.fbc2 ,-0.0729629652553285,-0.0729629652553285,9.643601327633974,-0.0014017860760304,-1000.0,999.8905485431868,-390.3432088245072,-1000.0,-2.7361882953071017,-0.1216049420921763,-0.0096863417851409,-11.261206387883362,-487.5533414923234,-999.8905485431868,-0.0047800905191479,-0.2517205886344982,-0.2517205886344982,990.356398672366,-0.0048361304252466,1000.0,-1000.0,1000.0,0.0,-9.439788060967658,-0.4195343143908303,-0.033417661238559,1000.0,-512.4466585076766,1000.0,-0.016491204750082, Neutralism,COVID
SRR13077917.bin.4.fbc2XSRR13077917.bin.6.fbc2 ,-0.1346224263910471,-0.1346224263910471,163.12166234266442,-0.0025864058865181,-1000.0,999.798053428384,780.430420364293,1000.0,-5.048483241986787,-0.2243707106516694,-0.0178720646755436,-53.90056935384064,-499.9987067970568,-999.798053428384,-0.0088196440729007,-0.1027492128858966,-0.1027492128858966,836.8783376573356,-0.0019740482782708,1000.0,-1000.0,219.569579635707,-1000.0,-3.853204055877427,-0.1712486881432369,-0.0136406736031631,420.26022282844224,-286.2110591936254,1000.0,-0.0067315046289877, Amensalism,COVID
SRR13077917.bin.50.fbc2XSRR13077917.bin.17.fbc2 ,-0.0851711037565792,-0.0851711037565792,337.6092398008081,-0.0016363324449457,-1000.0,1000.0,766.1237136007555,-3.992585712239361,-3.194006389158176,-0.1419518395944123,-0.0113070571942444,1.114522391540504,-500.99507526582255,-1000.0,-0.0055798936371047,-0.0918853188603634,-0.0918853188603634,662.3907601991918,-0.0017653279320484,1000.0,-729.7343869923188,233.8762863992445,-996.0074142877606,-3.445796550298496,-0.1531421981005678,-0.012198416010051,42.36279818746084,-394.0173586146045,729.7343869923188,-0.006019768248052, Neutralism,COVID
SRR13077917.bin.64.fbc2XSRR13077917.bin.17.fbc2 ,-0.1253890902999046,-0.1253890902999046,427.0696782126213,-0.0024090123016549,-1000.0,999.8119043194886,-411.8273302612703,-337.59715225669515,-4.702223381924455,-0.2089818171665456,-0.016646275004291,992.7213512560786,-539.5129829050261,-999.8119043194886,-0.0082147319485557,-0.091537743610047,-0.091537743610047,572.9303217873787,-0.0017586502134463,1000.0,-909.3636257125676,-267.0369711313042,-662.4028477433048,-3.4327621111403914,-0.152562906016783,-0.0121522729749585,7.278648743921394,-309.0598087284749,909.3636257125676,-0.0059969972278395, Amensalism,COVID
SRR13077917.bin.10.fbc2XSRR13077917.bin.52.fbc2 ,-0.0815852690202518,-0.0815852690202518,445.5243302578965,-0.001567440326994,-997.0628519432544,1000.0,844.2428015742435,-647.5167211331488,-3.059533797477457,-0.1359754483670485,-0.010831012659537,0.0,-401.3767902088649,-1000.0,-0.0053449715151145,-0.1119097376787294,-0.1119097376787294,554.4756697421035,-0.0021500429909337,0.0,0.0,155.75719842575654,-352.48327886685115,-4.196733415316658,-0.186516229464587,-0.0148567970674093,1000.0,149.09514927104692,0.0,-0.007331646599141, Neutralism,COVID
SRR13077917.bin.6.fbc2XSRR13077917.bin.17.fbc2 ,-0.065254953006729,-0.065254953006729,428.82787742224673,-0.0012536974641079,-1000.0,1000.0,521.7151434980085,-430.7470906981912,-2.4471296911124227,-0.1087582550111392,-0.0086630494769224,-8.273772517624366,-215.7077542823945,-1000.0,-0.0042751083526582,-0.0913770433533045,-0.0913770433533045,571.1721225777533,-0.0017555627925958,999.8629256571562,-1000.0,478.2848565019915,-569.2529093018088,-3.4267356817023256,-0.1522950722554696,-0.0121309388966892,5.63230758255645,-286.365241500917,1000.0,-0.0059864691227176, Amensalism,COVID
SRR13077917.bin.52.fbc2XSRR13077917.bin.44.fbc2 ,-0.0993584877488729,-0.0993584877488729,148.3628763260017,-0.0019089046637645,-1000.0,1000.0,0.0,-616.4615396120521,-3.726048280337864,-0.165597479581379,-0.0131905312265416,1000.0,5.428578942044737,-1000.0,-0.0065093649034224,-0.24444968306193,-0.24444968306193,851.6371236739983,-0.0046964396361772,1000.0,-1000.0,1000.0,1000.0,-9.16712141900291,-0.4074161384365879,-0.0324523978858906,0.0,-1000.0,1000.0,-0.0160148591593269, Amensalism,COVID
SRR13077917.bin.52.fbc2XSRR13077917.bin.29.fbc2 ,-0.1114992456768959,-0.1114992456768959,508.3903337967315,-0.0021421564971433,-1000.0,1000.0,580.2680122926606,-1000.0,-4.181339531492085,-0.1858320761282357,-0.0148023013953206,990.5678372261286,-255.7953015900972,-1000.0,-0.0073047536552621,-0.0872359873235382,-0.0872359873235382,491.6096662032685,-0.0016760035989591,999.8691376389966,-1000.0,419.7319877073394,985.0942776326448,-3.2714417048322275,-0.1453933122060107,-0.0115811848685325,9.432162773871369,-438.77915841926256,1000.0,-0.0057151722722892, Neutralism,COVID
SRR13077917.bin.58.fbc2XSRR13077917.bin.3.fbc2 ,-0.2961866556753421,-0.2961866556753421,986.7195478893846,-0.0056904256614416,1000.0,-1000.0,-1000.0,-256.00710243718754,-11.107312561237222,-0.4936444261255701,-0.0393208413202046,188.17036603191764,-726.114204945901,1000.0,-0.0194043515053863,-0.0435016914498191,-0.0435016914498191,13.280452110615329,-0.0008357673669934,-1000.0,999.9347432839884,0.0,-743.9928975628125,-1.63135939657343,-0.0725028190830698,-0.0057751525056346,-2.9487209933831764,-273.88579505409905,-999.9347432839884,-0.0028499667213282, Amensalism,COVID
SRR13077917.bin.4.fbc2XSRR13077917.bin.64.fbc2 ,-0.1279076380621973,-0.1279076380621973,11.468929921383053,-0.0024573993864578,-1000.0,999.8081262559097,-723.9172752458175,973.8513770860482,-4.79667158430027,-0.2131793967704425,-0.0169806297600416,-35.35104298816441,-499.9987713003068,-999.8081262559097,-0.0083797319076666,-0.1747217432456409,-0.1747217432456409,988.531070078617,-0.0033568058260016,999.7379006011024,-1000.0,202.8755338611536,26.148622913952067,-6.552249996032629,-0.2912029054094773,-0.0231955282579292,1000.0,-500.0012286996932,1000.0,-0.0114467078668667, Amensalism,COVID
SRR13077917.bin.58.fbc2XSRR13077917.bin.26.fbc2 ,-0.2653178323902239,-0.2653178323902239,590.7050292362155,-0.0050973646953025,1000.0,-1000.0,-1000.0,-221.24307092804645,-9.949699069689586,-0.4421963873169261,-0.0352227900444859,506.6369332665597,-1000.0,1000.0,-0.017382013610927,-0.0920309102075407,-0.0920309102075407,409.2949707637845,-0.0017681250760688,-1000.0,999.7432151952077,54.24131123182087,-32.68479986179091,-3.45125637966396,-0.1533848503460149,-0.0122177442754036,493.3630667334403,0.0,-999.7432151952077,-0.0060293065092764, Competition,COVID
SRR13077917.bin.4.fbc2XSRR13077917.bin.44.fbc2 ,-0.1389528723659623,-0.1389528723659623,264.87088673428593,-0.0026696036958355,-1000.0,999.7915573434324,786.0528806370505,1000.0,-5.210879541927284,-0.231588120610013,-0.0184469615379612,0.0,-499.9986651981521,-999.7915573434326,-0.0091033486027072,-0.2409956904410819,-0.2409956904410819,735.1291132657141,-0.0046300805080363,1000.0,-1000.0,213.94711936294948,-219.61624432354165,-9.03759304596838,-0.401659484068432,-0.0319938563102368,1000.0,-500.0013348018479,1000.0,-0.0157885745322801, Amensalism,COVID
SRR13077917.bin.58.fbc2XSRR13077917.bin.64.fbc2 ,-0.2887319044345986,-0.2887319044345986,574.1070571729535,-0.0055472027748919,1000.0,-1000.0,-1000.0,-310.32288595339514,-10.8277515124488,-0.4812198407242931,-0.0383311711747182,584.3052647490572,-879.4814519777765,1000.0,-0.0189159614624259,-0.125285696764422,-0.125285696764422,425.89294282704645,-0.0024070258743904,-1000.0,999.812059419724,350.04639313880944,180.52460758270308,-4.698346015087509,-0.2088094946072942,-0.0166325487923586,415.6947352509428,-120.51854802222353,-999.812059419724,-0.0082079582318783, Amensalism,COVID
SRR13077917.bin.10.fbc2XSRR13077917.bin.3.fbc2 ,-0.0815852690202518,-0.0815852690202518,0.757779026087178,-0.001567440326994,-997.0628519432544,1000.0,-921.1865689424048,-64.58539118655267,-3.059533797477457,-0.1359754483670485,-0.010831012659537,-4.095596179220024,-444.0751594220043,-1000.0,-0.0053449715151145,-0.0719708933282845,-0.0719708933282845,486.7184031880656,-0.0013827260966081,-0.1079632536229837,0.0,-78.81343105759527,-935.4146088134472,-2.698984549746683,-0.1199514888804742,-0.0095546373275965,227.49487397430948,-486.8727699890653,0.0,-0.0047150959894679, Neutralism,COVID
SRR13077917.bin.4.fbc2XSRR13077917.bin.50.fbc2 ,-0.1589892619794,-0.1589892619794,735.6508282365478,-0.0030545487411473,-1000.0,999.7615008342872,-1000.0,1000.0,-5.962265324406985,-0.2649821032989621,-0.0211069318016825,295.306888816604,-499.9984727256294,-999.7615008342872,-0.0104160112074396,-0.0850380716508425,-0.0850380716508425,264.3491717634522,-0.0016337765927119,1000.0,-1000.0,633.8537394523223,-0.8641044398874556,-3.189017544620356,-0.1417301194180709,-0.0112893962556199,2.674721010999292,-399.7000194790516,1000.0,-0.0055711781811851, Neutralism,COVID
SRR13077917.bin.64.fbc2XSRR13077917.bin.6.fbc2 ,-0.1251596519373379,-0.1251596519373379,424.458410122581,-0.0024046042639156,-1000.0,999.8122484990728,615.9633210795625,455.5291525587973,-4.693619200883518,-0.2085994198955632,-0.0166158154637514,580.1144181827381,-532.4018876642735,-999.8122484990728,-0.0081997005399898,-0.0872391416278333,-0.0872391416278333,575.541589877419,-0.0016760642002964,1000.0,-1000.0,384.0366789204375,-1000.0,-3.2715599945755685,-0.1453985693797221,-0.0115816036243359,419.88558181726194,-286.1360708618681,1000.0,-0.0057153789231279, Competition,COVID
SRR13077917.bin.50.fbc2XSRR13077917.bin.52.fbc2 ,-0.0851711037565792,-0.0851711037565792,343.9248796210222,-0.0016363324449457,1000.0,-1000.0,771.5188341312191,-12.722828388849392,-3.194006389158176,-0.1419518395944123,-0.0113070571942444,1.114522391540504,-501.7382923195333,1000.0,-0.0055798936371047,-0.1118612331587201,-0.1118612331587201,656.0751203789778,-0.0021491111077693,-1000.0,1000.0,228.4811658687809,-507.6472349213481,-4.194914444564574,-0.1864353885979426,-0.0148503577546534,998.8854776084596,-254.6484211131151,-1000.0,-0.0073284688774037, Neutralism,COVID
SRR13077917.bin.50.fbc2XSRR13077917.bin.64.fbc2 ,-0.0850380716508425,-0.0850380716508425,264.34917176345243,-0.0016337765927119,-1000.0,1000.0,633.8537394523214,-0.8641044398872282,-3.189017544620356,-0.1417301194180709,-0.0112893962556199,2.674721010999292,-399.7000194790514,-1000.0,-0.0055711781811851,-0.1525024893693398,-0.1525024893693398,735.6508282365476,-0.0029299229465777,999.7712316163312,-1000.0,187.05644041729963,745.5648705278306,-5.719004497112223,-0.2541708156155664,-0.0202457675608229,997.3252789890008,-600.2999805209486,1000.0,-0.0099910372478007, Amensalism,COVID
SRR13077919.bin.2.fbc2XSRR13077919.bin.13.fbc2 ,-0.0462899848191682,-0.0462899848191682,994.216930338333,-0.0008893368841427,-1000.0,1000.0,0.0,-771.7672708957855,-1.735923344247453,-0.0771499746986137,-0.0061453178693682,0.1582752852693829,-310.13399799139574,-1000.0,-0.0030326387749255,-0.0848117504211813,-0.0848117504211813,5.7830696616669,-0.0016294284422428,999.872774227226,-1000.0,1000.0,590.0384467477984,-3.1805302593579654,-0.1413529173686356,-0.0112593505361928,50.58413267218907,-500.141369211653,1000.0,-0.0055563509881721, Neutralism,COVID
SRR13077919.bin.10.fbc2XSRR13077919.bin.26.fbc2 ,-0.0687368817090146,-0.0687368817090146,799.2302314103606,-0.0013205933084918,1000.0,-1000.0,519.5195417680741,-704.9113236484135,-2.5777056967217504,-0.114561469515138,-0.0091252997619903,1000.0,-0.1403526568307143,1000.0,-0.0045032231820414,-0.0889063122106108,-0.0889063122106108,200.7697685896394,-0.0017080943748624,-740.0255677044738,1000.0,-873.2129002521172,-295.0886763515865,-3.3340806530906093,-0.1481771870177226,-0.0118029321301946,-7.434446604623986,-465.6231254016834,-1000.0,-0.0058246018181762, Amensalism,COVID
SRR13077919.bin.10.fbc2XSRR13077919.bin.25.fbc2 ,-0.0793162233042039,-0.0793162233042039,985.480101590414,-0.0015238467493645,1000.0,-1000.0,741.8195433577159,-988.6146689671826,-2.974442185479461,-0.1321937055070066,-0.0105297810380307,977.6786926854998,-0.1619544325220658,1000.0,-0.0051963174153115,-0.0502838708363242,-0.0502838708363242,14.519898409585949,-0.0009660686039296,-1000.0,999.9245693634024,68.8975010563945,-11.385331032817362,-1.8856982901369288,-0.0838064513939116,-0.0066755340534427,-7.47514903689796,-288.35375213217606,-999.9245693634024,-0.0032942939395752, Amensalism,COVID
SRR13077919.bin.26.fbc2XSRR13077919.bin.2.fbc2 ,-0.0889063122106108,-0.0889063122106108,177.10704485444717,-0.0017080943748624,-334.51869824944765,1000.0,-131.5671897553558,-356.937603199838,-3.3340806530906093,-0.1481771870177226,-0.0118029321301946,1.7047977527012108,-566.9998427654399,-1000.0,-0.0058246018181762,-0.039035695056441,-0.039035695056441,822.8929551455528,-0.0007499653229388,1000.0,-1000.0,-868.4328102446442,-643.062396800162,-1.463879812709706,-0.065059491760735,-0.0051822603811615,0.1334713285147017,-269.28977135132743,1000.0,-0.002557381751103, Amensalism,COVID
SRR13077919.bin.10.fbc2XSRR13077919.bin.24.fbc2 ,-0.0793911788803143,-0.0793911788803143,998.8053534189472,-0.0015252868180368,1000.0,-1000.0,-224.63521798568752,-1000.0,-2.977253098788651,-0.1323186314672284,-0.010539731912786,1000.0,-0.1621074830241013,1000.0,-0.0052012280496001,-0.0890965232533744,-0.0890965232533744,1.1946465810528937,-0.0017117487657287,-1000.0,999.7514027267612,1000.0,87.8423591677531,-3.3412137681841614,-0.1484942054223665,-0.011828183970806,-3.744536012352569,-500.14851132291,-999.7514027267612,-0.0058370632909827, Neutralism,COVID
SRR13077919.bin.25.fbc2XSRR13077919.bin.13.fbc2 ,-0.0841365064846968,-0.0841365064846968,988.1704481054104,-0.0016164554559736,-1000.0,999.8737871579956,780.454909650505,-172.09023156803994,-3.155207898226422,-0.1402275108077901,-0.0111697072009064,-12.507647381876836,-444.22501010042345,-999.8737871579956,-0.0055121131049418,-0.0850674175218273,-0.0850674175218273,11.8295518945896,-0.0016343403942755,999.8723907020152,-1000.0,219.545090349495,447.3722093912079,-3.190118045791678,-0.1417790292031213,-0.0112932921243782,49.72893867037851,-481.4452062438832,1000.0,-0.0055731007444137, Neutralism,COVID
SRR13077919.bin.25.fbc2XSRR13077919.bin.2.fbc2 ,-0.0628053923136349,-0.0628053923136349,18.135594989014635,-0.0012066357793401,-1000.0,999.9057858783508,-411.9791898815222,-14.220468119165275,-2.3552685767292587,-0.1046756538560202,-0.0083378532351616,-9.336585669649253,-360.1586398689519,-999.9057858783508,-0.0041146280075281,-0.0457669477023046,-0.0457669477023046,981.8644050109854,-0.0008792881402541,1000.0,-1000.0,-588.0208101184778,-762.4875993540153,-1.7163088996860552,-0.0762782461705455,-0.0060758810494689,0.1564869103281125,-307.1891133453346,1000.0,-0.0029983725584088, Amensalism,COVID
SRR13077919.bin.10.fbc2XSRR13077919.bin.2.fbc2 ,-0.074928212244913,-0.074928212244913,887.9287628496579,-0.0014395429826663,-1000.0,1000.0,-28.21591592690129,-909.6140232424513,-2.809887134046562,-0.124880353741446,-0.0099472420098436,999.6684164866364,-0.1529946281917773,-1000.0,-0.0049088415706819,-0.0057630015795666,-0.0057630015795666,112.07123715034209,-0.0001107204914205,1000.0,-1000.0,-971.7840840730988,-90.38597675754886,-0.2161186488622206,-0.0096050026327247,-0.0007650785959185,0.3315835133633982,-44.6202368125646,1000.0,-0.0003775568758328, Amensalism,COVID
SRR13077919.bin.26.fbc2XSRR13077919.bin.24.fbc2 ,-0.0889104661233659,-0.0889104661233659,277.6774417246961,-0.0017081741810898,406.37538448322766,0.2486010690787452,-151.26664697811873,-442.1136491070645,-3.334236429206385,-0.1481841102056478,-0.0118034835910521,-7.0142927213653365,-502.3322654882077,-0.2486010690787452,-0.0058248739574082,-0.0890978836711156,-0.0890978836711156,1.2252028864089652,-0.0017117749024464,-1000.0,999.7513989309214,1000.0,82.9432184065929,-3.34126478528458,-0.1484964727851547,-0.0118283645757628,-3.7598622199228657,-497.6677345117923,-999.7513989309213,-0.0058371524172571, Neutralism,COVID
SRR13077919.bin.13.fbc2XSRR13077919.bin.24.fbc2 ,-0.0850674175218273,-0.0850674175218273,471.74763740935214,-0.0016343403942755,0.0,-0.1276092979848044,0.0,624.5746947355224,-3.190118045791678,-0.1417790292031213,-0.0112932921243782,526.8579636958557,-500.1417953726071,0.1276092979848044,-0.0055731007444137,-0.0890978836711156,-0.0890978836711156,1.225202886408738,-0.0017117749024464,-1000.0,999.7513989309214,1000.0,83.79910585780362,-3.34126478528458,-0.1484964727851547,-0.0118283645757628,-3.7598622199228657,-497.6677345117923,-999.7513989309213,-0.0058371524172571, Neutralism,COVID
SRR13077919.bin.25.fbc2XSRR13077919.bin.24.fbc2 ,-0.084791048740044,-0.084791048740044,998.7747971135908,-0.0016290307154349,-1000.0,999.8728052817364,906.463066761823,-151.38638759998935,-3.1797539244399786,-0.1413184145667401,-0.0112566022438613,-12.604950967062791,-453.19152688532586,-999.8728052817364,-0.0055549947397821,-0.0890978836711156,-0.0890978836711156,1.2252028864091926,-0.0017117749024464,0.0,-0.2486010690787452,93.53693323817696,989.4062851684156,-3.34126478528458,-0.1484964727851547,-0.0118283645757628,-3.7598622199228657,-497.66773451179233,0.2486010690787452,-0.0058371524172571, Neutralism,COVID
SRR13077919.bin.10.fbc2XSRR13077919.bin.13.fbc2 ,-0.0795066397050732,-0.0795066397050732,988.1704481054109,-0.0015275050856189,1000.0,-1000.0,-250.9823764499671,-1000.0,-2.9815830017199687,-0.1325110661750841,-0.0105550601414279,976.0216036421224,-0.1623432404967388,1000.0,-0.0052087923418184,-0.0850674175218273,-0.0850674175218273,11.829551894589144,-0.0016343403942755,-1000.0,999.8723907020152,778.5491328909586,428.2767420646121,-3.190118045791792,-0.1417790292031213,-0.0112932921243782,19.05522764663874,-500.1417953726071,-999.8723907020152,-0.0055731007444137, Neutralism,COVID
SRR13077919.bin.25.fbc2XSRR13077919.bin.26.fbc2 ,-0.0833906084161526,-0.0833906084161526,898.2731913665391,-0.001602125041586,-1000.0,999.8749060767508,1000.0,-91.93290765060726,-3.1272359324808576,-0.1389843473601786,-0.0110706840375769,-12.396762934509752,-459.9420500385114,-999.8749060767508,-0.0054632463918551,-0.0889104661233659,-0.0889104661233659,101.7268086334609,-0.0017081741810898,1000.0,-442.4732765545701,-927.672088980965,-583.8767156357994,-3.334236429206385,-0.1481841102056478,-0.0118034835910521,2.125378643022941,-540.0579499614886,442.47327655457,-0.0058248739574082, Neutralism,COVID
SRR13077919.bin.26.fbc2XSRR13077919.bin.13.fbc2 ,-0.0889104661233659,-0.0889104661233659,277.6774417246959,-0.0017081741810898,0.1276092979848044,602.6611893378322,951.430050478893,-638.2784621905748,-3.334236429206385,-0.1481841102056478,-0.0118034835910521,-7.0142927213653365,-551.3734687590854,-602.6611893378323,-0.0058248739574082,-0.0850674175218273,-0.0850674175218273,722.3225582753041,-0.0016343403942755,999.8723907020152,-1000.0,0.0,-344.33538252521794,-3.190118045791678,-0.1417790292031213,-0.0112932921243782,632.003166374926,-448.6265312409146,1000.0,-0.0055731007444137, Neutralism,COVID
SRR13077919.bin.2.fbc2XSRR13077919.bin.24.fbc2 ,-0.0464829764086971,-0.0464829764086971,998.7747971135908,-0.0008930446956583,1000.0,-1000.0,0.0,-775.1913081258009,-1.7431607327823713,-0.0774716273477906,-0.0061709388469353,0.1589351644851149,-311.22060915223506,1000.0,-0.0030452824121312,-0.0890978836711156,-0.0890978836711156,1.225202886409079,-0.0017117749024464,-1000.0,999.7513989309214,1000.0,88.25427392534107,-3.34126478528458,-0.1484964727851547,-0.0118283645757628,-3.7598622199228657,-497.9627931517228,-999.7513989309213,-0.0058371524172571, Neutralism,COVID
SRR13077922.bin.17.fbc2XSRR13077922.bin.21.fbc2 ,-0.0610091491518005,-0.0610091491518005,9.414811558861516,-0.0011721258242687,999.9084804156432,-1000.0,100.2763527567622,973.959040753324,-2.2879075601144905,-0.1016819152530388,-0.0080993894455332,0.2233759254121423,-500.51721614829154,1000.0,-0.0039969490607063,-0.2124854978501389,-0.2124854978501389,990.5851884411386,-0.0040823342526437,-1000.0,999.6812513415534,608.3562647140911,-340.10603140640853,-7.96843069776321,-0.3541424964168982,-0.0282089296857748,999.7766240745876,-499.48278385170846,-999.6812513415535,-0.0139207598015218, Amensalism,COVID
SRR13077922.bin.21.fbc2XSRR13077922.bin.9.fbc2 ,-0.2074137475808584,-0.2074137475808584,912.577237313118,-0.0039848942858498,999.6888594541574,-1000.0,1000.0,52.61436289371068,-7.778234703467206,-0.3456895793013927,-0.0275356195155609,904.4322786223548,-913.1158104360968,1000.0,-0.0135884895148592,-0.0074486691221409,-0.0074486691221409,87.42276268688192,-0.0001431060350114,-1000.0,1000.0,0.0,-0.4797453326178811,-0.2793329629118943,-0.0124144485369015,-0.0009888627018881,95.56772137764528,-86.88418956390319,-1000.0,-0.000487991579348, Amensalism,COVID
SRR13077922.bin.1.fbc2XSRR13077922.bin.17.fbc2 ,-0.0616582010471802,-0.0616582010471802,411.62726040463485,-0.0011845956013303,-1000.0,999.9075067754512,889.8360477691028,-1000.0,-2.3122476920267445,-0.102763668411967,-0.0081855556048822,584.1640288764775,-0.1027755143679769,-999.9075067754512,-0.0040394710003965,-0.0831453180444441,-0.0831453180444441,588.3727395953651,-0.0015974124504509,999.8752740358708,-1000.0,110.16395223089717,373.5735412694367,-3.1180372843521127,-0.1385755300741493,-0.0110381200323672,201.76973641873928,-503.9302735930181,1000.0,-0.0054471764559593, Amensalism,COVID
SRR13077922.bin.18.fbc2XSRR13077922.bin.26.fbc2 ,-0.0861358542305197,-0.0861358542305197,0.8986923534761218,-0.0016548675164358,0.0,0.0,-1000.0,-562.8750135059468,-3.2301855513583178,-0.1435597570508662,-0.0114351345386012,533.6791291879379,-0.1758793196469241,0.0,-0.0056430982310757,-0.0863663274266173,-0.0863663274266173,-3.3863482004537677,-0.0016592954356156,-1000.0,1000.0,660.5419586696762,-437.1249864940533,-3.238828539745441,-0.1439438790442864,-0.0114657314604755,-17.52727043060679,-60.56942249807935,-1000.0,-0.0056581974356504, Neutralism,COVID
SRR13077922.bin.16.fbc2XSRR13077922.bin.26.fbc2 ,-0.0891530434537344,-0.0891530434537344,124.84359113796518,-0.0017128346485151,-1000.0,1000.0,1000.0,-102.92812298047365,-3.3433333354196293,-0.1485884057561861,-0.0118356874210121,977.64277751304,-0.1820400664411181,-1000.0,-0.0058407661513228,-0.0863663274266173,-0.0863663274266173,-3.3863482004539947,-0.0016592954356156,0.0,0.0,-1000.0,-897.0718770195264,-3.238828539745441,-0.1439438790442864,-0.0114657314604755,-17.52727043060679,627.709256148971,0.0,-0.0056581974356504, Neutralism,COVID
SRR13077922.bin.18.fbc2XSRR13077922.bin.9.fbc2 ,-0.0861358542305197,-0.0861358542305197,-0.0768189501130791,-0.0016548675164358,1000.0,-1000.0,-900.3012446181197,-783.8532651683046,-3.2301855513583178,-0.1435597570508662,-0.0114351345386012,517.7064624870418,-0.1758793196469241,1000.0,-0.0056430982310757,-0.0297479412523671,-0.0297479412523671,349.57873948253155,-0.000571526248791,-1000.0,1000.0,-99.69875538188036,-2.3521772399226397,-1.1155792309086792,-0.0495799020873164,-0.003949246379534,482.2935375129582,-345.83956900629835,-1000.0,-0.0019489045085947, Amensalism,COVID
SRR13077922.bin.3.fbc2XSRR13077922.bin.25.fbc2 ,-0.0482497741793395,-0.0482497741793395,554.264605384557,-0.0009269889371807,-0.7547925021832498,1000.0,945.7910771255335,-1000.0,-1.809417516116241,-0.0804162902988991,-0.0064054935558033,1.340463082694896,-439.9066114539446,-1000.0,-0.0031610322756705,-0.064094666704932,-0.064094666704932,445.7353946154431,-0.0012314057004232,1000.0,-1000.0,-1000.0,543.2954445351527,-2.403617728746553,-0.1068244445081063,-0.0085090133895846,813.7254553599064,-500.0240370392714,1000.0,-0.0041990934382738, Competition,COVID
SRR13077922.bin.1.fbc2XSRR13077922.bin.16.fbc2 ,-0.0616729016899171,-0.0616729016899171,420.0088705902167,-0.001184878034337,-1000.0,999.907484723075,887.5682148772935,-1000.0,-2.312798981665537,-0.1027881694832331,-0.0081875072175989,584.2114220682802,-0.1028000182635651,-999.9074847230748,-0.0040404340973054,-0.0891488195950387,-0.0891488195950387,579.9911294097833,-0.0017127534985093,1000.0,-1000.0,112.43178512270651,422.6559358188533,-3.3431749362555365,-0.1485813659917312,-0.0118351266743275,-3.307558642134381,-0.1820314418166617,1000.0,-0.0058404894297154, Neutralism,COVID
SRR13077922.bin.1.fbc2XSRR13077922.bin.3.fbc2 ,-0.0403717745416543,-0.0403717745416543,10.358378859091772,-0.000775634477236,-1000.0,999.939438460015,0.0,-973.0806457448188,-1.513984205209681,-0.0672862909028708,-0.0053596342379478,962.9410721681932,-0.0672940472476284,-999.939438460015,-0.0026449135674511,-0.0833703287721618,-0.0833703287721618,989.6416211409082,-0.0016017354231507,1000.0,-974.1703557720696,1000.0,-26.919354255181247,-3.126475424402429,-0.1389505479535273,-0.0110679917736433,37.05892783180684,-464.9273636838704,974.1703557720696,-0.0054619177927861, Amensalism,COVID
SRR13077922.bin.17.fbc2XSRR13077922.bin.26.fbc2 ,-0.0974754208442618,-0.0974754208442618,1000.0,-0.0018727266252653,-371.2624277259588,1000.0,1000.0,-673.5110575213179,-3.655431281624829,-0.1624590347404364,-0.0129405409804803,1000.0,-661.828605281001,-1000.0,-0.0063859977921083,-0.0863663274266173,-0.0863663274266173,-3.18987102791641,-0.0016592954356156,1000.0,-1000.0,-233.241085463578,-326.48894247868213,-3.238828539745441,-0.1439438790442864,-0.0114657314604755,-10.169572830900051,-31.742693159204464,1000.0,-0.0056581974356504, Neutralism,COVID
SRR13077922.bin.3.fbc2XSRR13077922.bin.9.fbc2 ,-0.0812762395664776,-0.0812762395664776,933.6529261877204,-0.0015615031617244,0.0,-0.1219221668654881,1000.0,-1.150678619869609,-3.047944866414809,-0.1354603992773491,-0.010789986847385,2.2614781839935176,-436.521558528579,0.1219221668654881,-0.0053247257814064,-0.005663059257813,-0.005663059257813,66.34707381227963,-0.0001088003699578,-1000.0,1000.0,-59.02071185287343,0.2039390401830587,-0.2123707061891764,-0.0094384320964309,-0.0007518105566077,132.01036812596067,-66.38775807863067,-1000.0,-0.0003710092616984, Amensalism,COVID
SRR13077922.bin.6.fbc2XSRR13077922.bin.3.fbc2 ,-0.1719567540491198,-0.1719567540491198,2.695806172989819,-0.0033036840354725,-0.587659281643937,1000.0,0.0,900.5111943272927,-6.4485599794655855,-0.2865945900819042,-0.0228284566854881,958.0126620263072,-500.13255207136433,-1000.0,-0.0112655625611068,-0.083609623514576,-0.083609623514576,997.3041938270104,-0.0016063328245081,999.874577533064,-1000.0,1000.0,-0.1637417668677017,-3.135449230100221,-0.1393493725241796,-0.0110997598171707,41.987337973692775,-460.7878207612854,1000.0,-0.0054775949314489, Neutralism,COVID
SRR13077922.bin.1.fbc2XSRR13077922.bin.18.fbc2 ,-0.0520612205187944,-0.0520612205187944,194.57140796911017,-0.0010002155719348,-1000.0,999.921903168144,1000.0,-437.54260750438266,-1.9523507813103151,-0.0867687008645816,-0.0069114896019755,243.19151951984009,-0.0867787030202862,-999.921903168144,-0.0034107351002603,-0.0861357665663717,-0.0861357665663717,0.1051998209530893,-0.0016548658321653,1000.0,-1000.0,0.0,-562.4573924956173,-3.230182263861252,-0.1435596109440666,-0.0114351229005933,533.2626838860892,-172.4980473171929,1000.0,-0.0056430924878441, Amensalism,COVID
SRR13077922.bin.3.fbc2XSRR13077922.bin.18.fbc2 ,-0.0836938109370066,-0.0836938109370066,1000.0,-0.001607950258176,-1000.0,999.8744512438434,1000.0,0.1180283487997257,-3.138606347400924,-0.1394896848950111,-0.0111109362838988,43.72122540651526,-461.6142807799212,-999.8744512438432,-0.0054831103802825,-0.0861358542305197,-0.0861358542305197,0.0,-0.0016548675164358,1000.0,-1000.0,0.0,-429.3491088116464,-3.2301855513583178,-0.1435597570508662,-0.0114351345386012,879.7882365951841,-0.1758793196469241,1000.0,-0.0056430982310757, Neutralism,COVID
SRR13077922.bin.1.fbc2XSRR13077922.bin.9.fbc2 ,-0.064009116285888,-0.064009116285888,475.73532559946034,-0.0012297620804702,999.9039801767608,-1000.0,1000.0,-997.655220813747,-2.4004094976345414,-0.1066818604764421,-0.0084976559757024,526.3000556435168,-0.1066941580972979,1000.0,-0.0041934886942271,-0.029654378206942,-0.029654378206942,348.4792465393241,-0.0005697286878785,-1000.0,1000.0,-92.30849702684054,-2.3447791862530494,-1.1120705178393564,-0.0494239636782367,-0.0039368252336089,473.6999443564832,-344.75183647952315,-1000.0,-0.0019427748258067, Amensalism,COVID
SRR13077922.bin.6.fbc2XSRR13077922.bin.26.fbc2 ,-0.1719567540491198,-0.1719567540491198,1000.0,-0.0033036840354725,0.0,999.4087842790152,1000.0,-3.2241428979657485,-6.4485599794655855,-0.2865945900819042,-0.0228284566854881,1000.0,-308.9601862840709,-999.4087842790152,-0.0112655625611068,-0.0863663274266173,-0.0863663274266173,-3.1898710279160696,-0.0016592954356156,1000.0,-1000.0,0.0,116.28484559477532,-3.238828539745441,-0.1439438790442864,-0.0114657314604755,-10.169572830900051,-285.32946767358465,1000.0,-0.0056581974356504, Neutralism,COVID
SRR13077922.bin.25.fbc2XSRR13077922.bin.21.fbc2 ,-0.0479453578041102,-0.0479453578041102,270.43772355367446,-0.0009211403996687,1000.0,-1000.0,-1000.0,532.3867130643443,-1.798001580375967,-0.0799089296734791,-0.0063650801619132,797.6691730456844,-405.53288308338585,1000.0,-0.003141088762959,-0.1877464194928961,-0.1877464194928961,729.5622764463255,-0.0036070397596859,-1000.0,999.7183623355618,1000.0,-149.49341111997398,-7.040689118170121,-0.3129106991548269,-0.0249246447395989,202.33082695431565,-594.4671169166141,-999.718362335562,-0.0123000055806414, Competition,COVID
SRR13077922.bin.18.fbc2XSRR13077922.bin.25.fbc2 ,-0.0861358542305197,-0.0861358542305197,0.8986923534761218,-0.0016548675164358,0.0,0.0,-37.38841963153777,-997.5759759777902,-3.2301855513583178,-0.1435597570508662,-0.0114351345386012,922.5385864383554,-0.1758793196469241,0.0,-0.0056430982310757,-0.0888300659207743,-0.0888300659207743,991.4522906408996,-0.0017066295085896,-1000.0,1000.0,-938.6023693316662,-2.424024022209778,-3.331221336650742,-0.1480501098678814,-0.0117928099041364,36.70761250582768,-500.0333134080072,-1000.0,-0.0058196066241862, Neutralism,COVID
SRR13077922.bin.25.fbc2XSRR13077922.bin.26.fbc2 ,-0.0888300659207743,-0.0888300659207743,991.4522906408996,-0.0017066295085896,0.0,0.0,-938.6023693316662,-2.4240240222101197,-3.331221336650742,-0.1480501098678814,-0.0117928099041364,36.70761250582768,-500.0333134080072,0.0,-0.0058196066241862,-0.0863663274266173,-0.0863663274266173,-3.1898710279165243,-0.0016592954356156,-1000.0,1000.0,1000.0,-9.761386153725766,-3.238828539745441,-0.1439438790442864,-0.0114657314604755,-10.169572830900051,-333.19191184673025,-1000.0,-0.0056581974356504, Neutralism,COVID
SRR13077922.bin.17.fbc2XSRR13077922.bin.25.fbc2 ,-0.0657132047484765,-0.0657132047484765,92.27423591997469,-0.0012625015320963,-1000.0,999.9014238803696,1000.0,875.465390679374,-2.4643146156511198,-0.1095220079140517,-0.0087238855871873,842.2485389329238,-503.0935895668287,-999.9014238803696,-0.0043051302246794,-0.0850550802796306,-0.0850550802796306,907.7257640800252,-0.0016341033675644,1000.0,-1000.0,-114.96894593083744,85.10557968646253,-3.189655386173058,-0.1417584671328313,-0.0112916542695984,157.7514610670762,-496.9064104331713,1000.0,-0.0055722924832934, Amensalism,COVID
SRR13077922.bin.17.fbc2XSRR13077922.bin.3.fbc2 ,-0.0661131915037458,-0.0661131915037458,101.96041817470586,-0.0012701861960522,-1000.0,999.9008238618136,87.58539700491156,865.4003247703417,-2.479314541630629,-0.1101886525061672,-0.0087769866146345,32.799135391446725,-503.12580120982767,-999.9008238618136,-0.0043313349284517,-0.0778830060875179,-0.0778830060875179,898.0395818252941,-0.0014963113561634,999.883168009312,-1000.0,912.4146029950884,-4.9874900491980725,-2.920695025405621,-0.1298050101457875,-0.0103395114709883,8.154597628734223,-397.40662493145726,1000.0,-0.005102421724473, Amensalism,COVID
SRR13077922.bin.17.fbc2XSRR13077922.bin.9.fbc2 ,-0.0840987780967452,-0.0840987780967452,615.7533933314403,-0.0016157306069999,999.873843754202,-1000.0,1000.0,345.74358472957783,-3.1537930438124704,-0.14016463016128,-0.0111646984946673,210.9613600496052,-503.9753435855775,1000.0,-0.0055096413700539,-0.0326980568055432,-0.0326980568055432,384.2466066685597,-0.0006282047417016,-1000.0,1000.0,-332.71934610583526,-2.5854436229764133,-1.2262116814686124,-0.0544967613425342,-0.0043408947651641,753.2562099339334,-380.13662112031216,-1000.0,-0.0021421781691515, Amensalism,COVID
SRR13077922.bin.3.fbc2XSRR13077922.bin.21.fbc2 ,-0.0083783131549353,-0.0083783131549353,96.24506049218871,-0.000160966631256,999.9874317254344,-1000.0,35.72227436043113,-0.1110035278608165,-0.3141955964757699,-0.0139638552582255,-0.0011122794217044,0.210282648720181,-0.0140459482402093,1000.0,-0.0005488962124218,-0.2066552782470125,-0.2066552782470125,903.7549395078112,-0.003970322348664,-1000.0,999.6899972310176,-92.76058208789097,345.2502917787715,-7.749791301990854,-0.344425463744983,-0.0274349274291125,999.7897173512796,-999.9859540517598,-999.6899972310176,-0.0135387992088453, Amensalism,COVID
SRR13077922.bin.26.fbc2XSRR13077922.bin.9.fbc2 ,-0.0863663274266173,-0.0863663274266173,-3.1898710279161837,-0.0016592954356156,1000.0,-1000.0,749.3962222601413,-349.8491747001432,-3.238828539745441,-0.1439438790442864,-0.0114657314604755,-16.060104813433895,-141.58019932963032,1000.0,-0.0056581974356504,-0.0342338742378842,-0.0342338742378842,507.9763403276479,-0.0006577113206276,-1000.0,1000.0,-454.0288605608936,-2.7068810958585345,-1.2838064580448645,-0.0570564570632541,-0.0045447852254483,1000.0,-503.6733100523271,-1000.0,-0.0022427956032515, Neutralism,COVID
SRR13077922.bin.6.fbc2XSRR13077922.bin.18.fbc2 ,-0.1719567540491198,-0.1719567540491198,974.2842390955988,-0.0033036840354725,0.0,999.2798695581082,1000.0,1000.0,-6.4485599794655855,-0.2865945900819042,-0.0228284566854881,23.983488854092457,-467.5420862104616,-999.2798695581084,-0.0112655625611068,-0.0861358542305197,-0.0861358542305197,0.8986923534761218,-0.0016548675164358,1000.0,-1000.0,-1000.0,-784.0418593076508,-3.2301855513583178,-0.1435597570508662,-0.0114351345386012,976.0165111459075,-0.1758793196469241,1000.0,-0.0056430982310757, Neutralism,COVID
SRR13077922.bin.1.fbc2XSRR13077922.bin.26.fbc2 ,-0.0640742283131885,-0.0640742283131885,476.61504708960297,-0.0012310130319974,-1000.0,999.903882502465,1000.0,-1000.0,-2.4028512674605054,-0.106790380521943,-0.0085063000508398,529.0855772992873,-0.1068026906522163,-999.9038825024652,-0.0041977544389055,-0.0863663274266173,-0.0863663274266173,-3.3863482004537677,-0.0016592954356156,1000.0,-1000.0,-898.7729590452503,6.962093912918476,-3.238828539745441,-0.1439438790442864,-0.0114657314604755,-12.527514609757644,623.6949710041936,1000.0,-0.0056581974356504, Neutralism,COVID
SRR13077922.bin.18.fbc2XSRR13077922.bin.21.fbc2 ,-0.0861358542305197,-0.0861358542305197,0.0,-0.0016548675164358,1000.0,-1000.0,79.58260385955145,-730.2692936535622,-3.2301855513583178,-0.1435597570508662,-0.0114351345386012,688.7071594516815,-49.49640644675492,1000.0,-0.0056430982310757,-0.2130873510267292,-0.2130873510267292,1000.0,-0.004093897233929,-1000.0,999.6803485039736,920.4173961404484,265.49100565754884,-7.991000827851508,-0.3551455850446245,-0.0282888298866055,311.2928405483185,-814.3612960590465,-999.6803485039736,-0.0139601895677969, Neutralism,COVID
SRR13077922.bin.17.fbc2XSRR13077922.bin.18.fbc2 ,-0.0974754208442618,-0.0974754208442618,1000.0,-0.0018727266252653,-1000.0,1000.0,1000.0,-44.77348524727893,-3.655431281624829,-0.1624590347404364,-0.0129405409804803,339.9518238935393,-504.6442122124907,-1000.0,-0.0063859977921083,-0.0861358542305197,-0.0861358542305197,0.0,-0.0016548675164358,1000.0,-1000.0,0.0,-664.754184566383,-3.2301855513583178,-0.1435597570508662,-0.0114351345386012,660.0481761064607,-0.1758793196469241,1000.0,-0.0056430982310757, Neutralism,COVID
SRR13077922.bin.6.fbc2XSRR13077922.bin.25.fbc2 ,-0.1719567540491198,-0.1719567540491198,607.1400965894363,-0.0033036840354725,-87.54985656912731,1000.0,999.9966963159644,464.6008059486867,-6.4485599794655855,-0.2865945900819042,-0.0228284566854881,192.92356227822643,-493.5358756288855,-1000.0,-0.0112655625611068,-0.0591479787253774,-0.0591479787253774,392.8599034105637,-0.0011363684673142,1000.0,-1000.0,-1000.0,535.3991940513133,-2.2181117024672403,-0.0985799645422957,-0.0078523061093846,807.0764377217736,-469.941791243245,1000.0,-0.0038750164736711, Amensalism,COVID
SRR13077922.bin.6.fbc2XSRR13077922.bin.9.fbc2 ,-0.1719567540491198,-0.1719567540491198,492.0236596723521,-0.0033036840354725,-1000.0,1000.0,508.6529672909178,1000.0,-6.4485599794655855,-0.2865945900819042,-0.0228284566854881,0.0,-394.36581353298914,-1000.0,-0.0112655625611068,-0.0342338742378842,-0.0342338742378842,507.9763403276479,-0.0006577113206276,0.0,0.0,-454.0288605608933,-2.7068810958592167,-1.2838064580448645,-0.0570564570632541,-0.0045447852254483,1000.0,-503.6733100523271,0.0,-0.0022427956032515, Neutralism,COVID
SRR13077922.bin.16.fbc2XSRR13077922.bin.9.fbc2 ,-0.0891530434537344,-0.0891530434537344,492.0236596723523,-0.0017128346485151,1000.0,-1000.0,124.9843710083037,501.8587658234926,-3.3433333354196293,-0.1485884057561861,-0.0118356874210121,0.0,-0.1820400664411181,1000.0,-0.0058407661513228,-0.0342338742378842,-0.0342338742378842,507.9763403276477,-0.0006577113206276,-1000.0,1000.0,-454.028860560894,-2.7068810958595577,-1.2838064580448645,-0.0570564570632541,-0.0045447852254483,1000.0,-503.673310052327,-1000.0,-0.0022427956032515, Neutralism,COVID
SRR13077922.bin.6.fbc2XSRR13077922.bin.16.fbc2 ,-0.1719567540491198,-0.1719567540491198,987.4104455198462,-0.0033036840354725,-0.7285490084792627,1000.0,883.6675650267907,0.0,-6.4485599794655855,-0.2865945900819042,-0.0228284566854881,1000.0,-500.09691667915104,-1000.0,-0.0112655625611068,-0.0891530434537344,-0.0891530434537344,12.589554480153764,-0.0017128346485151,1000.0,-1000.0,116.33243497320927,1000.0,-3.3433333354196293,-0.1485884057561861,-0.0118356874210121,-10.065454256120688,-0.1820400664411181,1000.0,-0.0058407661513228, Neutralism,COVID
SRR13077922.bin.16.fbc2XSRR13077922.bin.21.fbc2 ,-0.0891527029241388,-0.0891527029241388,4.63327567699389,-0.0017128281061786,1000.0,-1000.0,237.42471538585824,329.9557976369799,-3.3433205652013385,-0.1485878382069358,-0.0118356422133274,657.3046350996344,-0.1820393711196857,1000.0,-0.0058407438418726,-0.2127911632945824,-0.2127911632945824,995.366724323006,-0.0040882067876282,-1000.0,999.6807928140242,762.5752846141418,-233.2174855776564,-7.979893474920345,-0.3546519388243041,-0.0282495089022631,342.6953649003656,-975.5386775400576,-999.680792814024,-0.013940785145678, Neutralism,COVID
SRR13077922.bin.1.fbc2XSRR13077922.bin.25.fbc2 ,-0.0444681639551163,-0.0444681639551163,18.071747036072,-0.0008543355227175,-1000.0,999.9332934823896,109.63986385357612,-974.6114322315378,-1.6676031367707085,-0.0741136065918226,-0.0059034584617165,953.4812928865716,-0.0741221499471294,-999.9332934823896,-0.0029132841323189,-0.0885083703475402,-0.0885083703475402,981.928252963928,-0.0017004489980081,1000.0,-1000.0,39.05741323302664,11.0680142231854,-3.319157412727577,-0.1475139505791958,-0.0117501025763431,46.51870711342826,-500.0331927644416,1000.0,-0.0057985310833146, Amensalism,COVID
SRR13077922.bin.16.fbc2XSRR13077922.bin.25.fbc2 ,-0.001126135957179,-0.001126135957179,8.651203035279877,-2.163565716273297e-05,0.0,0.0,900.285134366819,1000.0,-0.0422312883554241,-0.001876893261965,-0.0001495023911957,-0.1271539473166285,-0.0022994376470251,0.0,-7.37775910693017e-05,-0.0882691892469438,-0.0882691892469438,991.34879696472,-0.0016958537800064,-1000.0,1000.0,-907.7347602608822,-14.879336272677278,-3.3101878687167527,-0.1471153154114972,-0.0117183496195139,11.534603862463086,-500.0331030657848,-1000.0,-0.0057828613896617, Amensalism,COVID
SRR13077922.bin.3.fbc2XSRR13077922.bin.26.fbc2 ,-0.0836938109370066,-0.0836938109370066,1000.0,-0.001607950258176,-888.7325526118092,1000.0,1000.0,-111.27496779554758,-3.138606347400924,-0.1394896848950111,-0.0111109362838988,43.72122540651526,-489.462529816008,-1000.0,-0.0054831103802825,-0.0863663274266173,-0.0863663274266173,-3.386348200454222,-0.0016592954356156,1000.0,-1000.0,-1000.0,907.7000403919516,-3.238828539745441,-0.1439438790442864,-0.0114657314604755,-10.366050003437635,-175.87704916469784,1000.0,-0.0056581974356504, Neutralism,COVID
SRR13077922.bin.6.fbc2XSRR13077922.bin.21.fbc2 ,-0.1719567540491198,-0.1719567540491198,2.695806172989819,-0.0033036840354725,-0.7523878021186192,1000.0,31.272888775587944,197.01615139739988,-6.4485599794655855,-0.2865945900819042,-0.0228284566854881,607.195590375328,-500.0909569807412,-1000.0,-0.0112655625611068,-0.2112956918795134,-0.2112956918795134,997.3041938270104,-0.0040594753482992,-0.3169638351960202,0.0,968.727111224412,-286.49116571864033,-7.923811716626915,-0.3521594864658937,-0.0280509746568213,392.804409624672,-487.11062250499344,0.0,-0.0138428109377173, Neutralism,COVID
SRR13077922.bin.26.fbc2XSRR13077922.bin.21.fbc2 ,-0.0863663274266173,-0.0863663274266173,-3.189871027915842,-0.0016592954356156,1000.0,-1000.0,-900.3444832833576,1000.0,-3.238828539745441,-0.1439438790442864,-0.0114657314604755,-17.330793258069207,-417.1987698420926,1000.0,-0.0056581974356504,-0.2130873510267292,-0.2130873510267292,1000.0,-0.004093897233929,-1000.0,999.6803485039736,1000.0,-829.0940146660745,-7.991000827851508,-0.3551455850446245,-0.0282888298866055,1000.0,-582.8012301579074,-999.6803485039736,-0.0139601895677969, Neutralism,COVID
SRR13077922.bin.16.fbc2XSRR13077922.bin.18.fbc2 ,-0.0880180105814361,-0.0880180105814361,723.5848844111422,-0.0016910280611455,-1000.0,1000.0,111.7975813424473,-228.51401981318668,-3.300768403346865,-0.1466966843023556,-0.0116850039023574,482.2958650261437,-0.1797224623361444,-1000.0,-0.005766405688405,-0.0861357665663717,-0.0861357665663717,-0.0808898418783883,-0.0016548658321653,0.0,0.0,-1000.0,-771.4859801868133,-3.230182263861252,-0.1435596109440666,-0.0114351229005933,517.7041349738563,-0.1758791406469981,0.0,-0.0056430924878441, Neutralism,COVID
SRR13077922.bin.16.fbc2XSRR13077922.bin.3.fbc2 ,-0.085739905850005,-0.085739905850005,3.2071666569236186,-0.0016472604389718,-1000.0,1000.0,0.0,900.3886210650473,-3.215337068700933,-0.1428998430834553,-0.011382569633497,57.53051317802556,-0.1750708394571347,-1000.0,-0.0056171580970385,-0.0835936542206354,-0.0835936542206354,996.7928333430764,-0.0016060260177255,999.8746014885388,-1000.0,1000.0,-0.2171900096042236,-3.134850364704448,-0.1393227570343924,-0.0110976397821787,41.65844136175588,-460.631051702992,1000.0,-0.0054765487203667, Neutralism,COVID
SRR13077922.bin.6.fbc2XSRR13077922.bin.6.fbc2 ,-0.0856425997907308,-0.0856425997907308,588.532042470265,-0.0016453909662459,1000.0,-1000.0,81.56162601227334,-64.49646289481291,-3.211687988657445,-0.1427376663179984,-0.0113696515765013,-11.046760053244157,-291.1549735849226,1000.0,-0.0056107831946974,-0.1719567540491198,-0.1719567540491198,411.46795752973503,-0.0033036840354725,0.0,568.2920172843044,-985.0787418166232,987.5270699080992,-6.4485599794655855,-0.2865945900819042,-0.0228284566854881,371.27361363754017,-392.57549886937113,-568.2920172843044,-0.0112655625611068, Neutralism,COVID
SRR13077922.bin.6.fbc2XSRR13077922.bin.1.fbc2 ,-0.1719567540491198,-0.1719567540491198,525.3010636034383,-0.0033036840354725,0.0961174975349195,860.5150164655083,0.0,604.5090144247692,-6.4485599794655855,-0.2865945900819042,-0.0228284566854881,387.8022482992044,-513.5630391530084,-860.5150164655082,-0.0112655625611068,-0.0640742283131885,-0.0640742283131885,474.69893639656175,-0.0012310130319974,999.903882502465,-1000.0,1000.0,-1000.0,-2.4028512674605054,-0.106790380521943,-0.0085063000508398,529.1765019002419,-0.1068026906522163,1000.0,-0.0041977544389055, Neutralism,COVID
SRR13077922.bin.1.fbc2XSRR13077922.bin.21.fbc2 ,-0.0438771764149805,-0.0438771764149805,4.807411989618231,-0.0008429812952499,999.9341800204712,-1000.0,1000.0,-64.31503733687975,-1.6454404795321125,-0.0731286273583009,-0.0058250007498372,51.73334621541153,-0.0731370571712659,1000.0,-0.0028745662166329,-0.212780031420948,-0.212780031420948,995.1925880103818,-0.0040879929186985,-1000.0,999.680809512904,-862.4395753801458,-695.7375695701236,-7.979476017894854,-0.3546333857015042,-0.0282480310685286,948.2666537845884,-365.2400626735962,-999.680809512904,-0.0139400558529132, Amensalism,COVID
SRR13077922.bin.6.fbc2XSRR13077922.bin.17.fbc2 ,-0.1719567540491198,-0.1719567540491198,2.695806172989819,-0.0033036840354725,0.146081713647959,980.3231691485804,0.0,933.4816985420144,-6.4485599794655855,-0.2865945900819042,-0.0228284566854881,660.9531503668768,-495.3967796073324,-980.3231691485804,-0.0112655625611068,-0.097381572686686,-0.097381572686686,997.3041938270104,-0.0018709235866936,999.853918286352,-1000.0,1000.0,-41.88848998995729,-3.651911876548411,-0.1623026211444767,-0.0129280819840005,339.0468496331232,-504.6032203926676,1000.0,-0.0063798494305729, Neutralism,COVID
SRR13077922.bin.17.fbc2XSRR13077922.bin.16.fbc2 ,-0.0973138576799783,-0.0973138576799783,995.359067383116,-0.001869622625918,-1000.0,999.8540198653668,128.9516117561152,-39.91236152145166,-3.649372492244879,-0.1621897628000397,-0.0129190923452142,338.3938763657511,-504.600019508855,-999.8540198653668,-0.006375413154501,-0.0891530434537344,-0.0891530434537344,4.640932616884243,-0.0017128346485151,1000.0,-1000.0,124.45207052986916,911.3896108722848,-3.3433333354196293,-0.1485884057561861,-0.0118356874210121,77.58573176745904,-0.1820400664411181,1000.0,-0.0058407661513228, Neutralism,COVID
SRR13077922.bin.25.fbc2XSRR13077922.bin.9.fbc2 ,-0.0738099142523651,-0.0738099142523651,652.7923159264978,-0.001418057910655,1000.0,-1000.0,-916.2383292125232,340.9867987347277,-2.7679497776483686,-0.123016523753904,-0.0097987801630097,536.2385373516813,-500.027680490417,1000.0,-0.0048355774755464,-0.0295461726404937,-0.0295461726404937,347.2076840735021,-0.0005676498105913,-1000.0,1000.0,-83.76167078747687,-2.3362233447401195,-1.1080126947583722,-0.0492436210674895,-0.00392246019112,463.7614626483187,-343.49387492329254,-1000.0,-0.0019356858540504, Competition,COVID
SRR12672293.bin.3.fbc2XSRR12672293.bin.7.fbc2 ,-0.2447891364885208,-0.2447891364885208,924.1361778656697,-0.0047029613158429,1000.0,-1000.0,1000.0,845.5608299575417,-9.17985128119028,-0.4079818941474968,-0.0324974626922767,0.0,-353.1870852474896,1000.0,-0.0160370980869402,-0.1659135212826186,-0.1659135212826186,75.86382213433035,-0.0031875796596523,-1000.0,999.7511137801778,0.0,-31.03099029342457,-6.2219323649785565,-0.276522535471031,-0.0220261754478769,1000.0,-646.8129147525104,-999.7511137801778,-0.0108696466392075, Neutralism,COVID
SRR12672293.bin.3.fbc2XSRR12672293.bin.8.fbc2 ,-0.2314344358944708,-0.2314344358944708,328.1596978784705,-0.0044463868567845,-1000.0,1000.0,-30.91356537772856,795.879421405358,-8.679035897319864,-0.385724059824156,-0.030724533180205,292.8705350975288,-500.4725619951368,-1000.0,-0.0151621791815159,-0.0886961517441022,-0.0886961517441022,671.8403021215295,-0.001704056709741,0.0,0.0,-969.0864346222714,-351.0551311820061,-3.3261994135216355,-0.1478269195735038,-0.0117750318645448,-322.0841222476879,-0.1811071471154264,0.0,-0.0058108333803374, Neutralism,COVID
SRR12672293.bin.8.fbc2XSRR12672293.bin.7.fbc2 ,-0.0886961517441022,-0.0886961517441022,904.0353005321826,-0.001704056709741,1000.0,-1000.0,-1000.0,-600.894372980375,-3.3261994135216355,-0.1478269195735038,-0.0117750318645448,-42.64018962652335,-0.1811071471154264,1000.0,-0.0058108333803374,-0.1659135212826186,-0.1659135212826186,95.96469946781735,-0.0031875796596523,-1000.0,999.7511137801778,0.0,-385.6793591531625,-6.2219323649785565,-0.276522535471031,-0.0220261754478769,410.8762164871719,-999.8188928528846,-999.7511137801778,-0.0108696466392075, Neutralism,COVID
